handleId,fieldType,name,description,productImageUrl,price,surcharge,visible,inventory,weight,collection,sku,ribbon,discountMode,discountValue,productOptionName1,productOptionType1,productOptionDescription1,productOptionName2,productOptionType2,productOptionDescription2,productOptionName3,productOptionType3,productOptionDescription3,productOptionName4,productOptionType4,productOptionDescription4,productOptionName5,productOptionType5,productOptionDescription5,productOptionName6,productOptionType6,productOptionDescription6,additionalInfoTitle1,additionalInfoDescription1,additionalInfoTitle2,additionalInfoDescription2,additionalInfoTitle3,additionalInfoDescription3,additionalInfoTitle4,additionalInfoDescription4,additionalInfoTitle5,additionalInfoDescription5,additionalInfoTitle6,additionalInfoDescription6,additionalInfoTitle7,additionalInfoDescription7,additionalInfoTitle8,additionalInfoDescription8,customTextField1,customTextCharLimit1,customTextMandatory1,brand
A010,Product,A010 - Nylon Inspection Glove (600 Pairs),100% nylon inspection glove Low linting construction makes this glove perfect for working in clean environments Lightweight 24 gauge nylon liner for great dexterity Sold in cartons of 600 pairs,https://d11ak7fd9ypfb7.cloudfront.net/styles1100px/A010WHR.jpg,614.0,0.0,TRUE,InStock,10,,A010WHRL,,,,Size,DROP_DOWN,M;L;XL,Color,DROP_DOWN,White,,,,,,,,,,,,,Fit,<p>R</p>,Length,<p>52</p>,Width,<p>25</p>,Height,<p>38</p>,Box Quantity,<p>1</p>,Inner Pack Quantity,<p>12</p>,Country Of Origin,<p>PK</p>,Standards,<ul><li>CE Cat 1</li></ul>,,,,
A010,Variant,,100% nylon inspection glove Low linting construction makes this glove perfect for working in clean environments Lightweight 24 gauge nylon liner for great dexterity Sold in cartons of 600 pairs,https://d11ak7fd9ypfb7.cloudfront.net/styles1100px/A010WHR.jpg,,0.0,TRUE,InStock,10,,A010WHRL,,,,Size,DROP_DOWN,L,Color,DROP_DOWN,White,,,,,,,,,,,,,Fit,<p>R</p>,Length,<p>52</p>,Width,<p>25</p>,Height,<p>38</p>,Box Quantity,<p>1</p>,Inner Pack Quantity,<p>12</p>,Country Of Origin,<p>PK</p>,Standards,<ul><li>CE Cat 1</li></ul>,,,,
A010,Variant,,100% nylon inspection glove Low linting construction makes this glove perfect for working in clean environments Lightweight 24 gauge nylon liner for great dexterity Sold in cartons of 600 pairs,https://d11ak7fd9ypfb7.cloudfront.net/styles1100px/A010WHR.jpg,,0.0,TRUE,InStock,10,,A010WHRM,,,,Size,DROP_DOWN,M,Color,DROP_DOWN,White,,,,,,,,,,,,,Fit,<p>R</p>,Length,<p>52</p>,Width,<p>25</p>,Height,<p>38</p>,Box Quantity,<p>1</p>,Inner Pack Quantity,<p>12</p>,Country Of Origin,<p>PK</p>,Standards,<ul><li>CE Cat 1</li></ul>,,,,
A010,Variant,,100% nylon inspection glove Low linting construction makes this glove perfect for working in clean environments Lightweight 24 gauge nylon liner for great dexterity Sold in cartons of 600 pairs,https://d11ak7fd9ypfb7.cloudfront.net/styles1100px/A010WHR.jpg,,0.0,TRUE,InStock,10,,A010WHRXL,,,,Size,DROP_DOWN,XL,Color,DROP_DOWN,White,,,,,,,,,,,,,Fit,<p>R</p>,Length,<p>52</p>,Width,<p>25</p>,Height,<p>38</p>,Box Quantity,<p>1</p>,Inner Pack Quantity,<p>12</p>,Country Of Origin,<p>PK</p>,Standards,<ul><li>CE Cat 1</li></ul>,,,,
A030,Product,A030 - String Knit Liner Glove (300 Pairs),7 gauge stringknit polycotton liner Perfect for inspection work or as a warm liner to be worn under another glove 100% breathable seamless liner Sold in cartons of 300 pairs,https://d11ak7fd9ypfb7.cloudfront.net/styles1100px/A030WHR.jpg,199.0,0.0,TRUE,InStock,13.5,,A030WHRL,,,,Size,DROP_DOWN,M;L;XL,Color,DROP_DOWN,White,,,,,,,,,,,,,Fit,<p>R</p>,Length,<p>50</p>,Width,<p>26</p>,Height,<p>38</p>,Box Quantity,<p>1</p>,Inner Pack Quantity,<p>12</p>,Country Of Origin,<p>PK</p>,Standards,<p></p>,,,,
A030,Variant,,7 gauge stringknit polycotton liner Perfect for inspection work or as a warm liner to be worn under another glove 100% breathable seamless liner Sold in cartons of 300 pairs,https://d11ak7fd9ypfb7.cloudfront.net/styles1100px/A030WHR.jpg,,0.0,TRUE,InStock,13.5,,A030WHRL,,,,Size,DROP_DOWN,L,Color,DROP_DOWN,White,,,,,,,,,,,,,Fit,<p>R</p>,Length,<p>50</p>,Width,<p>26</p>,Height,<p>38</p>,Box Quantity,<p>1</p>,Inner Pack Quantity,<p>12</p>,Country Of Origin,<p>PK</p>,Standards,<p></p>,,,,
A030,Variant,,7 gauge stringknit polycotton liner Perfect for inspection work or as a warm liner to be worn under another glove 100% breathable seamless liner Sold in cartons of 300 pairs,https://d11ak7fd9ypfb7.cloudfront.net/styles1100px/A030WHR.jpg,,0.0,TRUE,InStock,13.5,,A030WHRM,,,,Size,DROP_DOWN,M,Color,DROP_DOWN,White,,,,,,,,,,,,,Fit,<p>R</p>,Length,<p>50</p>,Width,<p>26</p>,Height,<p>38</p>,Box Quantity,<p>1</p>,Inner Pack Quantity,<p>12</p>,Country Of Origin,<p>PK</p>,Standards,<p></p>,,,,
A030,Variant,,7 gauge stringknit polycotton liner Perfect for inspection work or as a warm liner to be worn under another glove 100% breathable seamless liner Sold in cartons of 300 pairs,https://d11ak7fd9ypfb7.cloudfront.net/styles1100px/A030WHR.jpg,,0.0,TRUE,InStock,13.5,,A030WHRXL,,,,Size,DROP_DOWN,XL,Color,DROP_DOWN,White,,,,,,,,,,,,,Fit,<p>R</p>,Length,<p>50</p>,Width,<p>26</p>,Height,<p>38</p>,Box Quantity,<p>1</p>,Inner Pack Quantity,<p>12</p>,Country Of Origin,<p>PK</p>,Standards,<p></p>,,,,
A040,Product,A040 - Jersey Liner Glove (300 Pairs),Lightweight 100% cotton jersey glove with a knitted cuff Ideal to be worn as a liner under disposable gloves or as an insulating liner in cold conditions 18 gauge liner improves dexterity Sold in cartons of 300 pairs,https://d11ak7fd9ypfb7.cloudfront.net/styles1100px/A040NLR.jpg,389.0,0.0,TRUE,InStock,12.3,,A040NLRL,,,,Size,DROP_DOWN,M;L;XL,Color,DROP_DOWN,Natural,,,,,,,,,,,,,Fit,<p>R</p>,Length,<p>61</p>,Width,<p>26</p>,Height,<p>38</p>,Box Quantity,<p>1</p>,Inner Pack Quantity,<p>12</p>,Country Of Origin,<p>PK</p>,Standards,<p></p>,,,,
A040,Variant,,Lightweight 100% cotton jersey glove with a knitted cuff Ideal to be worn as a liner under disposable gloves or as an insulating liner in cold conditions 18 gauge liner improves dexterity Sold in cartons of 300 pairs,https://d11ak7fd9ypfb7.cloudfront.net/styles1100px/A040NLR.jpg,,0.0,TRUE,InStock,12.3,,A040NLRL,,,,Size,DROP_DOWN,L,Color,DROP_DOWN,Natural,,,,,,,,,,,,,Fit,<p>R</p>,Length,<p>61</p>,Width,<p>26</p>,Height,<p>38</p>,Box Quantity,<p>1</p>,Inner Pack Quantity,<p>12</p>,Country Of Origin,<p>PK</p>,Standards,<p></p>,,,,
A040,Variant,,Lightweight 100% cotton jersey glove with a knitted cuff Ideal to be worn as a liner under disposable gloves or as an insulating liner in cold conditions 18 gauge liner improves dexterity Sold in cartons of 300 pairs,https://d11ak7fd9ypfb7.cloudfront.net/styles1100px/A040NLR.jpg,,0.0,TRUE,InStock,12.3,,A040NLRM,,,,Size,DROP_DOWN,M,Color,DROP_DOWN,Natural,,,,,,,,,,,,,Fit,<p>R</p>,Length,<p>61</p>,Width,<p>26</p>,Height,<p>38</p>,Box Quantity,<p>1</p>,Inner Pack Quantity,<p>12</p>,Country Of Origin,<p>PK</p>,Standards,<p></p>,,,,
A040,Variant,,Lightweight 100% cotton jersey glove with a knitted cuff Ideal to be worn as a liner under disposable gloves or as an insulating liner in cold conditions 18 gauge liner improves dexterity Sold in cartons of 300 pairs,https://d11ak7fd9ypfb7.cloudfront.net/styles1100px/A040NLR.jpg,,0.0,TRUE,InStock,12.3,,A040NLRXL,,,,Size,DROP_DOWN,XL,Color,DROP_DOWN,Natural,,,,,,,,,,,,,Fit,<p>R</p>,Length,<p>61</p>,Width,<p>26</p>,Height,<p>38</p>,Box Quantity,<p>1</p>,Inner Pack Quantity,<p>12</p>,Country Of Origin,<p>PK</p>,Standards,<p></p>,,,,
A100,Product,A100 - Grip Glove - Latex,Premium quality work glove Ergonomic design to reduce hand fatigue Crinkle latex grip offers excellent grip Palm dipped to increase dexterity and ventilation 100% breathable seamless liner,https://d11ak7fd9ypfb7.cloudfront.net/styles1100px/A100G4R.jpg,2.3,0.0,TRUE,InStock,0.105,,A100G4RL,,,,Size,DROP_DOWN,S;M;L;XL;XXL,Color,DROP_DOWN,Grey/Blue;Orange,,,,,,,,,,,,,Fit,<p>R</p>,Length,<p>56</p>,Width,<p>30</p>,Height,<p>48</p>,Box Quantity,<p>216</p>,Inner Pack Quantity,<p>12</p>,Country Of Origin,<p>CN</p>,Standards,<ul><li>EN 420</li><li>AS/NZS 2161 .2</li><li>AS/NZS 2161 .3</li><li>ANSI/ISEA 105: 2016 CUT Level  A1</li><li>EN388:2016 +A1:2018 -  3143X</li></ul>,,,,
A100,Variant,,Premium quality work glove Ergonomic design to reduce hand fatigue Crinkle latex grip offers excellent grip Palm dipped to increase dexterity and ventilation 100% breathable seamless liner,https://d11ak7fd9ypfb7.cloudfront.net/styles1100px/A100G4R.jpg,,0.0,TRUE,InStock,0.105,,A100G4RL,,,,Size,DROP_DOWN,L,Color,DROP_DOWN,Grey/Blue,,,,,,,,,,,,,Fit,<p>R</p>,Length,<p>56</p>,Width,<p>30</p>,Height,<p>48</p>,Box Quantity,<p>216</p>,Inner Pack Quantity,<p>12</p>,Country Of Origin,<p>CN</p>,Standards,<ul><li>EN 420</li><li>AS/NZS 2161 .2</li><li>AS/NZS 2161 .3</li><li>ANSI/ISEA 105: 2016 CUT Level  A1</li><li>EN388:2016 +A1:2018 -  3143X</li></ul>,,,,
A100,Variant,,Premium quality work glove Ergonomic design to reduce hand fatigue Crinkle latex grip offers excellent grip Palm dipped to increase dexterity and ventilation 100% breathable seamless liner,https://d11ak7fd9ypfb7.cloudfront.net/styles1100px/A100G4R.jpg,,0.0,TRUE,InStock,0.09,,A100G4RM,,,,Size,DROP_DOWN,M,Color,DROP_DOWN,Grey/Blue,,,,,,,,,,,,,Fit,<p>R</p>,Length,<p>56</p>,Width,<p>30</p>,Height,<p>48</p>,Box Quantity,<p>216</p>,Inner Pack Quantity,<p>12</p>,Country Of Origin,<p>CN</p>,Standards,<ul><li>EN 420</li><li>AS/NZS 2161 .2</li><li>AS/NZS 2161 .3</li><li>ANSI/ISEA 105: 2016 CUT Level  A1</li><li>EN388:2016 +A1:2018 -  3143X</li></ul>,,,,
A100,Variant,,Premium quality work glove Ergonomic design to reduce hand fatigue Crinkle latex grip offers excellent grip Palm dipped to increase dexterity and ventilation 100% breathable seamless liner,https://d11ak7fd9ypfb7.cloudfront.net/styles1100px/A100G4R.jpg,,0.0,TRUE,InStock,0.08,,A100G4RS,,,,Size,DROP_DOWN,S,Color,DROP_DOWN,Grey/Blue,,,,,,,,,,,,,Fit,<p>R</p>,Length,<p>56</p>,Width,<p>30</p>,Height,<p>48</p>,Box Quantity,<p>216</p>,Inner Pack Quantity,<p>12</p>,Country Of Origin,<p>CN</p>,Standards,<ul><li>EN 420</li><li>AS/NZS 2161 .2</li><li>AS/NZS 2161 .3</li><li>ANSI/ISEA 105: 2016 CUT Level  A1</li><li>EN388:2016 +A1:2018 -  3143X</li></ul>,,,,
A100,Variant,,Premium quality work glove Ergonomic design to reduce hand fatigue Crinkle latex grip offers excellent grip Palm dipped to increase dexterity and ventilation 100% breathable seamless liner,https://d11ak7fd9ypfb7.cloudfront.net/styles1100px/A100G4R.jpg,,0.0,TRUE,InStock,0.105,,A100G4RXL,,,,Size,DROP_DOWN,XL,Color,DROP_DOWN,Grey/Blue,,,,,,,,,,,,,Fit,<p>R</p>,Length,<p>56</p>,Width,<p>30</p>,Height,<p>48</p>,Box Quantity,<p>216</p>,Inner Pack Quantity,<p>12</p>,Country Of Origin,<p>CN</p>,Standards,<ul><li>EN 420</li><li>AS/NZS 2161 .2</li><li>AS/NZS 2161 .3</li><li>ANSI/ISEA 105: 2016 CUT Level  A1</li><li>EN388:2016 +A1:2018 -  3143X</li></ul>,,,,
A100,Variant,,Premium quality work glove Ergonomic design to reduce hand fatigue Crinkle latex grip offers excellent grip Palm dipped to increase dexterity and ventilation 100% breathable seamless liner,https://d11ak7fd9ypfb7.cloudfront.net/styles1100px/A100G4R.jpg,,0.0,TRUE,InStock,0.105,,A100G4RXXL,,,,Size,DROP_DOWN,XXL,Color,DROP_DOWN,Grey/Blue,,,,,,,,,,,,,Fit,<p>R</p>,Length,<p>56</p>,Width,<p>30</p>,Height,<p>48</p>,Box Quantity,<p>216</p>,Inner Pack Quantity,<p>12</p>,Country Of Origin,<p>CN</p>,Standards,<ul><li>EN 420</li><li>AS/NZS 2161 .2</li><li>AS/NZS 2161 .3</li><li>ANSI/ISEA 105: 2016 CUT Level  A1</li><li>EN388:2016 +A1:2018 -  3143X</li></ul>,,,,
A100,Variant,,Premium quality work glove Ergonomic design to reduce hand fatigue Crinkle latex grip offers excellent grip Palm dipped to increase dexterity and ventilation 100% breathable seamless liner,https://d11ak7fd9ypfb7.cloudfront.net/styles1100px/A100ORR.jpg,,0.0,TRUE,InStock,0.1,,A100ORRL,,,,Size,DROP_DOWN,L,Color,DROP_DOWN,Orange,,,,,,,,,,,,,Fit,<p>R</p>,Length,<p>56</p>,Width,<p>30</p>,Height,<p>48</p>,Box Quantity,<p>216</p>,Inner Pack Quantity,<p>12</p>,Country Of Origin,<p>CN</p>,Standards,<ul><li>EN 420</li><li>AS/NZS 2161 .2</li><li>AS/NZS 2161 .3</li><li>ANSI/ISEA 105: 2016 CUT Level  A1</li><li>EN388:2016 +A1:2018 -  3143X</li></ul>,,,,
A100,Variant,,Premium quality work glove Ergonomic design to reduce hand fatigue Crinkle latex grip offers excellent grip Palm dipped to increase dexterity and ventilation 100% breathable seamless liner,https://d11ak7fd9ypfb7.cloudfront.net/styles1100px/A100ORR.jpg,,0.0,TRUE,InStock,0.08,,A100ORRM,,,,Size,DROP_DOWN,M,Color,DROP_DOWN,Orange,,,,,,,,,,,,,Fit,<p>R</p>,Length,<p>56</p>,Width,<p>30</p>,Height,<p>48</p>,Box Quantity,<p>216</p>,Inner Pack Quantity,<p>12</p>,Country Of Origin,<p>CN</p>,Standards,<ul><li>EN 420</li><li>AS/NZS 2161 .2</li><li>AS/NZS 2161 .3</li><li>ANSI/ISEA 105: 2016 CUT Level  A1</li><li>EN388:2016 +A1:2018 -  3143X</li></ul>,,,,
A100,Variant,,Premium quality work glove Ergonomic design to reduce hand fatigue Crinkle latex grip offers excellent grip Palm dipped to increase dexterity and ventilation 100% breathable seamless liner,https://d11ak7fd9ypfb7.cloudfront.net/styles1100px/A100ORR.jpg,,0.0,TRUE,InStock,0.08,,A100ORRS,,,,Size,DROP_DOWN,S,Color,DROP_DOWN,Orange,,,,,,,,,,,,,Fit,<p>R</p>,Length,<p>56</p>,Width,<p>30</p>,Height,<p>48</p>,Box Quantity,<p>216</p>,Inner Pack Quantity,<p>12</p>,Country Of Origin,<p>CN</p>,Standards,<ul><li>EN 420</li><li>AS/NZS 2161 .2</li><li>AS/NZS 2161 .3</li><li>ANSI/ISEA 105: 2016 CUT Level  A1</li><li>EN388:2016 +A1:2018 -  3143X</li></ul>,,,,
A100,Variant,,Premium quality work glove Ergonomic design to reduce hand fatigue Crinkle latex grip offers excellent grip Palm dipped to increase dexterity and ventilation 100% breathable seamless liner,https://d11ak7fd9ypfb7.cloudfront.net/styles1100px/A100ORR.jpg,,0.0,TRUE,InStock,0.1,,A100ORRXL,,,,Size,DROP_DOWN,XL,Color,DROP_DOWN,Orange,,,,,,,,,,,,,Fit,<p>R</p>,Length,<p>56</p>,Width,<p>30</p>,Height,<p>48</p>,Box Quantity,<p>216</p>,Inner Pack Quantity,<p>12</p>,Country Of Origin,<p>CN</p>,Standards,<ul><li>EN 420</li><li>AS/NZS 2161 .2</li><li>AS/NZS 2161 .3</li><li>ANSI/ISEA 105: 2016 CUT Level  A1</li><li>EN388:2016 +A1:2018 -  3143X</li></ul>,,,,
A100,Variant,,Premium quality work glove Ergonomic design to reduce hand fatigue Crinkle latex grip offers excellent grip Palm dipped to increase dexterity and ventilation 100% breathable seamless liner,https://d11ak7fd9ypfb7.cloudfront.net/styles1100px/A100ORR.jpg,,0.0,TRUE,InStock,0.1,,A100ORRXXL,,,,Size,DROP_DOWN,XXL,Color,DROP_DOWN,Orange,,,,,,,,,,,,,Fit,<p>R</p>,Length,<p>56</p>,Width,<p>30</p>,Height,<p>48</p>,Box Quantity,<p>216</p>,Inner Pack Quantity,<p>12</p>,Country Of Origin,<p>CN</p>,Standards,<ul><li>EN 420</li><li>AS/NZS 2161 .2</li><li>AS/NZS 2161 .3</li><li>ANSI/ISEA 105: 2016 CUT Level  A1</li><li>EN388:2016 +A1:2018 -  3143X</li></ul>,,,,
A110,Product,A110 - Polka Dot Glove,Performs well in dry conditions PVC dotted palm for enhanced grip Seamless 13 gauge liner 100% breathable seamless liner,https://d11ak7fd9ypfb7.cloudfront.net/styles1100px/A110WBR.jpg,1.5,0.0,TRUE,InStock,0.06,,A110WBRL,,,,Size,DROP_DOWN,XS;S;M;L;XL;XXL,Color,DROP_DOWN,White/Blue,,,,,,,,,,,,,Fit,<p>R</p>,Length,<p>56</p>,Width,<p>27</p>,Height,<p>37</p>,Box Quantity,<p>216</p>,Inner Pack Quantity,<p>12</p>,Country Of Origin,<p>CN</p>,Standards,<ul><li>EN 420</li><li>AS/NZS 2161 .2</li><li>AS/NZS 2161 .3</li><li>EN388:2016 +A1:2018 -  2.1.4.X.X</li><li>ANSI/ISEA 105: 2016 CUT Level  A1</li></ul>,,,,
A110,Variant,,Performs well in dry conditions PVC dotted palm for enhanced grip Seamless 13 gauge liner 100% breathable seamless liner,https://d11ak7fd9ypfb7.cloudfront.net/styles1100px/A110WBR.jpg,,0.0,TRUE,InStock,0.06,,A110WBRL,,,,Size,DROP_DOWN,L,Color,DROP_DOWN,White/Blue,,,,,,,,,,,,,Fit,<p>R</p>,Length,<p>56</p>,Width,<p>27</p>,Height,<p>37</p>,Box Quantity,<p>216</p>,Inner Pack Quantity,<p>12</p>,Country Of Origin,<p>CN</p>,Standards,<ul><li>EN 420</li><li>AS/NZS 2161 .2</li><li>AS/NZS 2161 .3</li><li>EN388:2016 +A1:2018 -  2.1.4.X.X</li><li>ANSI/ISEA 105: 2016 CUT Level  A1</li></ul>,,,,
A110,Variant,,Performs well in dry conditions PVC dotted palm for enhanced grip Seamless 13 gauge liner 100% breathable seamless liner,https://d11ak7fd9ypfb7.cloudfront.net/styles1100px/A110WBR.jpg,,0.0,TRUE,InStock,0.04,,A110WBRM,,,,Size,DROP_DOWN,M,Color,DROP_DOWN,White/Blue,,,,,,,,,,,,,Fit,<p>R</p>,Length,<p>56</p>,Width,<p>27</p>,Height,<p>37</p>,Box Quantity,<p>216</p>,Inner Pack Quantity,<p>12</p>,Country Of Origin,<p>CN</p>,Standards,<ul><li>EN 420</li><li>AS/NZS 2161 .2</li><li>AS/NZS 2161 .3</li><li>EN388:2016 +A1:2018 -  2.1.4.X.X</li><li>ANSI/ISEA 105: 2016 CUT Level  A1</li></ul>,,,,
A110,Variant,,Performs well in dry conditions PVC dotted palm for enhanced grip Seamless 13 gauge liner 100% breathable seamless liner,https://d11ak7fd9ypfb7.cloudfront.net/styles1100px/A110WBR.jpg,,0.0,TRUE,InStock,0.04,,A110WBRS,,,,Size,DROP_DOWN,S,Color,DROP_DOWN,White/Blue,,,,,,,,,,,,,Fit,<p>R</p>,Length,<p>56</p>,Width,<p>27</p>,Height,<p>37</p>,Box Quantity,<p>216</p>,Inner Pack Quantity,<p>12</p>,Country Of Origin,<p>CN</p>,Standards,<ul><li>EN 420</li><li>AS/NZS 2161 .2</li><li>AS/NZS 2161 .3</li><li>EN388:2016 +A1:2018 -  2.1.4.X.X</li><li>ANSI/ISEA 105: 2016 CUT Level  A1</li></ul>,,,,
A110,Variant,,Performs well in dry conditions PVC dotted palm for enhanced grip Seamless 13 gauge liner 100% breathable seamless liner,https://d11ak7fd9ypfb7.cloudfront.net/styles1100px/A110WBR.jpg,,0.0,TRUE,InStock,0.056,,A110WBRXL,,,,Size,DROP_DOWN,XL,Color,DROP_DOWN,White/Blue,,,,,,,,,,,,,Fit,<p>R</p>,Length,<p>56</p>,Width,<p>27</p>,Height,<p>37</p>,Box Quantity,<p>216</p>,Inner Pack Quantity,<p>12</p>,Country Of Origin,<p>CN</p>,Standards,<ul><li>EN 420</li><li>AS/NZS 2161 .2</li><li>AS/NZS 2161 .3</li><li>EN388:2016 +A1:2018 -  2.1.4.X.X</li><li>ANSI/ISEA 105: 2016 CUT Level  A1</li></ul>,,,,
A110,Variant,,Performs well in dry conditions PVC dotted palm for enhanced grip Seamless 13 gauge liner 100% breathable seamless liner,https://d11ak7fd9ypfb7.cloudfront.net/styles1100px/A110WBR.jpg,,0.0,TRUE,InStock,0.04,,A110WBRXS,,,,Size,DROP_DOWN,XS,Color,DROP_DOWN,White/Blue,,,,,,,,,,,,,Fit,<p>R</p>,Length,<p>56</p>,Width,<p>27</p>,Height,<p>37</p>,Box Quantity,<p>216</p>,Inner Pack Quantity,<p>12</p>,Country Of Origin,<p>CN</p>,Standards,<ul><li>EN 420</li><li>AS/NZS 2161 .2</li><li>AS/NZS 2161 .3</li><li>EN388:2016 +A1:2018 -  2.1.4.X.X</li><li>ANSI/ISEA 105: 2016 CUT Level  A1</li></ul>,,,,
A110,Variant,,Performs well in dry conditions PVC dotted palm for enhanced grip Seamless 13 gauge liner 100% breathable seamless liner,https://d11ak7fd9ypfb7.cloudfront.net/styles1100px/A110WBR.jpg,,0.0,TRUE,InStock,0.06,,A110WBRXXL,,,,Size,DROP_DOWN,XXL,Color,DROP_DOWN,White/Blue,,,,,,,,,,,,,Fit,<p>R</p>,Length,<p>56</p>,Width,<p>27</p>,Height,<p>37</p>,Box Quantity,<p>216</p>,Inner Pack Quantity,<p>12</p>,Country Of Origin,<p>CN</p>,Standards,<ul><li>EN 420</li><li>AS/NZS 2161 .2</li><li>AS/NZS 2161 .3</li><li>EN388:2016 +A1:2018 -  2.1.4.X.X</li><li>ANSI/ISEA 105: 2016 CUT Level  A1</li></ul>,,,,
A111,Product,A111 - Classic Polka Dot Glove,PVC dotted palm for enhanced grip Lightweight and comfortable Performs well in dry conditions Excellent for jobs requiring high dexterity,https://d11ak7fd9ypfb7.cloudfront.net/styles1100px/A111WBR.jpg,1.0,0.0,TRUE,InStock,0.056,,A111WBRL,,,,Size,DROP_DOWN,S;M;L;XL;XXL,Color,DROP_DOWN,White/Blue,,,,,,,,,,,,,Fit,<p>R</p>,Length,<p>43</p>,Width,<p>28</p>,Height,<p>58</p>,Box Quantity,<p>288</p>,Inner Pack Quantity,<p>12</p>,Country Of Origin,<p>PK</p>,Standards,<ul><li>CE Cat 1</li></ul>,,,,
A111,Variant,,PVC dotted palm for enhanced grip Lightweight and comfortable Performs well in dry conditions Excellent for jobs requiring high dexterity,https://d11ak7fd9ypfb7.cloudfront.net/styles1100px/A111WBR.jpg,,0.0,TRUE,InStock,0.056,,A111WBRL,,,,Size,DROP_DOWN,L,Color,DROP_DOWN,White/Blue,,,,,,,,,,,,,Fit,<p>R</p>,Length,<p>43</p>,Width,<p>28</p>,Height,<p>58</p>,Box Quantity,<p>288</p>,Inner Pack Quantity,<p>12</p>,Country Of Origin,<p>PK</p>,Standards,<ul><li>CE Cat 1</li></ul>,,,,
A111,Variant,,PVC dotted palm for enhanced grip Lightweight and comfortable Performs well in dry conditions Excellent for jobs requiring high dexterity,https://d11ak7fd9ypfb7.cloudfront.net/styles1100px/A111WBR.jpg,,0.0,TRUE,InStock,0.052,,A111WBRM,,,,Size,DROP_DOWN,M,Color,DROP_DOWN,White/Blue,,,,,,,,,,,,,Fit,<p>R</p>,Length,<p>43</p>,Width,<p>28</p>,Height,<p>58</p>,Box Quantity,<p>288</p>,Inner Pack Quantity,<p>12</p>,Country Of Origin,<p>PK</p>,Standards,<ul><li>CE Cat 1</li></ul>,,,,
A111,Variant,,PVC dotted palm for enhanced grip Lightweight and comfortable Performs well in dry conditions Excellent for jobs requiring high dexterity,https://d11ak7fd9ypfb7.cloudfront.net/styles1100px/A111WBR.jpg,,0.0,TRUE,InStock,0.051,,A111WBRS,,,,Size,DROP_DOWN,S,Color,DROP_DOWN,White/Blue,,,,,,,,,,,,,Fit,<p>R</p>,Length,<p>43</p>,Width,<p>28</p>,Height,<p>58</p>,Box Quantity,<p>288</p>,Inner Pack Quantity,<p>12</p>,Country Of Origin,<p>PK</p>,Standards,<ul><li>CE Cat 1</li></ul>,,,,
A111,Variant,,PVC dotted palm for enhanced grip Lightweight and comfortable Performs well in dry conditions Excellent for jobs requiring high dexterity,https://d11ak7fd9ypfb7.cloudfront.net/styles1100px/A111WBR.jpg,,0.0,TRUE,InStock,0.058,,A111WBRXL,,,,Size,DROP_DOWN,XL,Color,DROP_DOWN,White/Blue,,,,,,,,,,,,,Fit,<p>R</p>,Length,<p>43</p>,Width,<p>28</p>,Height,<p>58</p>,Box Quantity,<p>288</p>,Inner Pack Quantity,<p>12</p>,Country Of Origin,<p>PK</p>,Standards,<ul><li>CE Cat 1</li></ul>,,,,
A111,Variant,,PVC dotted palm for enhanced grip Lightweight and comfortable Performs well in dry conditions Excellent for jobs requiring high dexterity,https://d11ak7fd9ypfb7.cloudfront.net/styles1100px/A111WBR.jpg,,0.0,TRUE,InStock,0.061,,A111WBRXXL,,,,Size,DROP_DOWN,XXL,Color,DROP_DOWN,White/Blue,,,,,,,,,,,,,Fit,<p>R</p>,Length,<p>43</p>,Width,<p>28</p>,Height,<p>58</p>,Box Quantity,<p>288</p>,Inner Pack Quantity,<p>12</p>,Country Of Origin,<p>PK</p>,Standards,<ul><li>CE Cat 1</li></ul>,,,,
A120,Product,A120 - PU Palm Glove,Perfect for intricate tasks Maximum dexterity Smooth PU coating for increased abrasion resistance Palm dipped to increase dexterity and ventilation 100% breathable seamless liner,https://d11ak7fd9ypfb7.cloudfront.net/styles1100px/A120B4R.jpg,1.38,0.0,TRUE,InStock,0.029,,A120B4RL,,,,Size,DROP_DOWN,XXS;XS;S;M;L;XL;XXL;XXXL,Color,DROP_DOWN,Blue;Grey;Yellow;Pink;White;Orange;Black,,,,,,,,,,,,,Fit,<p>R</p>,Length,<p>65</p>,Width,<p>45</p>,Height,<p>50</p>,Box Quantity,<p>480</p>,Inner Pack Quantity,<p>12</p>,Country Of Origin,<p>CN</p>,Standards,<ul><li>AS/NZS 2161 .2</li><li>AS/NZS 2161 .3</li><li>ANSI/ISEA 105: 2016 CUT Level  A1</li><li>EN 420   Dexterity 5</li><li>EN388:2016 +A1:2018 -  3131X</li></ul>,,,,
A120,Variant,,Perfect for intricate tasks Maximum dexterity Smooth PU coating for increased abrasion resistance Palm dipped to increase dexterity and ventilation 100% breathable seamless liner,https://d11ak7fd9ypfb7.cloudfront.net/styles1100px/A120B4R.jpg,,0.0,TRUE,InStock,0.029,,A120B4RL,,,,Size,DROP_DOWN,L,Color,DROP_DOWN,Blue,,,,,,,,,,,,,Fit,<p>R</p>,Length,<p>65</p>,Width,<p>45</p>,Height,<p>50</p>,Box Quantity,<p>480</p>,Inner Pack Quantity,<p>12</p>,Country Of Origin,<p>CN</p>,Standards,<ul><li>AS/NZS 2161 .2</li><li>AS/NZS 2161 .3</li><li>ANSI/ISEA 105: 2016 CUT Level  A1</li><li>EN 420   Dexterity 5</li><li>EN388:2016 +A1:2018 -  3131X</li></ul>,,,,
A120,Variant,,Perfect for intricate tasks Maximum dexterity Smooth PU coating for increased abrasion resistance Palm dipped to increase dexterity and ventilation 100% breathable seamless liner,https://d11ak7fd9ypfb7.cloudfront.net/styles1100px/A120B4R.jpg,,0.0,TRUE,InStock,0.028,,A120B4RM,,,,Size,DROP_DOWN,M,Color,DROP_DOWN,Blue,,,,,,,,,,,,,Fit,<p>R</p>,Length,<p>65</p>,Width,<p>45</p>,Height,<p>45</p>,Box Quantity,<p>480</p>,Inner Pack Quantity,<p>12</p>,Country Of Origin,<p>CN</p>,Standards,<ul><li>AS/NZS 2161 .2</li><li>AS/NZS 2161 .3</li><li>ANSI/ISEA 105: 2016 CUT Level  A1</li><li>EN 420   Dexterity 5</li><li>EN388:2016 +A1:2018 -  3131X</li></ul>,,,,
A120,Variant,,Perfect for intricate tasks Maximum dexterity Smooth PU coating for increased abrasion resistance Palm dipped to increase dexterity and ventilation 100% breathable seamless liner,https://d11ak7fd9ypfb7.cloudfront.net/styles1100px/A120B4R.jpg,,0.0,TRUE,InStock,0.03,,A120B4RXL,,,,Size,DROP_DOWN,XL,Color,DROP_DOWN,Blue,,,,,,,,,,,,,Fit,<p>R</p>,Length,<p>65</p>,Width,<p>45</p>,Height,<p>50</p>,Box Quantity,<p>480</p>,Inner Pack Quantity,<p>12</p>,Country Of Origin,<p>CN</p>,Standards,<ul><li>AS/NZS 2161 .2</li><li>AS/NZS 2161 .3</li><li>ANSI/ISEA 105: 2016 CUT Level  A1</li><li>EN 420   Dexterity 5</li><li>EN388:2016 +A1:2018 -  3131X</li></ul>,,,,
A120,Variant,,Perfect for intricate tasks Maximum dexterity Smooth PU coating for increased abrasion resistance Palm dipped to increase dexterity and ventilation 100% breathable seamless liner,https://d11ak7fd9ypfb7.cloudfront.net/styles1100px/A120BKR.jpg,,0.0,TRUE,InStock,0.029,,A120BKRL,,,,Size,DROP_DOWN,L,Color,DROP_DOWN,Black,,,,,,,,,,,,,Fit,<p>R</p>,Length,<p>65</p>,Width,<p>45</p>,Height,<p>50</p>,Box Quantity,<p>480</p>,Inner Pack Quantity,<p>12</p>,Country Of Origin,<p>CN</p>,Standards,<ul><li>AS/NZS 2161 .2</li><li>AS/NZS 2161 .3</li><li>ANSI/ISEA 105: 2016 CUT Level  A1</li><li>EN 420   Dexterity 5</li><li>EN388:2016 +A1:2018 -  3131X</li></ul>,,,,
A120,Variant,,Perfect for intricate tasks Maximum dexterity Smooth PU coating for increased abrasion resistance Palm dipped to increase dexterity and ventilation 100% breathable seamless liner,https://d11ak7fd9ypfb7.cloudfront.net/styles1100px/A120BKR.jpg,,0.0,TRUE,InStock,0.028,,A120BKRM,,,,Size,DROP_DOWN,M,Color,DROP_DOWN,Black,,,,,,,,,,,,,Fit,<p>R</p>,Length,<p>65</p>,Width,<p>45</p>,Height,<p>45</p>,Box Quantity,<p>480</p>,Inner Pack Quantity,<p>12</p>,Country Of Origin,<p>CN</p>,Standards,<ul><li>AS/NZS 2161 .2</li><li>AS/NZS 2161 .3</li><li>ANSI/ISEA 105: 2016 CUT Level  A1</li><li>EN 420   Dexterity 5</li><li>EN388:2016 +A1:2018 -  3131X</li></ul>,,,,
A120,Variant,,Perfect for intricate tasks Maximum dexterity Smooth PU coating for increased abrasion resistance Palm dipped to increase dexterity and ventilation 100% breathable seamless liner,https://d11ak7fd9ypfb7.cloudfront.net/styles1100px/A120BKR.jpg,,0.0,TRUE,InStock,0.026,,A120BKRS,,,,Size,DROP_DOWN,S,Color,DROP_DOWN,Black,,,,,,,,,,,,,Fit,<p>R</p>,Length,<p>65</p>,Width,<p>45</p>,Height,<p>45</p>,Box Quantity,<p>480</p>,Inner Pack Quantity,<p>12</p>,Country Of Origin,<p>CN</p>,Standards,<ul><li>AS/NZS 2161 .2</li><li>AS/NZS 2161 .3</li><li>ANSI/ISEA 105: 2016 CUT Level  A1</li><li>EN 420   Dexterity 5</li><li>EN388:2016 +A1:2018 -  3131X</li></ul>,,,,
A120,Variant,,Perfect for intricate tasks Maximum dexterity Smooth PU coating for increased abrasion resistance Palm dipped to increase dexterity and ventilation 100% breathable seamless liner,https://d11ak7fd9ypfb7.cloudfront.net/styles1100px/A120BKR.jpg,,0.0,TRUE,InStock,0.03,,A120BKRXL,,,,Size,DROP_DOWN,XL,Color,DROP_DOWN,Black,,,,,,,,,,,,,Fit,<p>R</p>,Length,<p>65</p>,Width,<p>45</p>,Height,<p>50</p>,Box Quantity,<p>480</p>,Inner Pack Quantity,<p>12</p>,Country Of Origin,<p>CN</p>,Standards,<ul><li>AS/NZS 2161 .2</li><li>AS/NZS 2161 .3</li><li>ANSI/ISEA 105: 2016 CUT Level  A1</li><li>EN 420   Dexterity 5</li><li>EN388:2016 +A1:2018 -  3131X</li></ul>,,,,
A120,Variant,,Perfect for intricate tasks Maximum dexterity Smooth PU coating for increased abrasion resistance Palm dipped to increase dexterity and ventilation 100% breathable seamless liner,https://d11ak7fd9ypfb7.cloudfront.net/styles1100px/A120BKR.jpg,,0.0,TRUE,InStock,0.021,,A120BKRXS,,,,Size,DROP_DOWN,XS,Color,DROP_DOWN,Black,,,,,,,,,,,,,Fit,<p>R</p>,Length,<p>65</p>,Width,<p>45</p>,Height,<p>45</p>,Box Quantity,<p>480</p>,Inner Pack Quantity,<p>12</p>,Country Of Origin,<p>CN</p>,Standards,<ul><li>AS/NZS 2161 .2</li><li>AS/NZS 2161 .3</li><li>ANSI/ISEA 105: 2016 CUT Level  A1</li><li>EN 420   Dexterity 5</li><li>EN388:2016 +A1:2018 -  3131X</li></ul>,,,,
A120,Variant,,Perfect for intricate tasks Maximum dexterity Smooth PU coating for increased abrasion resistance Palm dipped to increase dexterity and ventilation 100% breathable seamless liner,https://d11ak7fd9ypfb7.cloudfront.net/styles1100px/A120BKR.jpg,,0.0,TRUE,InStock,0.033,,A120BKRXXL,,,,Size,DROP_DOWN,XXL,Color,DROP_DOWN,Black,,,,,,,,,,,,,Fit,<p>R</p>,Length,<p>65</p>,Width,<p>45</p>,Height,<p>50</p>,Box Quantity,<p>480</p>,Inner Pack Quantity,<p>12</p>,Country Of Origin,<p>CN</p>,Standards,<ul><li>AS/NZS 2161 .2</li><li>AS/NZS 2161 .3</li><li>ANSI/ISEA 105: 2016 CUT Level  A1</li><li>EN 420   Dexterity 5</li><li>EN388:2016 +A1:2018 -  3131X</li></ul>,,,,
A120,Variant,,Perfect for intricate tasks Maximum dexterity Smooth PU coating for increased abrasion resistance Palm dipped to increase dexterity and ventilation 100% breathable seamless liner,https://d11ak7fd9ypfb7.cloudfront.net/styles1100px/A120BKR.jpg,,0.0,TRUE,InStock,0.02,,A120BKRXXS,,,,Size,DROP_DOWN,XXS,Color,DROP_DOWN,Black,,,,,,,,,,,,,Fit,<p>R</p>,Length,<p>65</p>,Width,<p>45</p>,Height,<p>50</p>,Box Quantity,<p>480</p>,Inner Pack Quantity,<p>12</p>,Country Of Origin,<p>CN</p>,Standards,<ul><li>AS/NZS 2161 .2</li><li>AS/NZS 2161 .3</li><li>ANSI/ISEA 105: 2016 CUT Level  A1</li><li>EN 420   Dexterity 5</li><li>EN388:2016 +A1:2018 -  3131X</li></ul>,,,,
A120,Variant,,Perfect for intricate tasks Maximum dexterity Smooth PU coating for increased abrasion resistance Palm dipped to increase dexterity and ventilation 100% breathable seamless liner,https://d11ak7fd9ypfb7.cloudfront.net/styles1100px/A120BKR.jpg,,0.0,TRUE,InStock,0.034,,A120BKRXXXL,,,,Size,DROP_DOWN,XXXL,Color,DROP_DOWN,Black,,,,,,,,,,,,,Fit,<p>R</p>,Length,<p>65</p>,Width,<p>45</p>,Height,<p>50</p>,Box Quantity,<p>480</p>,Inner Pack Quantity,<p>12</p>,Country Of Origin,<p>CN</p>,Standards,<ul><li>AS/NZS 2161 .2</li><li>AS/NZS 2161 .3</li><li>ANSI/ISEA 105: 2016 CUT Level  A1</li><li>EN 420   Dexterity 5</li><li>EN388:2016 +A1:2018 -  3131X</li></ul>,,,,
A120,Variant,,Perfect for intricate tasks Maximum dexterity Smooth PU coating for increased abrasion resistance Palm dipped to increase dexterity and ventilation 100% breathable seamless liner,https://d11ak7fd9ypfb7.cloudfront.net/styles1100px/A120GRR.jpg,,0.0,TRUE,InStock,0.027,,A120GRRL,,,,Size,DROP_DOWN,L,Color,DROP_DOWN,Grey,,,,,,,,,,,,,Fit,<p>R</p>,Length,<p>65</p>,Width,<p>45</p>,Height,<p>50</p>,Box Quantity,<p>480</p>,Inner Pack Quantity,<p>12</p>,Country Of Origin,<p>CN</p>,Standards,<ul><li>AS/NZS 2161 .2</li><li>AS/NZS 2161 .3</li><li>ANSI/ISEA 105: 2016 CUT Level  A1</li><li>EN 420   Dexterity 5</li><li>EN388:2016 +A1:2018 -  3131X</li></ul>,,,,
A120,Variant,,Perfect for intricate tasks Maximum dexterity Smooth PU coating for increased abrasion resistance Palm dipped to increase dexterity and ventilation 100% breathable seamless liner,https://d11ak7fd9ypfb7.cloudfront.net/styles1100px/A120GRR.jpg,,0.0,TRUE,InStock,0.028,,A120GRRM,,,,Size,DROP_DOWN,M,Color,DROP_DOWN,Grey,,,,,,,,,,,,,Fit,<p>R</p>,Length,<p>65</p>,Width,<p>45</p>,Height,<p>45</p>,Box Quantity,<p>480</p>,Inner Pack Quantity,<p>12</p>,Country Of Origin,<p>CN</p>,Standards,<ul><li>AS/NZS 2161 .2</li><li>AS/NZS 2161 .3</li><li>ANSI/ISEA 105: 2016 CUT Level  A1</li><li>EN 420   Dexterity 5</li><li>EN388:2016 +A1:2018 -  3131X</li></ul>,,,,
A120,Variant,,Perfect for intricate tasks Maximum dexterity Smooth PU coating for increased abrasion resistance Palm dipped to increase dexterity and ventilation 100% breathable seamless liner,https://d11ak7fd9ypfb7.cloudfront.net/styles1100px/A120GRR.jpg,,0.0,TRUE,InStock,0.022,,A120GRRS,,,,Size,DROP_DOWN,S,Color,DROP_DOWN,Grey,,,,,,,,,,,,,Fit,<p>R</p>,Length,<p>65</p>,Width,<p>45</p>,Height,<p>45</p>,Box Quantity,<p>480</p>,Inner Pack Quantity,<p>12</p>,Country Of Origin,<p>CN</p>,Standards,<ul><li>AS/NZS 2161 .2</li><li>AS/NZS 2161 .3</li><li>ANSI/ISEA 105: 2016 CUT Level  A1</li><li>EN 420   Dexterity 5</li><li>EN388:2016 +A1:2018 -  3131X</li></ul>,,,,
A120,Variant,,Perfect for intricate tasks Maximum dexterity Smooth PU coating for increased abrasion resistance Palm dipped to increase dexterity and ventilation 100% breathable seamless liner,https://d11ak7fd9ypfb7.cloudfront.net/styles1100px/A120GRR.jpg,,0.0,TRUE,InStock,0.03,,A120GRRXL,,,,Size,DROP_DOWN,XL,Color,DROP_DOWN,Grey,,,,,,,,,,,,,Fit,<p>R</p>,Length,<p>65</p>,Width,<p>45</p>,Height,<p>50</p>,Box Quantity,<p>480</p>,Inner Pack Quantity,<p>12</p>,Country Of Origin,<p>CN</p>,Standards,<ul><li>AS/NZS 2161 .2</li><li>AS/NZS 2161 .3</li><li>ANSI/ISEA 105: 2016 CUT Level  A1</li><li>EN 420   Dexterity 5</li><li>EN388:2016 +A1:2018 -  3131X</li></ul>,,,,
A120,Variant,,Perfect for intricate tasks Maximum dexterity Smooth PU coating for increased abrasion resistance Palm dipped to increase dexterity and ventilation 100% breathable seamless liner,https://d11ak7fd9ypfb7.cloudfront.net/styles1100px/A120GRR.jpg,,0.0,TRUE,InStock,0.021,,A120GRRXS,,,,Size,DROP_DOWN,XS,Color,DROP_DOWN,Grey,,,,,,,,,,,,,Fit,<p>R</p>,Length,<p>65</p>,Width,<p>45</p>,Height,<p>45</p>,Box Quantity,<p>480</p>,Inner Pack Quantity,<p>12</p>,Country Of Origin,<p>CN</p>,Standards,<ul><li>AS/NZS 2161 .2</li><li>AS/NZS 2161 .3</li><li>ANSI/ISEA 105: 2016 CUT Level  A1</li><li>EN 420   Dexterity 5</li><li>EN388:2016 +A1:2018 -  3131X</li></ul>,,,,
A120,Variant,,Perfect for intricate tasks Maximum dexterity Smooth PU coating for increased abrasion resistance Palm dipped to increase dexterity and ventilation 100% breathable seamless liner,https://d11ak7fd9ypfb7.cloudfront.net/styles1100px/A120GRR.jpg,,0.0,TRUE,InStock,0.033,,A120GRRXXL,,,,Size,DROP_DOWN,XXL,Color,DROP_DOWN,Grey,,,,,,,,,,,,,Fit,<p>R</p>,Length,<p>65</p>,Width,<p>45</p>,Height,<p>50</p>,Box Quantity,<p>480</p>,Inner Pack Quantity,<p>12</p>,Country Of Origin,<p>CN</p>,Standards,<ul><li>AS/NZS 2161 .2</li><li>AS/NZS 2161 .3</li><li>ANSI/ISEA 105: 2016 CUT Level  A1</li><li>EN 420   Dexterity 5</li><li>EN388:2016 +A1:2018 -  3131X</li></ul>,,,,
A120,Variant,,Perfect for intricate tasks Maximum dexterity Smooth PU coating for increased abrasion resistance Palm dipped to increase dexterity and ventilation 100% breathable seamless liner,https://d11ak7fd9ypfb7.cloudfront.net/styles1100px/A120O1R.jpg,,0.0,TRUE,InStock,0.029,,A120O1RL,,,,Size,DROP_DOWN,L,Color,DROP_DOWN,Orange,,,,,,,,,,,,,Fit,<p>R</p>,Length,<p>65</p>,Width,<p>45</p>,Height,<p>50</p>,Box Quantity,<p>480</p>,Inner Pack Quantity,<p>12</p>,Country Of Origin,<p>CN</p>,Standards,<ul><li>AS/NZS 2161 .2</li><li>AS/NZS 2161 .3</li><li>ANSI/ISEA 105: 2016 CUT Level  A1</li><li>EN 420   Dexterity 5</li><li>EN388:2016 +A1:2018 -  3131X</li></ul>,,,,
A120,Variant,,Perfect for intricate tasks Maximum dexterity Smooth PU coating for increased abrasion resistance Palm dipped to increase dexterity and ventilation 100% breathable seamless liner,https://d11ak7fd9ypfb7.cloudfront.net/styles1100px/A120O1R.jpg,,0.0,TRUE,InStock,0.028,,A120O1RM,,,,Size,DROP_DOWN,M,Color,DROP_DOWN,Orange,,,,,,,,,,,,,Fit,<p>R</p>,Length,<p>65</p>,Width,<p>45</p>,Height,<p>45</p>,Box Quantity,<p>480</p>,Inner Pack Quantity,<p>12</p>,Country Of Origin,<p>CN</p>,Standards,<ul><li>AS/NZS 2161 .2</li><li>AS/NZS 2161 .3</li><li>ANSI/ISEA 105: 2016 CUT Level  A1</li><li>EN 420   Dexterity 5</li><li>EN388:2016 +A1:2018 -  3131X</li></ul>,,,,
A120,Variant,,Perfect for intricate tasks Maximum dexterity Smooth PU coating for increased abrasion resistance Palm dipped to increase dexterity and ventilation 100% breathable seamless liner,https://d11ak7fd9ypfb7.cloudfront.net/styles1100px/A120O1R.jpg,,0.0,TRUE,InStock,0.022,,A120O1RS,,,,Size,DROP_DOWN,S,Color,DROP_DOWN,Orange,,,,,,,,,,,,,Fit,<p>R</p>,Length,<p>65</p>,Width,<p>45</p>,Height,<p>45</p>,Box Quantity,<p>480</p>,Inner Pack Quantity,<p>12</p>,Country Of Origin,<p>CN</p>,Standards,<ul><li>AS/NZS 2161 .2</li><li>AS/NZS 2161 .3</li><li>ANSI/ISEA 105: 2016 CUT Level  A1</li><li>EN 420   Dexterity 5</li><li>EN388:2016 +A1:2018 -  3131X</li></ul>,,,,
A120,Variant,,Perfect for intricate tasks Maximum dexterity Smooth PU coating for increased abrasion resistance Palm dipped to increase dexterity and ventilation 100% breathable seamless liner,https://d11ak7fd9ypfb7.cloudfront.net/styles1100px/A120O1R.jpg,,0.0,TRUE,InStock,0.03,,A120O1RXL,,,,Size,DROP_DOWN,XL,Color,DROP_DOWN,Orange,,,,,,,,,,,,,Fit,<p>R</p>,Length,<p>65</p>,Width,<p>45</p>,Height,<p>50</p>,Box Quantity,<p>480</p>,Inner Pack Quantity,<p>12</p>,Country Of Origin,<p>CN</p>,Standards,<ul><li>AS/NZS 2161 .2</li><li>AS/NZS 2161 .3</li><li>ANSI/ISEA 105: 2016 CUT Level  A1</li><li>EN 420   Dexterity 5</li><li>EN388:2016 +A1:2018 -  3131X</li></ul>,,,,
A120,Variant,,Perfect for intricate tasks Maximum dexterity Smooth PU coating for increased abrasion resistance Palm dipped to increase dexterity and ventilation 100% breathable seamless liner,https://d11ak7fd9ypfb7.cloudfront.net/styles1100px/A120O1R.jpg,,0.0,TRUE,InStock,0.021,,A120O1RXS,,,,Size,DROP_DOWN,XS,Color,DROP_DOWN,Orange,,,,,,,,,,,,,Fit,<p>R</p>,Length,<p>65</p>,Width,<p>45</p>,Height,<p>45</p>,Box Quantity,<p>480</p>,Inner Pack Quantity,<p>12</p>,Country Of Origin,<p>CN</p>,Standards,<ul><li>AS/NZS 2161 .2</li><li>AS/NZS 2161 .3</li><li>ANSI/ISEA 105: 2016 CUT Level  A1</li><li>EN 420   Dexterity 5</li><li>EN388:2016 +A1:2018 -  3131X</li></ul>,,,,
A120,Variant,,Perfect for intricate tasks Maximum dexterity Smooth PU coating for increased abrasion resistance Palm dipped to increase dexterity and ventilation 100% breathable seamless liner,https://d11ak7fd9ypfb7.cloudfront.net/styles1100px/A120P9R.jpg,,0.0,TRUE,InStock,0.029,,A120P9RL,,,,Size,DROP_DOWN,L,Color,DROP_DOWN,Pink,,,,,,,,,,,,,Fit,<p>R</p>,Length,<p>65</p>,Width,<p>45</p>,Height,<p>50</p>,Box Quantity,<p>480</p>,Inner Pack Quantity,<p>12</p>,Country Of Origin,<p>CN</p>,Standards,<ul><li>AS/NZS 2161 .2</li><li>AS/NZS 2161 .3</li><li>ANSI/ISEA 105: 2016 CUT Level  A1</li><li>EN 420   Dexterity 5</li><li>EN388:2016 +A1:2018 -  3131X</li></ul>,,,,
A120,Variant,,Perfect for intricate tasks Maximum dexterity Smooth PU coating for increased abrasion resistance Palm dipped to increase dexterity and ventilation 100% breathable seamless liner,https://d11ak7fd9ypfb7.cloudfront.net/styles1100px/A120P9R.jpg,,0.0,TRUE,InStock,0.028,,A120P9RM,,,,Size,DROP_DOWN,M,Color,DROP_DOWN,Pink,,,,,,,,,,,,,Fit,<p>R</p>,Length,<p>65</p>,Width,<p>45</p>,Height,<p>45</p>,Box Quantity,<p>480</p>,Inner Pack Quantity,<p>12</p>,Country Of Origin,<p>CN</p>,Standards,<ul><li>AS/NZS 2161 .2</li><li>AS/NZS 2161 .3</li><li>ANSI/ISEA 105: 2016 CUT Level  A1</li><li>EN 420   Dexterity 5</li><li>EN388:2016 +A1:2018 -  3131X</li></ul>,,,,
A120,Variant,,Perfect for intricate tasks Maximum dexterity Smooth PU coating for increased abrasion resistance Palm dipped to increase dexterity and ventilation 100% breathable seamless liner,https://d11ak7fd9ypfb7.cloudfront.net/styles1100px/A120P9R.jpg,,0.0,TRUE,InStock,0.022,,A120P9RS,,,,Size,DROP_DOWN,S,Color,DROP_DOWN,Pink,,,,,,,,,,,,,Fit,<p>R</p>,Length,<p>65</p>,Width,<p>45</p>,Height,<p>45</p>,Box Quantity,<p>480</p>,Inner Pack Quantity,<p>12</p>,Country Of Origin,<p>CN</p>,Standards,<ul><li>AS/NZS 2161 .2</li><li>AS/NZS 2161 .3</li><li>ANSI/ISEA 105: 2016 CUT Level  A1</li><li>EN 420   Dexterity 5</li><li>EN388:2016 +A1:2018 -  3131X</li></ul>,,,,
A120,Variant,,Perfect for intricate tasks Maximum dexterity Smooth PU coating for increased abrasion resistance Palm dipped to increase dexterity and ventilation 100% breathable seamless liner,https://d11ak7fd9ypfb7.cloudfront.net/styles1100px/A120P9R.jpg,,0.0,TRUE,InStock,0.021,,A120P9RXS,,,,Size,DROP_DOWN,XS,Color,DROP_DOWN,Pink,,,,,,,,,,,,,Fit,<p>R</p>,Length,<p>65</p>,Width,<p>45</p>,Height,<p>45</p>,Box Quantity,<p>480</p>,Inner Pack Quantity,<p>12</p>,Country Of Origin,<p>CN</p>,Standards,<ul><li>AS/NZS 2161 .2</li><li>AS/NZS 2161 .3</li><li>ANSI/ISEA 105: 2016 CUT Level  A1</li><li>EN 420   Dexterity 5</li><li>EN388:2016 +A1:2018 -  3131X</li></ul>,,,,
A120,Variant,,Perfect for intricate tasks Maximum dexterity Smooth PU coating for increased abrasion resistance Palm dipped to increase dexterity and ventilation 100% breathable seamless liner,https://d11ak7fd9ypfb7.cloudfront.net/styles1100px/A120WHR.jpg,,0.0,TRUE,InStock,0.027,,A120WHRL,,,,Size,DROP_DOWN,L,Color,DROP_DOWN,White,,,,,,,,,,,,,Fit,<p>R</p>,Length,<p>65</p>,Width,<p>45</p>,Height,<p>50</p>,Box Quantity,<p>480</p>,Inner Pack Quantity,<p>12</p>,Country Of Origin,<p>CN</p>,Standards,<ul><li>AS/NZS 2161 .2</li><li>AS/NZS 2161 .3</li><li>ANSI/ISEA 105: 2016 CUT Level  A1</li><li>EN 420   Dexterity 5</li><li>EN388:2016 +A1:2018 -  3131X</li></ul>,,,,
A120,Variant,,Perfect for intricate tasks Maximum dexterity Smooth PU coating for increased abrasion resistance Palm dipped to increase dexterity and ventilation 100% breathable seamless liner,https://d11ak7fd9ypfb7.cloudfront.net/styles1100px/A120WHR.jpg,,0.0,TRUE,InStock,0.028,,A120WHRM,,,,Size,DROP_DOWN,M,Color,DROP_DOWN,White,,,,,,,,,,,,,Fit,<p>R</p>,Length,<p>65</p>,Width,<p>45</p>,Height,<p>45</p>,Box Quantity,<p>480</p>,Inner Pack Quantity,<p>12</p>,Country Of Origin,<p>CN</p>,Standards,<ul><li>AS/NZS 2161 .2</li><li>AS/NZS 2161 .3</li><li>ANSI/ISEA 105: 2016 CUT Level  A1</li><li>EN 420   Dexterity 5</li><li>EN388:2016 +A1:2018 -  3131X</li></ul>,,,,
A120,Variant,,Perfect for intricate tasks Maximum dexterity Smooth PU coating for increased abrasion resistance Palm dipped to increase dexterity and ventilation 100% breathable seamless liner,https://d11ak7fd9ypfb7.cloudfront.net/styles1100px/A120WHR.jpg,,0.0,TRUE,InStock,0.024,,A120WHRS,,,,Size,DROP_DOWN,S,Color,DROP_DOWN,White,,,,,,,,,,,,,Fit,<p>R</p>,Length,<p>65</p>,Width,<p>45</p>,Height,<p>45</p>,Box Quantity,<p>480</p>,Inner Pack Quantity,<p>12</p>,Country Of Origin,<p>CN</p>,Standards,<ul><li>AS/NZS 2161 .2</li><li>AS/NZS 2161 .3</li><li>ANSI/ISEA 105: 2016 CUT Level  A1</li><li>EN 420   Dexterity 5</li><li>EN388:2016 +A1:2018 -  3131X</li></ul>,,,,
A120,Variant,,Perfect for intricate tasks Maximum dexterity Smooth PU coating for increased abrasion resistance Palm dipped to increase dexterity and ventilation 100% breathable seamless liner,https://d11ak7fd9ypfb7.cloudfront.net/styles1100px/A120WHR.jpg,,0.0,TRUE,InStock,0.03,,A120WHRXL,,,,Size,DROP_DOWN,XL,Color,DROP_DOWN,White,,,,,,,,,,,,,Fit,<p>R</p>,Length,<p>65</p>,Width,<p>45</p>,Height,<p>50</p>,Box Quantity,<p>480</p>,Inner Pack Quantity,<p>12</p>,Country Of Origin,<p>CN</p>,Standards,<ul><li>AS/NZS 2161 .2</li><li>AS/NZS 2161 .3</li><li>ANSI/ISEA 105: 2016 CUT Level  A1</li><li>EN 420   Dexterity 5</li><li>EN388:2016 +A1:2018 -  3131X</li></ul>,,,,
A120,Variant,,Perfect for intricate tasks Maximum dexterity Smooth PU coating for increased abrasion resistance Palm dipped to increase dexterity and ventilation 100% breathable seamless liner,https://d11ak7fd9ypfb7.cloudfront.net/styles1100px/A120WHR.jpg,,0.0,TRUE,InStock,0.022,,A120WHRXS,,,,Size,DROP_DOWN,XS,Color,DROP_DOWN,White,,,,,,,,,,,,,Fit,<p>R</p>,Length,<p>65</p>,Width,<p>45</p>,Height,<p>45</p>,Box Quantity,<p>480</p>,Inner Pack Quantity,<p>12</p>,Country Of Origin,<p>CN</p>,Standards,<ul><li>AS/NZS 2161 .2</li><li>AS/NZS 2161 .3</li><li>ANSI/ISEA 105: 2016 CUT Level  A1</li><li>EN 420   Dexterity 5</li><li>EN388:2016 +A1:2018 -  3131X</li></ul>,,,,
A120,Variant,,Perfect for intricate tasks Maximum dexterity Smooth PU coating for increased abrasion resistance Palm dipped to increase dexterity and ventilation 100% breathable seamless liner,https://d11ak7fd9ypfb7.cloudfront.net/styles1100px/A120WHR.jpg,,0.0,TRUE,InStock,0.033,,A120WHRXXL,,,,Size,DROP_DOWN,XXL,Color,DROP_DOWN,White,,,,,,,,,,,,,Fit,<p>R</p>,Length,<p>65</p>,Width,<p>45</p>,Height,<p>50</p>,Box Quantity,<p>480</p>,Inner Pack Quantity,<p>12</p>,Country Of Origin,<p>CN</p>,Standards,<ul><li>AS/NZS 2161 .2</li><li>AS/NZS 2161 .3</li><li>ANSI/ISEA 105: 2016 CUT Level  A1</li><li>EN 420   Dexterity 5</li><li>EN388:2016 +A1:2018 -  3131X</li></ul>,,,,
A120,Variant,,Perfect for intricate tasks Maximum dexterity Smooth PU coating for increased abrasion resistance Palm dipped to increase dexterity and ventilation 100% breathable seamless liner,https://d11ak7fd9ypfb7.cloudfront.net/styles1100px/A120WHR.jpg,,0.0,TRUE,InStock,0.02,,A120WHRXXS,,,,Size,DROP_DOWN,XXS,Color,DROP_DOWN,White,,,,,,,,,,,,,Fit,<p>R</p>,Length,<p>65</p>,Width,<p>45</p>,Height,<p>50</p>,Box Quantity,<p>480</p>,Inner Pack Quantity,<p>12</p>,Country Of Origin,<p>CN</p>,Standards,<ul><li>AS/NZS 2161 .2</li><li>AS/NZS 2161 .3</li><li>ANSI/ISEA 105: 2016 CUT Level  A1</li><li>EN 420   Dexterity 5</li><li>EN388:2016 +A1:2018 -  3131X</li></ul>,,,,
A120,Variant,,Perfect for intricate tasks Maximum dexterity Smooth PU coating for increased abrasion resistance Palm dipped to increase dexterity and ventilation 100% breathable seamless liner,https://d11ak7fd9ypfb7.cloudfront.net/styles1100px/A120WHR.jpg,,0.0,TRUE,InStock,0.034,,A120WHRXXXL,,,,Size,DROP_DOWN,XXXL,Color,DROP_DOWN,White,,,,,,,,,,,,,Fit,<p>R</p>,Length,<p>65</p>,Width,<p>45</p>,Height,<p>50</p>,Box Quantity,<p>480</p>,Inner Pack Quantity,<p>12</p>,Country Of Origin,<p>CN</p>,Standards,<ul><li>AS/NZS 2161 .2</li><li>AS/NZS 2161 .3</li><li>ANSI/ISEA 105: 2016 CUT Level  A1</li><li>EN 420   Dexterity 5</li><li>EN388:2016 +A1:2018 -  3131X</li></ul>,,,,
A120,Variant,,Perfect for intricate tasks Maximum dexterity Smooth PU coating for increased abrasion resistance Palm dipped to increase dexterity and ventilation 100% breathable seamless liner,https://d11ak7fd9ypfb7.cloudfront.net/styles1100px/A120Y2R.jpg,,0.0,TRUE,InStock,0.029,,A120Y2RL,,,,Size,DROP_DOWN,L,Color,DROP_DOWN,Yellow,,,,,,,,,,,,,Fit,<p>R</p>,Length,<p>65</p>,Width,<p>45</p>,Height,<p>50</p>,Box Quantity,<p>480</p>,Inner Pack Quantity,<p>12</p>,Country Of Origin,<p>CN</p>,Standards,<ul><li>AS/NZS 2161 .2</li><li>AS/NZS 2161 .3</li><li>ANSI/ISEA 105: 2016 CUT Level  A1</li><li>EN 420   Dexterity 5</li><li>EN388:2016 +A1:2018 -  3131X</li></ul>,,,,
A120,Variant,,Perfect for intricate tasks Maximum dexterity Smooth PU coating for increased abrasion resistance Palm dipped to increase dexterity and ventilation 100% breathable seamless liner,https://d11ak7fd9ypfb7.cloudfront.net/styles1100px/A120Y2R.jpg,,0.0,TRUE,InStock,0.028,,A120Y2RM,,,,Size,DROP_DOWN,M,Color,DROP_DOWN,Yellow,,,,,,,,,,,,,Fit,<p>R</p>,Length,<p>65</p>,Width,<p>45</p>,Height,<p>45</p>,Box Quantity,<p>480</p>,Inner Pack Quantity,<p>12</p>,Country Of Origin,<p>CN</p>,Standards,<ul><li>AS/NZS 2161 .2</li><li>AS/NZS 2161 .3</li><li>ANSI/ISEA 105: 2016 CUT Level  A1</li><li>EN 420   Dexterity 5</li><li>EN388:2016 +A1:2018 -  3131X</li></ul>,,,,
A120,Variant,,Perfect for intricate tasks Maximum dexterity Smooth PU coating for increased abrasion resistance Palm dipped to increase dexterity and ventilation 100% breathable seamless liner,https://d11ak7fd9ypfb7.cloudfront.net/styles1100px/A120Y2R.jpg,,0.0,TRUE,InStock,0.022,,A120Y2RS,,,,Size,DROP_DOWN,S,Color,DROP_DOWN,Yellow,,,,,,,,,,,,,Fit,<p>R</p>,Length,<p>65</p>,Width,<p>45</p>,Height,<p>45</p>,Box Quantity,<p>480</p>,Inner Pack Quantity,<p>12</p>,Country Of Origin,<p>CN</p>,Standards,<ul><li>AS/NZS 2161 .2</li><li>AS/NZS 2161 .3</li><li>ANSI/ISEA 105: 2016 CUT Level  A1</li><li>EN 420   Dexterity 5</li><li>EN388:2016 +A1:2018 -  3131X</li></ul>,,,,
A120,Variant,,Perfect for intricate tasks Maximum dexterity Smooth PU coating for increased abrasion resistance Palm dipped to increase dexterity and ventilation 100% breathable seamless liner,https://d11ak7fd9ypfb7.cloudfront.net/styles1100px/A120Y2R.jpg,,0.0,TRUE,InStock,0.03,,A120Y2RXL,,,,Size,DROP_DOWN,XL,Color,DROP_DOWN,Yellow,,,,,,,,,,,,,Fit,<p>R</p>,Length,<p>65</p>,Width,<p>45</p>,Height,<p>50</p>,Box Quantity,<p>480</p>,Inner Pack Quantity,<p>12</p>,Country Of Origin,<p>CN</p>,Standards,<ul><li>AS/NZS 2161 .2</li><li>AS/NZS 2161 .3</li><li>ANSI/ISEA 105: 2016 CUT Level  A1</li><li>EN 420   Dexterity 5</li><li>EN388:2016 +A1:2018 -  3131X</li></ul>,,,,
A120,Variant,,Perfect for intricate tasks Maximum dexterity Smooth PU coating for increased abrasion resistance Palm dipped to increase dexterity and ventilation 100% breathable seamless liner,https://d11ak7fd9ypfb7.cloudfront.net/styles1100px/A120Y2R.jpg,,0.0,TRUE,InStock,0.033,,A120Y2RXXL,,,,Size,DROP_DOWN,XXL,Color,DROP_DOWN,Yellow,,,,,,,,,,,,,Fit,<p>R</p>,Length,<p>65</p>,Width,<p>45</p>,Height,<p>50</p>,Box Quantity,<p>480</p>,Inner Pack Quantity,<p>12</p>,Country Of Origin,<p>CN</p>,Standards,<ul><li>AS/NZS 2161 .2</li><li>AS/NZS 2161 .3</li><li>ANSI/ISEA 105: 2016 CUT Level  A1</li><li>EN 420   Dexterity 5</li><li>EN388:2016 +A1:2018 -  3131X</li></ul>,,,,
A130,Product,A130 - Criss Cross Glove,For that extra bit of grip. The PVC pattern on the palm and the back of the 7 gauge glove makes it an ideal choice for general handling work duties.,https://d11ak7fd9ypfb7.cloudfront.net/styles1100px/A130ORR.jpg,0.0,0.0,TRUE,InStock,0.08,,A130ORRL,,,,Size,DROP_DOWN,L,Color,DROP_DOWN,Orange,,,,,,,,,,,,,Fit,<p>R</p>,Length,<p>43</p>,Width,<p>28</p>,Height,<p>58</p>,Box Quantity,<p>144</p>,Inner Pack Quantity,<p>12</p>,Country Of Origin,<p>PK</p>,Standards,<ul><li>EN 420</li><li>AS/NZS 2161 .3</li><li>AS/NZS 2161 .2</li><li>EN388:2016 +A1:2018 -  1.1.4.1.X</li></ul>,,,,
A140,Product,A140 - Thermal Grip Glove,Specially designed for use in cold conditions Crinkle latex grip offers excellent grip Palm dipped to increase dexterity and ventilation Warm 10 gauge acrylic liner for cold protection,https://d11ak7fd9ypfb7.cloudfront.net/styles1100px/A140BKR.jpg,3.9,0.0,TRUE,InStock,0.12,HAND PROTECTION;Thermal Gloves,A140BKRL,,,,Size,DROP_DOWN,XS;S;M;L;XL;XXL,Color,DROP_DOWN,Orange/Black;Black,,,,,,,,,,,,,Fit,<p>R</p>,Length,<p>45</p>,Width,<p>30</p>,Height,<p>52</p>,Box Quantity,<p>144</p>,Inner Pack Quantity,<p>12</p>,Country Of Origin,<p>CN</p>,Standards,<ul><li>EN 420</li><li>AS/NZS 2161 .5</li><li>AS/NZS 2161 .2</li><li>AS/NZS 2161 .3</li><li>ANSI/ISEA 105: 2016 CUT Level  A1</li><li>EN 511   X1X</li><li>EN388:2016 +A1:2018 -  1141X</li></ul>,,,,
A140,Variant,,Specially designed for use in cold conditions Crinkle latex grip offers excellent grip Palm dipped to increase dexterity and ventilation Warm 10 gauge acrylic liner for cold protection,https://d11ak7fd9ypfb7.cloudfront.net/styles1100px/A140BKR.jpg,,0.0,TRUE,InStock,0.12,,A140BKRL,,,,Size,DROP_DOWN,L,Color,DROP_DOWN,Black,,,,,,,,,,,,,Fit,<p>R</p>,Length,<p>45</p>,Width,<p>30</p>,Height,<p>52</p>,Box Quantity,<p>144</p>,Inner Pack Quantity,<p>12</p>,Country Of Origin,<p>CN</p>,Standards,<ul><li>EN 420</li><li>AS/NZS 2161 .5</li><li>AS/NZS 2161 .2</li><li>AS/NZS 2161 .3</li><li>ANSI/ISEA 105: 2016 CUT Level  A1</li><li>EN 511   X1X</li><li>EN388:2016 +A1:2018 -  1141X</li></ul>,,,,
A140,Variant,,Specially designed for use in cold conditions Crinkle latex grip offers excellent grip Palm dipped to increase dexterity and ventilation Warm 10 gauge acrylic liner for cold protection,https://d11ak7fd9ypfb7.cloudfront.net/styles1100px/A140BKR.jpg,,0.0,TRUE,InStock,0.1,,A140BKRM,,,,Size,DROP_DOWN,M,Color,DROP_DOWN,Black,,,,,,,,,,,,,Fit,<p>R</p>,Length,<p>45</p>,Width,<p>30</p>,Height,<p>52</p>,Box Quantity,<p>144</p>,Inner Pack Quantity,<p>12</p>,Country Of Origin,<p>CN</p>,Standards,<ul><li>EN 420</li><li>AS/NZS 2161 .5</li><li>AS/NZS 2161 .2</li><li>AS/NZS 2161 .3</li><li>ANSI/ISEA 105: 2016 CUT Level  A1</li><li>EN 511   X1X</li><li>EN388:2016 +A1:2018 -  1141X</li></ul>,,,,
A140,Variant,,Specially designed for use in cold conditions Crinkle latex grip offers excellent grip Palm dipped to increase dexterity and ventilation Warm 10 gauge acrylic liner for cold protection,https://d11ak7fd9ypfb7.cloudfront.net/styles1100px/A140BKR.jpg,,0.0,TRUE,InStock,0.1,,A140BKRS,,,,Size,DROP_DOWN,S,Color,DROP_DOWN,Black,,,,,,,,,,,,,Fit,<p>R</p>,Length,<p>45</p>,Width,<p>30</p>,Height,<p>52</p>,Box Quantity,<p>144</p>,Inner Pack Quantity,<p>12</p>,Country Of Origin,<p>CN</p>,Standards,<ul><li>EN 420</li><li>AS/NZS 2161 .5</li><li>AS/NZS 2161 .2</li><li>AS/NZS 2161 .3</li><li>ANSI/ISEA 105: 2016 CUT Level  A1</li><li>EN 511   X1X</li><li>EN388:2016 +A1:2018 -  1141X</li></ul>,,,,
A140,Variant,,Specially designed for use in cold conditions Crinkle latex grip offers excellent grip Palm dipped to increase dexterity and ventilation Warm 10 gauge acrylic liner for cold protection,https://d11ak7fd9ypfb7.cloudfront.net/styles1100px/A140BKR.jpg,,0.0,TRUE,InStock,0.12,,A140BKRXL,,,,Size,DROP_DOWN,XL,Color,DROP_DOWN,Black,,,,,,,,,,,,,Fit,<p>R</p>,Length,<p>45</p>,Width,<p>30</p>,Height,<p>52</p>,Box Quantity,<p>144</p>,Inner Pack Quantity,<p>12</p>,Country Of Origin,<p>CN</p>,Standards,<ul><li>EN 420</li><li>AS/NZS 2161 .5</li><li>AS/NZS 2161 .2</li><li>AS/NZS 2161 .3</li><li>ANSI/ISEA 105: 2016 CUT Level  A1</li><li>EN 511   X1X</li><li>EN388:2016 +A1:2018 -  1141X</li></ul>,,,,
A140,Variant,,Specially designed for use in cold conditions Crinkle latex grip offers excellent grip Palm dipped to increase dexterity and ventilation Warm 10 gauge acrylic liner for cold protection,https://d11ak7fd9ypfb7.cloudfront.net/styles1100px/A140BKR.jpg,,0.0,TRUE,InStock,0.1,,A140BKRXS,,,,Size,DROP_DOWN,XS,Color,DROP_DOWN,Black,,,,,,,,,,,,,Fit,<p>R</p>,Length,<p>45</p>,Width,<p>30</p>,Height,<p>52</p>,Box Quantity,<p>144</p>,Inner Pack Quantity,<p>12</p>,Country Of Origin,<p>CN</p>,Standards,<ul><li>EN 420</li><li>AS/NZS 2161 .5</li><li>AS/NZS 2161 .2</li><li>AS/NZS 2161 .3</li><li>ANSI/ISEA 105: 2016 CUT Level  A1</li><li>EN 511   X1X</li><li>EN388:2016 +A1:2018 -  1141X</li></ul>,,,,
A140,Variant,,Specially designed for use in cold conditions Crinkle latex grip offers excellent grip Palm dipped to increase dexterity and ventilation Warm 10 gauge acrylic liner for cold protection,https://d11ak7fd9ypfb7.cloudfront.net/styles1100px/A140BKR.jpg,,0.0,TRUE,InStock,0.14,,A140BKRXXL,,,,Size,DROP_DOWN,XXL,Color,DROP_DOWN,Black,,,,,,,,,,,,,Fit,<p>R</p>,Length,<p>45</p>,Width,<p>30</p>,Height,<p>52</p>,Box Quantity,<p>144</p>,Inner Pack Quantity,<p>12</p>,Country Of Origin,<p>CN</p>,Standards,<ul><li>EN 420</li><li>AS/NZS 2161 .5</li><li>AS/NZS 2161 .2</li><li>AS/NZS 2161 .3</li><li>ANSI/ISEA 105: 2016 CUT Level  A1</li><li>EN 511   X1X</li><li>EN388:2016 +A1:2018 -  1141X</li></ul>,,,,
A140,Variant,,Specially designed for use in cold conditions Crinkle latex grip offers excellent grip Palm dipped to increase dexterity and ventilation Warm 10 gauge acrylic liner for cold protection,https://d11ak7fd9ypfb7.cloudfront.net/styles1100px/A140ORB.jpg,,0.0,TRUE,InStock,0.12,,A140ORBL,,,,Size,DROP_DOWN,L,Color,DROP_DOWN,Orange/Black,,,,,,,,,,,,,Fit,<p>B</p>,Length,<p>45</p>,Width,<p>30</p>,Height,<p>52</p>,Box Quantity,<p>144</p>,Inner Pack Quantity,<p>12</p>,Country Of Origin,<p>CN</p>,Standards,<ul><li>EN 420</li><li>AS/NZS 2161 .5</li><li>AS/NZS 2161 .2</li><li>AS/NZS 2161 .3</li><li>ANSI/ISEA 105: 2016 CUT Level  A1</li><li>EN 511   X1X</li><li>EN388:2016 +A1:2018 -  1141X</li></ul>,,,,
A140,Variant,,Specially designed for use in cold conditions Crinkle latex grip offers excellent grip Palm dipped to increase dexterity and ventilation Warm 10 gauge acrylic liner for cold protection,https://d11ak7fd9ypfb7.cloudfront.net/styles1100px/A140ORB.jpg,,0.0,TRUE,InStock,0.1,,A140ORBM,,,,Size,DROP_DOWN,M,Color,DROP_DOWN,Orange/Black,,,,,,,,,,,,,Fit,<p>B</p>,Length,<p>45</p>,Width,<p>30</p>,Height,<p>52</p>,Box Quantity,<p>144</p>,Inner Pack Quantity,<p>12</p>,Country Of Origin,<p>CN</p>,Standards,<ul><li>EN 420</li><li>AS/NZS 2161 .5</li><li>AS/NZS 2161 .2</li><li>AS/NZS 2161 .3</li><li>ANSI/ISEA 105: 2016 CUT Level  A1</li><li>EN 511   X1X</li><li>EN388:2016 +A1:2018 -  1141X</li></ul>,,,,
A140,Variant,,Specially designed for use in cold conditions Crinkle latex grip offers excellent grip Palm dipped to increase dexterity and ventilation Warm 10 gauge acrylic liner for cold protection,https://d11ak7fd9ypfb7.cloudfront.net/styles1100px/A140ORB.jpg,,0.0,TRUE,InStock,0.12,,A140ORBXL,,,,Size,DROP_DOWN,XL,Color,DROP_DOWN,Orange/Black,,,,,,,,,,,,,Fit,<p>B</p>,Length,<p>45</p>,Width,<p>30</p>,Height,<p>52</p>,Box Quantity,<p>144</p>,Inner Pack Quantity,<p>12</p>,Country Of Origin,<p>CN</p>,Standards,<ul><li>EN 420</li><li>AS/NZS 2161 .5</li><li>AS/NZS 2161 .2</li><li>AS/NZS 2161 .3</li><li>ANSI/ISEA 105: 2016 CUT Level  A1</li><li>EN 511   X1X</li><li>EN388:2016 +A1:2018 -  1141X</li></ul>,,,,
A140,Variant,,Specially designed for use in cold conditions Crinkle latex grip offers excellent grip Palm dipped to increase dexterity and ventilation Warm 10 gauge acrylic liner for cold protection,https://d11ak7fd9ypfb7.cloudfront.net/styles1100px/A140ORB.jpg,,0.0,TRUE,InStock,0.14,,A140ORBXXL,,,,Size,DROP_DOWN,XXL,Color,DROP_DOWN,Orange/Black,,,,,,,,,,,,,Fit,<p>B</p>,Length,<p>45</p>,Width,<p>30</p>,Height,<p>52</p>,Box Quantity,<p>144</p>,Inner Pack Quantity,<p>12</p>,Country Of Origin,<p>CN</p>,Standards,<ul><li>EN 420</li><li>AS/NZS 2161 .5</li><li>AS/NZS 2161 .2</li><li>AS/NZS 2161 .3</li><li>ANSI/ISEA 105: 2016 CUT Level  A1</li><li>EN 511   X1X</li><li>EN388:2016 +A1:2018 -  1141X</li></ul>,,,,
A145,Product,A145 - Cold Grip Glove - Latex,Fully dipped thumb for increased coverage Specially designed for use in cold conditions Crinkle latex grip offers excellent grip Palm dipped to increase dexterity and ventilation Warm 7 gauge acrylic liner for extreme cold protection,https://d11ak7fd9ypfb7.cloudfront.net/styles1100px/A145OBL.jpg,4.9,0.0,TRUE,InStock,0.12,HAND PROTECTION;Thermal Gloves,A145OBLL,,,,Size,DROP_DOWN,M;L;XL;XXL,Color,DROP_DOWN,Orange/Blue,,,,,,,,,,,,,Fit,<p>L</p>,Length,<p>45</p>,Width,<p>30</p>,Height,<p>52</p>,Box Quantity,<p>120</p>,Inner Pack Quantity,<p>12</p>,Country Of Origin,<p>CN</p>,Standards,<ul><li>EN 420</li><li>AS/NZS 2161 .2</li><li>AS/NZS 2161 .3</li><li>AS/NZS 2161 .5</li><li>ANSI/ISEA 105: 2016 CUT Level  A2</li><li>EN388:2016 +A1:2018 -  2.2.3.1.X</li><li>EN 511   X.2.X</li></ul>,,,,
A145,Variant,,Fully dipped thumb for increased coverage Specially designed for use in cold conditions Crinkle latex grip offers excellent grip Palm dipped to increase dexterity and ventilation Warm 7 gauge acrylic liner for extreme cold protection,https://d11ak7fd9ypfb7.cloudfront.net/styles1100px/A145OBL.jpg,,0.0,TRUE,InStock,0.12,,A145OBLL,,,,Size,DROP_DOWN,L,Color,DROP_DOWN,Orange/Blue,,,,,,,,,,,,,Fit,<p>L</p>,Length,<p>45</p>,Width,<p>30</p>,Height,<p>52</p>,Box Quantity,<p>120</p>,Inner Pack Quantity,<p>12</p>,Country Of Origin,<p>CN</p>,Standards,<ul><li>EN 420</li><li>AS/NZS 2161 .2</li><li>AS/NZS 2161 .3</li><li>AS/NZS 2161 .5</li><li>ANSI/ISEA 105: 2016 CUT Level  A2</li><li>EN388:2016 +A1:2018 -  2.2.3.1.X</li><li>EN 511   X.2.X</li></ul>,,,,
A145,Variant,,Fully dipped thumb for increased coverage Specially designed for use in cold conditions Crinkle latex grip offers excellent grip Palm dipped to increase dexterity and ventilation Warm 7 gauge acrylic liner for extreme cold protection,https://d11ak7fd9ypfb7.cloudfront.net/styles1100px/A145OBL.jpg,,0.0,TRUE,InStock,0.12,,A145OBLM,,,,Size,DROP_DOWN,M,Color,DROP_DOWN,Orange/Blue,,,,,,,,,,,,,Fit,<p>L</p>,Length,<p>45</p>,Width,<p>30</p>,Height,<p>52</p>,Box Quantity,<p>120</p>,Inner Pack Quantity,<p>12</p>,Country Of Origin,<p>CN</p>,Standards,<ul><li>EN 420</li><li>AS/NZS 2161 .2</li><li>AS/NZS 2161 .3</li><li>AS/NZS 2161 .5</li><li>ANSI/ISEA 105: 2016 CUT Level  A2</li><li>EN388:2016 +A1:2018 -  2.2.3.1.X</li><li>EN 511   X.2.X</li></ul>,,,,
A145,Variant,,Fully dipped thumb for increased coverage Specially designed for use in cold conditions Crinkle latex grip offers excellent grip Palm dipped to increase dexterity and ventilation Warm 7 gauge acrylic liner for extreme cold protection,https://d11ak7fd9ypfb7.cloudfront.net/styles1100px/A145OBL.jpg,,0.0,TRUE,InStock,0.12,,A145OBLXL,,,,Size,DROP_DOWN,XL,Color,DROP_DOWN,Orange/Blue,,,,,,,,,,,,,Fit,<p>L</p>,Length,<p>45</p>,Width,<p>30</p>,Height,<p>52</p>,Box Quantity,<p>120</p>,Inner Pack Quantity,<p>12</p>,Country Of Origin,<p>CN</p>,Standards,<ul><li>EN 420</li><li>AS/NZS 2161 .2</li><li>AS/NZS 2161 .3</li><li>AS/NZS 2161 .5</li><li>ANSI/ISEA 105: 2016 CUT Level  A2</li><li>EN388:2016 +A1:2018 -  2.2.3.1.X</li><li>EN 511   X.2.X</li></ul>,,,,
A145,Variant,,Fully dipped thumb for increased coverage Specially designed for use in cold conditions Crinkle latex grip offers excellent grip Palm dipped to increase dexterity and ventilation Warm 7 gauge acrylic liner for extreme cold protection,https://d11ak7fd9ypfb7.cloudfront.net/styles1100px/A145OBL.jpg,,0.0,TRUE,InStock,0.14,,A145OBLXXL,,,,Size,DROP_DOWN,XXL,Color,DROP_DOWN,Orange/Blue,,,,,,,,,,,,,Fit,<p>L</p>,Length,<p>45</p>,Width,<p>30</p>,Height,<p>52</p>,Box Quantity,<p>120</p>,Inner Pack Quantity,<p>12</p>,Country Of Origin,<p>CN</p>,Standards,<ul><li>EN 420</li><li>AS/NZS 2161 .2</li><li>AS/NZS 2161 .3</li><li>AS/NZS 2161 .5</li><li>ANSI/ISEA 105: 2016 CUT Level  A2</li><li>EN388:2016 +A1:2018 -  2.2.3.1.X</li><li>EN 511   X.2.X</li></ul>,,,,
A146,Product,A146 - Arctic Winter Glove - Nitrile Sandy,Specially designed for use in cold conditions Twin liner traps in heat through increased insulation Flexible sandy nitrile coating offers great grip in wet and dry conditions 3/4 dipped for increased protection 100% breathable seamless liner,https://d11ak7fd9ypfb7.cloudfront.net/styles1100px/A146BKR.jpg,7.2,0.0,TRUE,InStock,0.12,HAND PROTECTION;Thermal Gloves,A146BKRL,,,,Size,DROP_DOWN,M;L;XL;XXL,Color,DROP_DOWN,Yellow;Black,,,,,,,,,,,,,Fit,<p>R</p>,Length,<p>60</p>,Width,<p>43</p>,Height,<p>40</p>,Box Quantity,<p>144</p>,Inner Pack Quantity,<p>12</p>,Country Of Origin,<p>CN</p>,Standards,<ul><li>EN 420</li><li>AS/NZS 2161 .2</li><li>AS/NZS 2161 .3</li><li>AS/NZS 2161 .5</li><li>ANSI/ISEA 105: 2016 CUT Level  A2</li><li>EN388:2016 +A1:2018 -  4242X</li><li>EN 407   X2XXXX</li><li>EN 511   X2X</li></ul>,,,,
A146,Variant,,Specially designed for use in cold conditions Twin liner traps in heat through increased insulation Flexible sandy nitrile coating offers great grip in wet and dry conditions 3/4 dipped for increased protection 100% breathable seamless liner,https://d11ak7fd9ypfb7.cloudfront.net/styles1100px/A146BKR.jpg,,0.0,TRUE,InStock,0.12,,A146BKRL,,,,Size,DROP_DOWN,L,Color,DROP_DOWN,Black,,,,,,,,,,,,,Fit,<p>R</p>,Length,<p>60</p>,Width,<p>43</p>,Height,<p>40</p>,Box Quantity,<p>144</p>,Inner Pack Quantity,<p>12</p>,Country Of Origin,<p>CN</p>,Standards,<ul><li>EN 420</li><li>AS/NZS 2161 .2</li><li>AS/NZS 2161 .3</li><li>AS/NZS 2161 .5</li><li>ANSI/ISEA 105: 2016 CUT Level  A2</li><li>EN388:2016 +A1:2018 -  4242X</li><li>EN 407   X2XXXX</li><li>EN 511   X2X</li></ul>,,,,
A146,Variant,,Specially designed for use in cold conditions Twin liner traps in heat through increased insulation Flexible sandy nitrile coating offers great grip in wet and dry conditions 3/4 dipped for increased protection 100% breathable seamless liner,https://d11ak7fd9ypfb7.cloudfront.net/styles1100px/A146BKR.jpg,,0.0,TRUE,InStock,0.12,,A146BKRXL,,,,Size,DROP_DOWN,XL,Color,DROP_DOWN,Black,,,,,,,,,,,,,Fit,<p>R</p>,Length,<p>60</p>,Width,<p>43</p>,Height,<p>40</p>,Box Quantity,<p>144</p>,Inner Pack Quantity,<p>12</p>,Country Of Origin,<p>CN</p>,Standards,<ul><li>EN 420</li><li>AS/NZS 2161 .2</li><li>AS/NZS 2161 .3</li><li>AS/NZS 2161 .5</li><li>ANSI/ISEA 105: 2016 CUT Level  A2</li><li>EN388:2016 +A1:2018 -  4242X</li><li>EN 407   X2XXXX</li><li>EN 511   X2X</li></ul>,,,,
A146,Variant,,Specially designed for use in cold conditions Twin liner traps in heat through increased insulation Flexible sandy nitrile coating offers great grip in wet and dry conditions 3/4 dipped for increased protection 100% breathable seamless liner,https://d11ak7fd9ypfb7.cloudfront.net/styles1100px/A146BKR.jpg,,0.0,TRUE,InStock,0.14,,A146BKRXXL,,,,Size,DROP_DOWN,XXL,Color,DROP_DOWN,Black,,,,,,,,,,,,,Fit,<p>R</p>,Length,<p>60</p>,Width,<p>43</p>,Height,<p>40</p>,Box Quantity,<p>144</p>,Inner Pack Quantity,<p>12</p>,Country Of Origin,<p>CN</p>,Standards,<ul><li>EN 420</li><li>AS/NZS 2161 .2</li><li>AS/NZS 2161 .3</li><li>AS/NZS 2161 .5</li><li>ANSI/ISEA 105: 2016 CUT Level  A2</li><li>EN388:2016 +A1:2018 -  4242X</li><li>EN 407   X2XXXX</li><li>EN 511   X2X</li></ul>,,,,
A146,Variant,,Specially designed for use in cold conditions Twin liner traps in heat through increased insulation Flexible sandy nitrile coating offers great grip in wet and dry conditions 3/4 dipped for increased protection 100% breathable seamless liner,https://d11ak7fd9ypfb7.cloudfront.net/styles1100px/A146YER.jpg,,0.0,TRUE,InStock,0.12,,A146YERL,,,,Size,DROP_DOWN,L,Color,DROP_DOWN,Yellow,,,,,,,,,,,,,Fit,<p>R</p>,Length,<p>60</p>,Width,<p>43</p>,Height,<p>40</p>,Box Quantity,<p>144</p>,Inner Pack Quantity,<p>12</p>,Country Of Origin,<p>CN</p>,Standards,<ul><li>EN 420</li><li>AS/NZS 2161 .2</li><li>AS/NZS 2161 .3</li><li>AS/NZS 2161 .5</li><li>ANSI/ISEA 105: 2016 CUT Level  A2</li><li>EN388:2016 +A1:2018 -  4242X</li><li>EN 407   X2XXXX</li><li>EN 511   X2X</li></ul>,,,,
A146,Variant,,Specially designed for use in cold conditions Twin liner traps in heat through increased insulation Flexible sandy nitrile coating offers great grip in wet and dry conditions 3/4 dipped for increased protection 100% breathable seamless liner,https://d11ak7fd9ypfb7.cloudfront.net/styles1100px/A146YER.jpg,,0.0,TRUE,InStock,0.1,,A146YERM,,,,Size,DROP_DOWN,M,Color,DROP_DOWN,Yellow,,,,,,,,,,,,,Fit,<p>R</p>,Length,<p>60</p>,Width,<p>43</p>,Height,<p>40</p>,Box Quantity,<p>144</p>,Inner Pack Quantity,<p>12</p>,Country Of Origin,<p>CN</p>,Standards,<ul><li>EN 420</li><li>AS/NZS 2161 .2</li><li>AS/NZS 2161 .3</li><li>AS/NZS 2161 .5</li><li>ANSI/ISEA 105: 2016 CUT Level  A2</li><li>EN388:2016 +A1:2018 -  4242X</li><li>EN 407   X2XXXX</li><li>EN 511   X2X</li></ul>,,,,
A146,Variant,,Specially designed for use in cold conditions Twin liner traps in heat through increased insulation Flexible sandy nitrile coating offers great grip in wet and dry conditions 3/4 dipped for increased protection 100% breathable seamless liner,https://d11ak7fd9ypfb7.cloudfront.net/styles1100px/A146YER.jpg,,0.0,TRUE,InStock,0.12,,A146YERXL,,,,Size,DROP_DOWN,XL,Color,DROP_DOWN,Yellow,,,,,,,,,,,,,Fit,<p>R</p>,Length,<p>60</p>,Width,<p>43</p>,Height,<p>40</p>,Box Quantity,<p>144</p>,Inner Pack Quantity,<p>12</p>,Country Of Origin,<p>CN</p>,Standards,<ul><li>EN 420</li><li>AS/NZS 2161 .2</li><li>AS/NZS 2161 .3</li><li>AS/NZS 2161 .5</li><li>ANSI/ISEA 105: 2016 CUT Level  A2</li><li>EN388:2016 +A1:2018 -  4242X</li><li>EN 407   X2XXXX</li><li>EN 511   X2X</li></ul>,,,,
A146,Variant,,Specially designed for use in cold conditions Twin liner traps in heat through increased insulation Flexible sandy nitrile coating offers great grip in wet and dry conditions 3/4 dipped for increased protection 100% breathable seamless liner,https://d11ak7fd9ypfb7.cloudfront.net/styles1100px/A146YER.jpg,,0.0,TRUE,InStock,0.14,,A146YERXXL,,,,Size,DROP_DOWN,XXL,Color,DROP_DOWN,Yellow,,,,,,,,,,,,,Fit,<p>R</p>,Length,<p>60</p>,Width,<p>43</p>,Height,<p>40</p>,Box Quantity,<p>144</p>,Inner Pack Quantity,<p>12</p>,Country Of Origin,<p>CN</p>,Standards,<ul><li>EN 420</li><li>AS/NZS 2161 .2</li><li>AS/NZS 2161 .3</li><li>AS/NZS 2161 .5</li><li>ANSI/ISEA 105: 2016 CUT Level  A2</li><li>EN388:2016 +A1:2018 -  4242X</li><li>EN 407   X2XXXX</li><li>EN 511   X2X</li></ul>,,,,
A150,Product,A150 - Classic Grip Glove - Latex,Very competitive price Environmentally friendly recycled yarns Crinkle latex grip offers excellent grip Palm dipped to increase dexterity and ventilation 100% breathable seamless liner,https://d11ak7fd9ypfb7.cloudfront.net/styles1100px/A150ORR.jpg,1.7,0.0,TRUE,InStock,0.08,,A150ORRL,,,,Size,DROP_DOWN,S;M;L;XL;XXL,Color,DROP_DOWN,Orange,,,,,,,,,,,,,Fit,<p>R</p>,Length,<p>60</p>,Width,<p>25</p>,Height,<p>52</p>,Box Quantity,<p>216</p>,Inner Pack Quantity,<p>12</p>,Country Of Origin,<p>CN</p>,Standards,<ul><li>EN 420</li><li>AS/NZS 2161 .2</li><li>AS/NZS 2161 .3</li><li>ANSI/ISEA 105: 2016 CUT Level  A1</li><li>EN388:2016 +A1:2018 -  2121X</li></ul>,,,,
A150,Variant,,Very competitive price Environmentally friendly recycled yarns Crinkle latex grip offers excellent grip Palm dipped to increase dexterity and ventilation 100% breathable seamless liner,https://d11ak7fd9ypfb7.cloudfront.net/styles1100px/A150ORR.jpg,,0.0,TRUE,InStock,0.08,,A150ORRL,,,,Size,DROP_DOWN,L,Color,DROP_DOWN,Orange,,,,,,,,,,,,,Fit,<p>R</p>,Length,<p>60</p>,Width,<p>25</p>,Height,<p>52</p>,Box Quantity,<p>216</p>,Inner Pack Quantity,<p>12</p>,Country Of Origin,<p>CN</p>,Standards,<ul><li>EN 420</li><li>AS/NZS 2161 .2</li><li>AS/NZS 2161 .3</li><li>ANSI/ISEA 105: 2016 CUT Level  A1</li><li>EN388:2016 +A1:2018 -  2121X</li></ul>,,,,
A150,Variant,,Very competitive price Environmentally friendly recycled yarns Crinkle latex grip offers excellent grip Palm dipped to increase dexterity and ventilation 100% breathable seamless liner,https://d11ak7fd9ypfb7.cloudfront.net/styles1100px/A150ORR.jpg,,0.0,TRUE,InStock,0.079,,A150ORRM,,,,Size,DROP_DOWN,M,Color,DROP_DOWN,Orange,,,,,,,,,,,,,Fit,<p>R</p>,Length,<p>60</p>,Width,<p>25</p>,Height,<p>52</p>,Box Quantity,<p>216</p>,Inner Pack Quantity,<p>12</p>,Country Of Origin,<p>CN</p>,Standards,<ul><li>EN 420</li><li>AS/NZS 2161 .2</li><li>AS/NZS 2161 .3</li><li>ANSI/ISEA 105: 2016 CUT Level  A1</li><li>EN388:2016 +A1:2018 -  2121X</li></ul>,,,,
A150,Variant,,Very competitive price Environmentally friendly recycled yarns Crinkle latex grip offers excellent grip Palm dipped to increase dexterity and ventilation 100% breathable seamless liner,https://d11ak7fd9ypfb7.cloudfront.net/styles1100px/A150ORR.jpg,,0.0,TRUE,InStock,0.08,,A150ORRS,,,,Size,DROP_DOWN,S,Color,DROP_DOWN,Orange,,,,,,,,,,,,,Fit,<p>R</p>,Length,<p>60</p>,Width,<p>25</p>,Height,<p>52</p>,Box Quantity,<p>216</p>,Inner Pack Quantity,<p>12</p>,Country Of Origin,<p>CN</p>,Standards,<ul><li>EN 420</li><li>AS/NZS 2161 .2</li><li>AS/NZS 2161 .3</li><li>ANSI/ISEA 105: 2016 CUT Level  A1</li><li>EN388:2016 +A1:2018 -  2121X</li></ul>,,,,
A150,Variant,,Very competitive price Environmentally friendly recycled yarns Crinkle latex grip offers excellent grip Palm dipped to increase dexterity and ventilation 100% breathable seamless liner,https://d11ak7fd9ypfb7.cloudfront.net/styles1100px/A150ORR.jpg,,0.0,TRUE,InStock,0.1,,A150ORRXL,,,,Size,DROP_DOWN,XL,Color,DROP_DOWN,Orange,,,,,,,,,,,,,Fit,<p>R</p>,Length,<p>60</p>,Width,<p>25</p>,Height,<p>52</p>,Box Quantity,<p>216</p>,Inner Pack Quantity,<p>12</p>,Country Of Origin,<p>CN</p>,Standards,<ul><li>EN 420</li><li>AS/NZS 2161 .2</li><li>AS/NZS 2161 .3</li><li>ANSI/ISEA 105: 2016 CUT Level  A1</li><li>EN388:2016 +A1:2018 -  2121X</li></ul>,,,,
A150,Variant,,Very competitive price Environmentally friendly recycled yarns Crinkle latex grip offers excellent grip Palm dipped to increase dexterity and ventilation 100% breathable seamless liner,https://d11ak7fd9ypfb7.cloudfront.net/styles1100px/A150ORR.jpg,,0.0,TRUE,InStock,0.1,,A150ORRXXL,,,,Size,DROP_DOWN,XXL,Color,DROP_DOWN,Orange,,,,,,,,,,,,,Fit,<p>R</p>,Length,<p>60</p>,Width,<p>25</p>,Height,<p>52</p>,Box Quantity,<p>216</p>,Inner Pack Quantity,<p>12</p>,Country Of Origin,<p>CN</p>,Standards,<ul><li>EN 420</li><li>AS/NZS 2161 .2</li><li>AS/NZS 2161 .3</li><li>ANSI/ISEA 105: 2016 CUT Level  A1</li><li>EN388:2016 +A1:2018 -  2121X</li></ul>,,,,
A195,Product,A195 - Touchscreen - PU,"Designed specifically for touchscreen devices Perfect for intricate tasks For use in electronics assembly, testing and precision work Seamless 13 gauge liner 100% breathable seamless liner",https://d11ak7fd9ypfb7.cloudfront.net/styles1100px/A195K8R.jpg,0.0,0.0,TRUE,InStock,0.999,,A195K8RL,,,,Size,DROP_DOWN,XS;S;M;L;XL;XXL,Color,DROP_DOWN,Purple/Black;Black,,,,,,,,,,,,,Fit,<p>R</p>,Length,<p>55</p>,Width,<p>36</p>,Height,<p>50</p>,Box Quantity,<p>360</p>,Inner Pack Quantity,<p>12</p>,Country Of Origin,<p>CN</p>,Standards,<ul><li>EN 420</li><li>ANSI/ISEA 105: 2016 CUT Level  A1</li><li>EN388:2016 +A1:2018 -  2121X</li><li>AS/NZS 2161 .2</li><li>AS/NZS 2161 .3</li></ul>,,,,
A195,Variant,,"Designed specifically for touchscreen devices Perfect for intricate tasks For use in electronics assembly, testing and precision work Seamless 13 gauge liner 100% breathable seamless liner",https://d11ak7fd9ypfb7.cloudfront.net/styles1100px/A195K8R.jpg,,0.0,TRUE,InStock,0.999,,A195K8RL,,,,Size,DROP_DOWN,L,Color,DROP_DOWN,Black,,,,,,,,,,,,,Fit,<p>R</p>,Length,<p>55</p>,Width,<p>36</p>,Height,<p>50</p>,Box Quantity,<p>360</p>,Inner Pack Quantity,<p>12</p>,Country Of Origin,<p>CN</p>,Standards,<ul><li>EN 420</li><li>ANSI/ISEA 105: 2016 CUT Level  A1</li><li>EN388:2016 +A1:2018 -  2121X</li><li>AS/NZS 2161 .2</li><li>AS/NZS 2161 .3</li></ul>,,,,
A195,Variant,,"Designed specifically for touchscreen devices Perfect for intricate tasks For use in electronics assembly, testing and precision work Seamless 13 gauge liner 100% breathable seamless liner",https://d11ak7fd9ypfb7.cloudfront.net/styles1100px/A195K8R.jpg,,0.0,TRUE,InStock,0.999,,A195K8RM,,,,Size,DROP_DOWN,M,Color,DROP_DOWN,Black,,,,,,,,,,,,,Fit,<p>R</p>,Length,<p>55</p>,Width,<p>36</p>,Height,<p>50</p>,Box Quantity,<p>360</p>,Inner Pack Quantity,<p>12</p>,Country Of Origin,<p>CN</p>,Standards,<ul><li>EN 420</li><li>ANSI/ISEA 105: 2016 CUT Level  A1</li><li>EN388:2016 +A1:2018 -  2121X</li><li>AS/NZS 2161 .2</li><li>AS/NZS 2161 .3</li></ul>,,,,
A195,Variant,,"Designed specifically for touchscreen devices Perfect for intricate tasks For use in electronics assembly, testing and precision work Seamless 13 gauge liner 100% breathable seamless liner",https://d11ak7fd9ypfb7.cloudfront.net/styles1100px/A195K8R.jpg,,0.0,TRUE,InStock,0.999,,A195K8RS,,,,Size,DROP_DOWN,S,Color,DROP_DOWN,Black,,,,,,,,,,,,,Fit,<p>R</p>,Length,<p>55</p>,Width,<p>36</p>,Height,<p>50</p>,Box Quantity,<p>360</p>,Inner Pack Quantity,<p>12</p>,Country Of Origin,<p>CN</p>,Standards,<ul><li>EN 420</li><li>ANSI/ISEA 105: 2016 CUT Level  A1</li><li>EN388:2016 +A1:2018 -  2121X</li><li>AS/NZS 2161 .2</li><li>AS/NZS 2161 .3</li></ul>,,,,
A195,Variant,,"Designed specifically for touchscreen devices Perfect for intricate tasks For use in electronics assembly, testing and precision work Seamless 13 gauge liner 100% breathable seamless liner",https://d11ak7fd9ypfb7.cloudfront.net/styles1100px/A195K8R.jpg,,0.0,TRUE,InStock,0.999,,A195K8RXL,,,,Size,DROP_DOWN,XL,Color,DROP_DOWN,Black,,,,,,,,,,,,,Fit,<p>R</p>,Length,<p>55</p>,Width,<p>36</p>,Height,<p>50</p>,Box Quantity,<p>360</p>,Inner Pack Quantity,<p>12</p>,Country Of Origin,<p>CN</p>,Standards,<ul><li>EN 420</li><li>ANSI/ISEA 105: 2016 CUT Level  A1</li><li>EN388:2016 +A1:2018 -  2121X</li><li>AS/NZS 2161 .2</li><li>AS/NZS 2161 .3</li></ul>,,,,
A195,Variant,,"Designed specifically for touchscreen devices Perfect for intricate tasks For use in electronics assembly, testing and precision work Seamless 13 gauge liner 100% breathable seamless liner",https://d11ak7fd9ypfb7.cloudfront.net/styles1100px/A195K8R.jpg,,0.0,TRUE,InStock,0.999,,A195K8RXS,,,,Size,DROP_DOWN,XS,Color,DROP_DOWN,Black,,,,,,,,,,,,,Fit,<p>R</p>,Length,<p>55</p>,Width,<p>36</p>,Height,<p>50</p>,Box Quantity,<p>360</p>,Inner Pack Quantity,<p>12</p>,Country Of Origin,<p>CN</p>,Standards,<ul><li>EN 420</li><li>ANSI/ISEA 105: 2016 CUT Level  A1</li><li>EN388:2016 +A1:2018 -  2121X</li><li>AS/NZS 2161 .2</li><li>AS/NZS 2161 .3</li></ul>,,,,
A195,Variant,,"Designed specifically for touchscreen devices Perfect for intricate tasks For use in electronics assembly, testing and precision work Seamless 13 gauge liner 100% breathable seamless liner",https://d11ak7fd9ypfb7.cloudfront.net/styles1100px/A195K8R.jpg,,0.0,TRUE,InStock,0.999,,A195K8RXXL,,,,Size,DROP_DOWN,XXL,Color,DROP_DOWN,Black,,,,,,,,,,,,,Fit,<p>R</p>,Length,<p>55</p>,Width,<p>36</p>,Height,<p>50</p>,Box Quantity,<p>360</p>,Inner Pack Quantity,<p>12</p>,Country Of Origin,<p>CN</p>,Standards,<ul><li>EN 420</li><li>ANSI/ISEA 105: 2016 CUT Level  A1</li><li>EN388:2016 +A1:2018 -  2121X</li><li>AS/NZS 2161 .2</li><li>AS/NZS 2161 .3</li></ul>,,,,
A195,Variant,,"Designed specifically for touchscreen devices Perfect for intricate tasks For use in electronics assembly, testing and precision work Seamless 13 gauge liner 100% breathable seamless liner",https://d11ak7fd9ypfb7.cloudfront.net/styles1100px/A195U8R.jpg,,0.0,TRUE,InStock,0.02,,A195U8RL,,,,Size,DROP_DOWN,L,Color,DROP_DOWN,Purple/Black,,,,,,,,,,,,,Fit,<p>R</p>,Length,<p>55</p>,Width,<p>36</p>,Height,<p>50</p>,Box Quantity,<p>360</p>,Inner Pack Quantity,<p>12</p>,Country Of Origin,<p>CN</p>,Standards,<ul><li>EN 420</li><li>ANSI/ISEA 105: 2016 CUT Level  A1</li><li>EN388:2016 +A1:2018 -  2121X</li><li>AS/NZS 2161 .2</li><li>AS/NZS 2161 .3</li></ul>,,,,
A195,Variant,,"Designed specifically for touchscreen devices Perfect for intricate tasks For use in electronics assembly, testing and precision work Seamless 13 gauge liner 100% breathable seamless liner",https://d11ak7fd9ypfb7.cloudfront.net/styles1100px/A195U8R.jpg,,0.0,TRUE,InStock,0.02,,A195U8RM,,,,Size,DROP_DOWN,M,Color,DROP_DOWN,Purple/Black,,,,,,,,,,,,,Fit,<p>R</p>,Length,<p>55</p>,Width,<p>36</p>,Height,<p>50</p>,Box Quantity,<p>360</p>,Inner Pack Quantity,<p>12</p>,Country Of Origin,<p>CN</p>,Standards,<ul><li>EN 420</li><li>ANSI/ISEA 105: 2016 CUT Level  A1</li><li>EN388:2016 +A1:2018 -  2121X</li><li>AS/NZS 2161 .2</li><li>AS/NZS 2161 .3</li></ul>,,,,
A195,Variant,,"Designed specifically for touchscreen devices Perfect for intricate tasks For use in electronics assembly, testing and precision work Seamless 13 gauge liner 100% breathable seamless liner",https://d11ak7fd9ypfb7.cloudfront.net/styles1100px/A195U8R.jpg,,0.0,TRUE,InStock,0.02,,A195U8RS,,,,Size,DROP_DOWN,S,Color,DROP_DOWN,Purple/Black,,,,,,,,,,,,,Fit,<p>R</p>,Length,<p>55</p>,Width,<p>36</p>,Height,<p>50</p>,Box Quantity,<p>360</p>,Inner Pack Quantity,<p>12</p>,Country Of Origin,<p>CN</p>,Standards,<ul><li>EN 420</li><li>ANSI/ISEA 105: 2016 CUT Level  A1</li><li>EN388:2016 +A1:2018 -  2121X</li><li>AS/NZS 2161 .2</li><li>AS/NZS 2161 .3</li></ul>,,,,
A195,Variant,,"Designed specifically for touchscreen devices Perfect for intricate tasks For use in electronics assembly, testing and precision work Seamless 13 gauge liner 100% breathable seamless liner",https://d11ak7fd9ypfb7.cloudfront.net/styles1100px/A195U8R.jpg,,0.0,TRUE,InStock,0.02,,A195U8RXL,,,,Size,DROP_DOWN,XL,Color,DROP_DOWN,Purple/Black,,,,,,,,,,,,,Fit,<p>R</p>,Length,<p>55</p>,Width,<p>36</p>,Height,<p>50</p>,Box Quantity,<p>360</p>,Inner Pack Quantity,<p>12</p>,Country Of Origin,<p>CN</p>,Standards,<ul><li>EN 420</li><li>ANSI/ISEA 105: 2016 CUT Level  A1</li><li>EN388:2016 +A1:2018 -  2121X</li><li>AS/NZS 2161 .2</li><li>AS/NZS 2161 .3</li></ul>,,,,
A195,Variant,,"Designed specifically for touchscreen devices Perfect for intricate tasks For use in electronics assembly, testing and precision work Seamless 13 gauge liner 100% breathable seamless liner",https://d11ak7fd9ypfb7.cloudfront.net/styles1100px/A195U8R.jpg,,0.0,TRUE,InStock,0.02,,A195U8RXS,,,,Size,DROP_DOWN,XS,Color,DROP_DOWN,Purple/Black,,,,,,,,,,,,,Fit,<p>R</p>,Length,<p>55</p>,Width,<p>36</p>,Height,<p>50</p>,Box Quantity,<p>360</p>,Inner Pack Quantity,<p>12</p>,Country Of Origin,<p>CN</p>,Standards,<ul><li>EN 420</li><li>ANSI/ISEA 105: 2016 CUT Level  A1</li><li>EN388:2016 +A1:2018 -  2121X</li><li>AS/NZS 2161 .2</li><li>AS/NZS 2161 .3</li></ul>,,,,
A195,Variant,,"Designed specifically for touchscreen devices Perfect for intricate tasks For use in electronics assembly, testing and precision work Seamless 13 gauge liner 100% breathable seamless liner",https://d11ak7fd9ypfb7.cloudfront.net/styles1100px/A195U8R.jpg,,0.0,TRUE,InStock,0.02,,A195U8RXXL,,,,Size,DROP_DOWN,XXL,Color,DROP_DOWN,Purple/Black,,,,,,,,,,,,,Fit,<p>R</p>,Length,<p>55</p>,Width,<p>36</p>,Height,<p>50</p>,Box Quantity,<p>360</p>,Inner Pack Quantity,<p>12</p>,Country Of Origin,<p>CN</p>,Standards,<ul><li>EN 420</li><li>ANSI/ISEA 105: 2016 CUT Level  A1</li><li>EN388:2016 +A1:2018 -  2121X</li><li>AS/NZS 2161 .2</li><li>AS/NZS 2161 .3</li></ul>,,,,
A198,Product,A198 - Antistatic PU Fingertip Glove,"Disperses static electricity For use in electronics assembly, testing and precision work Smooth PU coating for increased abrasion resistance Fingertip dipped for precision handling and maximum ventilation 13 gauge pylon and carbon fiber shell",https://d11ak7fd9ypfb7.cloudfront.net/styles1100px/A198GRR.jpg,1.5,0.0,TRUE,InStock,0.024,HAND PROTECTION;ESD Gloves,A198GRRL,,,,Size,DROP_DOWN,XXS;XS;S;M;L;XL;XXL,Color,DROP_DOWN,Grey,,,,,,,,,,,,,Fit,<p>R</p>,Length,<p>65</p>,Width,<p>45</p>,Height,<p>44</p>,Box Quantity,<p>480</p>,Inner Pack Quantity,<p>12</p>,Country Of Origin,<p>CN</p>,Standards,<ul><li>EN 420</li><li>AS/NZS 2161 .2</li><li>AS/NZS 2161 .3</li><li>EN388:2016 +A1:2018 -  1.1.4.X.X</li><li>ANSI/ISEA 105: 2016 CUT Level  A1</li><li>EN 16350:2014 Pass Level R < 1.0 x 108 Ω -</li><li>IEC 61340-5-1 PASS</li></ul>,,,,
A198,Variant,,"Disperses static electricity For use in electronics assembly, testing and precision work Smooth PU coating for increased abrasion resistance Fingertip dipped for precision handling and maximum ventilation 13 gauge pylon and carbon fiber shell",https://d11ak7fd9ypfb7.cloudfront.net/styles1100px/A198GRR.jpg,,0.0,TRUE,InStock,0.024,,A198GRRL,,,,Size,DROP_DOWN,L,Color,DROP_DOWN,Grey,,,,,,,,,,,,,Fit,<p>R</p>,Length,<p>65</p>,Width,<p>45</p>,Height,<p>44</p>,Box Quantity,<p>480</p>,Inner Pack Quantity,<p>12</p>,Country Of Origin,<p>CN</p>,Standards,<ul><li>EN 420</li><li>AS/NZS 2161 .2</li><li>AS/NZS 2161 .3</li><li>EN388:2016 +A1:2018 -  1.1.4.X.X</li><li>ANSI/ISEA 105: 2016 CUT Level  A1</li><li>EN 16350:2014 Pass Level R < 1.0 x 108 Ω -</li><li>IEC 61340-5-1 PASS</li></ul>,,,,
A198,Variant,,"Disperses static electricity For use in electronics assembly, testing and precision work Smooth PU coating for increased abrasion resistance Fingertip dipped for precision handling and maximum ventilation 13 gauge pylon and carbon fiber shell",https://d11ak7fd9ypfb7.cloudfront.net/styles1100px/A198GRR.jpg,,0.0,TRUE,InStock,0.022,,A198GRRM,,,,Size,DROP_DOWN,M,Color,DROP_DOWN,Grey,,,,,,,,,,,,,Fit,<p>R</p>,Length,<p>65</p>,Width,<p>45</p>,Height,<p>44</p>,Box Quantity,<p>480</p>,Inner Pack Quantity,<p>12</p>,Country Of Origin,<p>CN</p>,Standards,<ul><li>EN 420</li><li>AS/NZS 2161 .2</li><li>AS/NZS 2161 .3</li><li>EN388:2016 +A1:2018 -  1.1.4.X.X</li><li>ANSI/ISEA 105: 2016 CUT Level  A1</li><li>EN 16350:2014 Pass Level R < 1.0 x 108 Ω -</li><li>IEC 61340-5-1 PASS</li></ul>,,,,
A198,Variant,,"Disperses static electricity For use in electronics assembly, testing and precision work Smooth PU coating for increased abrasion resistance Fingertip dipped for precision handling and maximum ventilation 13 gauge pylon and carbon fiber shell",https://d11ak7fd9ypfb7.cloudfront.net/styles1100px/A198GRR.jpg,,0.0,TRUE,InStock,0.02,,A198GRRS,,,,Size,DROP_DOWN,S,Color,DROP_DOWN,Grey,,,,,,,,,,,,,Fit,<p>R</p>,Length,<p>65</p>,Width,<p>45</p>,Height,<p>44</p>,Box Quantity,<p>480</p>,Inner Pack Quantity,<p>12</p>,Country Of Origin,<p>CN</p>,Standards,<ul><li>EN 420</li><li>AS/NZS 2161 .2</li><li>AS/NZS 2161 .3</li><li>EN388:2016 +A1:2018 -  1.1.4.X.X</li><li>ANSI/ISEA 105: 2016 CUT Level  A1</li><li>EN 16350:2014 Pass Level R < 1.0 x 108 Ω -</li><li>IEC 61340-5-1 PASS</li></ul>,,,,
A198,Variant,,"Disperses static electricity For use in electronics assembly, testing and precision work Smooth PU coating for increased abrasion resistance Fingertip dipped for precision handling and maximum ventilation 13 gauge pylon and carbon fiber shell",https://d11ak7fd9ypfb7.cloudfront.net/styles1100px/A198GRR.jpg,,0.0,TRUE,InStock,0.025,,A198GRRXL,,,,Size,DROP_DOWN,XL,Color,DROP_DOWN,Grey,,,,,,,,,,,,,Fit,<p>R</p>,Length,<p>65</p>,Width,<p>45</p>,Height,<p>44</p>,Box Quantity,<p>480</p>,Inner Pack Quantity,<p>12</p>,Country Of Origin,<p>CN</p>,Standards,<ul><li>EN 420</li><li>AS/NZS 2161 .2</li><li>AS/NZS 2161 .3</li><li>EN388:2016 +A1:2018 -  1.1.4.X.X</li><li>ANSI/ISEA 105: 2016 CUT Level  A1</li><li>EN 16350:2014 Pass Level R < 1.0 x 108 Ω -</li><li>IEC 61340-5-1 PASS</li></ul>,,,,
A198,Variant,,"Disperses static electricity For use in electronics assembly, testing and precision work Smooth PU coating for increased abrasion resistance Fingertip dipped for precision handling and maximum ventilation 13 gauge pylon and carbon fiber shell",https://d11ak7fd9ypfb7.cloudfront.net/styles1100px/A198GRR.jpg,,0.0,TRUE,InStock,0.019,,A198GRRXS,,,,Size,DROP_DOWN,XS,Color,DROP_DOWN,Grey,,,,,,,,,,,,,Fit,<p>R</p>,Length,<p>65</p>,Width,<p>45</p>,Height,<p>44</p>,Box Quantity,<p>480</p>,Inner Pack Quantity,<p>12</p>,Country Of Origin,<p>CN</p>,Standards,<ul><li>EN 420</li><li>AS/NZS 2161 .2</li><li>AS/NZS 2161 .3</li><li>EN388:2016 +A1:2018 -  1.1.4.X.X</li><li>ANSI/ISEA 105: 2016 CUT Level  A1</li><li>EN 16350:2014 Pass Level R < 1.0 x 108 Ω -</li><li>IEC 61340-5-1 PASS</li></ul>,,,,
A198,Variant,,"Disperses static electricity For use in electronics assembly, testing and precision work Smooth PU coating for increased abrasion resistance Fingertip dipped for precision handling and maximum ventilation 13 gauge pylon and carbon fiber shell",https://d11ak7fd9ypfb7.cloudfront.net/styles1100px/A198GRR.jpg,,0.0,TRUE,InStock,0.026,,A198GRRXXL,,,,Size,DROP_DOWN,XXL,Color,DROP_DOWN,Grey,,,,,,,,,,,,,Fit,<p>R</p>,Length,<p>65</p>,Width,<p>45</p>,Height,<p>44</p>,Box Quantity,<p>480</p>,Inner Pack Quantity,<p>12</p>,Country Of Origin,<p>CN</p>,Standards,<ul><li>EN 420</li><li>AS/NZS 2161 .2</li><li>AS/NZS 2161 .3</li><li>EN388:2016 +A1:2018 -  1.1.4.X.X</li><li>ANSI/ISEA 105: 2016 CUT Level  A1</li><li>EN 16350:2014 Pass Level R < 1.0 x 108 Ω -</li><li>IEC 61340-5-1 PASS</li></ul>,,,,
A198,Variant,,"Disperses static electricity For use in electronics assembly, testing and precision work Smooth PU coating for increased abrasion resistance Fingertip dipped for precision handling and maximum ventilation 13 gauge pylon and carbon fiber shell",https://d11ak7fd9ypfb7.cloudfront.net/styles1100px/A198GRR.jpg,,0.0,TRUE,InStock,0.018,,A198GRRXXS,,,,Size,DROP_DOWN,XXS,Color,DROP_DOWN,Grey,,,,,,,,,,,,,Fit,<p>R</p>,Length,<p>65</p>,Width,<p>45</p>,Height,<p>44</p>,Box Quantity,<p>480</p>,Inner Pack Quantity,<p>12</p>,Country Of Origin,<p>CN</p>,Standards,<ul><li>EN 420</li><li>AS/NZS 2161 .2</li><li>AS/NZS 2161 .3</li><li>EN388:2016 +A1:2018 -  1.1.4.X.X</li><li>ANSI/ISEA 105: 2016 CUT Level  A1</li><li>EN 16350:2014 Pass Level R < 1.0 x 108 Ω -</li><li>IEC 61340-5-1 PASS</li></ul>,,,,
A210,Product,A210 - Canadian Rigger Glove,Patch palm and vein protection Cow split leather rigger Knuckle back protection Cotton backing for breathability,https://d11ak7fd9ypfb7.cloudfront.net/styles1100px/A210GRR.jpg,4.5,0.0,TRUE,InStock,0.2,,A210GRRXL,,,,Size,DROP_DOWN,XL;XXXL,Color,DROP_DOWN,Grey,,,,,,,,,,,,,Fit,<p>R</p>,Length,<p>51</p>,Width,<p>28</p>,Height,<p>43</p>,Box Quantity,<p>96</p>,Inner Pack Quantity,<p>12</p>,Country Of Origin,<p>PK</p>,Standards,<ul><li>EN 420</li><li>AS/NZS 2161 .2</li><li>AS/NZS 2161 .3</li><li>ANSI/ISEA 105: 2016 CUT Level  A2</li><li>EN388:2016 +A1:2018 -  3223X</li></ul>,,,,
A210,Variant,,Patch palm and vein protection Cow split leather rigger Knuckle back protection Cotton backing for breathability,https://d11ak7fd9ypfb7.cloudfront.net/styles1100px/A210GRR.jpg,,0.0,TRUE,InStock,0.2,,A210GRRXL,,,,Size,DROP_DOWN,XL,Color,DROP_DOWN,Grey,,,,,,,,,,,,,Fit,<p>R</p>,Length,<p>51</p>,Width,<p>28</p>,Height,<p>43</p>,Box Quantity,<p>96</p>,Inner Pack Quantity,<p>12</p>,Country Of Origin,<p>PK</p>,Standards,<ul><li>EN 420</li><li>AS/NZS 2161 .2</li><li>AS/NZS 2161 .3</li><li>ANSI/ISEA 105: 2016 CUT Level  A2</li><li>EN388:2016 +A1:2018 -  3223X</li></ul>,,,,
A210,Variant,,Patch palm and vein protection Cow split leather rigger Knuckle back protection Cotton backing for breathability,https://d11ak7fd9ypfb7.cloudfront.net/styles1100px/A210GRR.jpg,,0.0,TRUE,InStock,0.2,,A210GRRXXXL,,,,Size,DROP_DOWN,XXXL,Color,DROP_DOWN,Grey,,,,,,,,,,,,,Fit,<p>R</p>,Length,<p>51</p>,Width,<p>28</p>,Height,<p>43</p>,Box Quantity,<p>96</p>,Inner Pack Quantity,<p>12</p>,Country Of Origin,<p>PK</p>,Standards,<ul><li>EN 420</li><li>AS/NZS 2161 .2</li><li>AS/NZS 2161 .3</li><li>ANSI/ISEA 105: 2016 CUT Level  A2</li><li>EN388:2016 +A1:2018 -  3223X</li></ul>,,,,
A220,Product,A220 - Premium Chrome Rigger Glove,"Premium split leather rigger Rubberized safety cuffs Knuckle back protection Cotton backing for breathability For use in construction, mining and landscaping",https://d11ak7fd9ypfb7.cloudfront.net/styles1100px/A220RER.jpg,5.1,0.0,TRUE,InStock,0.171,,A220RERXL,,,,Size,DROP_DOWN,XL,Color,DROP_DOWN,Red,,,,,,,,,,,,,Fit,<p>R</p>,Length,<p>56</p>,Width,<p>30</p>,Height,<p>36</p>,Box Quantity,<p>96</p>,Inner Pack Quantity,<p>12</p>,Country Of Origin,<p>PK</p>,Standards,<ul><li>EN 420</li><li>AS/NZS 2161 .2</li><li>AS/NZS 2161 .3</li><li>ANSI/ISEA 105: 2016 CUT Level  A2</li><li>EN388:2016 +A1:2018 -  3223X</li></ul>,,,,
A230,Product,A230 - Double Palm Rigger Glove,"Superior double palm rigger Additional reinforced protection on palm and forefinger areas For use in construction, landscaping, agriculture and forestry Knuckle back protection Cotton backing for breathability",https://d11ak7fd9ypfb7.cloudfront.net/styles1100px/A230GRR.jpg,6.2,0.0,TRUE,InStock,0.2,,A230GRRXL,,,,Size,DROP_DOWN,XL;XXXL,Color,DROP_DOWN,Grey,,,,,,,,,,,,,Fit,<p>R</p>,Length,<p>65</p>,Width,<p>41</p>,Height,<p>25</p>,Box Quantity,<p>84</p>,Inner Pack Quantity,<p>12</p>,Country Of Origin,<p>PK</p>,Standards,<ul><li>EN 420</li><li>AS/NZS 2161 .2</li><li>AS/NZS 2161 .3</li><li>AS/NZS 2161 .4</li><li>ANSI/ISEA 105: 2016 CUT Level  A3</li><li>EN388:2016 +A1:2018 -  3334X</li><li>EN 407   X2XXXX</li></ul>,,,,
A230,Variant,,"Superior double palm rigger Additional reinforced protection on palm and forefinger areas For use in construction, landscaping, agriculture and forestry Knuckle back protection Cotton backing for breathability",https://d11ak7fd9ypfb7.cloudfront.net/styles1100px/A230GRR.jpg,,0.0,TRUE,InStock,0.2,,A230GRRXL,,,,Size,DROP_DOWN,XL,Color,DROP_DOWN,Grey,,,,,,,,,,,,,Fit,<p>R</p>,Length,<p>65</p>,Width,<p>41</p>,Height,<p>25</p>,Box Quantity,<p>84</p>,Inner Pack Quantity,<p>12</p>,Country Of Origin,<p>PK</p>,Standards,<ul><li>EN 420</li><li>AS/NZS 2161 .2</li><li>AS/NZS 2161 .3</li><li>AS/NZS 2161 .4</li><li>ANSI/ISEA 105: 2016 CUT Level  A3</li><li>EN388:2016 +A1:2018 -  3334X</li><li>EN 407   X2XXXX</li></ul>,,,,
A230,Variant,,"Superior double palm rigger Additional reinforced protection on palm and forefinger areas For use in construction, landscaping, agriculture and forestry Knuckle back protection Cotton backing for breathability",https://d11ak7fd9ypfb7.cloudfront.net/styles1100px/A230GRR.jpg,,0.0,TRUE,InStock,0.2,,A230GRRXXXL,,,,Size,DROP_DOWN,XXXL,Color,DROP_DOWN,Grey,,,,,,,,,,,,,Fit,<p>R</p>,Length,<p>65</p>,Width,<p>41</p>,Height,<p>25</p>,Box Quantity,<p>84</p>,Inner Pack Quantity,<p>12</p>,Country Of Origin,<p>PK</p>,Standards,<ul><li>EN 420</li><li>AS/NZS 2161 .2</li><li>AS/NZS 2161 .3</li><li>AS/NZS 2161 .4</li><li>ANSI/ISEA 105: 2016 CUT Level  A3</li><li>EN388:2016 +A1:2018 -  3334X</li><li>EN 407   X2XXXX</li></ul>,,,,
A260,Product,A260 - Oves Driver Glove,Classic leather driver Made from the softest goat skin available Breathable leather for use in mild and hot climates Elasticated wrist for a secure fit,https://d11ak7fd9ypfb7.cloudfront.net/styles1100px/A260GRR.jpg,6.7,0.0,TRUE,InStock,0.075,,A260GRRL,,,,Size,DROP_DOWN,M;L;XL;XXL,Color,DROP_DOWN,Grey,,,,,,,,,,,,,Fit,<p>R</p>,Length,<p>50</p>,Width,<p>28</p>,Height,<p>59</p>,Box Quantity,<p>240</p>,Inner Pack Quantity,<p>12</p>,Country Of Origin,<p>PK</p>,Standards,<ul><li>EN 420</li><li>AS/NZS 2161 .2</li><li>AS/NZS 2161 .3</li><li>ANSI/ISEA 105: 2016 CUT Level  A0</li><li>EN388:2016 +A1:2018 -  2132X</li></ul>,,,,
A260,Variant,,Classic leather driver Made from the softest goat skin available Breathable leather for use in mild and hot climates Elasticated wrist for a secure fit,https://d11ak7fd9ypfb7.cloudfront.net/styles1100px/A260GRR.jpg,,0.0,TRUE,InStock,0.075,,A260GRRL,,,,Size,DROP_DOWN,L,Color,DROP_DOWN,Grey,,,,,,,,,,,,,Fit,<p>R</p>,Length,<p>50</p>,Width,<p>28</p>,Height,<p>59</p>,Box Quantity,<p>240</p>,Inner Pack Quantity,<p>12</p>,Country Of Origin,<p>PK</p>,Standards,<ul><li>EN 420</li><li>AS/NZS 2161 .2</li><li>AS/NZS 2161 .3</li><li>ANSI/ISEA 105: 2016 CUT Level  A0</li><li>EN388:2016 +A1:2018 -  2132X</li></ul>,,,,
A260,Variant,,Classic leather driver Made from the softest goat skin available Breathable leather for use in mild and hot climates Elasticated wrist for a secure fit,https://d11ak7fd9ypfb7.cloudfront.net/styles1100px/A260GRR.jpg,,0.0,TRUE,InStock,0.063,,A260GRRM,,,,Size,DROP_DOWN,M,Color,DROP_DOWN,Grey,,,,,,,,,,,,,Fit,<p>R</p>,Length,<p>50</p>,Width,<p>28</p>,Height,<p>59</p>,Box Quantity,<p>240</p>,Inner Pack Quantity,<p>12</p>,Country Of Origin,<p>PK</p>,Standards,<ul><li>EN 420</li><li>AS/NZS 2161 .2</li><li>AS/NZS 2161 .3</li><li>ANSI/ISEA 105: 2016 CUT Level  A0</li><li>EN388:2016 +A1:2018 -  2132X</li></ul>,,,,
A260,Variant,,Classic leather driver Made from the softest goat skin available Breathable leather for use in mild and hot climates Elasticated wrist for a secure fit,https://d11ak7fd9ypfb7.cloudfront.net/styles1100px/A260GRR.jpg,,0.0,TRUE,InStock,0.085,,A260GRRXL,,,,Size,DROP_DOWN,XL,Color,DROP_DOWN,Grey,,,,,,,,,,,,,Fit,<p>R</p>,Length,<p>50</p>,Width,<p>28</p>,Height,<p>59</p>,Box Quantity,<p>240</p>,Inner Pack Quantity,<p>12</p>,Country Of Origin,<p>PK</p>,Standards,<ul><li>EN 420</li><li>AS/NZS 2161 .2</li><li>AS/NZS 2161 .3</li><li>ANSI/ISEA 105: 2016 CUT Level  A0</li><li>EN388:2016 +A1:2018 -  2132X</li></ul>,,,,
A260,Variant,,Classic leather driver Made from the softest goat skin available Breathable leather for use in mild and hot climates Elasticated wrist for a secure fit,https://d11ak7fd9ypfb7.cloudfront.net/styles1100px/A260GRR.jpg,,0.0,TRUE,InStock,0.088,,A260GRRXXL,,,,Size,DROP_DOWN,XXL,Color,DROP_DOWN,Grey,,,,,,,,,,,,,Fit,<p>R</p>,Length,<p>50</p>,Width,<p>28</p>,Height,<p>59</p>,Box Quantity,<p>240</p>,Inner Pack Quantity,<p>12</p>,Country Of Origin,<p>PK</p>,Standards,<ul><li>EN 420</li><li>AS/NZS 2161 .2</li><li>AS/NZS 2161 .3</li><li>ANSI/ISEA 105: 2016 CUT Level  A0</li><li>EN388:2016 +A1:2018 -  2132X</li></ul>,,,,
A270,Product,A270 - Classic Driver Glove,Classic leather driver Premium full grain cow leather Superb abrasion resistance Breathable leather for use in mild and hot climates,https://d11ak7fd9ypfb7.cloudfront.net/styles1100px/A270TAR.jpg,10.1,0.0,TRUE,InStock,0.109,,A270TARL,,,,Size,DROP_DOWN,L;XL,Color,DROP_DOWN,Tan,,,,,,,,,,,,,Fit,<p>R</p>,Length,<p>43</p>,Width,<p>28</p>,Height,<p>60</p>,Box Quantity,<p>192</p>,Inner Pack Quantity,<p>12</p>,Country Of Origin,<p>PK</p>,Standards,<ul><li>EN 420</li><li>AS/NZS 2161 .2</li><li>AS/NZS 2161 .3</li><li>ANSI/ISEA 105: 2016 ABRASION Level  2</li><li>EN388:2016 +A1:2018 -  3142X</li></ul>,,,,
A270,Variant,,Classic leather driver Premium full grain cow leather Superb abrasion resistance Breathable leather for use in mild and hot climates,https://d11ak7fd9ypfb7.cloudfront.net/styles1100px/A270TAR.jpg,,0.0,TRUE,InStock,0.109,,A270TARL,,,,Size,DROP_DOWN,L,Color,DROP_DOWN,Tan,,,,,,,,,,,,,Fit,<p>R</p>,Length,<p>43</p>,Width,<p>28</p>,Height,<p>60</p>,Box Quantity,<p>192</p>,Inner Pack Quantity,<p>12</p>,Country Of Origin,<p>PK</p>,Standards,<ul><li>EN 420</li><li>AS/NZS 2161 .2</li><li>AS/NZS 2161 .3</li><li>ANSI/ISEA 105: 2016 ABRASION Level  2</li><li>EN388:2016 +A1:2018 -  3142X</li></ul>,,,,
A270,Variant,,Classic leather driver Premium full grain cow leather Superb abrasion resistance Breathable leather for use in mild and hot climates,https://d11ak7fd9ypfb7.cloudfront.net/styles1100px/A270TAR.jpg,,0.0,TRUE,InStock,0.136,,A270TARXL,,,,Size,DROP_DOWN,XL,Color,DROP_DOWN,Tan,,,,,,,,,,,,,Fit,<p>R</p>,Length,<p>43</p>,Width,<p>28</p>,Height,<p>60</p>,Box Quantity,<p>192</p>,Inner Pack Quantity,<p>12</p>,Country Of Origin,<p>PK</p>,Standards,<ul><li>EN 420</li><li>AS/NZS 2161 .2</li><li>AS/NZS 2161 .3</li><li>ANSI/ISEA 105: 2016 ABRASION Level  2</li><li>EN388:2016 +A1:2018 -  3142X</li></ul>,,,,
A271,Product,A271 - Lined Driver Glove,Lined with Insulatex for cold conditions Classic leather driver Premium full grain cow leather Breathable leather for use in mild and hot climates,https://d11ak7fd9ypfb7.cloudfront.net/styles1100px/A271TAR.jpg,12.2,0.0,TRUE,InStock,0.16,HAND PROTECTION;Drivers & Riggers Gloves,A271TARL,,,,Size,DROP_DOWN,L;XL,Color,DROP_DOWN,Tan,,,,,,,,,,,,,Fit,<p>R</p>,Length,<p>54</p>,Width,<p>27</p>,Height,<p>48</p>,Box Quantity,<p>96</p>,Inner Pack Quantity,<p>12</p>,Country Of Origin,<p>PK</p>,Standards,<ul><li>EN 420</li><li>AS/NZS 2161 .2</li><li>AS/NZS 2161 .3</li><li>AS/NZS 2161 .5</li><li>EN 511   2.2.X</li><li>ANSI/ISEA 105: 2016 CUT Level  A2</li><li>EN388:2016 +A1:2018 -  3.1.4.2.X</li></ul>,,,,
A271,Variant,,Lined with Insulatex for cold conditions Classic leather driver Premium full grain cow leather Breathable leather for use in mild and hot climates,https://d11ak7fd9ypfb7.cloudfront.net/styles1100px/A271TAR.jpg,,0.0,TRUE,InStock,0.16,,A271TARL,,,,Size,DROP_DOWN,L,Color,DROP_DOWN,Tan,,,,,,,,,,,,,Fit,<p>R</p>,Length,<p>54</p>,Width,<p>27</p>,Height,<p>48</p>,Box Quantity,<p>96</p>,Inner Pack Quantity,<p>12</p>,Country Of Origin,<p>PK</p>,Standards,<ul><li>EN 420</li><li>AS/NZS 2161 .2</li><li>AS/NZS 2161 .3</li><li>AS/NZS 2161 .5</li><li>EN 511   2.2.X</li><li>ANSI/ISEA 105: 2016 CUT Level  A2</li><li>EN388:2016 +A1:2018 -  3.1.4.2.X</li></ul>,,,,
A271,Variant,,Lined with Insulatex for cold conditions Classic leather driver Premium full grain cow leather Breathable leather for use in mild and hot climates,https://d11ak7fd9ypfb7.cloudfront.net/styles1100px/A271TAR.jpg,,0.0,TRUE,InStock,0.2,,A271TARXL,,,,Size,DROP_DOWN,XL,Color,DROP_DOWN,Tan,,,,,,,,,,,,,Fit,<p>R</p>,Length,<p>54</p>,Width,<p>27</p>,Height,<p>48</p>,Box Quantity,<p>96</p>,Inner Pack Quantity,<p>12</p>,Country Of Origin,<p>PK</p>,Standards,<ul><li>EN 420</li><li>AS/NZS 2161 .2</li><li>AS/NZS 2161 .3</li><li>AS/NZS 2161 .5</li><li>EN 511   2.2.X</li><li>ANSI/ISEA 105: 2016 CUT Level  A2</li><li>EN388:2016 +A1:2018 -  3.1.4.2.X</li></ul>,,,,
A300,Product,A300 - Nitrile Knitwrist Glove,"Designed for applications that require additional abrasion resistance Prevents grease, oil and water penetration Smooth heavy nitrile coating Jersey cotton lining with knitwrist",https://d11ak7fd9ypfb7.cloudfront.net/styles1100px/A300NAR.jpg,3.3,0.0,TRUE,InStock,0.095,,A300NARL,,,,Size,DROP_DOWN,M;L;XL,Color,DROP_DOWN,Navy,,,,,,,,,,,,,Fit,<p>R</p>,Length,<p>56</p>,Width,<p>42</p>,Height,<p>40</p>,Box Quantity,<p>144</p>,Inner Pack Quantity,<p>12</p>,Country Of Origin,<p>CN</p>,Standards,<ul><li>EN 420</li><li>AS/NZS 2161 .2</li><li>AS/NZS 2161 .3</li><li>ANSI/ISEA 105: 2016 CUT Level  A1</li><li>EN388:2016 +A1:2018 -  4111X</li></ul>,,,,
A300,Variant,,"Designed for applications that require additional abrasion resistance Prevents grease, oil and water penetration Smooth heavy nitrile coating Jersey cotton lining with knitwrist",https://d11ak7fd9ypfb7.cloudfront.net/styles1100px/A300NAR.jpg,,0.0,TRUE,InStock,0.095,,A300NARL,,,,Size,DROP_DOWN,L,Color,DROP_DOWN,Navy,,,,,,,,,,,,,Fit,<p>R</p>,Length,<p>56</p>,Width,<p>42</p>,Height,<p>40</p>,Box Quantity,<p>144</p>,Inner Pack Quantity,<p>12</p>,Country Of Origin,<p>CN</p>,Standards,<ul><li>EN 420</li><li>AS/NZS 2161 .2</li><li>AS/NZS 2161 .3</li><li>ANSI/ISEA 105: 2016 CUT Level  A1</li><li>EN388:2016 +A1:2018 -  4111X</li></ul>,,,,
A300,Variant,,"Designed for applications that require additional abrasion resistance Prevents grease, oil and water penetration Smooth heavy nitrile coating Jersey cotton lining with knitwrist",https://d11ak7fd9ypfb7.cloudfront.net/styles1100px/A300NAR.jpg,,0.0,TRUE,InStock,0.12,,A300NARM,,,,Size,DROP_DOWN,M,Color,DROP_DOWN,Navy,,,,,,,,,,,,,Fit,<p>R</p>,Length,<p>56</p>,Width,<p>42</p>,Height,<p>40</p>,Box Quantity,<p>144</p>,Inner Pack Quantity,<p>12</p>,Country Of Origin,<p>CN</p>,Standards,<ul><li>EN 420</li><li>AS/NZS 2161 .2</li><li>AS/NZS 2161 .3</li><li>ANSI/ISEA 105: 2016 CUT Level  A1</li><li>EN388:2016 +A1:2018 -  4111X</li></ul>,,,,
A300,Variant,,"Designed for applications that require additional abrasion resistance Prevents grease, oil and water penetration Smooth heavy nitrile coating Jersey cotton lining with knitwrist",https://d11ak7fd9ypfb7.cloudfront.net/styles1100px/A300NAR.jpg,,0.0,TRUE,InStock,0.12,,A300NARXL,,,,Size,DROP_DOWN,XL,Color,DROP_DOWN,Navy,,,,,,,,,,,,,Fit,<p>R</p>,Length,<p>56</p>,Width,<p>42</p>,Height,<p>40</p>,Box Quantity,<p>144</p>,Inner Pack Quantity,<p>12</p>,Country Of Origin,<p>CN</p>,Standards,<ul><li>EN 420</li><li>AS/NZS 2161 .2</li><li>AS/NZS 2161 .3</li><li>ANSI/ISEA 105: 2016 CUT Level  A1</li><li>EN388:2016 +A1:2018 -  4111X</li></ul>,,,,
A310,Product,A310 - Flexo Grip Nitrile Glove,"Ideal for auto repair, construction and other sectors Smooth nitrile coating for increased abrasion resistance Palm dipped to increase dexterity and ventilation 100% breathable seamless liner",https://d11ak7fd9ypfb7.cloudfront.net/styles1100px/A310GRW.jpg,1.46,0.0,TRUE,InStock,0.046,,A310GRWL,,,,Size,DROP_DOWN,XS;S;M;L;XL;XXL,Color,DROP_DOWN,Grey/White,,,,,,,,,,,,,Fit,<p>W</p>,Length,<p>56</p>,Width,<p>30</p>,Height,<p>44</p>,Box Quantity,<p>360</p>,Inner Pack Quantity,<p>12</p>,Country Of Origin,<p>CN</p>,Standards,<ul><li>EN 420</li><li>AS/NZS 2161 .2</li><li>AS/NZS 2161 .3</li><li>ANSI/ISEA 105: 2016 CUT Level  A1</li><li>EN388:2016 +A1:2018 -  3121X</li></ul>,,,,
A310,Variant,,"Ideal for auto repair, construction and other sectors Smooth nitrile coating for increased abrasion resistance Palm dipped to increase dexterity and ventilation 100% breathable seamless liner",https://d11ak7fd9ypfb7.cloudfront.net/styles1100px/A310GRW.jpg,,0.0,TRUE,InStock,0.046,,A310GRWL,,,,Size,DROP_DOWN,L,Color,DROP_DOWN,Grey/White,,,,,,,,,,,,,Fit,<p>W</p>,Length,<p>56</p>,Width,<p>30</p>,Height,<p>44</p>,Box Quantity,<p>360</p>,Inner Pack Quantity,<p>12</p>,Country Of Origin,<p>CN</p>,Standards,<ul><li>EN 420</li><li>AS/NZS 2161 .2</li><li>AS/NZS 2161 .3</li><li>ANSI/ISEA 105: 2016 CUT Level  A1</li><li>EN388:2016 +A1:2018 -  3121X</li></ul>,,,,
A310,Variant,,"Ideal for auto repair, construction and other sectors Smooth nitrile coating for increased abrasion resistance Palm dipped to increase dexterity and ventilation 100% breathable seamless liner",https://d11ak7fd9ypfb7.cloudfront.net/styles1100px/A310GRW.jpg,,0.0,TRUE,InStock,0.041,,A310GRWM,,,,Size,DROP_DOWN,M,Color,DROP_DOWN,Grey/White,,,,,,,,,,,,,Fit,<p>W</p>,Length,<p>56</p>,Width,<p>30</p>,Height,<p>44</p>,Box Quantity,<p>360</p>,Inner Pack Quantity,<p>12</p>,Country Of Origin,<p>CN</p>,Standards,<ul><li>EN 420</li><li>AS/NZS 2161 .2</li><li>AS/NZS 2161 .3</li><li>ANSI/ISEA 105: 2016 CUT Level  A1</li><li>EN388:2016 +A1:2018 -  3121X</li></ul>,,,,
A310,Variant,,"Ideal for auto repair, construction and other sectors Smooth nitrile coating for increased abrasion resistance Palm dipped to increase dexterity and ventilation 100% breathable seamless liner",https://d11ak7fd9ypfb7.cloudfront.net/styles1100px/A310GRW.jpg,,0.0,TRUE,InStock,0.038,,A310GRWS,,,,Size,DROP_DOWN,S,Color,DROP_DOWN,Grey/White,,,,,,,,,,,,,Fit,<p>W</p>,Length,<p>56</p>,Width,<p>30</p>,Height,<p>44</p>,Box Quantity,<p>360</p>,Inner Pack Quantity,<p>12</p>,Country Of Origin,<p>CN</p>,Standards,<ul><li>EN 420</li><li>AS/NZS 2161 .2</li><li>AS/NZS 2161 .3</li><li>ANSI/ISEA 105: 2016 CUT Level  A1</li><li>EN388:2016 +A1:2018 -  3121X</li></ul>,,,,
A310,Variant,,"Ideal for auto repair, construction and other sectors Smooth nitrile coating for increased abrasion resistance Palm dipped to increase dexterity and ventilation 100% breathable seamless liner",https://d11ak7fd9ypfb7.cloudfront.net/styles1100px/A310GRW.jpg,,0.0,TRUE,InStock,0.053,,A310GRWXL,,,,Size,DROP_DOWN,XL,Color,DROP_DOWN,Grey/White,,,,,,,,,,,,,Fit,<p>W</p>,Length,<p>56</p>,Width,<p>30</p>,Height,<p>44</p>,Box Quantity,<p>360</p>,Inner Pack Quantity,<p>12</p>,Country Of Origin,<p>CN</p>,Standards,<ul><li>EN 420</li><li>AS/NZS 2161 .2</li><li>AS/NZS 2161 .3</li><li>ANSI/ISEA 105: 2016 CUT Level  A1</li><li>EN388:2016 +A1:2018 -  3121X</li></ul>,,,,
A310,Variant,,"Ideal for auto repair, construction and other sectors Smooth nitrile coating for increased abrasion resistance Palm dipped to increase dexterity and ventilation 100% breathable seamless liner",https://d11ak7fd9ypfb7.cloudfront.net/styles1100px/A310GRW.jpg,,0.0,TRUE,InStock,0.035,,A310GRWXS,,,,Size,DROP_DOWN,XS,Color,DROP_DOWN,Grey/White,,,,,,,,,,,,,Fit,<p>W</p>,Length,<p>56</p>,Width,<p>30</p>,Height,<p>44</p>,Box Quantity,<p>360</p>,Inner Pack Quantity,<p>12</p>,Country Of Origin,<p>CN</p>,Standards,<ul><li>EN 420</li><li>AS/NZS 2161 .2</li><li>AS/NZS 2161 .3</li><li>ANSI/ISEA 105: 2016 CUT Level  A1</li><li>EN388:2016 +A1:2018 -  3121X</li></ul>,,,,
A310,Variant,,"Ideal for auto repair, construction and other sectors Smooth nitrile coating for increased abrasion resistance Palm dipped to increase dexterity and ventilation 100% breathable seamless liner",https://d11ak7fd9ypfb7.cloudfront.net/styles1100px/A310GRW.jpg,,0.0,TRUE,InStock,0.056,,A310GRWXXL,,,,Size,DROP_DOWN,XXL,Color,DROP_DOWN,Grey/White,,,,,,,,,,,,,Fit,<p>W</p>,Length,<p>56</p>,Width,<p>30</p>,Height,<p>44</p>,Box Quantity,<p>360</p>,Inner Pack Quantity,<p>12</p>,Country Of Origin,<p>CN</p>,Standards,<ul><li>EN 420</li><li>AS/NZS 2161 .2</li><li>AS/NZS 2161 .3</li><li>ANSI/ISEA 105: 2016 CUT Level  A1</li><li>EN388:2016 +A1:2018 -  3121X</li></ul>,,,,
A320,Product,A320 - Dexti-Grip Glove - Nitrile Foam,Perfect for intricate tasks No 1. Choice for general assembly work Nitrile foam coating for excellent grip in wet and dry conditions Palm dipped to increase dexterity and ventilation 100% breathable seamless liner,https://d11ak7fd9ypfb7.cloudfront.net/styles1100px/A320BKR.jpg,1.5,0.0,TRUE,InStock,0.049,,A320BKRL,,,,Size,DROP_DOWN,S;M;L;XL;XXL,Color,DROP_DOWN,Black,,,,,,,,,,,,,Fit,<p>R</p>,Length,<p>56</p>,Width,<p>30</p>,Height,<p>44</p>,Box Quantity,<p>360</p>,Inner Pack Quantity,<p>12</p>,Country Of Origin,<p>CN</p>,Standards,<ul><li>EN 420</li><li>AS/NZS 2161 .2</li><li>AS/NZS 2161 .3</li><li>ANSI/ISEA 105: 2016 CUT Level  A1</li><li>EN388:2016 +A1:2018 -  2121X</li></ul>,,,,
A320,Variant,,Perfect for intricate tasks No 1. Choice for general assembly work Nitrile foam coating for excellent grip in wet and dry conditions Palm dipped to increase dexterity and ventilation 100% breathable seamless liner,https://d11ak7fd9ypfb7.cloudfront.net/styles1100px/A320BKR.jpg,,0.0,TRUE,InStock,0.049,,A320BKRL,,,,Size,DROP_DOWN,L,Color,DROP_DOWN,Black,,,,,,,,,,,,,Fit,<p>R</p>,Length,<p>56</p>,Width,<p>30</p>,Height,<p>44</p>,Box Quantity,<p>360</p>,Inner Pack Quantity,<p>12</p>,Country Of Origin,<p>CN</p>,Standards,<ul><li>EN 420</li><li>AS/NZS 2161 .2</li><li>AS/NZS 2161 .3</li><li>ANSI/ISEA 105: 2016 CUT Level  A1</li><li>EN388:2016 +A1:2018 -  2121X</li></ul>,,,,
A320,Variant,,Perfect for intricate tasks No 1. Choice for general assembly work Nitrile foam coating for excellent grip in wet and dry conditions Palm dipped to increase dexterity and ventilation 100% breathable seamless liner,https://d11ak7fd9ypfb7.cloudfront.net/styles1100px/A320BKR.jpg,,0.0,TRUE,InStock,0.045,,A320BKRM,,,,Size,DROP_DOWN,M,Color,DROP_DOWN,Black,,,,,,,,,,,,,Fit,<p>R</p>,Length,<p>56</p>,Width,<p>30</p>,Height,<p>44</p>,Box Quantity,<p>360</p>,Inner Pack Quantity,<p>12</p>,Country Of Origin,<p>CN</p>,Standards,<ul><li>EN 420</li><li>AS/NZS 2161 .2</li><li>AS/NZS 2161 .3</li><li>ANSI/ISEA 105: 2016 CUT Level  A1</li><li>EN388:2016 +A1:2018 -  2121X</li></ul>,,,,
A320,Variant,,Perfect for intricate tasks No 1. Choice for general assembly work Nitrile foam coating for excellent grip in wet and dry conditions Palm dipped to increase dexterity and ventilation 100% breathable seamless liner,https://d11ak7fd9ypfb7.cloudfront.net/styles1100px/A320BKR.jpg,,0.0,TRUE,InStock,0.039,,A320BKRS,,,,Size,DROP_DOWN,S,Color,DROP_DOWN,Black,,,,,,,,,,,,,Fit,<p>R</p>,Length,<p>56</p>,Width,<p>30</p>,Height,<p>44</p>,Box Quantity,<p>360</p>,Inner Pack Quantity,<p>12</p>,Country Of Origin,<p>CN</p>,Standards,<ul><li>EN 420</li><li>AS/NZS 2161 .2</li><li>AS/NZS 2161 .3</li><li>ANSI/ISEA 105: 2016 CUT Level  A1</li><li>EN388:2016 +A1:2018 -  2121X</li></ul>,,,,
A320,Variant,,Perfect for intricate tasks No 1. Choice for general assembly work Nitrile foam coating for excellent grip in wet and dry conditions Palm dipped to increase dexterity and ventilation 100% breathable seamless liner,https://d11ak7fd9ypfb7.cloudfront.net/styles1100px/A320BKR.jpg,,0.0,TRUE,InStock,0.051,,A320BKRXL,,,,Size,DROP_DOWN,XL,Color,DROP_DOWN,Black,,,,,,,,,,,,,Fit,<p>R</p>,Length,<p>56</p>,Width,<p>30</p>,Height,<p>44</p>,Box Quantity,<p>360</p>,Inner Pack Quantity,<p>12</p>,Country Of Origin,<p>CN</p>,Standards,<ul><li>EN 420</li><li>AS/NZS 2161 .2</li><li>AS/NZS 2161 .3</li><li>ANSI/ISEA 105: 2016 CUT Level  A1</li><li>EN388:2016 +A1:2018 -  2121X</li></ul>,,,,
A320,Variant,,Perfect for intricate tasks No 1. Choice for general assembly work Nitrile foam coating for excellent grip in wet and dry conditions Palm dipped to increase dexterity and ventilation 100% breathable seamless liner,https://d11ak7fd9ypfb7.cloudfront.net/styles1100px/A320BKR.jpg,,0.0,TRUE,InStock,0.058,,A320BKRXXL,,,,Size,DROP_DOWN,XXL,Color,DROP_DOWN,Black,,,,,,,,,,,,,Fit,<p>R</p>,Length,<p>56</p>,Width,<p>30</p>,Height,<p>44</p>,Box Quantity,<p>360</p>,Inner Pack Quantity,<p>12</p>,Country Of Origin,<p>CN</p>,Standards,<ul><li>EN 420</li><li>AS/NZS 2161 .2</li><li>AS/NZS 2161 .3</li><li>ANSI/ISEA 105: 2016 CUT Level  A1</li><li>EN388:2016 +A1:2018 -  2121X</li></ul>,,,,
A340,Product,A340 - Hi-Vis Grip Glove - Latex Foam,Highest levels of comfort from foam technology Latex foam coating for excellent grip in wet and dry conditions Palm dipped to increase dexterity and ventilation 100% breathable seamless liner,https://d11ak7fd9ypfb7.cloudfront.net/styles1100px/A340YER.jpg,2.5,0.0,TRUE,InStock,0.06,,A340YERL,,,,Size,DROP_DOWN,S;M;L;XL;XXL,Color,DROP_DOWN,Yellow,,,,,,,,,,,,,Fit,<p>R</p>,Length,<p>65</p>,Width,<p>45</p>,Height,<p>36</p>,Box Quantity,<p>240</p>,Inner Pack Quantity,<p>12</p>,Country Of Origin,<p>CN</p>,Standards,<ul><li>EN 420</li><li>AS/NZS 2161 .2</li><li>AS/NZS 2161 .3</li><li>ANSI/ISEA 105: 2016 CUT Level  A1</li><li>EN388:2016 +A1:2018 -  2121X</li></ul>,,,,
A340,Variant,,Highest levels of comfort from foam technology Latex foam coating for excellent grip in wet and dry conditions Palm dipped to increase dexterity and ventilation 100% breathable seamless liner,https://d11ak7fd9ypfb7.cloudfront.net/styles1100px/A340YER.jpg,,0.0,TRUE,InStock,0.06,,A340YERL,,,,Size,DROP_DOWN,L,Color,DROP_DOWN,Yellow,,,,,,,,,,,,,Fit,<p>R</p>,Length,<p>65</p>,Width,<p>45</p>,Height,<p>36</p>,Box Quantity,<p>240</p>,Inner Pack Quantity,<p>12</p>,Country Of Origin,<p>CN</p>,Standards,<ul><li>EN 420</li><li>AS/NZS 2161 .2</li><li>AS/NZS 2161 .3</li><li>ANSI/ISEA 105: 2016 CUT Level  A1</li><li>EN388:2016 +A1:2018 -  2121X</li></ul>,,,,
A340,Variant,,Highest levels of comfort from foam technology Latex foam coating for excellent grip in wet and dry conditions Palm dipped to increase dexterity and ventilation 100% breathable seamless liner,https://d11ak7fd9ypfb7.cloudfront.net/styles1100px/A340YER.jpg,,0.0,TRUE,InStock,0.06,,A340YERM,,,,Size,DROP_DOWN,M,Color,DROP_DOWN,Yellow,,,,,,,,,,,,,Fit,<p>R</p>,Length,<p>65</p>,Width,<p>45</p>,Height,<p>36</p>,Box Quantity,<p>240</p>,Inner Pack Quantity,<p>12</p>,Country Of Origin,<p>CN</p>,Standards,<ul><li>EN 420</li><li>AS/NZS 2161 .2</li><li>AS/NZS 2161 .3</li><li>ANSI/ISEA 105: 2016 CUT Level  A1</li><li>EN388:2016 +A1:2018 -  2121X</li></ul>,,,,
A340,Variant,,Highest levels of comfort from foam technology Latex foam coating for excellent grip in wet and dry conditions Palm dipped to increase dexterity and ventilation 100% breathable seamless liner,https://d11ak7fd9ypfb7.cloudfront.net/styles1100px/A340YER.jpg,,0.0,TRUE,InStock,0.04,,A340YERS,,,,Size,DROP_DOWN,S,Color,DROP_DOWN,Yellow,,,,,,,,,,,,,Fit,<p>R</p>,Length,<p>65</p>,Width,<p>45</p>,Height,<p>36</p>,Box Quantity,<p>240</p>,Inner Pack Quantity,<p>12</p>,Country Of Origin,<p>CN</p>,Standards,<ul><li>EN 420</li><li>AS/NZS 2161 .2</li><li>AS/NZS 2161 .3</li><li>ANSI/ISEA 105: 2016 CUT Level  A1</li><li>EN388:2016 +A1:2018 -  2121X</li></ul>,,,,
A340,Variant,,Highest levels of comfort from foam technology Latex foam coating for excellent grip in wet and dry conditions Palm dipped to increase dexterity and ventilation 100% breathable seamless liner,https://d11ak7fd9ypfb7.cloudfront.net/styles1100px/A340YER.jpg,,0.0,TRUE,InStock,0.06,,A340YERXL,,,,Size,DROP_DOWN,XL,Color,DROP_DOWN,Yellow,,,,,,,,,,,,,Fit,<p>R</p>,Length,<p>65</p>,Width,<p>45</p>,Height,<p>36</p>,Box Quantity,<p>240</p>,Inner Pack Quantity,<p>12</p>,Country Of Origin,<p>CN</p>,Standards,<ul><li>EN 420</li><li>AS/NZS 2161 .2</li><li>AS/NZS 2161 .3</li><li>ANSI/ISEA 105: 2016 CUT Level  A1</li><li>EN388:2016 +A1:2018 -  2121X</li></ul>,,,,
A340,Variant,,Highest levels of comfort from foam technology Latex foam coating for excellent grip in wet and dry conditions Palm dipped to increase dexterity and ventilation 100% breathable seamless liner,https://d11ak7fd9ypfb7.cloudfront.net/styles1100px/A340YER.jpg,,0.0,TRUE,InStock,0.06,,A340YERXXL,,,,Size,DROP_DOWN,XXL,Color,DROP_DOWN,Yellow,,,,,,,,,,,,,Fit,<p>R</p>,Length,<p>65</p>,Width,<p>45</p>,Height,<p>36</p>,Box Quantity,<p>240</p>,Inner Pack Quantity,<p>12</p>,Country Of Origin,<p>CN</p>,Standards,<ul><li>EN 420</li><li>AS/NZS 2161 .2</li><li>AS/NZS 2161 .3</li><li>ANSI/ISEA 105: 2016 CUT Level  A1</li><li>EN388:2016 +A1:2018 -  2121X</li></ul>,,,,
A350,Product,A350 - DermiFlex Glove - Nitrile Foam,Maximum dexterity Protects against oil in warm and humid conditions Nitrile foam coating for excellent grip in wet and dry conditions Palm dipped to increase dexterity and ventilation 100% breathable seamless liner,https://d11ak7fd9ypfb7.cloudfront.net/styles1100px/A350BKR.jpg,3.7,0.0,TRUE,InStock,0.048,,A350BKRL,,,,Size,DROP_DOWN,S;M;L;XL;XXL,Color,DROP_DOWN,Black,,,,,,,,,,,,,Fit,<p>R</p>,Length,<p>65</p>,Width,<p>40</p>,Height,<p>50</p>,Box Quantity,<p>360</p>,Inner Pack Quantity,<p>12</p>,Country Of Origin,<p>CN</p>,Standards,<ul><li>EN 420</li><li>AS/NZS 2161 .2</li><li>AS/NZS 2161 .3</li><li>ANSI/ISEA 105: 2016 CUT Level  A1</li><li>EN388:2016 +A1:2018 -  4131X</li></ul>,,,,
A350,Variant,,Maximum dexterity Protects against oil in warm and humid conditions Nitrile foam coating for excellent grip in wet and dry conditions Palm dipped to increase dexterity and ventilation 100% breathable seamless liner,https://d11ak7fd9ypfb7.cloudfront.net/styles1100px/A350BKR.jpg,,0.0,TRUE,InStock,0.048,,A350BKRL,,,,Size,DROP_DOWN,L,Color,DROP_DOWN,Black,,,,,,,,,,,,,Fit,<p>R</p>,Length,<p>65</p>,Width,<p>40</p>,Height,<p>50</p>,Box Quantity,<p>360</p>,Inner Pack Quantity,<p>12</p>,Country Of Origin,<p>CN</p>,Standards,<ul><li>EN 420</li><li>AS/NZS 2161 .2</li><li>AS/NZS 2161 .3</li><li>ANSI/ISEA 105: 2016 CUT Level  A1</li><li>EN388:2016 +A1:2018 -  4131X</li></ul>,,,,
A350,Variant,,Maximum dexterity Protects against oil in warm and humid conditions Nitrile foam coating for excellent grip in wet and dry conditions Palm dipped to increase dexterity and ventilation 100% breathable seamless liner,https://d11ak7fd9ypfb7.cloudfront.net/styles1100px/A350BKR.jpg,,0.0,TRUE,InStock,0.04,,A350BKRM,,,,Size,DROP_DOWN,M,Color,DROP_DOWN,Black,,,,,,,,,,,,,Fit,<p>R</p>,Length,<p>65</p>,Width,<p>40</p>,Height,<p>50</p>,Box Quantity,<p>360</p>,Inner Pack Quantity,<p>12</p>,Country Of Origin,<p>CN</p>,Standards,<ul><li>EN 420</li><li>AS/NZS 2161 .2</li><li>AS/NZS 2161 .3</li><li>ANSI/ISEA 105: 2016 CUT Level  A1</li><li>EN388:2016 +A1:2018 -  4131X</li></ul>,,,,
A350,Variant,,Maximum dexterity Protects against oil in warm and humid conditions Nitrile foam coating for excellent grip in wet and dry conditions Palm dipped to increase dexterity and ventilation 100% breathable seamless liner,https://d11ak7fd9ypfb7.cloudfront.net/styles1100px/A350BKR.jpg,,0.0,TRUE,InStock,0.04,,A350BKRS,,,,Size,DROP_DOWN,S,Color,DROP_DOWN,Black,,,,,,,,,,,,,Fit,<p>R</p>,Length,<p>65</p>,Width,<p>40</p>,Height,<p>50</p>,Box Quantity,<p>360</p>,Inner Pack Quantity,<p>12</p>,Country Of Origin,<p>CN</p>,Standards,<ul><li>EN 420</li><li>AS/NZS 2161 .2</li><li>AS/NZS 2161 .3</li><li>ANSI/ISEA 105: 2016 CUT Level  A1</li><li>EN388:2016 +A1:2018 -  4131X</li></ul>,,,,
A350,Variant,,Maximum dexterity Protects against oil in warm and humid conditions Nitrile foam coating for excellent grip in wet and dry conditions Palm dipped to increase dexterity and ventilation 100% breathable seamless liner,https://d11ak7fd9ypfb7.cloudfront.net/styles1100px/A350BKR.jpg,,0.0,TRUE,InStock,0.058,,A350BKRXL,,,,Size,DROP_DOWN,XL,Color,DROP_DOWN,Black,,,,,,,,,,,,,Fit,<p>R</p>,Length,<p>65</p>,Width,<p>40</p>,Height,<p>50</p>,Box Quantity,<p>360</p>,Inner Pack Quantity,<p>12</p>,Country Of Origin,<p>CN</p>,Standards,<ul><li>EN 420</li><li>AS/NZS 2161 .2</li><li>AS/NZS 2161 .3</li><li>ANSI/ISEA 105: 2016 CUT Level  A1</li><li>EN388:2016 +A1:2018 -  4131X</li></ul>,,,,
A350,Variant,,Maximum dexterity Protects against oil in warm and humid conditions Nitrile foam coating for excellent grip in wet and dry conditions Palm dipped to increase dexterity and ventilation 100% breathable seamless liner,https://d11ak7fd9ypfb7.cloudfront.net/styles1100px/A350BKR.jpg,,0.0,TRUE,InStock,0.064,,A350BKRXXL,,,,Size,DROP_DOWN,XXL,Color,DROP_DOWN,Black,,,,,,,,,,,,,Fit,<p>R</p>,Length,<p>65</p>,Width,<p>40</p>,Height,<p>50</p>,Box Quantity,<p>360</p>,Inner Pack Quantity,<p>12</p>,Country Of Origin,<p>CN</p>,Standards,<ul><li>EN 420</li><li>AS/NZS 2161 .2</li><li>AS/NZS 2161 .3</li><li>ANSI/ISEA 105: 2016 CUT Level  A1</li><li>EN388:2016 +A1:2018 -  4131X</li></ul>,,,,
A351,Product,A351 - DermiFlex Plus Glove - Nitrile Foam,Nitrile foam coating for excellent grip in wet and dry conditions Dotted palm for enhanced grip 15-gauge liner for extra dexterity Lightweight and comfortable,https://d11ak7fd9ypfb7.cloudfront.net/styles1100px/A351G8R.jpg,4.8,0.0,TRUE,InStock,0.06,,A351G8RL,,,,Size,DROP_DOWN,S;M;L;XL;XXL;XXXL,Color,DROP_DOWN,Grey/Black,,,,,,,,,,,,,Fit,<p>R</p>,Length,<p>65</p>,Width,<p>40</p>,Height,<p>50</p>,Box Quantity,<p>360</p>,Inner Pack Quantity,<p>12</p>,Country Of Origin,<p>CN</p>,Standards,<ul><li>EN 420</li><li>AS/NZS 2161 .2</li><li>AS/NZS 2161 .3</li><li>ANSI/ISEA 105: 2016 CUT Level  A1</li><li>EN388:2016 +A1:2018 -  4131X</li></ul>,,,,
A351,Variant,,Nitrile foam coating for excellent grip in wet and dry conditions Dotted palm for enhanced grip 15-gauge liner for extra dexterity Lightweight and comfortable,https://d11ak7fd9ypfb7.cloudfront.net/styles1100px/A351G8R.jpg,,0.0,TRUE,InStock,0.06,,A351G8RL,,,,Size,DROP_DOWN,L,Color,DROP_DOWN,Grey/Black,,,,,,,,,,,,,Fit,<p>R</p>,Length,<p>65</p>,Width,<p>40</p>,Height,<p>50</p>,Box Quantity,<p>360</p>,Inner Pack Quantity,<p>12</p>,Country Of Origin,<p>CN</p>,Standards,<ul><li>EN 420</li><li>AS/NZS 2161 .2</li><li>AS/NZS 2161 .3</li><li>ANSI/ISEA 105: 2016 CUT Level  A1</li><li>EN388:2016 +A1:2018 -  4131X</li></ul>,,,,
A351,Variant,,Nitrile foam coating for excellent grip in wet and dry conditions Dotted palm for enhanced grip 15-gauge liner for extra dexterity Lightweight and comfortable,https://d11ak7fd9ypfb7.cloudfront.net/styles1100px/A351G8R.jpg,,0.0,TRUE,InStock,0.041,,A351G8RM,,,,Size,DROP_DOWN,M,Color,DROP_DOWN,Grey/Black,,,,,,,,,,,,,Fit,<p>R</p>,Length,<p>65</p>,Width,<p>40</p>,Height,<p>50</p>,Box Quantity,<p>360</p>,Inner Pack Quantity,<p>12</p>,Country Of Origin,<p>CN</p>,Standards,<ul><li>EN 420</li><li>AS/NZS 2161 .2</li><li>AS/NZS 2161 .3</li><li>ANSI/ISEA 105: 2016 CUT Level  A1</li><li>EN388:2016 +A1:2018 -  4131X</li></ul>,,,,
A351,Variant,,Nitrile foam coating for excellent grip in wet and dry conditions Dotted palm for enhanced grip 15-gauge liner for extra dexterity Lightweight and comfortable,https://d11ak7fd9ypfb7.cloudfront.net/styles1100px/A351G8R.jpg,,0.0,TRUE,InStock,0.047,,A351G8RS,,,,Size,DROP_DOWN,S,Color,DROP_DOWN,Grey/Black,,,,,,,,,,,,,Fit,<p>R</p>,Length,<p>65</p>,Width,<p>40</p>,Height,<p>50</p>,Box Quantity,<p>360</p>,Inner Pack Quantity,<p>12</p>,Country Of Origin,<p>CN</p>,Standards,<ul><li>EN 420</li><li>AS/NZS 2161 .2</li><li>AS/NZS 2161 .3</li><li>ANSI/ISEA 105: 2016 CUT Level  A1</li><li>EN388:2016 +A1:2018 -  4131X</li></ul>,,,,
A351,Variant,,Nitrile foam coating for excellent grip in wet and dry conditions Dotted palm for enhanced grip 15-gauge liner for extra dexterity Lightweight and comfortable,https://d11ak7fd9ypfb7.cloudfront.net/styles1100px/A351G8R.jpg,,0.0,TRUE,InStock,0.06,,A351G8RXL,,,,Size,DROP_DOWN,XL,Color,DROP_DOWN,Grey/Black,,,,,,,,,,,,,Fit,<p>R</p>,Length,<p>65</p>,Width,<p>40</p>,Height,<p>50</p>,Box Quantity,<p>360</p>,Inner Pack Quantity,<p>12</p>,Country Of Origin,<p>CN</p>,Standards,<ul><li>EN 420</li><li>AS/NZS 2161 .2</li><li>AS/NZS 2161 .3</li><li>ANSI/ISEA 105: 2016 CUT Level  A1</li><li>EN388:2016 +A1:2018 -  4131X</li></ul>,,,,
A351,Variant,,Nitrile foam coating for excellent grip in wet and dry conditions Dotted palm for enhanced grip 15-gauge liner for extra dexterity Lightweight and comfortable,https://d11ak7fd9ypfb7.cloudfront.net/styles1100px/A351G8R.jpg,,0.0,TRUE,InStock,0.06,,A351G8RXXL,,,,Size,DROP_DOWN,XXL,Color,DROP_DOWN,Grey/Black,,,,,,,,,,,,,Fit,<p>R</p>,Length,<p>65</p>,Width,<p>40</p>,Height,<p>50</p>,Box Quantity,<p>360</p>,Inner Pack Quantity,<p>12</p>,Country Of Origin,<p>CN</p>,Standards,<ul><li>EN 420</li><li>AS/NZS 2161 .2</li><li>AS/NZS 2161 .3</li><li>ANSI/ISEA 105: 2016 CUT Level  A1</li><li>EN388:2016 +A1:2018 -  4131X</li></ul>,,,,
A351,Variant,,Nitrile foam coating for excellent grip in wet and dry conditions Dotted palm for enhanced grip 15-gauge liner for extra dexterity Lightweight and comfortable,https://d11ak7fd9ypfb7.cloudfront.net/styles1100px/A351G8R.jpg,,0.0,TRUE,InStock,0.06,,A351G8RXXXL,,,,Size,DROP_DOWN,XXXL,Color,DROP_DOWN,Grey/Black,,,,,,,,,,,,,Fit,<p>R</p>,Length,<p>65</p>,Width,<p>40</p>,Height,<p>50</p>,Box Quantity,<p>360</p>,Inner Pack Quantity,<p>12</p>,Country Of Origin,<p>CN</p>,Standards,<ul><li>EN 420</li><li>AS/NZS 2161 .2</li><li>AS/NZS 2161 .3</li><li>ANSI/ISEA 105: 2016 CUT Level  A1</li><li>EN388:2016 +A1:2018 -  4131X</li></ul>,,,,
A352,Product,A352 - DermiFlex Ultra Glove - Nitrile Foam,Maximum dexterity Superb abrasion and tear resistance Nitrile foam coating for excellent grip in wet and dry conditions 3/4 dipped for increased protection Open back for breathability,https://d11ak7fd9ypfb7.cloudfront.net/styles1100px/A352G8R.jpg,4.4,0.0,TRUE,InStock,0.06,,A352G8RL,,,,Size,DROP_DOWN,M;L;XL;XXL,Color,DROP_DOWN,Grey/Black,,,,,,,,,,,,,Fit,<p>R</p>,Length,<p>65</p>,Width,<p>40</p>,Height,<p>50</p>,Box Quantity,<p>360</p>,Inner Pack Quantity,<p>12</p>,Country Of Origin,<p>CN</p>,Standards,<ul><li>AS/NZS 2161 .2</li><li>AS/NZS 2161 .3</li><li>EN388:2016 +A1:2018 -  4.1.3.1.X.</li><li>ANSI/ISEA 105: 2016 CUT Level  A1</li><li>EN 420   Dexterity 5</li></ul>,,,,
A352,Variant,,Maximum dexterity Superb abrasion and tear resistance Nitrile foam coating for excellent grip in wet and dry conditions 3/4 dipped for increased protection Open back for breathability,https://d11ak7fd9ypfb7.cloudfront.net/styles1100px/A352G8R.jpg,,0.0,TRUE,InStock,0.06,,A352G8RL,,,,Size,DROP_DOWN,L,Color,DROP_DOWN,Grey/Black,,,,,,,,,,,,,Fit,<p>R</p>,Length,<p>65</p>,Width,<p>40</p>,Height,<p>50</p>,Box Quantity,<p>360</p>,Inner Pack Quantity,<p>12</p>,Country Of Origin,<p>CN</p>,Standards,<ul><li>AS/NZS 2161 .2</li><li>AS/NZS 2161 .3</li><li>EN388:2016 +A1:2018 -  4.1.3.1.X.</li><li>ANSI/ISEA 105: 2016 CUT Level  A1</li><li>EN 420   Dexterity 5</li></ul>,,,,
A352,Variant,,Maximum dexterity Superb abrasion and tear resistance Nitrile foam coating for excellent grip in wet and dry conditions 3/4 dipped for increased protection Open back for breathability,https://d11ak7fd9ypfb7.cloudfront.net/styles1100px/A352G8R.jpg,,0.0,TRUE,InStock,0.04,,A352G8RM,,,,Size,DROP_DOWN,M,Color,DROP_DOWN,Grey/Black,,,,,,,,,,,,,Fit,<p>R</p>,Length,<p>65</p>,Width,<p>40</p>,Height,<p>50</p>,Box Quantity,<p>360</p>,Inner Pack Quantity,<p>12</p>,Country Of Origin,<p>CN</p>,Standards,<ul><li>AS/NZS 2161 .2</li><li>AS/NZS 2161 .3</li><li>EN388:2016 +A1:2018 -  4.1.3.1.X.</li><li>ANSI/ISEA 105: 2016 CUT Level  A1</li><li>EN 420   Dexterity 5</li></ul>,,,,
A352,Variant,,Maximum dexterity Superb abrasion and tear resistance Nitrile foam coating for excellent grip in wet and dry conditions 3/4 dipped for increased protection Open back for breathability,https://d11ak7fd9ypfb7.cloudfront.net/styles1100px/A352G8R.jpg,,0.0,TRUE,InStock,0.06,,A352G8RXL,,,,Size,DROP_DOWN,XL,Color,DROP_DOWN,Grey/Black,,,,,,,,,,,,,Fit,<p>R</p>,Length,<p>65</p>,Width,<p>40</p>,Height,<p>50</p>,Box Quantity,<p>360</p>,Inner Pack Quantity,<p>12</p>,Country Of Origin,<p>CN</p>,Standards,<ul><li>AS/NZS 2161 .2</li><li>AS/NZS 2161 .3</li><li>EN388:2016 +A1:2018 -  4.1.3.1.X.</li><li>ANSI/ISEA 105: 2016 CUT Level  A1</li><li>EN 420   Dexterity 5</li></ul>,,,,
A352,Variant,,Maximum dexterity Superb abrasion and tear resistance Nitrile foam coating for excellent grip in wet and dry conditions 3/4 dipped for increased protection Open back for breathability,https://d11ak7fd9ypfb7.cloudfront.net/styles1100px/A352G8R.jpg,,0.0,TRUE,InStock,0.07,,A352G8RXXL,,,,Size,DROP_DOWN,XXL,Color,DROP_DOWN,Grey/Black,,,,,,,,,,,,,Fit,<p>R</p>,Length,<p>65</p>,Width,<p>40</p>,Height,<p>50</p>,Box Quantity,<p>360</p>,Inner Pack Quantity,<p>12</p>,Country Of Origin,<p>CN</p>,Standards,<ul><li>AS/NZS 2161 .2</li><li>AS/NZS 2161 .3</li><li>EN388:2016 +A1:2018 -  4.1.3.1.X.</li><li>ANSI/ISEA 105: 2016 CUT Level  A1</li><li>EN 420   Dexterity 5</li></ul>,,,,
A355,Product,A355 - ,,https://d11ak7fd9ypfb7.cloudfront.net/styles1100px/A355K8R.jpg,0.0,0.0,TRUE,InStock,0.999,,A355K8RL,,,,Size,DROP_DOWN,XS;S;M;L;XL;XXL,Color,DROP_DOWN,Black,,,,,,,,,,,,,Fit,<p>R</p>,Length,<p>50</p>,Width,<p>31</p>,Height,<p>38</p>,Box Quantity,<p>12</p>,Inner Pack Quantity,<p>1</p>,Country Of Origin,<p>CN</p>,Standards,<p></p>,,,,
A355,Variant,,,https://d11ak7fd9ypfb7.cloudfront.net/styles1100px/A355K8R.jpg,,0.0,TRUE,InStock,0.999,,A355K8RL,,,,Size,DROP_DOWN,L,Color,DROP_DOWN,Black,,,,,,,,,,,,,Fit,<p>R</p>,Length,<p>50</p>,Width,<p>31</p>,Height,<p>38</p>,Box Quantity,<p>12</p>,Inner Pack Quantity,<p>1</p>,Country Of Origin,<p>CN</p>,Standards,<p></p>,,,,
A355,Variant,,,https://d11ak7fd9ypfb7.cloudfront.net/styles1100px/A355K8R.jpg,,0.0,TRUE,InStock,0.999,,A355K8RM,,,,Size,DROP_DOWN,M,Color,DROP_DOWN,Black,,,,,,,,,,,,,Fit,<p>R</p>,Length,<p>50</p>,Width,<p>31</p>,Height,<p>38</p>,Box Quantity,<p>12</p>,Inner Pack Quantity,<p>1</p>,Country Of Origin,<p>CN</p>,Standards,<p></p>,,,,
A355,Variant,,,https://d11ak7fd9ypfb7.cloudfront.net/styles1100px/A355K8R.jpg,,0.0,TRUE,InStock,0.999,,A355K8RS,,,,Size,DROP_DOWN,S,Color,DROP_DOWN,Black,,,,,,,,,,,,,Fit,<p>R</p>,Length,<p>50</p>,Width,<p>31</p>,Height,<p>38</p>,Box Quantity,<p>12</p>,Inner Pack Quantity,<p>1</p>,Country Of Origin,<p>CN</p>,Standards,<p></p>,,,,
A355,Variant,,,https://d11ak7fd9ypfb7.cloudfront.net/styles1100px/A355K8R.jpg,,0.0,TRUE,InStock,0.999,,A355K8RXL,,,,Size,DROP_DOWN,XL,Color,DROP_DOWN,Black,,,,,,,,,,,,,Fit,<p>R</p>,Length,<p>50</p>,Width,<p>31</p>,Height,<p>38</p>,Box Quantity,<p>12</p>,Inner Pack Quantity,<p>1</p>,Country Of Origin,<p>CN</p>,Standards,<p></p>,,,,
A355,Variant,,,https://d11ak7fd9ypfb7.cloudfront.net/styles1100px/A355K8R.jpg,,0.0,TRUE,InStock,0.999,,A355K8RXS,,,,Size,DROP_DOWN,XS,Color,DROP_DOWN,Black,,,,,,,,,,,,,Fit,<p>R</p>,Length,<p>50</p>,Width,<p>31</p>,Height,<p>38</p>,Box Quantity,<p>12</p>,Inner Pack Quantity,<p>1</p>,Country Of Origin,<p>CN</p>,Standards,<p></p>,,,,
A355,Variant,,,https://d11ak7fd9ypfb7.cloudfront.net/styles1100px/A355K8R.jpg,,0.0,TRUE,InStock,0.999,,A355K8RXXL,,,,Size,DROP_DOWN,XXL,Color,DROP_DOWN,Black,,,,,,,,,,,,,Fit,<p>R</p>,Length,<p>50</p>,Width,<p>31</p>,Height,<p>38</p>,Box Quantity,<p>12</p>,Inner Pack Quantity,<p>1</p>,Country Of Origin,<p>CN</p>,Standards,<p></p>,,,,
A400,Product,A400 - PVC Knitwrist Glove,Extremely flexible PVC REACH compliant PVC coating Fully coated for maximum liquid protection Cotton liner with knitted wrist Excellent abrasion resistance,https://d11ak7fd9ypfb7.cloudfront.net/styles1100px/A400BKR.jpg,2.9,0.0,TRUE,InStock,0.14,,A400BKRL,,,,Size,DROP_DOWN,M;L;XL;XXL,Color,DROP_DOWN,Black,,,,,,,,,,,,,Fit,<p>R</p>,Length,<p>41</p>,Width,<p>28</p>,Height,<p>50</p>,Box Quantity,<p>144</p>,Inner Pack Quantity,<p>12</p>,Country Of Origin,<p>CN</p>,Standards,<ul><li>EN 420</li><li>AS/NZS 2161 .2</li><li>AS/NZS 2161 .3</li><li>ANSI/ISEA 105: 2016 CUT Level  A1</li><li>EN388:2016 +A1:2018 -  4121X</li></ul>,,,,
A400,Variant,,Extremely flexible PVC REACH compliant PVC coating Fully coated for maximum liquid protection Cotton liner with knitted wrist Excellent abrasion resistance,https://d11ak7fd9ypfb7.cloudfront.net/styles1100px/A400BKR.jpg,,0.0,TRUE,InStock,0.14,,A400BKRL,,,,Size,DROP_DOWN,L,Color,DROP_DOWN,Black,,,,,,,,,,,,,Fit,<p>R</p>,Length,<p>41</p>,Width,<p>28</p>,Height,<p>50</p>,Box Quantity,<p>144</p>,Inner Pack Quantity,<p>12</p>,Country Of Origin,<p>CN</p>,Standards,<ul><li>EN 420</li><li>AS/NZS 2161 .2</li><li>AS/NZS 2161 .3</li><li>ANSI/ISEA 105: 2016 CUT Level  A1</li><li>EN388:2016 +A1:2018 -  4121X</li></ul>,,,,
A400,Variant,,Extremely flexible PVC REACH compliant PVC coating Fully coated for maximum liquid protection Cotton liner with knitted wrist Excellent abrasion resistance,https://d11ak7fd9ypfb7.cloudfront.net/styles1100px/A400BKR.jpg,,0.0,TRUE,InStock,0.1,,A400BKRM,,,,Size,DROP_DOWN,M,Color,DROP_DOWN,Black,,,,,,,,,,,,,Fit,<p>R</p>,Length,<p>41</p>,Width,<p>28</p>,Height,<p>50</p>,Box Quantity,<p>144</p>,Inner Pack Quantity,<p>12</p>,Country Of Origin,<p>CN</p>,Standards,<ul><li>EN 420</li><li>AS/NZS 2161 .2</li><li>AS/NZS 2161 .3</li><li>ANSI/ISEA 105: 2016 CUT Level  A1</li><li>EN388:2016 +A1:2018 -  4121X</li></ul>,,,,
A400,Variant,,Extremely flexible PVC REACH compliant PVC coating Fully coated for maximum liquid protection Cotton liner with knitted wrist Excellent abrasion resistance,https://d11ak7fd9ypfb7.cloudfront.net/styles1100px/A400BKR.jpg,,0.0,TRUE,InStock,0.113,,A400BKRXL,,,,Size,DROP_DOWN,XL,Color,DROP_DOWN,Black,,,,,,,,,,,,,Fit,<p>R</p>,Length,<p>41</p>,Width,<p>28</p>,Height,<p>50</p>,Box Quantity,<p>144</p>,Inner Pack Quantity,<p>12</p>,Country Of Origin,<p>CN</p>,Standards,<ul><li>EN 420</li><li>AS/NZS 2161 .2</li><li>AS/NZS 2161 .3</li><li>ANSI/ISEA 105: 2016 CUT Level  A1</li><li>EN388:2016 +A1:2018 -  4121X</li></ul>,,,,
A400,Variant,,Extremely flexible PVC REACH compliant PVC coating Fully coated for maximum liquid protection Cotton liner with knitted wrist Excellent abrasion resistance,https://d11ak7fd9ypfb7.cloudfront.net/styles1100px/A400BKR.jpg,,0.0,TRUE,InStock,0.14,,A400BKRXXL,,,,Size,DROP_DOWN,XXL,Color,DROP_DOWN,Black,,,,,,,,,,,,,Fit,<p>R</p>,Length,<p>41</p>,Width,<p>28</p>,Height,<p>50</p>,Box Quantity,<p>144</p>,Inner Pack Quantity,<p>12</p>,Country Of Origin,<p>CN</p>,Standards,<ul><li>EN 420</li><li>AS/NZS 2161 .2</li><li>AS/NZS 2161 .3</li><li>ANSI/ISEA 105: 2016 CUT Level  A1</li><li>EN388:2016 +A1:2018 -  4121X</li></ul>,,,,
A500,Product,A500 - Welders Gauntlet,"Maximum EN407 burn behavior resistance Ideal for welding and metal handling 14"" cow split leather welding gauntlet Full cotton lining",https://d11ak7fd9ypfb7.cloudfront.net/styles1100px/A500RER.jpg,8.4,0.0,TRUE,InStock,0.28,,A500RERXL,,,,Size,DROP_DOWN,XL,Color,DROP_DOWN,Red,,,,,,,,,,,,,Fit,<p>R</p>,Length,<p>41</p>,Width,<p>35</p>,Height,<p>45</p>,Box Quantity,<p>60</p>,Inner Pack Quantity,<p>6</p>,Country Of Origin,<p>PK</p>,Standards,<ul><li>EN 420</li><li>EN 12477 Type A</li><li>AS/NZS 2161 .2</li><li>AS/NZS 2161 .3</li><li>AS/NZS 2161 .4</li><li>EN388:2016 +A1:2018 -  3.2.4.3.X</li><li>EN 407   4.1.3.2.4.4.</li><li>ANSI/ISEA 105: 2016 CUT Level  A2</li><li>EN 388:2003 -  4.2.4.3</li></ul>,,,,
A521,Product,A521 - TIG Ultra Welding Gauntlet,The TIG ultra welding gauntlet offers ultimate dexterity to the user Goat leather palm and excellent burn resistance due to the split leather backing Reinforced aramid stitching for extra durability EN12477 Type B welding protection,https://d11ak7fd9ypfb7.cloudfront.net/styles1100px/A521BRR.jpg,19.0,0.0,TRUE,InStock,0.175,,A521BRRL,,,,Size,DROP_DOWN,L;XL;XXL,Color,DROP_DOWN,Brown,,,,,,,,,,,,,Fit,<p>R</p>,Length,<p>55</p>,Width,<p>36</p>,Height,<p>45</p>,Box Quantity,<p>72</p>,Inner Pack Quantity,<p>6</p>,Country Of Origin,<p>PK</p>,Standards,<ul><li>EN 420</li><li>ANSI/ISEA 105: 2016 CUT Level  A2</li><li>EN388:2016 +A1:2018 -  3.2.4.3.X</li><li>EN 420   Dexterity - 2</li><li>EN 407   412X4X</li><li>EN 12477 Type A  Type A</li></ul>,,,,
A521,Variant,,The TIG ultra welding gauntlet offers ultimate dexterity to the user Goat leather palm and excellent burn resistance due to the split leather backing Reinforced aramid stitching for extra durability EN12477 Type B welding protection,https://d11ak7fd9ypfb7.cloudfront.net/styles1100px/A521BRR.jpg,,0.0,TRUE,InStock,0.175,,A521BRRL,,,,Size,DROP_DOWN,L,Color,DROP_DOWN,Brown,,,,,,,,,,,,,Fit,<p>R</p>,Length,<p>55</p>,Width,<p>36</p>,Height,<p>45</p>,Box Quantity,<p>72</p>,Inner Pack Quantity,<p>6</p>,Country Of Origin,<p>PK</p>,Standards,<ul><li>EN 420</li><li>ANSI/ISEA 105: 2016 CUT Level  A2</li><li>EN388:2016 +A1:2018 -  3.2.4.3.X</li><li>EN 420   Dexterity - 2</li><li>EN 407   412X4X</li><li>EN 12477 Type A  Type A</li></ul>,,,,
A521,Variant,,The TIG ultra welding gauntlet offers ultimate dexterity to the user Goat leather palm and excellent burn resistance due to the split leather backing Reinforced aramid stitching for extra durability EN12477 Type B welding protection,https://d11ak7fd9ypfb7.cloudfront.net/styles1100px/A521BRR.jpg,,0.0,TRUE,InStock,0.191,,A521BRRXL,,,,Size,DROP_DOWN,XL,Color,DROP_DOWN,Brown,,,,,,,,,,,,,Fit,<p>R</p>,Length,<p>55</p>,Width,<p>36</p>,Height,<p>45</p>,Box Quantity,<p>72</p>,Inner Pack Quantity,<p>6</p>,Country Of Origin,<p>PK</p>,Standards,<ul><li>EN 420</li><li>ANSI/ISEA 105: 2016 CUT Level  A2</li><li>EN388:2016 +A1:2018 -  3.2.4.3.X</li><li>EN 420   Dexterity - 2</li><li>EN 407   412X4X</li><li>EN 12477 Type A  Type A</li></ul>,,,,
A521,Variant,,The TIG ultra welding gauntlet offers ultimate dexterity to the user Goat leather palm and excellent burn resistance due to the split leather backing Reinforced aramid stitching for extra durability EN12477 Type B welding protection,https://d11ak7fd9ypfb7.cloudfront.net/styles1100px/A521BRR.jpg,,0.0,TRUE,InStock,0.209,,A521BRRXXL,,,,Size,DROP_DOWN,XXL,Color,DROP_DOWN,Brown,,,,,,,,,,,,,Fit,<p>R</p>,Length,<p>55</p>,Width,<p>36</p>,Height,<p>45</p>,Box Quantity,<p>72</p>,Inner Pack Quantity,<p>6</p>,Country Of Origin,<p>PK</p>,Standards,<ul><li>EN 420</li><li>ANSI/ISEA 105: 2016 CUT Level  A2</li><li>EN388:2016 +A1:2018 -  3.2.4.3.X</li><li>EN 420   Dexterity - 2</li><li>EN 407   412X4X</li><li>EN 12477 Type A  Type A</li></ul>,,,,
A530,Product,A530 - Reinforced Welding Gauntlet,Premium quality leather welding gauntlet Fully welted and sewn with para-aramid thread Reinforced palm and thumb area Full cotton lining,https://d11ak7fd9ypfb7.cloudfront.net/styles1100px/A530BRR.jpg,9.6,0.0,TRUE,InStock,0.32,,A530BRRXL,,,,Size,DROP_DOWN,XL,Color,DROP_DOWN,Brown,,,,,,,,,,,,,Fit,<p>R</p>,Length,<p>35</p>,Width,<p>35</p>,Height,<p>46</p>,Box Quantity,<p>48</p>,Inner Pack Quantity,<p>6</p>,Country Of Origin,<p>PK</p>,Standards,<ul><li>EN 12477 Type A</li><li>AS/NZS 2161 .2</li><li>AS/NZS 2161 .3</li><li>EN 420</li><li>ANSI/ISEA 105: 2016 CUT Level  A2</li><li>EN388:2016 +A1:2018 -  4243X</li><li>EN 407   413X3X</li></ul>,,,,
A531,Product,A531 - Reinforced Winter Welding Gauntlet,Premium quality leather welding gauntlet Ideal for welding and metal handling Thick fleece lining provides protection against both cold and heat 14 inch cow split leather gauntlet Aramid stitching for supreme durability,https://d11ak7fd9ypfb7.cloudfront.net/styles1100px/A531BRR.jpg,16.1,0.0,TRUE,InStock,0.344,,A531BRRXL,,,,Size,DROP_DOWN,XL,Color,DROP_DOWN,Brown,,,,,,,,,,,,,Fit,<p>R</p>,Length,<p>59</p>,Width,<p>36</p>,Height,<p>36</p>,Box Quantity,<p>48</p>,Inner Pack Quantity,<p>6</p>,Country Of Origin,<p>PK</p>,Standards,<ul><li>EN 12477 Type A</li><li>EN 420</li><li>EN388:2016 +A1:2018 -  4.2.4.3.X</li><li>EN 511   1.4.X</li><li>ANSI/ISEA 105: 2016 CUT Level  A2</li><li>EN 407   413X3X</li></ul>,,,,
A540,Product,A540 - Ultra Welding Gauntlet,Premium quality leather welding gauntlet Full grain leather overlaid with split leather backing offers excellent burn resistance Reinforcement stitching on palms and fingers increases durability Fleece lining provides protection against both cold and heat Reinforced aramid stitching for supreme durability,https://d11ak7fd9ypfb7.cloudfront.net/styles1100px/A540BRR.jpg,24.7,0.0,TRUE,InStock,0.246,,A540BRRL,,,,Size,DROP_DOWN,L;XL;XXL,Color,DROP_DOWN,Brown,,,,,,,,,,,,,Fit,<p>R</p>,Length,<p>65</p>,Width,<p>40</p>,Height,<p>36</p>,Box Quantity,<p>48</p>,Inner Pack Quantity,<p>6</p>,Country Of Origin,<p>PK</p>,Standards,<ul><li>EN 12477 Type A</li><li>EN 420</li><li>ANSI/ISEA 105: 2016 CUT Level  A2</li><li>EN388:2016 +A1:2018 -  4.2.4.3.X</li><li>EN 407   4.1.2.X.4.X</li></ul>,,,,
A540,Variant,,Premium quality leather welding gauntlet Full grain leather overlaid with split leather backing offers excellent burn resistance Reinforcement stitching on palms and fingers increases durability Fleece lining provides protection against both cold and heat Reinforced aramid stitching for supreme durability,https://d11ak7fd9ypfb7.cloudfront.net/styles1100px/A540BRR.jpg,,0.0,TRUE,InStock,0.246,,A540BRRL,,,,Size,DROP_DOWN,L,Color,DROP_DOWN,Brown,,,,,,,,,,,,,Fit,<p>R</p>,Length,<p>65</p>,Width,<p>40</p>,Height,<p>36</p>,Box Quantity,<p>48</p>,Inner Pack Quantity,<p>6</p>,Country Of Origin,<p>PK</p>,Standards,<ul><li>EN 12477 Type A</li><li>EN 420</li><li>ANSI/ISEA 105: 2016 CUT Level  A2</li><li>EN388:2016 +A1:2018 -  4.2.4.3.X</li><li>EN 407   4.1.2.X.4.X</li></ul>,,,,
A540,Variant,,Premium quality leather welding gauntlet Full grain leather overlaid with split leather backing offers excellent burn resistance Reinforcement stitching on palms and fingers increases durability Fleece lining provides protection against both cold and heat Reinforced aramid stitching for supreme durability,https://d11ak7fd9ypfb7.cloudfront.net/styles1100px/A540BRR.jpg,,0.0,TRUE,InStock,0.26,,A540BRRXL,,,,Size,DROP_DOWN,XL,Color,DROP_DOWN,Brown,,,,,,,,,,,,,Fit,<p>R</p>,Length,<p>65</p>,Width,<p>40</p>,Height,<p>36</p>,Box Quantity,<p>48</p>,Inner Pack Quantity,<p>6</p>,Country Of Origin,<p>PK</p>,Standards,<ul><li>EN 12477 Type A</li><li>EN 420</li><li>ANSI/ISEA 105: 2016 CUT Level  A2</li><li>EN388:2016 +A1:2018 -  4.2.4.3.X</li><li>EN 407   4.1.2.X.4.X</li></ul>,,,,
A540,Variant,,Premium quality leather welding gauntlet Full grain leather overlaid with split leather backing offers excellent burn resistance Reinforcement stitching on palms and fingers increases durability Fleece lining provides protection against both cold and heat Reinforced aramid stitching for supreme durability,https://d11ak7fd9ypfb7.cloudfront.net/styles1100px/A540BRR.jpg,,0.0,TRUE,InStock,0.266,,A540BRRXXL,,,,Size,DROP_DOWN,XXL,Color,DROP_DOWN,Brown,,,,,,,,,,,,,Fit,<p>R</p>,Length,<p>65</p>,Width,<p>40</p>,Height,<p>36</p>,Box Quantity,<p>48</p>,Inner Pack Quantity,<p>6</p>,Country Of Origin,<p>PK</p>,Standards,<ul><li>EN 12477 Type A</li><li>EN 420</li><li>ANSI/ISEA 105: 2016 CUT Level  A2</li><li>EN388:2016 +A1:2018 -  4.2.4.3.X</li><li>EN 407   4.1.2.X.4.X</li></ul>,,,,
A611,Product,A611 - Aramid HR Cut Latex Glove,ANSI cut level A4 Ideal for the glass industry Durable aramid cut resistant liner Knitting gauge 10 Excellent durability and grip in wet and dry conditions Crinkle latex grip,https://d11ak7fd9ypfb7.cloudfront.net/styles1100px/A611K4R.jpg,8.6,0.0,TRUE,InStock,0.121,,A611K4RL,,,,Size,DROP_DOWN,S;M;L;XL;XXL;XXXL,Color,DROP_DOWN,Black/Blue,,,,,,,,,,,,,Fit,<p>R</p>,Length,<p>60</p>,Width,<p>40</p>,Height,<p>52</p>,Box Quantity,<p>144</p>,Inner Pack Quantity,<p>12</p>,Country Of Origin,<p>CN</p>,Standards,<ul><li>EN 420</li><li>ANSI/ISEA 105: 2016 CUT Level  A4</li><li>AS/NZS 2161 .2</li><li>AS/NZS 2161 .3</li><li>AS/NZS 2161 .4</li><li>EN388:2016 +A1:2018 -  3X43D</li><li>EN 407   X2XXXX</li></ul>,,,,
A611,Variant,,ANSI cut level A4 Ideal for the glass industry Durable aramid cut resistant liner Knitting gauge 10 Excellent durability and grip in wet and dry conditions Crinkle latex grip,https://d11ak7fd9ypfb7.cloudfront.net/styles1100px/A611K4R.jpg,,0.0,TRUE,InStock,0.121,,A611K4RL,,,,Size,DROP_DOWN,L,Color,DROP_DOWN,Black/Blue,,,,,,,,,,,,,Fit,<p>R</p>,Length,<p>60</p>,Width,<p>40</p>,Height,<p>52</p>,Box Quantity,<p>144</p>,Inner Pack Quantity,<p>12</p>,Country Of Origin,<p>CN</p>,Standards,<ul><li>EN 420</li><li>ANSI/ISEA 105: 2016 CUT Level  A4</li><li>AS/NZS 2161 .2</li><li>AS/NZS 2161 .3</li><li>AS/NZS 2161 .4</li><li>EN388:2016 +A1:2018 -  3X43D</li><li>EN 407   X2XXXX</li></ul>,,,,
A611,Variant,,ANSI cut level A4 Ideal for the glass industry Durable aramid cut resistant liner Knitting gauge 10 Excellent durability and grip in wet and dry conditions Crinkle latex grip,https://d11ak7fd9ypfb7.cloudfront.net/styles1100px/A611K4R.jpg,,0.0,TRUE,InStock,0.111,,A611K4RM,,,,Size,DROP_DOWN,M,Color,DROP_DOWN,Black/Blue,,,,,,,,,,,,,Fit,<p>R</p>,Length,<p>60</p>,Width,<p>40</p>,Height,<p>52</p>,Box Quantity,<p>144</p>,Inner Pack Quantity,<p>12</p>,Country Of Origin,<p>CN</p>,Standards,<ul><li>EN 420</li><li>ANSI/ISEA 105: 2016 CUT Level  A4</li><li>AS/NZS 2161 .2</li><li>AS/NZS 2161 .3</li><li>AS/NZS 2161 .4</li><li>EN388:2016 +A1:2018 -  3X43D</li><li>EN 407   X2XXXX</li></ul>,,,,
A611,Variant,,ANSI cut level A4 Ideal for the glass industry Durable aramid cut resistant liner Knitting gauge 10 Excellent durability and grip in wet and dry conditions Crinkle latex grip,https://d11ak7fd9ypfb7.cloudfront.net/styles1100px/A611K4R.jpg,,0.0,TRUE,InStock,0.109,,A611K4RS,,,,Size,DROP_DOWN,S,Color,DROP_DOWN,Black/Blue,,,,,,,,,,,,,Fit,<p>R</p>,Length,<p>60</p>,Width,<p>40</p>,Height,<p>52</p>,Box Quantity,<p>144</p>,Inner Pack Quantity,<p>12</p>,Country Of Origin,<p>CN</p>,Standards,<ul><li>EN 420</li><li>ANSI/ISEA 105: 2016 CUT Level  A4</li><li>AS/NZS 2161 .2</li><li>AS/NZS 2161 .3</li><li>AS/NZS 2161 .4</li><li>EN388:2016 +A1:2018 -  3X43D</li><li>EN 407   X2XXXX</li></ul>,,,,
A611,Variant,,ANSI cut level A4 Ideal for the glass industry Durable aramid cut resistant liner Knitting gauge 10 Excellent durability and grip in wet and dry conditions Crinkle latex grip,https://d11ak7fd9ypfb7.cloudfront.net/styles1100px/A611K4R.jpg,,0.0,TRUE,InStock,0.132,,A611K4RXL,,,,Size,DROP_DOWN,XL,Color,DROP_DOWN,Black/Blue,,,,,,,,,,,,,Fit,<p>R</p>,Length,<p>60</p>,Width,<p>40</p>,Height,<p>52</p>,Box Quantity,<p>144</p>,Inner Pack Quantity,<p>12</p>,Country Of Origin,<p>CN</p>,Standards,<ul><li>EN 420</li><li>ANSI/ISEA 105: 2016 CUT Level  A4</li><li>AS/NZS 2161 .2</li><li>AS/NZS 2161 .3</li><li>AS/NZS 2161 .4</li><li>EN388:2016 +A1:2018 -  3X43D</li><li>EN 407   X2XXXX</li></ul>,,,,
A611,Variant,,ANSI cut level A4 Ideal for the glass industry Durable aramid cut resistant liner Knitting gauge 10 Excellent durability and grip in wet and dry conditions Crinkle latex grip,https://d11ak7fd9ypfb7.cloudfront.net/styles1100px/A611K4R.jpg,,0.0,TRUE,InStock,0.145,,A611K4RXXL,,,,Size,DROP_DOWN,XXL,Color,DROP_DOWN,Black/Blue,,,,,,,,,,,,,Fit,<p>R</p>,Length,<p>60</p>,Width,<p>40</p>,Height,<p>52</p>,Box Quantity,<p>144</p>,Inner Pack Quantity,<p>12</p>,Country Of Origin,<p>CN</p>,Standards,<ul><li>EN 420</li><li>ANSI/ISEA 105: 2016 CUT Level  A4</li><li>AS/NZS 2161 .2</li><li>AS/NZS 2161 .3</li><li>AS/NZS 2161 .4</li><li>EN388:2016 +A1:2018 -  3X43D</li><li>EN 407   X2XXXX</li></ul>,,,,
A611,Variant,,ANSI cut level A4 Ideal for the glass industry Durable aramid cut resistant liner Knitting gauge 10 Excellent durability and grip in wet and dry conditions Crinkle latex grip,https://d11ak7fd9ypfb7.cloudfront.net/styles1100px/A611K4R.jpg,,0.0,TRUE,InStock,0.152,,A611K4RXXXL,,,,Size,DROP_DOWN,XXXL,Color,DROP_DOWN,Black/Blue,,,,,,,,,,,,,Fit,<p>R</p>,Length,<p>60</p>,Width,<p>40</p>,Height,<p>52</p>,Box Quantity,<p>144</p>,Inner Pack Quantity,<p>12</p>,Country Of Origin,<p>CN</p>,Standards,<ul><li>EN 420</li><li>ANSI/ISEA 105: 2016 CUT Level  A4</li><li>AS/NZS 2161 .2</li><li>AS/NZS 2161 .3</li><li>AS/NZS 2161 .4</li><li>EN388:2016 +A1:2018 -  3X43D</li><li>EN 407   X2XXXX</li></ul>,,,,
A620,Product,A620 - LR Cut PU Palm Glove,ANSI cut level A2 Smooth PU coating for increased abrasion resistance Palm dipped to increase dexterity and ventilation 100% breathable seamless liner,https://d11ak7fd9ypfb7.cloudfront.net/styles1100px/A620GRR.jpg,5.9,0.0,TRUE,InStock,0.055,,A620GRRL,,,,Size,DROP_DOWN,XS;S;M;L;XL;XXL;XXXL,Color,DROP_DOWN,Grey,,,,,,,,,,,,,Fit,<p>R</p>,Length,<p>56</p>,Width,<p>30</p>,Height,<p>40</p>,Box Quantity,<p>144</p>,Inner Pack Quantity,<p>12</p>,Country Of Origin,<p>CN</p>,Standards,<ul><li>EN 420</li><li>AS/NZS 2161 .2</li><li>AS/NZS 2161 .3</li><li>AS/NZS 2161 .4</li><li>ANSI/ISEA 105: 2016 CUT Level  A2</li><li>EN388:2016 +A1:2018 -  4X41B</li><li>EN 407   X1XXXX</li></ul>,,,,
A620,Variant,,ANSI cut level A2 Smooth PU coating for increased abrasion resistance Palm dipped to increase dexterity and ventilation 100% breathable seamless liner,https://d11ak7fd9ypfb7.cloudfront.net/styles1100px/A620GRR.jpg,,0.0,TRUE,InStock,0.055,,A620GRRL,,,,Size,DROP_DOWN,L,Color,DROP_DOWN,Grey,,,,,,,,,,,,,Fit,<p>R</p>,Length,<p>56</p>,Width,<p>30</p>,Height,<p>40</p>,Box Quantity,<p>144</p>,Inner Pack Quantity,<p>12</p>,Country Of Origin,<p>CN</p>,Standards,<ul><li>EN 420</li><li>AS/NZS 2161 .2</li><li>AS/NZS 2161 .3</li><li>AS/NZS 2161 .4</li><li>ANSI/ISEA 105: 2016 CUT Level  A2</li><li>EN388:2016 +A1:2018 -  4X41B</li><li>EN 407   X1XXXX</li></ul>,,,,
A620,Variant,,ANSI cut level A2 Smooth PU coating for increased abrasion resistance Palm dipped to increase dexterity and ventilation 100% breathable seamless liner,https://d11ak7fd9ypfb7.cloudfront.net/styles1100px/A620GRR.jpg,,0.0,TRUE,InStock,0.053,,A620GRRM,,,,Size,DROP_DOWN,M,Color,DROP_DOWN,Grey,,,,,,,,,,,,,Fit,<p>R</p>,Length,<p>56</p>,Width,<p>30</p>,Height,<p>40</p>,Box Quantity,<p>144</p>,Inner Pack Quantity,<p>12</p>,Country Of Origin,<p>CN</p>,Standards,<ul><li>EN 420</li><li>AS/NZS 2161 .2</li><li>AS/NZS 2161 .3</li><li>AS/NZS 2161 .4</li><li>ANSI/ISEA 105: 2016 CUT Level  A2</li><li>EN388:2016 +A1:2018 -  4X41B</li><li>EN 407   X1XXXX</li></ul>,,,,
A620,Variant,,ANSI cut level A2 Smooth PU coating for increased abrasion resistance Palm dipped to increase dexterity and ventilation 100% breathable seamless liner,https://d11ak7fd9ypfb7.cloudfront.net/styles1100px/A620GRR.jpg,,0.0,TRUE,InStock,0.049,,A620GRRS,,,,Size,DROP_DOWN,S,Color,DROP_DOWN,Grey,,,,,,,,,,,,,Fit,<p>R</p>,Length,<p>56</p>,Width,<p>30</p>,Height,<p>40</p>,Box Quantity,<p>144</p>,Inner Pack Quantity,<p>12</p>,Country Of Origin,<p>CN</p>,Standards,<ul><li>EN 420</li><li>AS/NZS 2161 .2</li><li>AS/NZS 2161 .3</li><li>AS/NZS 2161 .4</li><li>ANSI/ISEA 105: 2016 CUT Level  A2</li><li>EN388:2016 +A1:2018 -  4X41B</li><li>EN 407   X1XXXX</li></ul>,,,,
A620,Variant,,ANSI cut level A2 Smooth PU coating for increased abrasion resistance Palm dipped to increase dexterity and ventilation 100% breathable seamless liner,https://d11ak7fd9ypfb7.cloudfront.net/styles1100px/A620GRR.jpg,,0.0,TRUE,InStock,0.059,,A620GRRXL,,,,Size,DROP_DOWN,XL,Color,DROP_DOWN,Grey,,,,,,,,,,,,,Fit,<p>R</p>,Length,<p>56</p>,Width,<p>30</p>,Height,<p>40</p>,Box Quantity,<p>144</p>,Inner Pack Quantity,<p>12</p>,Country Of Origin,<p>CN</p>,Standards,<ul><li>EN 420</li><li>AS/NZS 2161 .2</li><li>AS/NZS 2161 .3</li><li>AS/NZS 2161 .4</li><li>ANSI/ISEA 105: 2016 CUT Level  A2</li><li>EN388:2016 +A1:2018 -  4X41B</li><li>EN 407   X1XXXX</li></ul>,,,,
A620,Variant,,ANSI cut level A2 Smooth PU coating for increased abrasion resistance Palm dipped to increase dexterity and ventilation 100% breathable seamless liner,https://d11ak7fd9ypfb7.cloudfront.net/styles1100px/A620GRR.jpg,,0.0,TRUE,InStock,0.044,,A620GRRXS,,,,Size,DROP_DOWN,XS,Color,DROP_DOWN,Grey,,,,,,,,,,,,,Fit,<p>R</p>,Length,<p>56</p>,Width,<p>30</p>,Height,<p>40</p>,Box Quantity,<p>144</p>,Inner Pack Quantity,<p>12</p>,Country Of Origin,<p>CN</p>,Standards,<ul><li>EN 420</li><li>AS/NZS 2161 .2</li><li>AS/NZS 2161 .3</li><li>AS/NZS 2161 .4</li><li>ANSI/ISEA 105: 2016 CUT Level  A2</li><li>EN388:2016 +A1:2018 -  4X41B</li><li>EN 407   X1XXXX</li></ul>,,,,
A620,Variant,,ANSI cut level A2 Smooth PU coating for increased abrasion resistance Palm dipped to increase dexterity and ventilation 100% breathable seamless liner,https://d11ak7fd9ypfb7.cloudfront.net/styles1100px/A620GRR.jpg,,0.0,TRUE,InStock,0.06,,A620GRRXXL,,,,Size,DROP_DOWN,XXL,Color,DROP_DOWN,Grey,,,,,,,,,,,,,Fit,<p>R</p>,Length,<p>56</p>,Width,<p>30</p>,Height,<p>40</p>,Box Quantity,<p>144</p>,Inner Pack Quantity,<p>12</p>,Country Of Origin,<p>CN</p>,Standards,<ul><li>EN 420</li><li>AS/NZS 2161 .2</li><li>AS/NZS 2161 .3</li><li>AS/NZS 2161 .4</li><li>ANSI/ISEA 105: 2016 CUT Level  A2</li><li>EN388:2016 +A1:2018 -  4X41B</li><li>EN 407   X1XXXX</li></ul>,,,,
A620,Variant,,ANSI cut level A2 Smooth PU coating for increased abrasion resistance Palm dipped to increase dexterity and ventilation 100% breathable seamless liner,https://d11ak7fd9ypfb7.cloudfront.net/styles1100px/A620GRR.jpg,,0.0,TRUE,InStock,0.07,,A620GRRXXXL,,,,Size,DROP_DOWN,XXXL,Color,DROP_DOWN,Grey,,,,,,,,,,,,,Fit,<p>R</p>,Length,<p>56</p>,Width,<p>30</p>,Height,<p>40</p>,Box Quantity,<p>144</p>,Inner Pack Quantity,<p>12</p>,Country Of Origin,<p>CN</p>,Standards,<ul><li>EN 420</li><li>AS/NZS 2161 .2</li><li>AS/NZS 2161 .3</li><li>AS/NZS 2161 .4</li><li>ANSI/ISEA 105: 2016 CUT Level  A2</li><li>EN388:2016 +A1:2018 -  4X41B</li><li>EN 407   X1XXXX</li></ul>,,,,
A621,Product,A621 - Cut 3/4 Nitrile Foam Glove,ANSI cut level A3 Superb abrasion and tear resistance Nitrile foam coating for excellent grip in wet and dry conditions 3/4 dipped for increased protection 100% breathable seamless liner,https://d11ak7fd9ypfb7.cloudfront.net/styles1100px/A621BKR.jpg,7.7,0.0,TRUE,InStock,0.12,,A621BKRL,,,,Size,DROP_DOWN,S;M;L;XL;XXL;XXXL,Color,DROP_DOWN,Black,,,,,,,,,,,,,Fit,<p>R</p>,Length,<p>45</p>,Width,<p>37</p>,Height,<p>27</p>,Box Quantity,<p>144</p>,Inner Pack Quantity,<p>12</p>,Country Of Origin,<p>CN</p>,Standards,<ul><li>EN 420</li><li>AS/NZS 2161 .2</li><li>AS/NZS 2161 .3</li><li>AS/NZS 2161 .4</li><li>ANSI/ISEA 105: 2016 CUT Level  A4</li><li>EN388:2016 +A1:2018 -  4X43D</li><li>EN 407   X1XXXX</li></ul>,,,,
A621,Variant,,ANSI cut level A3 Superb abrasion and tear resistance Nitrile foam coating for excellent grip in wet and dry conditions 3/4 dipped for increased protection 100% breathable seamless liner,https://d11ak7fd9ypfb7.cloudfront.net/styles1100px/A621BKR.jpg,,0.0,TRUE,InStock,0.12,,A621BKRL,,,,Size,DROP_DOWN,L,Color,DROP_DOWN,Black,,,,,,,,,,,,,Fit,<p>R</p>,Length,<p>45</p>,Width,<p>37</p>,Height,<p>27</p>,Box Quantity,<p>144</p>,Inner Pack Quantity,<p>12</p>,Country Of Origin,<p>CN</p>,Standards,<ul><li>EN 420</li><li>AS/NZS 2161 .2</li><li>AS/NZS 2161 .3</li><li>AS/NZS 2161 .4</li><li>ANSI/ISEA 105: 2016 CUT Level  A4</li><li>EN388:2016 +A1:2018 -  4X43D</li><li>EN 407   X1XXXX</li></ul>,,,,
A621,Variant,,ANSI cut level A3 Superb abrasion and tear resistance Nitrile foam coating for excellent grip in wet and dry conditions 3/4 dipped for increased protection 100% breathable seamless liner,https://d11ak7fd9ypfb7.cloudfront.net/styles1100px/A621BKR.jpg,,0.0,TRUE,InStock,0.117,,A621BKRM,,,,Size,DROP_DOWN,M,Color,DROP_DOWN,Black,,,,,,,,,,,,,Fit,<p>R</p>,Length,<p>45</p>,Width,<p>37</p>,Height,<p>27</p>,Box Quantity,<p>144</p>,Inner Pack Quantity,<p>12</p>,Country Of Origin,<p>CN</p>,Standards,<ul><li>EN 420</li><li>AS/NZS 2161 .2</li><li>AS/NZS 2161 .3</li><li>AS/NZS 2161 .4</li><li>ANSI/ISEA 105: 2016 CUT Level  A4</li><li>EN388:2016 +A1:2018 -  4X43D</li><li>EN 407   X1XXXX</li></ul>,,,,
A621,Variant,,ANSI cut level A3 Superb abrasion and tear resistance Nitrile foam coating for excellent grip in wet and dry conditions 3/4 dipped for increased protection 100% breathable seamless liner,https://d11ak7fd9ypfb7.cloudfront.net/styles1100px/A621BKR.jpg,,0.0,TRUE,InStock,0.115,,A621BKRS,,,,Size,DROP_DOWN,S,Color,DROP_DOWN,Black,,,,,,,,,,,,,Fit,<p>R</p>,Length,<p>45</p>,Width,<p>37</p>,Height,<p>27</p>,Box Quantity,<p>144</p>,Inner Pack Quantity,<p>12</p>,Country Of Origin,<p>CN</p>,Standards,<ul><li>EN 420</li><li>AS/NZS 2161 .2</li><li>AS/NZS 2161 .3</li><li>AS/NZS 2161 .4</li><li>ANSI/ISEA 105: 2016 CUT Level  A4</li><li>EN388:2016 +A1:2018 -  4X43D</li><li>EN 407   X1XXXX</li></ul>,,,,
A621,Variant,,ANSI cut level A3 Superb abrasion and tear resistance Nitrile foam coating for excellent grip in wet and dry conditions 3/4 dipped for increased protection 100% breathable seamless liner,https://d11ak7fd9ypfb7.cloudfront.net/styles1100px/A621BKR.jpg,,0.0,TRUE,InStock,0.129,,A621BKRXL,,,,Size,DROP_DOWN,XL,Color,DROP_DOWN,Black,,,,,,,,,,,,,Fit,<p>R</p>,Length,<p>45</p>,Width,<p>37</p>,Height,<p>27</p>,Box Quantity,<p>144</p>,Inner Pack Quantity,<p>12</p>,Country Of Origin,<p>CN</p>,Standards,<ul><li>EN 420</li><li>AS/NZS 2161 .2</li><li>AS/NZS 2161 .3</li><li>AS/NZS 2161 .4</li><li>ANSI/ISEA 105: 2016 CUT Level  A4</li><li>EN388:2016 +A1:2018 -  4X43D</li><li>EN 407   X1XXXX</li></ul>,,,,
A621,Variant,,ANSI cut level A3 Superb abrasion and tear resistance Nitrile foam coating for excellent grip in wet and dry conditions 3/4 dipped for increased protection 100% breathable seamless liner,https://d11ak7fd9ypfb7.cloudfront.net/styles1100px/A621BKR.jpg,,0.0,TRUE,InStock,0.14,,A621BKRXXL,,,,Size,DROP_DOWN,XXL,Color,DROP_DOWN,Black,,,,,,,,,,,,,Fit,<p>R</p>,Length,<p>45</p>,Width,<p>37</p>,Height,<p>27</p>,Box Quantity,<p>144</p>,Inner Pack Quantity,<p>12</p>,Country Of Origin,<p>CN</p>,Standards,<ul><li>EN 420</li><li>AS/NZS 2161 .2</li><li>AS/NZS 2161 .3</li><li>AS/NZS 2161 .4</li><li>ANSI/ISEA 105: 2016 CUT Level  A4</li><li>EN388:2016 +A1:2018 -  4X43D</li><li>EN 407   X1XXXX</li></ul>,,,,
A621,Variant,,ANSI cut level A3 Superb abrasion and tear resistance Nitrile foam coating for excellent grip in wet and dry conditions 3/4 dipped for increased protection 100% breathable seamless liner,https://d11ak7fd9ypfb7.cloudfront.net/styles1100px/A621BKR.jpg,,0.0,TRUE,InStock,0.145,,A621BKRXXXL,,,,Size,DROP_DOWN,XXXL,Color,DROP_DOWN,Black,,,,,,,,,,,,,Fit,<p>R</p>,Length,<p>45</p>,Width,<p>37</p>,Height,<p>27</p>,Box Quantity,<p>144</p>,Inner Pack Quantity,<p>12</p>,Country Of Origin,<p>CN</p>,Standards,<ul><li>EN 420</li><li>AS/NZS 2161 .2</li><li>AS/NZS 2161 .3</li><li>AS/NZS 2161 .4</li><li>ANSI/ISEA 105: 2016 CUT Level  A4</li><li>EN388:2016 +A1:2018 -  4X43D</li><li>EN 407   X1XXXX</li></ul>,,,,
A622,Product,A622 - MR Cut PU Palm Glove,ANSI cut level A3 Superb abrasion and tear resistance Smooth PU coating for increased abrasion resistance Palm dipped to increase dexterity and ventilation 100% breathable seamless liner,https://d11ak7fd9ypfb7.cloudfront.net/styles1100px/A622G7R.jpg,6.3,0.0,TRUE,InStock,0.072,,A622G7RL,,,,Size,DROP_DOWN,XS;S;M;L;XL;XXL;XXXL,Color,DROP_DOWN,Grey,,,,,,,,,,,,,Fit,<p>R</p>,Length,<p>51</p>,Width,<p>30</p>,Height,<p>43</p>,Box Quantity,<p>144</p>,Inner Pack Quantity,<p>12</p>,Country Of Origin,<p>CN</p>,Standards,<ul><li>EN 420</li><li>AS/NZS 2161 .2</li><li>AS/NZS 2161 .3</li><li>AS/NZS 2161 .4</li><li>ANSI/ISEA 105: 2016 CUT Level  A3</li><li>EN 420   Dexterity 5</li><li>EN388:2016 +A1:2018 -  4X43C</li><li>EN 407   X1XXXX</li></ul>,,,,
A622,Variant,,ANSI cut level A3 Superb abrasion and tear resistance Smooth PU coating for increased abrasion resistance Palm dipped to increase dexterity and ventilation 100% breathable seamless liner,https://d11ak7fd9ypfb7.cloudfront.net/styles1100px/A622G7R.jpg,,0.0,TRUE,InStock,0.072,,A622G7RL,,,,Size,DROP_DOWN,L,Color,DROP_DOWN,Grey,,,,,,,,,,,,,Fit,<p>R</p>,Length,<p>51</p>,Width,<p>30</p>,Height,<p>43</p>,Box Quantity,<p>144</p>,Inner Pack Quantity,<p>12</p>,Country Of Origin,<p>CN</p>,Standards,<ul><li>EN 420</li><li>AS/NZS 2161 .2</li><li>AS/NZS 2161 .3</li><li>AS/NZS 2161 .4</li><li>ANSI/ISEA 105: 2016 CUT Level  A3</li><li>EN 420   Dexterity 5</li><li>EN388:2016 +A1:2018 -  4X43C</li><li>EN 407   X1XXXX</li></ul>,,,,
A622,Variant,,ANSI cut level A3 Superb abrasion and tear resistance Smooth PU coating for increased abrasion resistance Palm dipped to increase dexterity and ventilation 100% breathable seamless liner,https://d11ak7fd9ypfb7.cloudfront.net/styles1100px/A622G7R.jpg,,0.0,TRUE,InStock,0.071,,A622G7RM,,,,Size,DROP_DOWN,M,Color,DROP_DOWN,Grey,,,,,,,,,,,,,Fit,<p>R</p>,Length,<p>51</p>,Width,<p>30</p>,Height,<p>43</p>,Box Quantity,<p>144</p>,Inner Pack Quantity,<p>12</p>,Country Of Origin,<p>CN</p>,Standards,<ul><li>EN 420</li><li>AS/NZS 2161 .2</li><li>AS/NZS 2161 .3</li><li>AS/NZS 2161 .4</li><li>ANSI/ISEA 105: 2016 CUT Level  A3</li><li>EN 420   Dexterity 5</li><li>EN388:2016 +A1:2018 -  4X43C</li><li>EN 407   X1XXXX</li></ul>,,,,
A622,Variant,,ANSI cut level A3 Superb abrasion and tear resistance Smooth PU coating for increased abrasion resistance Palm dipped to increase dexterity and ventilation 100% breathable seamless liner,https://d11ak7fd9ypfb7.cloudfront.net/styles1100px/A622G7R.jpg,,0.0,TRUE,InStock,0.07,,A622G7RS,,,,Size,DROP_DOWN,S,Color,DROP_DOWN,Grey,,,,,,,,,,,,,Fit,<p>R</p>,Length,<p>51</p>,Width,<p>30</p>,Height,<p>43</p>,Box Quantity,<p>144</p>,Inner Pack Quantity,<p>12</p>,Country Of Origin,<p>CN</p>,Standards,<ul><li>EN 420</li><li>AS/NZS 2161 .2</li><li>AS/NZS 2161 .3</li><li>AS/NZS 2161 .4</li><li>ANSI/ISEA 105: 2016 CUT Level  A3</li><li>EN 420   Dexterity 5</li><li>EN388:2016 +A1:2018 -  4X43C</li><li>EN 407   X1XXXX</li></ul>,,,,
A622,Variant,,ANSI cut level A3 Superb abrasion and tear resistance Smooth PU coating for increased abrasion resistance Palm dipped to increase dexterity and ventilation 100% breathable seamless liner,https://d11ak7fd9ypfb7.cloudfront.net/styles1100px/A622G7R.jpg,,0.0,TRUE,InStock,0.075,,A622G7RXL,,,,Size,DROP_DOWN,XL,Color,DROP_DOWN,Grey,,,,,,,,,,,,,Fit,<p>R</p>,Length,<p>51</p>,Width,<p>30</p>,Height,<p>43</p>,Box Quantity,<p>144</p>,Inner Pack Quantity,<p>12</p>,Country Of Origin,<p>CN</p>,Standards,<ul><li>EN 420</li><li>AS/NZS 2161 .2</li><li>AS/NZS 2161 .3</li><li>AS/NZS 2161 .4</li><li>ANSI/ISEA 105: 2016 CUT Level  A3</li><li>EN 420   Dexterity 5</li><li>EN388:2016 +A1:2018 -  4X43C</li><li>EN 407   X1XXXX</li></ul>,,,,
A622,Variant,,ANSI cut level A3 Superb abrasion and tear resistance Smooth PU coating for increased abrasion resistance Palm dipped to increase dexterity and ventilation 100% breathable seamless liner,https://d11ak7fd9ypfb7.cloudfront.net/styles1100px/A622G7R.jpg,,0.0,TRUE,InStock,0.069,,A622G7RXS,,,,Size,DROP_DOWN,XS,Color,DROP_DOWN,Grey,,,,,,,,,,,,,Fit,<p>R</p>,Length,<p>51</p>,Width,<p>30</p>,Height,<p>43</p>,Box Quantity,<p>144</p>,Inner Pack Quantity,<p>12</p>,Country Of Origin,<p>CN</p>,Standards,<ul><li>EN 420</li><li>AS/NZS 2161 .2</li><li>AS/NZS 2161 .3</li><li>AS/NZS 2161 .4</li><li>ANSI/ISEA 105: 2016 CUT Level  A3</li><li>EN 420   Dexterity 5</li><li>EN388:2016 +A1:2018 -  4X43C</li><li>EN 407   X1XXXX</li></ul>,,,,
A622,Variant,,ANSI cut level A3 Superb abrasion and tear resistance Smooth PU coating for increased abrasion resistance Palm dipped to increase dexterity and ventilation 100% breathable seamless liner,https://d11ak7fd9ypfb7.cloudfront.net/styles1100px/A622G7R.jpg,,0.0,TRUE,InStock,0.061,,A622G7RXXL,,,,Size,DROP_DOWN,XXL,Color,DROP_DOWN,Grey,,,,,,,,,,,,,Fit,<p>R</p>,Length,<p>51</p>,Width,<p>30</p>,Height,<p>43</p>,Box Quantity,<p>144</p>,Inner Pack Quantity,<p>12</p>,Country Of Origin,<p>CN</p>,Standards,<ul><li>EN 420</li><li>AS/NZS 2161 .2</li><li>AS/NZS 2161 .3</li><li>AS/NZS 2161 .4</li><li>ANSI/ISEA 105: 2016 CUT Level  A3</li><li>EN 420   Dexterity 5</li><li>EN388:2016 +A1:2018 -  4X43C</li><li>EN 407   X1XXXX</li></ul>,,,,
A622,Variant,,ANSI cut level A3 Superb abrasion and tear resistance Smooth PU coating for increased abrasion resistance Palm dipped to increase dexterity and ventilation 100% breathable seamless liner,https://d11ak7fd9ypfb7.cloudfront.net/styles1100px/A622G7R.jpg,,0.0,TRUE,InStock,0.085,,A622G7RXXXL,,,,Size,DROP_DOWN,XXXL,Color,DROP_DOWN,Grey,,,,,,,,,,,,,Fit,<p>R</p>,Length,<p>51</p>,Width,<p>30</p>,Height,<p>43</p>,Box Quantity,<p>144</p>,Inner Pack Quantity,<p>12</p>,Country Of Origin,<p>CN</p>,Standards,<ul><li>EN 420</li><li>AS/NZS 2161 .2</li><li>AS/NZS 2161 .3</li><li>AS/NZS 2161 .4</li><li>ANSI/ISEA 105: 2016 CUT Level  A3</li><li>EN 420   Dexterity 5</li><li>EN388:2016 +A1:2018 -  4X43C</li><li>EN 407   X1XXXX</li></ul>,,,,
A625,Product,A625 - Vis-Tex Cut Resistant Glove - PU,ANSI cut level A4 High-visibility liner Tested for both cut and heat protection PU foam coating for excellent grip in wet and dry conditions Palm dipped to increase dexterity and ventilation 100% breathable seamless liner,https://d11ak7fd9ypfb7.cloudfront.net/styles1100px/A625O8R.jpg,6.5,0.0,TRUE,InStock,0.06,,A625O8RL,,,,Size,DROP_DOWN,S;M;L;XL;XXL,Color,DROP_DOWN,Orange/Black;Yellow/Black,,,,,,,,,,,,,Fit,<p>R</p>,Length,<p>45</p>,Width,<p>37</p>,Height,<p>27</p>,Box Quantity,<p>144</p>,Inner Pack Quantity,<p>12</p>,Country Of Origin,<p>CN</p>,Standards,<ul><li>EN 420</li><li>AS/NZS 2161 .2</li><li>AS/NZS 2161 .3</li><li>AS/NZS 2161 .4</li><li>ANSI/ISEA 105: 2016 CUT Level  A4</li><li>EN388:2016 +A1:2018 -  4X43D</li><li>EN 407   X1XXXX</li></ul>,,,,
A625,Variant,,ANSI cut level A4 High-visibility liner Tested for both cut and heat protection PU foam coating for excellent grip in wet and dry conditions Palm dipped to increase dexterity and ventilation 100% breathable seamless liner,https://d11ak7fd9ypfb7.cloudfront.net/styles1100px/A625O8R.jpg,,0.0,TRUE,InStock,0.06,,A625O8RL,,,,Size,DROP_DOWN,L,Color,DROP_DOWN,Orange/Black,,,,,,,,,,,,,Fit,<p>R</p>,Length,<p>45</p>,Width,<p>37</p>,Height,<p>27</p>,Box Quantity,<p>144</p>,Inner Pack Quantity,<p>12</p>,Country Of Origin,<p>CN</p>,Standards,<ul><li>EN 420</li><li>AS/NZS 2161 .2</li><li>AS/NZS 2161 .3</li><li>AS/NZS 2161 .4</li><li>ANSI/ISEA 105: 2016 CUT Level  A4</li><li>EN388:2016 +A1:2018 -  4X43D</li><li>EN 407   X1XXXX</li></ul>,,,,
A625,Variant,,ANSI cut level A4 High-visibility liner Tested for both cut and heat protection PU foam coating for excellent grip in wet and dry conditions Palm dipped to increase dexterity and ventilation 100% breathable seamless liner,https://d11ak7fd9ypfb7.cloudfront.net/styles1100px/A625O8R.jpg,,0.0,TRUE,InStock,0.06,,A625O8RM,,,,Size,DROP_DOWN,M,Color,DROP_DOWN,Orange/Black,,,,,,,,,,,,,Fit,<p>R</p>,Length,<p>45</p>,Width,<p>37</p>,Height,<p>27</p>,Box Quantity,<p>144</p>,Inner Pack Quantity,<p>12</p>,Country Of Origin,<p>CN</p>,Standards,<ul><li>EN 420</li><li>AS/NZS 2161 .2</li><li>AS/NZS 2161 .3</li><li>AS/NZS 2161 .4</li><li>ANSI/ISEA 105: 2016 CUT Level  A4</li><li>EN388:2016 +A1:2018 -  4X43D</li><li>EN 407   X1XXXX</li></ul>,,,,
A625,Variant,,ANSI cut level A4 High-visibility liner Tested for both cut and heat protection PU foam coating for excellent grip in wet and dry conditions Palm dipped to increase dexterity and ventilation 100% breathable seamless liner,https://d11ak7fd9ypfb7.cloudfront.net/styles1100px/A625O8R.jpg,,0.0,TRUE,InStock,0.058,,A625O8RS,,,,Size,DROP_DOWN,S,Color,DROP_DOWN,Orange/Black,,,,,,,,,,,,,Fit,<p>R</p>,Length,<p>45</p>,Width,<p>37</p>,Height,<p>27</p>,Box Quantity,<p>144</p>,Inner Pack Quantity,<p>12</p>,Country Of Origin,<p>CN</p>,Standards,<ul><li>EN 420</li><li>AS/NZS 2161 .2</li><li>AS/NZS 2161 .3</li><li>AS/NZS 2161 .4</li><li>ANSI/ISEA 105: 2016 CUT Level  A4</li><li>EN388:2016 +A1:2018 -  4X43D</li><li>EN 407   X1XXXX</li></ul>,,,,
A625,Variant,,ANSI cut level A4 High-visibility liner Tested for both cut and heat protection PU foam coating for excellent grip in wet and dry conditions Palm dipped to increase dexterity and ventilation 100% breathable seamless liner,https://d11ak7fd9ypfb7.cloudfront.net/styles1100px/A625O8R.jpg,,0.0,TRUE,InStock,0.06,,A625O8RXL,,,,Size,DROP_DOWN,XL,Color,DROP_DOWN,Orange/Black,,,,,,,,,,,,,Fit,<p>R</p>,Length,<p>45</p>,Width,<p>37</p>,Height,<p>27</p>,Box Quantity,<p>144</p>,Inner Pack Quantity,<p>12</p>,Country Of Origin,<p>CN</p>,Standards,<ul><li>EN 420</li><li>AS/NZS 2161 .2</li><li>AS/NZS 2161 .3</li><li>AS/NZS 2161 .4</li><li>ANSI/ISEA 105: 2016 CUT Level  A4</li><li>EN388:2016 +A1:2018 -  4X43D</li><li>EN 407   X1XXXX</li></ul>,,,,
A625,Variant,,ANSI cut level A4 High-visibility liner Tested for both cut and heat protection PU foam coating for excellent grip in wet and dry conditions Palm dipped to increase dexterity and ventilation 100% breathable seamless liner,https://d11ak7fd9ypfb7.cloudfront.net/styles1100px/A625O8R.jpg,,0.0,TRUE,InStock,0.065,,A625O8RXXL,,,,Size,DROP_DOWN,XXL,Color,DROP_DOWN,Orange/Black,,,,,,,,,,,,,Fit,<p>R</p>,Length,<p>45</p>,Width,<p>37</p>,Height,<p>27</p>,Box Quantity,<p>144</p>,Inner Pack Quantity,<p>12</p>,Country Of Origin,<p>CN</p>,Standards,<ul><li>EN 420</li><li>AS/NZS 2161 .2</li><li>AS/NZS 2161 .3</li><li>AS/NZS 2161 .4</li><li>ANSI/ISEA 105: 2016 CUT Level  A4</li><li>EN388:2016 +A1:2018 -  4X43D</li><li>EN 407   X1XXXX</li></ul>,,,,
A625,Variant,,ANSI cut level A4 High-visibility liner Tested for both cut and heat protection PU foam coating for excellent grip in wet and dry conditions Palm dipped to increase dexterity and ventilation 100% breathable seamless liner,https://d11ak7fd9ypfb7.cloudfront.net/styles1100px/A625Y8R.jpg,,0.0,TRUE,InStock,0.06,,A625Y8RL,,,,Size,DROP_DOWN,L,Color,DROP_DOWN,Yellow/Black,,,,,,,,,,,,,Fit,<p>R</p>,Length,<p>45</p>,Width,<p>37</p>,Height,<p>27</p>,Box Quantity,<p>144</p>,Inner Pack Quantity,<p>12</p>,Country Of Origin,<p>CN</p>,Standards,<ul><li>EN 420</li><li>AS/NZS 2161 .2</li><li>AS/NZS 2161 .3</li><li>AS/NZS 2161 .4</li><li>ANSI/ISEA 105: 2016 CUT Level  A4</li><li>EN388:2016 +A1:2018 -  4X43D</li><li>EN 407   X1XXXX</li></ul>,,,,
A625,Variant,,ANSI cut level A4 High-visibility liner Tested for both cut and heat protection PU foam coating for excellent grip in wet and dry conditions Palm dipped to increase dexterity and ventilation 100% breathable seamless liner,https://d11ak7fd9ypfb7.cloudfront.net/styles1100px/A625Y8R.jpg,,0.0,TRUE,InStock,0.06,,A625Y8RM,,,,Size,DROP_DOWN,M,Color,DROP_DOWN,Yellow/Black,,,,,,,,,,,,,Fit,<p>R</p>,Length,<p>45</p>,Width,<p>37</p>,Height,<p>27</p>,Box Quantity,<p>144</p>,Inner Pack Quantity,<p>12</p>,Country Of Origin,<p>CN</p>,Standards,<ul><li>EN 420</li><li>AS/NZS 2161 .2</li><li>AS/NZS 2161 .3</li><li>AS/NZS 2161 .4</li><li>ANSI/ISEA 105: 2016 CUT Level  A4</li><li>EN388:2016 +A1:2018 -  4X43D</li><li>EN 407   X1XXXX</li></ul>,,,,
A625,Variant,,ANSI cut level A4 High-visibility liner Tested for both cut and heat protection PU foam coating for excellent grip in wet and dry conditions Palm dipped to increase dexterity and ventilation 100% breathable seamless liner,https://d11ak7fd9ypfb7.cloudfront.net/styles1100px/A625Y8R.jpg,,0.0,TRUE,InStock,0.058,,A625Y8RS,,,,Size,DROP_DOWN,S,Color,DROP_DOWN,Yellow/Black,,,,,,,,,,,,,Fit,<p>R</p>,Length,<p>45</p>,Width,<p>37</p>,Height,<p>27</p>,Box Quantity,<p>144</p>,Inner Pack Quantity,<p>12</p>,Country Of Origin,<p>CN</p>,Standards,<ul><li>EN 420</li><li>AS/NZS 2161 .2</li><li>AS/NZS 2161 .3</li><li>AS/NZS 2161 .4</li><li>ANSI/ISEA 105: 2016 CUT Level  A4</li><li>EN388:2016 +A1:2018 -  4X43D</li><li>EN 407   X1XXXX</li></ul>,,,,
A625,Variant,,ANSI cut level A4 High-visibility liner Tested for both cut and heat protection PU foam coating for excellent grip in wet and dry conditions Palm dipped to increase dexterity and ventilation 100% breathable seamless liner,https://d11ak7fd9ypfb7.cloudfront.net/styles1100px/A625Y8R.jpg,,0.0,TRUE,InStock,0.06,,A625Y8RXL,,,,Size,DROP_DOWN,XL,Color,DROP_DOWN,Yellow/Black,,,,,,,,,,,,,Fit,<p>R</p>,Length,<p>45</p>,Width,<p>37</p>,Height,<p>27</p>,Box Quantity,<p>144</p>,Inner Pack Quantity,<p>12</p>,Country Of Origin,<p>CN</p>,Standards,<ul><li>EN 420</li><li>AS/NZS 2161 .2</li><li>AS/NZS 2161 .3</li><li>AS/NZS 2161 .4</li><li>ANSI/ISEA 105: 2016 CUT Level  A4</li><li>EN388:2016 +A1:2018 -  4X43D</li><li>EN 407   X1XXXX</li></ul>,,,,
A625,Variant,,ANSI cut level A4 High-visibility liner Tested for both cut and heat protection PU foam coating for excellent grip in wet and dry conditions Palm dipped to increase dexterity and ventilation 100% breathable seamless liner,https://d11ak7fd9ypfb7.cloudfront.net/styles1100px/A625Y8R.jpg,,0.0,TRUE,InStock,0.065,,A625Y8RXXL,,,,Size,DROP_DOWN,XXL,Color,DROP_DOWN,Yellow/Black,,,,,,,,,,,,,Fit,<p>R</p>,Length,<p>45</p>,Width,<p>37</p>,Height,<p>27</p>,Box Quantity,<p>144</p>,Inner Pack Quantity,<p>12</p>,Country Of Origin,<p>CN</p>,Standards,<ul><li>EN 420</li><li>AS/NZS 2161 .2</li><li>AS/NZS 2161 .3</li><li>AS/NZS 2161 .4</li><li>ANSI/ISEA 105: 2016 CUT Level  A4</li><li>EN388:2016 +A1:2018 -  4X43D</li><li>EN 407   X1XXXX</li></ul>,,,,
A626,Product,A626 - Vis-Tex HR Cut Glove,ANSI cut level A4 High visibility liner Tested for both cut and heat protection Palm dipped nitrile sandy coating Seamless 13 gauge liner,https://d11ak7fd9ypfb7.cloudfront.net/styles1100px/A626Y5R.jpg,8.3,0.0,TRUE,InStock,0.1,,A626Y5RL,,,,Size,DROP_DOWN,S;M;L;XL;XXL;XXXL,Color,DROP_DOWN,Yellow/Red,,,,,,,,,,,,,Fit,<p>R</p>,Length,<p>55</p>,Width,<p>28</p>,Height,<p>40</p>,Box Quantity,<p>144</p>,Inner Pack Quantity,<p>12</p>,Country Of Origin,<p>CN</p>,Standards,<ul><li>EN388:2016 +A1:2018 -  4.X.4.3.D</li><li>EN 407   X.1.X.X.X.X</li><li>ANSI/ISEA 105: 2016 CUT Level  A4</li><li>EN 420   Dexterity 5</li></ul>,,,,
A626,Variant,,ANSI cut level A4 High visibility liner Tested for both cut and heat protection Palm dipped nitrile sandy coating Seamless 13 gauge liner,https://d11ak7fd9ypfb7.cloudfront.net/styles1100px/A626Y5R.jpg,,0.0,TRUE,InStock,0.1,,A626Y5RL,,,,Size,DROP_DOWN,L,Color,DROP_DOWN,Yellow/Red,,,,,,,,,,,,,Fit,<p>R</p>,Length,<p>55</p>,Width,<p>28</p>,Height,<p>40</p>,Box Quantity,<p>144</p>,Inner Pack Quantity,<p>12</p>,Country Of Origin,<p>CN</p>,Standards,<ul><li>EN388:2016 +A1:2018 -  4.X.4.3.D</li><li>EN 407   X.1.X.X.X.X</li><li>ANSI/ISEA 105: 2016 CUT Level  A4</li><li>EN 420   Dexterity 5</li></ul>,,,,
A626,Variant,,ANSI cut level A4 High visibility liner Tested for both cut and heat protection Palm dipped nitrile sandy coating Seamless 13 gauge liner,https://d11ak7fd9ypfb7.cloudfront.net/styles1100px/A626Y5R.jpg,,0.0,TRUE,InStock,0.1,,A626Y5RM,,,,Size,DROP_DOWN,M,Color,DROP_DOWN,Yellow/Red,,,,,,,,,,,,,Fit,<p>R</p>,Length,<p>55</p>,Width,<p>28</p>,Height,<p>40</p>,Box Quantity,<p>144</p>,Inner Pack Quantity,<p>12</p>,Country Of Origin,<p>CN</p>,Standards,<ul><li>EN388:2016 +A1:2018 -  4.X.4.3.D</li><li>EN 407   X.1.X.X.X.X</li><li>ANSI/ISEA 105: 2016 CUT Level  A4</li><li>EN 420   Dexterity 5</li></ul>,,,,
A626,Variant,,ANSI cut level A4 High visibility liner Tested for both cut and heat protection Palm dipped nitrile sandy coating Seamless 13 gauge liner,https://d11ak7fd9ypfb7.cloudfront.net/styles1100px/A626Y5R.jpg,,0.0,TRUE,InStock,0.08,,A626Y5RS,,,,Size,DROP_DOWN,S,Color,DROP_DOWN,Yellow/Red,,,,,,,,,,,,,Fit,<p>R</p>,Length,<p>55</p>,Width,<p>28</p>,Height,<p>40</p>,Box Quantity,<p>144</p>,Inner Pack Quantity,<p>12</p>,Country Of Origin,<p>CN</p>,Standards,<ul><li>EN388:2016 +A1:2018 -  4.X.4.3.D</li><li>EN 407   X.1.X.X.X.X</li><li>ANSI/ISEA 105: 2016 CUT Level  A4</li><li>EN 420   Dexterity 5</li></ul>,,,,
A626,Variant,,ANSI cut level A4 High visibility liner Tested for both cut and heat protection Palm dipped nitrile sandy coating Seamless 13 gauge liner,https://d11ak7fd9ypfb7.cloudfront.net/styles1100px/A626Y5R.jpg,,0.0,TRUE,InStock,0.1,,A626Y5RXL,,,,Size,DROP_DOWN,XL,Color,DROP_DOWN,Yellow/Red,,,,,,,,,,,,,Fit,<p>R</p>,Length,<p>55</p>,Width,<p>28</p>,Height,<p>40</p>,Box Quantity,<p>144</p>,Inner Pack Quantity,<p>12</p>,Country Of Origin,<p>CN</p>,Standards,<ul><li>EN388:2016 +A1:2018 -  4.X.4.3.D</li><li>EN 407   X.1.X.X.X.X</li><li>ANSI/ISEA 105: 2016 CUT Level  A4</li><li>EN 420   Dexterity 5</li></ul>,,,,
A626,Variant,,ANSI cut level A4 High visibility liner Tested for both cut and heat protection Palm dipped nitrile sandy coating Seamless 13 gauge liner,https://d11ak7fd9ypfb7.cloudfront.net/styles1100px/A626Y5R.jpg,,0.0,TRUE,InStock,0.12,,A626Y5RXXL,,,,Size,DROP_DOWN,XXL,Color,DROP_DOWN,Yellow/Red,,,,,,,,,,,,,Fit,<p>R</p>,Length,<p>55</p>,Width,<p>28</p>,Height,<p>40</p>,Box Quantity,<p>144</p>,Inner Pack Quantity,<p>12</p>,Country Of Origin,<p>CN</p>,Standards,<ul><li>EN388:2016 +A1:2018 -  4.X.4.3.D</li><li>EN 407   X.1.X.X.X.X</li><li>ANSI/ISEA 105: 2016 CUT Level  A4</li><li>EN 420   Dexterity 5</li></ul>,,,,
A626,Variant,,ANSI cut level A4 High visibility liner Tested for both cut and heat protection Palm dipped nitrile sandy coating Seamless 13 gauge liner,https://d11ak7fd9ypfb7.cloudfront.net/styles1100px/A626Y5R.jpg,,0.0,TRUE,InStock,0.12,,A626Y5RXXXL,,,,Size,DROP_DOWN,XXXL,Color,DROP_DOWN,Yellow/Red,,,,,,,,,,,,,Fit,<p>R</p>,Length,<p>55</p>,Width,<p>28</p>,Height,<p>40</p>,Box Quantity,<p>144</p>,Inner Pack Quantity,<p>12</p>,Country Of Origin,<p>CN</p>,Standards,<ul><li>EN388:2016 +A1:2018 -  4.X.4.3.D</li><li>EN 407   X.1.X.X.X.X</li><li>ANSI/ISEA 105: 2016 CUT Level  A4</li><li>EN 420   Dexterity 5</li></ul>,,,,
A630,Product,A630 - Razor - Lite Glove,"ANSI cut level A4, for superior protection Designed for tasks that require reinforced abrasion resistance Additional reinforced protection on palm and forefinger areas Tested for both cut and heat protection",https://d11ak7fd9ypfb7.cloudfront.net/styles1100px/A630G7R.jpg,15.0,0.0,TRUE,InStock,0.137,,A630G7RL,,,,Size,DROP_DOWN,S;M;L;XL;XXL,Color,DROP_DOWN,Grey,,,,,,,,,,,,,Fit,<p>R</p>,Length,<p>45</p>,Width,<p>37</p>,Height,<p>27</p>,Box Quantity,<p>120</p>,Inner Pack Quantity,<p>12</p>,Country Of Origin,<p>CN</p>,Standards,<ul><li>EN 420</li><li>EN 407   X.2.X.X.X.X.</li><li>AS/NZS 2161 .2</li><li>AS/NZS 2161 .3</li><li>AS/NZS 2161 .4</li><li>ANSI/ISEA 105: 2016 CUT Level  A4</li><li>EN388:2016 +A1:2018 -  4.X.4.2.D.</li></ul>,,,,
A630,Variant,,"ANSI cut level A4, for superior protection Designed for tasks that require reinforced abrasion resistance Additional reinforced protection on palm and forefinger areas Tested for both cut and heat protection",https://d11ak7fd9ypfb7.cloudfront.net/styles1100px/A630G7R.jpg,,0.0,TRUE,InStock,0.137,,A630G7RL,,,,Size,DROP_DOWN,L,Color,DROP_DOWN,Grey,,,,,,,,,,,,,Fit,<p>R</p>,Length,<p>45</p>,Width,<p>37</p>,Height,<p>27</p>,Box Quantity,<p>120</p>,Inner Pack Quantity,<p>12</p>,Country Of Origin,<p>CN</p>,Standards,<ul><li>EN 420</li><li>EN 407   X.2.X.X.X.X.</li><li>AS/NZS 2161 .2</li><li>AS/NZS 2161 .3</li><li>AS/NZS 2161 .4</li><li>ANSI/ISEA 105: 2016 CUT Level  A4</li><li>EN388:2016 +A1:2018 -  4.X.4.2.D.</li></ul>,,,,
A630,Variant,,"ANSI cut level A4, for superior protection Designed for tasks that require reinforced abrasion resistance Additional reinforced protection on palm and forefinger areas Tested for both cut and heat protection",https://d11ak7fd9ypfb7.cloudfront.net/styles1100px/A630G7R.jpg,,0.0,TRUE,InStock,0.119,,A630G7RM,,,,Size,DROP_DOWN,M,Color,DROP_DOWN,Grey,,,,,,,,,,,,,Fit,<p>R</p>,Length,<p>45</p>,Width,<p>37</p>,Height,<p>27</p>,Box Quantity,<p>120</p>,Inner Pack Quantity,<p>12</p>,Country Of Origin,<p>CN</p>,Standards,<ul><li>EN 420</li><li>EN 407   X.2.X.X.X.X.</li><li>AS/NZS 2161 .2</li><li>AS/NZS 2161 .3</li><li>AS/NZS 2161 .4</li><li>ANSI/ISEA 105: 2016 CUT Level  A4</li><li>EN388:2016 +A1:2018 -  4.X.4.2.D.</li></ul>,,,,
A630,Variant,,"ANSI cut level A4, for superior protection Designed for tasks that require reinforced abrasion resistance Additional reinforced protection on palm and forefinger areas Tested for both cut and heat protection",https://d11ak7fd9ypfb7.cloudfront.net/styles1100px/A630G7R.jpg,,0.0,TRUE,InStock,0.115,,A630G7RS,,,,Size,DROP_DOWN,S,Color,DROP_DOWN,Grey,,,,,,,,,,,,,Fit,<p>R</p>,Length,<p>45</p>,Width,<p>37</p>,Height,<p>27</p>,Box Quantity,<p>120</p>,Inner Pack Quantity,<p>12</p>,Country Of Origin,<p>CN</p>,Standards,<ul><li>EN 420</li><li>EN 407   X.2.X.X.X.X.</li><li>AS/NZS 2161 .2</li><li>AS/NZS 2161 .3</li><li>AS/NZS 2161 .4</li><li>ANSI/ISEA 105: 2016 CUT Level  A4</li><li>EN388:2016 +A1:2018 -  4.X.4.2.D.</li></ul>,,,,
A630,Variant,,"ANSI cut level A4, for superior protection Designed for tasks that require reinforced abrasion resistance Additional reinforced protection on palm and forefinger areas Tested for both cut and heat protection",https://d11ak7fd9ypfb7.cloudfront.net/styles1100px/A630G7R.jpg,,0.0,TRUE,InStock,0.14,,A630G7RXL,,,,Size,DROP_DOWN,XL,Color,DROP_DOWN,Grey,,,,,,,,,,,,,Fit,<p>R</p>,Length,<p>45</p>,Width,<p>37</p>,Height,<p>27</p>,Box Quantity,<p>120</p>,Inner Pack Quantity,<p>12</p>,Country Of Origin,<p>CN</p>,Standards,<ul><li>EN 420</li><li>EN 407   X.2.X.X.X.X.</li><li>AS/NZS 2161 .2</li><li>AS/NZS 2161 .3</li><li>AS/NZS 2161 .4</li><li>ANSI/ISEA 105: 2016 CUT Level  A4</li><li>EN388:2016 +A1:2018 -  4.X.4.2.D.</li></ul>,,,,
A630,Variant,,"ANSI cut level A4, for superior protection Designed for tasks that require reinforced abrasion resistance Additional reinforced protection on palm and forefinger areas Tested for both cut and heat protection",https://d11ak7fd9ypfb7.cloudfront.net/styles1100px/A630G7R.jpg,,0.0,TRUE,InStock,0.145,,A630G7RXXL,,,,Size,DROP_DOWN,XXL,Color,DROP_DOWN,Grey,,,,,,,,,,,,,Fit,<p>R</p>,Length,<p>45</p>,Width,<p>37</p>,Height,<p>27</p>,Box Quantity,<p>120</p>,Inner Pack Quantity,<p>12</p>,Country Of Origin,<p>CN</p>,Standards,<ul><li>EN 420</li><li>EN 407   X.2.X.X.X.X.</li><li>AS/NZS 2161 .2</li><li>AS/NZS 2161 .3</li><li>AS/NZS 2161 .4</li><li>ANSI/ISEA 105: 2016 CUT Level  A4</li><li>EN388:2016 +A1:2018 -  4.X.4.2.D.</li></ul>,,,,
A643,Product,A643 - Amber Cut Glove - Nitrile Foam,ANSI cut level A2 Nitrile foam coating for excellent grip in wet and dry conditions Palm dipped to increase dexterity and ventilation 100% breathable seamless liner,https://d11ak7fd9ypfb7.cloudfront.net/styles1100px/A643AMR.jpg,6.4,0.0,TRUE,InStock,0.08,,A643AMRL,,,,Size,DROP_DOWN,S;M;L;XL;XXL,Color,DROP_DOWN,Amber,,,,,,,,,,,,,Fit,<p>R</p>,Length,<p>64</p>,Width,<p>27</p>,Height,<p>51</p>,Box Quantity,<p>144</p>,Inner Pack Quantity,<p>12</p>,Country Of Origin,<p>CN</p>,Standards,<ul><li>CE</li><li>EN 420</li><li>AS/NZS 2161 .3</li><li>AS/NZS 2161 .2</li><li>CE Food Safe</li><li>ANSI/ISEA 105: 2016 CUT Level  A2</li><li>EN388:2016 +A1:2018 -  4X42B</li></ul>,,,,
A643,Variant,,ANSI cut level A2 Nitrile foam coating for excellent grip in wet and dry conditions Palm dipped to increase dexterity and ventilation 100% breathable seamless liner,https://d11ak7fd9ypfb7.cloudfront.net/styles1100px/A643AMR.jpg,,0.0,TRUE,InStock,0.08,,A643AMRL,,,,Size,DROP_DOWN,L,Color,DROP_DOWN,Amber,,,,,,,,,,,,,Fit,<p>R</p>,Length,<p>64</p>,Width,<p>27</p>,Height,<p>51</p>,Box Quantity,<p>144</p>,Inner Pack Quantity,<p>12</p>,Country Of Origin,<p>CN</p>,Standards,<ul><li>CE</li><li>EN 420</li><li>AS/NZS 2161 .3</li><li>AS/NZS 2161 .2</li><li>CE Food Safe</li><li>ANSI/ISEA 105: 2016 CUT Level  A2</li><li>EN388:2016 +A1:2018 -  4X42B</li></ul>,,,,
A643,Variant,,ANSI cut level A2 Nitrile foam coating for excellent grip in wet and dry conditions Palm dipped to increase dexterity and ventilation 100% breathable seamless liner,https://d11ak7fd9ypfb7.cloudfront.net/styles1100px/A643AMR.jpg,,0.0,TRUE,InStock,0.08,,A643AMRM,,,,Size,DROP_DOWN,M,Color,DROP_DOWN,Amber,,,,,,,,,,,,,Fit,<p>R</p>,Length,<p>64</p>,Width,<p>27</p>,Height,<p>51</p>,Box Quantity,<p>144</p>,Inner Pack Quantity,<p>12</p>,Country Of Origin,<p>CN</p>,Standards,<ul><li>CE</li><li>EN 420</li><li>AS/NZS 2161 .3</li><li>AS/NZS 2161 .2</li><li>CE Food Safe</li><li>ANSI/ISEA 105: 2016 CUT Level  A2</li><li>EN388:2016 +A1:2018 -  4X42B</li></ul>,,,,
A643,Variant,,ANSI cut level A2 Nitrile foam coating for excellent grip in wet and dry conditions Palm dipped to increase dexterity and ventilation 100% breathable seamless liner,https://d11ak7fd9ypfb7.cloudfront.net/styles1100px/A643AMR.jpg,,0.0,TRUE,InStock,0.075,,A643AMRS,,,,Size,DROP_DOWN,S,Color,DROP_DOWN,Amber,,,,,,,,,,,,,Fit,<p>R</p>,Length,<p>64</p>,Width,<p>27</p>,Height,<p>51</p>,Box Quantity,<p>144</p>,Inner Pack Quantity,<p>12</p>,Country Of Origin,<p>CN</p>,Standards,<ul><li>CE</li><li>EN 420</li><li>AS/NZS 2161 .3</li><li>AS/NZS 2161 .2</li><li>CE Food Safe</li><li>ANSI/ISEA 105: 2016 CUT Level  A2</li><li>EN388:2016 +A1:2018 -  4X42B</li></ul>,,,,
A643,Variant,,ANSI cut level A2 Nitrile foam coating for excellent grip in wet and dry conditions Palm dipped to increase dexterity and ventilation 100% breathable seamless liner,https://d11ak7fd9ypfb7.cloudfront.net/styles1100px/A643AMR.jpg,,0.0,TRUE,InStock,0.08,,A643AMRXL,,,,Size,DROP_DOWN,XL,Color,DROP_DOWN,Amber,,,,,,,,,,,,,Fit,<p>R</p>,Length,<p>64</p>,Width,<p>27</p>,Height,<p>51</p>,Box Quantity,<p>144</p>,Inner Pack Quantity,<p>12</p>,Country Of Origin,<p>CN</p>,Standards,<ul><li>CE</li><li>EN 420</li><li>AS/NZS 2161 .3</li><li>AS/NZS 2161 .2</li><li>CE Food Safe</li><li>ANSI/ISEA 105: 2016 CUT Level  A2</li><li>EN388:2016 +A1:2018 -  4X42B</li></ul>,,,,
A643,Variant,,ANSI cut level A2 Nitrile foam coating for excellent grip in wet and dry conditions Palm dipped to increase dexterity and ventilation 100% breathable seamless liner,https://d11ak7fd9ypfb7.cloudfront.net/styles1100px/A643AMR.jpg,,0.0,TRUE,InStock,0.085,,A643AMRXXL,,,,Size,DROP_DOWN,XXL,Color,DROP_DOWN,Amber,,,,,,,,,,,,,Fit,<p>R</p>,Length,<p>64</p>,Width,<p>27</p>,Height,<p>51</p>,Box Quantity,<p>144</p>,Inner Pack Quantity,<p>12</p>,Country Of Origin,<p>CN</p>,Standards,<ul><li>CE</li><li>EN 420</li><li>AS/NZS 2161 .3</li><li>AS/NZS 2161 .2</li><li>CE Food Safe</li><li>ANSI/ISEA 105: 2016 CUT Level  A2</li><li>EN388:2016 +A1:2018 -  4X42B</li></ul>,,,,
A646,Product,A646 - Vis-Tex Winter HR Cut Glove Nitrile,ANSI cut level A4 HPPE outer layer combined with warm 7 gauge acrylic liner Tested for both cut and heat protection Flexible sandy nitrile coating,https://d11ak7fd9ypfb7.cloudfront.net/styles1100px/A646O8R.jpg,13.0,0.0,TRUE,InStock,0.158,,A646O8RL,,,,Size,DROP_DOWN,S;M;L;XL;XXL;XXXL,Color,DROP_DOWN,Orange/Black,,,,,,,,,,,,,Fit,<p>R</p>,Length,<p>46</p>,Width,<p>29</p>,Height,<p>53</p>,Box Quantity,<p>72</p>,Inner Pack Quantity,<p>12</p>,Country Of Origin,<p>CN</p>,Standards,<ul><li>EN 420</li><li>EN388:2016 +A1:2018 -  4.X.4.3.D</li><li>EN 511   X.2.X</li><li>ANSI/ISEA 105: 2016 CUT Level  A4</li><li>EN 407   X.2.X.X.X.X</li></ul>,,,,
A646,Variant,,ANSI cut level A4 HPPE outer layer combined with warm 7 gauge acrylic liner Tested for both cut and heat protection Flexible sandy nitrile coating,https://d11ak7fd9ypfb7.cloudfront.net/styles1100px/A646O8R.jpg,,0.0,TRUE,InStock,0.158,,A646O8RL,,,,Size,DROP_DOWN,L,Color,DROP_DOWN,Orange/Black,,,,,,,,,,,,,Fit,<p>R</p>,Length,<p>46</p>,Width,<p>29</p>,Height,<p>53</p>,Box Quantity,<p>72</p>,Inner Pack Quantity,<p>12</p>,Country Of Origin,<p>CN</p>,Standards,<ul><li>EN 420</li><li>EN388:2016 +A1:2018 -  4.X.4.3.D</li><li>EN 511   X.2.X</li><li>ANSI/ISEA 105: 2016 CUT Level  A4</li><li>EN 407   X.2.X.X.X.X</li></ul>,,,,
A646,Variant,,ANSI cut level A4 HPPE outer layer combined with warm 7 gauge acrylic liner Tested for both cut and heat protection Flexible sandy nitrile coating,https://d11ak7fd9ypfb7.cloudfront.net/styles1100px/A646O8R.jpg,,0.0,TRUE,InStock,0.147,,A646O8RM,,,,Size,DROP_DOWN,M,Color,DROP_DOWN,Orange/Black,,,,,,,,,,,,,Fit,<p>R</p>,Length,<p>46</p>,Width,<p>29</p>,Height,<p>53</p>,Box Quantity,<p>72</p>,Inner Pack Quantity,<p>12</p>,Country Of Origin,<p>CN</p>,Standards,<ul><li>EN 420</li><li>EN388:2016 +A1:2018 -  4.X.4.3.D</li><li>EN 511   X.2.X</li><li>ANSI/ISEA 105: 2016 CUT Level  A4</li><li>EN 407   X.2.X.X.X.X</li></ul>,,,,
A646,Variant,,ANSI cut level A4 HPPE outer layer combined with warm 7 gauge acrylic liner Tested for both cut and heat protection Flexible sandy nitrile coating,https://d11ak7fd9ypfb7.cloudfront.net/styles1100px/A646O8R.jpg,,0.0,TRUE,InStock,0.138,,A646O8RS,,,,Size,DROP_DOWN,S,Color,DROP_DOWN,Orange/Black,,,,,,,,,,,,,Fit,<p>R</p>,Length,<p>46</p>,Width,<p>29</p>,Height,<p>53</p>,Box Quantity,<p>72</p>,Inner Pack Quantity,<p>12</p>,Country Of Origin,<p>CN</p>,Standards,<ul><li>EN 420</li><li>EN388:2016 +A1:2018 -  4.X.4.3.D</li><li>EN 511   X.2.X</li><li>ANSI/ISEA 105: 2016 CUT Level  A4</li><li>EN 407   X.2.X.X.X.X</li></ul>,,,,
A646,Variant,,ANSI cut level A4 HPPE outer layer combined with warm 7 gauge acrylic liner Tested for both cut and heat protection Flexible sandy nitrile coating,https://d11ak7fd9ypfb7.cloudfront.net/styles1100px/A646O8R.jpg,,0.0,TRUE,InStock,0.172,,A646O8RXL,,,,Size,DROP_DOWN,XL,Color,DROP_DOWN,Orange/Black,,,,,,,,,,,,,Fit,<p>R</p>,Length,<p>46</p>,Width,<p>29</p>,Height,<p>53</p>,Box Quantity,<p>72</p>,Inner Pack Quantity,<p>12</p>,Country Of Origin,<p>CN</p>,Standards,<ul><li>EN 420</li><li>EN388:2016 +A1:2018 -  4.X.4.3.D</li><li>EN 511   X.2.X</li><li>ANSI/ISEA 105: 2016 CUT Level  A4</li><li>EN 407   X.2.X.X.X.X</li></ul>,,,,
A646,Variant,,ANSI cut level A4 HPPE outer layer combined with warm 7 gauge acrylic liner Tested for both cut and heat protection Flexible sandy nitrile coating,https://d11ak7fd9ypfb7.cloudfront.net/styles1100px/A646O8R.jpg,,0.0,TRUE,InStock,0.171,,A646O8RXXL,,,,Size,DROP_DOWN,XXL,Color,DROP_DOWN,Orange/Black,,,,,,,,,,,,,Fit,<p>R</p>,Length,<p>46</p>,Width,<p>29</p>,Height,<p>53</p>,Box Quantity,<p>72</p>,Inner Pack Quantity,<p>12</p>,Country Of Origin,<p>CN</p>,Standards,<ul><li>EN 420</li><li>EN388:2016 +A1:2018 -  4.X.4.3.D</li><li>EN 511   X.2.X</li><li>ANSI/ISEA 105: 2016 CUT Level  A4</li><li>EN 407   X.2.X.X.X.X</li></ul>,,,,
A646,Variant,,ANSI cut level A4 HPPE outer layer combined with warm 7 gauge acrylic liner Tested for both cut and heat protection Flexible sandy nitrile coating,https://d11ak7fd9ypfb7.cloudfront.net/styles1100px/A646O8R.jpg,,0.0,TRUE,InStock,0.176,,A646O8RXXXL,,,,Size,DROP_DOWN,XXXL,Color,DROP_DOWN,Orange/Black,,,,,,,,,,,,,Fit,<p>R</p>,Length,<p>46</p>,Width,<p>29</p>,Height,<p>53</p>,Box Quantity,<p>72</p>,Inner Pack Quantity,<p>12</p>,Country Of Origin,<p>CN</p>,Standards,<ul><li>EN 420</li><li>EN388:2016 +A1:2018 -  4.X.4.3.D</li><li>EN 511   X.2.X</li><li>ANSI/ISEA 105: 2016 CUT Level  A4</li><li>EN 407   X.2.X.X.X.X</li></ul>,,,,
A665,Product,A665 - VHR Advanced Cut Glove,ANSI cut level A6 Nitrile foam coating for excellent grip in wet and dry conditions Palm dipped to increase dexterity and ventilation Seamless 13 gauge liner,https://d11ak7fd9ypfb7.cloudfront.net/styles1100px/A665GRR.jpg,9.9,0.0,TRUE,InStock,0.101,,A665GRRL,,,,Size,DROP_DOWN,S;M;L;XL;XXL,Color,DROP_DOWN,Grey,,,,,,,,,,,,,Fit,<p>R</p>,Length,<p>45</p>,Width,<p>37</p>,Height,<p>27</p>,Box Quantity,<p>144</p>,Inner Pack Quantity,<p>12</p>,Country Of Origin,<p>CN</p>,Standards,<ul><li>CE</li><li>EN 420</li><li>AS/NZS 2161 .2</li><li>AS/NZS 2161 .3</li><li>ANSI/ISEA 105: 2016 CUT Level  A6</li><li>EN388:2016 +A1:2018 -  4X44E</li></ul>,,,,
A665,Variant,,ANSI cut level A6 Nitrile foam coating for excellent grip in wet and dry conditions Palm dipped to increase dexterity and ventilation Seamless 13 gauge liner,https://d11ak7fd9ypfb7.cloudfront.net/styles1100px/A665GRR.jpg,,0.0,TRUE,InStock,0.101,,A665GRRL,,,,Size,DROP_DOWN,L,Color,DROP_DOWN,Grey,,,,,,,,,,,,,Fit,<p>R</p>,Length,<p>45</p>,Width,<p>37</p>,Height,<p>27</p>,Box Quantity,<p>144</p>,Inner Pack Quantity,<p>12</p>,Country Of Origin,<p>CN</p>,Standards,<ul><li>CE</li><li>EN 420</li><li>AS/NZS 2161 .2</li><li>AS/NZS 2161 .3</li><li>ANSI/ISEA 105: 2016 CUT Level  A6</li><li>EN388:2016 +A1:2018 -  4X44E</li></ul>,,,,
A665,Variant,,ANSI cut level A6 Nitrile foam coating for excellent grip in wet and dry conditions Palm dipped to increase dexterity and ventilation Seamless 13 gauge liner,https://d11ak7fd9ypfb7.cloudfront.net/styles1100px/A665GRR.jpg,,0.0,TRUE,InStock,0.1,,A665GRRM,,,,Size,DROP_DOWN,M,Color,DROP_DOWN,Grey,,,,,,,,,,,,,Fit,<p>R</p>,Length,<p>45</p>,Width,<p>37</p>,Height,<p>27</p>,Box Quantity,<p>144</p>,Inner Pack Quantity,<p>12</p>,Country Of Origin,<p>CN</p>,Standards,<ul><li>CE</li><li>EN 420</li><li>AS/NZS 2161 .2</li><li>AS/NZS 2161 .3</li><li>ANSI/ISEA 105: 2016 CUT Level  A6</li><li>EN388:2016 +A1:2018 -  4X44E</li></ul>,,,,
A665,Variant,,ANSI cut level A6 Nitrile foam coating for excellent grip in wet and dry conditions Palm dipped to increase dexterity and ventilation Seamless 13 gauge liner,https://d11ak7fd9ypfb7.cloudfront.net/styles1100px/A665GRR.jpg,,0.0,TRUE,InStock,0.084,,A665GRRS,,,,Size,DROP_DOWN,S,Color,DROP_DOWN,Grey,,,,,,,,,,,,,Fit,<p>R</p>,Length,<p>45</p>,Width,<p>37</p>,Height,<p>27</p>,Box Quantity,<p>144</p>,Inner Pack Quantity,<p>12</p>,Country Of Origin,<p>CN</p>,Standards,<ul><li>CE</li><li>EN 420</li><li>AS/NZS 2161 .2</li><li>AS/NZS 2161 .3</li><li>ANSI/ISEA 105: 2016 CUT Level  A6</li><li>EN388:2016 +A1:2018 -  4X44E</li></ul>,,,,
A665,Variant,,ANSI cut level A6 Nitrile foam coating for excellent grip in wet and dry conditions Palm dipped to increase dexterity and ventilation Seamless 13 gauge liner,https://d11ak7fd9ypfb7.cloudfront.net/styles1100px/A665GRR.jpg,,0.0,TRUE,InStock,0.125,,A665GRRXL,,,,Size,DROP_DOWN,XL,Color,DROP_DOWN,Grey,,,,,,,,,,,,,Fit,<p>R</p>,Length,<p>45</p>,Width,<p>37</p>,Height,<p>27</p>,Box Quantity,<p>144</p>,Inner Pack Quantity,<p>12</p>,Country Of Origin,<p>CN</p>,Standards,<ul><li>CE</li><li>EN 420</li><li>AS/NZS 2161 .2</li><li>AS/NZS 2161 .3</li><li>ANSI/ISEA 105: 2016 CUT Level  A6</li><li>EN388:2016 +A1:2018 -  4X44E</li></ul>,,,,
A665,Variant,,ANSI cut level A6 Nitrile foam coating for excellent grip in wet and dry conditions Palm dipped to increase dexterity and ventilation Seamless 13 gauge liner,https://d11ak7fd9ypfb7.cloudfront.net/styles1100px/A665GRR.jpg,,0.0,TRUE,InStock,0.13,,A665GRRXXL,,,,Size,DROP_DOWN,XXL,Color,DROP_DOWN,Grey,,,,,,,,,,,,,Fit,<p>R</p>,Length,<p>45</p>,Width,<p>37</p>,Height,<p>27</p>,Box Quantity,<p>144</p>,Inner Pack Quantity,<p>12</p>,Country Of Origin,<p>CN</p>,Standards,<ul><li>CE</li><li>EN 420</li><li>AS/NZS 2161 .2</li><li>AS/NZS 2161 .3</li><li>ANSI/ISEA 105: 2016 CUT Level  A6</li><li>EN388:2016 +A1:2018 -  4X44E</li></ul>,,,,
A667,Product,A667 - Claymore AHR Cut Glove,Optimized innovative design Maximum cut resistance according to EN388:2016 ANSI cut level A7 with over 4000 grams of cut resistance Coating is double sandy nitrile for excellent durability and grip in wet and dry conditions Seamless 13 gauge liner for increased wearer comfort,https://d11ak7fd9ypfb7.cloudfront.net/styles1100px/A667B8R.jpg,14.3,0.0,TRUE,InStock,0.115,,A667B8RL,,,,Size,DROP_DOWN,M;L;XL;XXL,Color,DROP_DOWN,Blue/Black,,,,,,,,,,,,,Fit,<p>R</p>,Length,<p>50</p>,Width,<p>36</p>,Height,<p>50</p>,Box Quantity,<p>144</p>,Inner Pack Quantity,<p>12</p>,Country Of Origin,<p>CN</p>,Standards,<ul><li>EN388:2016 +A1:2018 -  4.X.4.3.F.</li><li>ANSI/ISEA 105: 2016 CUT Level  A7</li><li>EN 420</li></ul>,,,,
A667,Variant,,Optimized innovative design Maximum cut resistance according to EN388:2016 ANSI cut level A7 with over 4000 grams of cut resistance Coating is double sandy nitrile for excellent durability and grip in wet and dry conditions Seamless 13 gauge liner for increased wearer comfort,https://d11ak7fd9ypfb7.cloudfront.net/styles1100px/A667B8R.jpg,,0.0,TRUE,InStock,0.115,,A667B8RL,,,,Size,DROP_DOWN,L,Color,DROP_DOWN,Blue/Black,,,,,,,,,,,,,Fit,<p>R</p>,Length,<p>50</p>,Width,<p>36</p>,Height,<p>50</p>,Box Quantity,<p>144</p>,Inner Pack Quantity,<p>12</p>,Country Of Origin,<p>CN</p>,Standards,<ul><li>EN388:2016 +A1:2018 -  4.X.4.3.F.</li><li>ANSI/ISEA 105: 2016 CUT Level  A7</li><li>EN 420</li></ul>,,,,
A667,Variant,,Optimized innovative design Maximum cut resistance according to EN388:2016 ANSI cut level A7 with over 4000 grams of cut resistance Coating is double sandy nitrile for excellent durability and grip in wet and dry conditions Seamless 13 gauge liner for increased wearer comfort,https://d11ak7fd9ypfb7.cloudfront.net/styles1100px/A667B8R.jpg,,0.0,TRUE,InStock,0.103,,A667B8RM,,,,Size,DROP_DOWN,M,Color,DROP_DOWN,Blue/Black,,,,,,,,,,,,,Fit,<p>R</p>,Length,<p>50</p>,Width,<p>36</p>,Height,<p>50</p>,Box Quantity,<p>144</p>,Inner Pack Quantity,<p>12</p>,Country Of Origin,<p>CN</p>,Standards,<ul><li>EN388:2016 +A1:2018 -  4.X.4.3.F.</li><li>ANSI/ISEA 105: 2016 CUT Level  A7</li><li>EN 420</li></ul>,,,,
A667,Variant,,Optimized innovative design Maximum cut resistance according to EN388:2016 ANSI cut level A7 with over 4000 grams of cut resistance Coating is double sandy nitrile for excellent durability and grip in wet and dry conditions Seamless 13 gauge liner for increased wearer comfort,https://d11ak7fd9ypfb7.cloudfront.net/styles1100px/A667B8R.jpg,,0.0,TRUE,InStock,0.121,,A667B8RXL,,,,Size,DROP_DOWN,XL,Color,DROP_DOWN,Blue/Black,,,,,,,,,,,,,Fit,<p>R</p>,Length,<p>50</p>,Width,<p>36</p>,Height,<p>50</p>,Box Quantity,<p>144</p>,Inner Pack Quantity,<p>12</p>,Country Of Origin,<p>CN</p>,Standards,<ul><li>EN388:2016 +A1:2018 -  4.X.4.3.F.</li><li>ANSI/ISEA 105: 2016 CUT Level  A7</li><li>EN 420</li></ul>,,,,
A667,Variant,,Optimized innovative design Maximum cut resistance according to EN388:2016 ANSI cut level A7 with over 4000 grams of cut resistance Coating is double sandy nitrile for excellent durability and grip in wet and dry conditions Seamless 13 gauge liner for increased wearer comfort,https://d11ak7fd9ypfb7.cloudfront.net/styles1100px/A667B8R.jpg,,0.0,TRUE,InStock,0.131,,A667B8RXXL,,,,Size,DROP_DOWN,XXL,Color,DROP_DOWN,Blue/Black,,,,,,,,,,,,,Fit,<p>R</p>,Length,<p>50</p>,Width,<p>36</p>,Height,<p>50</p>,Box Quantity,<p>144</p>,Inner Pack Quantity,<p>12</p>,Country Of Origin,<p>CN</p>,Standards,<ul><li>EN388:2016 +A1:2018 -  4.X.4.3.F.</li><li>ANSI/ISEA 105: 2016 CUT Level  A7</li><li>EN 420</li></ul>,,,,
A688,Product,A688 - Pro Cut Liner Glove,"ANSI cut level A4, for superior protection Protection against high contact heat up to 212°F 100% breathable seamless liner Low linting construction for minimal contamination High Visibility liner",https://d11ak7fd9ypfb7.cloudfront.net/styles1100px/A688YER.jpg,7.1,0.0,TRUE,InStock,0.06,,A688YERL,,,,Size,DROP_DOWN,M;L;XL;XXL,Color,DROP_DOWN,Yellow,,,,,,,,,,,,,Fit,<p>R</p>,Length,<p>43</p>,Width,<p>28</p>,Height,<p>38</p>,Box Quantity,<p>144</p>,Inner Pack Quantity,<p>12</p>,Country Of Origin,<p>CN</p>,Standards,<ul><li>EN 407   X.1.X.X.X.</li><li>EN 420</li><li>AS/NZS 2161 .2</li><li>AS/NZS 2161 .3</li><li>AS/NZS 2161 .4</li><li>CE Food Safe</li><li>ANSI/ISEA 105: 2016 CUT Level  A4</li><li>EN388:2016 +A1:2018 -  3.X.4.X.D</li></ul>,,,,
A688,Variant,,"ANSI cut level A4, for superior protection Protection against high contact heat up to 212°F 100% breathable seamless liner Low linting construction for minimal contamination High Visibility liner",https://d11ak7fd9ypfb7.cloudfront.net/styles1100px/A688YER.jpg,,0.0,TRUE,InStock,0.06,,A688YERL,,,,Size,DROP_DOWN,L,Color,DROP_DOWN,Yellow,,,,,,,,,,,,,Fit,<p>R</p>,Length,<p>43</p>,Width,<p>28</p>,Height,<p>38</p>,Box Quantity,<p>144</p>,Inner Pack Quantity,<p>12</p>,Country Of Origin,<p>CN</p>,Standards,<ul><li>EN 407   X.1.X.X.X.</li><li>EN 420</li><li>AS/NZS 2161 .2</li><li>AS/NZS 2161 .3</li><li>AS/NZS 2161 .4</li><li>CE Food Safe</li><li>ANSI/ISEA 105: 2016 CUT Level  A4</li><li>EN388:2016 +A1:2018 -  3.X.4.X.D</li></ul>,,,,
A688,Variant,,"ANSI cut level A4, for superior protection Protection against high contact heat up to 212°F 100% breathable seamless liner Low linting construction for minimal contamination High Visibility liner",https://d11ak7fd9ypfb7.cloudfront.net/styles1100px/A688YER.jpg,,0.0,TRUE,InStock,0.06,,A688YERM,,,,Size,DROP_DOWN,M,Color,DROP_DOWN,Yellow,,,,,,,,,,,,,Fit,<p>R</p>,Length,<p>43</p>,Width,<p>28</p>,Height,<p>38</p>,Box Quantity,<p>144</p>,Inner Pack Quantity,<p>12</p>,Country Of Origin,<p>CN</p>,Standards,<ul><li>EN 407   X.1.X.X.X.</li><li>EN 420</li><li>AS/NZS 2161 .2</li><li>AS/NZS 2161 .3</li><li>AS/NZS 2161 .4</li><li>CE Food Safe</li><li>ANSI/ISEA 105: 2016 CUT Level  A4</li><li>EN388:2016 +A1:2018 -  3.X.4.X.D</li></ul>,,,,
A688,Variant,,"ANSI cut level A4, for superior protection Protection against high contact heat up to 212°F 100% breathable seamless liner Low linting construction for minimal contamination High Visibility liner",https://d11ak7fd9ypfb7.cloudfront.net/styles1100px/A688YER.jpg,,0.0,TRUE,InStock,0.078,,A688YERXL,,,,Size,DROP_DOWN,XL,Color,DROP_DOWN,Yellow,,,,,,,,,,,,,Fit,<p>R</p>,Length,<p>43</p>,Width,<p>28</p>,Height,<p>38</p>,Box Quantity,<p>144</p>,Inner Pack Quantity,<p>12</p>,Country Of Origin,<p>CN</p>,Standards,<ul><li>EN 407   X.1.X.X.X.</li><li>EN 420</li><li>AS/NZS 2161 .2</li><li>AS/NZS 2161 .3</li><li>AS/NZS 2161 .4</li><li>CE Food Safe</li><li>ANSI/ISEA 105: 2016 CUT Level  A4</li><li>EN388:2016 +A1:2018 -  3.X.4.X.D</li></ul>,,,,
A688,Variant,,"ANSI cut level A4, for superior protection Protection against high contact heat up to 212°F 100% breathable seamless liner Low linting construction for minimal contamination High Visibility liner",https://d11ak7fd9ypfb7.cloudfront.net/styles1100px/A688YER.jpg,,0.0,TRUE,InStock,0.08,,A688YERXXL,,,,Size,DROP_DOWN,XXL,Color,DROP_DOWN,Yellow,,,,,,,,,,,,,Fit,<p>R</p>,Length,<p>43</p>,Width,<p>28</p>,Height,<p>38</p>,Box Quantity,<p>144</p>,Inner Pack Quantity,<p>12</p>,Country Of Origin,<p>CN</p>,Standards,<ul><li>EN 407   X.1.X.X.X.</li><li>EN 420</li><li>AS/NZS 2161 .2</li><li>AS/NZS 2161 .3</li><li>AS/NZS 2161 .4</li><li>CE Food Safe</li><li>ANSI/ISEA 105: 2016 CUT Level  A4</li><li>EN388:2016 +A1:2018 -  3.X.4.X.D</li></ul>,,,,
A690,Product,A690 - 18 Inch Cut Resistant Sleeve,"18"" cut resistant sleeve ANSI cut level A4 Superior cut resistance Thumb hole for a secure fit Sold in singles",https://d11ak7fd9ypfb7.cloudfront.net/styles1100px/A690GRR.jpg,7.8,0.0,TRUE,InStock,0.08,,A690GRR,,,,Size,DROP_DOWN,,Color,DROP_DOWN,Grey,,,,,,,,,,,,,Fit,<p>R</p>,Length,<p>56</p>,Width,<p>30</p>,Height,<p>35</p>,Box Quantity,<p>192</p>,Inner Pack Quantity,<p>12</p>,Country Of Origin,<p>CN</p>,Standards,<ul><li>EN 407   X.1.X.X.X.X.</li><li>EN 420</li><li>CE Food Safe</li><li>AS/NZS 2161 .2</li><li>AS/NZS 2161 .3</li><li>AS/NZS 2161 .4</li><li>ANSI/ISEA 105: 2016 CUT Level  A4</li><li>EN388:2016 +A1:2018 -  4.X.4.X.D.</li></ul>,,,,
A721,Product,A721 - Anti Impact Grip Glove - Nitrile,"Maximum impact protection using TPR pod technology Reinforced thumb crotch and padded palms Hook and loop strap for safe secure fit Nitrile sandy coating for exceptional grip in water, grease or oil contact Palm dipped to increase dexterity and ventilation 100% breathable seamless liner",https://d11ak7fd9ypfb7.cloudfront.net/styles1100px/A721Y1R.jpg,13.7,0.0,TRUE,InStock,0.17,,A721Y1RL,,,,Size,DROP_DOWN,S;M;L;XL;XXL;XXXL,Color,DROP_DOWN,Yellow/Orange,,,,,,,,,,,,,Fit,<p>R</p>,Length,<p>43</p>,Width,<p>28</p>,Height,<p>58</p>,Box Quantity,<p>96</p>,Inner Pack Quantity,<p>12</p>,Country Of Origin,<p>CN</p>,Standards,<ul><li>AS/NZS 2161 .3</li><li>AS/NZS 2161 .2</li><li>CE</li><li>ANSI/ISEA 105: 2016 CUT Level  A1</li><li>ANSI/ISEA 138 Level 2 – Pass</li><li>EN 420   Dexterity 5</li><li>EN388:2016 +A1:2018 -  4241XP</li></ul>,,,,
A721,Variant,,"Maximum impact protection using TPR pod technology Reinforced thumb crotch and padded palms Hook and loop strap for safe secure fit Nitrile sandy coating for exceptional grip in water, grease or oil contact Palm dipped to increase dexterity and ventilation 100% breathable seamless liner",https://d11ak7fd9ypfb7.cloudfront.net/styles1100px/A721Y1R.jpg,,0.0,TRUE,InStock,0.17,,A721Y1RL,,,,Size,DROP_DOWN,L,Color,DROP_DOWN,Yellow/Orange,,,,,,,,,,,,,Fit,<p>R</p>,Length,<p>43</p>,Width,<p>28</p>,Height,<p>58</p>,Box Quantity,<p>96</p>,Inner Pack Quantity,<p>12</p>,Country Of Origin,<p>CN</p>,Standards,<ul><li>AS/NZS 2161 .3</li><li>AS/NZS 2161 .2</li><li>CE</li><li>ANSI/ISEA 105: 2016 CUT Level  A1</li><li>ANSI/ISEA 138 Level 2 – Pass</li><li>EN 420   Dexterity 5</li><li>EN388:2016 +A1:2018 -  4241XP</li></ul>,,,,
A721,Variant,,"Maximum impact protection using TPR pod technology Reinforced thumb crotch and padded palms Hook and loop strap for safe secure fit Nitrile sandy coating for exceptional grip in water, grease or oil contact Palm dipped to increase dexterity and ventilation 100% breathable seamless liner",https://d11ak7fd9ypfb7.cloudfront.net/styles1100px/A721Y1R.jpg,,0.0,TRUE,InStock,0.167,,A721Y1RM,,,,Size,DROP_DOWN,M,Color,DROP_DOWN,Yellow/Orange,,,,,,,,,,,,,Fit,<p>R</p>,Length,<p>43</p>,Width,<p>28</p>,Height,<p>58</p>,Box Quantity,<p>96</p>,Inner Pack Quantity,<p>12</p>,Country Of Origin,<p>CN</p>,Standards,<ul><li>AS/NZS 2161 .3</li><li>AS/NZS 2161 .2</li><li>CE</li><li>ANSI/ISEA 105: 2016 CUT Level  A1</li><li>ANSI/ISEA 138 Level 2 – Pass</li><li>EN 420   Dexterity 5</li><li>EN388:2016 +A1:2018 -  4241XP</li></ul>,,,,
A721,Variant,,"Maximum impact protection using TPR pod technology Reinforced thumb crotch and padded palms Hook and loop strap for safe secure fit Nitrile sandy coating for exceptional grip in water, grease or oil contact Palm dipped to increase dexterity and ventilation 100% breathable seamless liner",https://d11ak7fd9ypfb7.cloudfront.net/styles1100px/A721Y1R.jpg,,0.0,TRUE,InStock,0.16,,A721Y1RS,,,,Size,DROP_DOWN,S,Color,DROP_DOWN,Yellow/Orange,,,,,,,,,,,,,Fit,<p>R</p>,Length,<p>43</p>,Width,<p>28</p>,Height,<p>58</p>,Box Quantity,<p>96</p>,Inner Pack Quantity,<p>12</p>,Country Of Origin,<p>CN</p>,Standards,<ul><li>AS/NZS 2161 .3</li><li>AS/NZS 2161 .2</li><li>CE</li><li>ANSI/ISEA 105: 2016 CUT Level  A1</li><li>ANSI/ISEA 138 Level 2 – Pass</li><li>EN 420   Dexterity 5</li><li>EN388:2016 +A1:2018 -  4241XP</li></ul>,,,,
A721,Variant,,"Maximum impact protection using TPR pod technology Reinforced thumb crotch and padded palms Hook and loop strap for safe secure fit Nitrile sandy coating for exceptional grip in water, grease or oil contact Palm dipped to increase dexterity and ventilation 100% breathable seamless liner",https://d11ak7fd9ypfb7.cloudfront.net/styles1100px/A721Y1R.jpg,,0.0,TRUE,InStock,0.191,,A721Y1RXL,,,,Size,DROP_DOWN,XL,Color,DROP_DOWN,Yellow/Orange,,,,,,,,,,,,,Fit,<p>R</p>,Length,<p>43</p>,Width,<p>28</p>,Height,<p>58</p>,Box Quantity,<p>96</p>,Inner Pack Quantity,<p>12</p>,Country Of Origin,<p>CN</p>,Standards,<ul><li>AS/NZS 2161 .3</li><li>AS/NZS 2161 .2</li><li>CE</li><li>ANSI/ISEA 105: 2016 CUT Level  A1</li><li>ANSI/ISEA 138 Level 2 – Pass</li><li>EN 420   Dexterity 5</li><li>EN388:2016 +A1:2018 -  4241XP</li></ul>,,,,
A721,Variant,,"Maximum impact protection using TPR pod technology Reinforced thumb crotch and padded palms Hook and loop strap for safe secure fit Nitrile sandy coating for exceptional grip in water, grease or oil contact Palm dipped to increase dexterity and ventilation 100% breathable seamless liner",https://d11ak7fd9ypfb7.cloudfront.net/styles1100px/A721Y1R.jpg,,0.0,TRUE,InStock,0.16,,A721Y1RXXL,,,,Size,DROP_DOWN,XXL,Color,DROP_DOWN,Yellow/Orange,,,,,,,,,,,,,Fit,<p>R</p>,Length,<p>43</p>,Width,<p>28</p>,Height,<p>58</p>,Box Quantity,<p>96</p>,Inner Pack Quantity,<p>12</p>,Country Of Origin,<p>CN</p>,Standards,<ul><li>AS/NZS 2161 .3</li><li>AS/NZS 2161 .2</li><li>CE</li><li>ANSI/ISEA 105: 2016 CUT Level  A1</li><li>ANSI/ISEA 138 Level 2 – Pass</li><li>EN 420   Dexterity 5</li><li>EN388:2016 +A1:2018 -  4241XP</li></ul>,,,,
A721,Variant,,"Maximum impact protection using TPR pod technology Reinforced thumb crotch and padded palms Hook and loop strap for safe secure fit Nitrile sandy coating for exceptional grip in water, grease or oil contact Palm dipped to increase dexterity and ventilation 100% breathable seamless liner",https://d11ak7fd9ypfb7.cloudfront.net/styles1100px/A721Y1R.jpg,,0.0,TRUE,InStock,0.19,,A721Y1RXXXL,,,,Size,DROP_DOWN,XXXL,Color,DROP_DOWN,Yellow/Orange,,,,,,,,,,,,,Fit,<p>R</p>,Length,<p>43</p>,Width,<p>28</p>,Height,<p>58</p>,Box Quantity,<p>96</p>,Inner Pack Quantity,<p>12</p>,Country Of Origin,<p>CN</p>,Standards,<ul><li>AS/NZS 2161 .3</li><li>AS/NZS 2161 .2</li><li>CE</li><li>ANSI/ISEA 105: 2016 CUT Level  A1</li><li>ANSI/ISEA 138 Level 2 – Pass</li><li>EN 420   Dexterity 5</li><li>EN388:2016 +A1:2018 -  4241XP</li></ul>,,,,
A722,Product,A722 - Anti Impact Cut Resistant Glove,"Maximum impact protection using TPR pod technology ANSI cut level A4 Comfort, grip, impact and cut resistance Comfortable seamless liner Flexible PVC impact pods Reinforced thumb crotch for maximum durability Suitable for heavy duty applications",https://d11ak7fd9ypfb7.cloudfront.net/styles1100px/A722G8R.jpg,17.4,0.0,TRUE,InStock,0.223,,A722G8RL,,,,Size,DROP_DOWN,S;M;L;XL;XXL;XXXL,Color,DROP_DOWN,Grey/Black,,,,,,,,,,,,,Fit,<p>R</p>,Length,<p>43</p>,Width,<p>28</p>,Height,<p>50</p>,Box Quantity,<p>72</p>,Inner Pack Quantity,<p>12</p>,Country Of Origin,<p>CN</p>,Standards,<ul><li>CE</li><li>AS/NZS 2161 .2</li><li>AS/NZS 2161 .3</li><li>ANSI/ISEA 105: 2016 CUT Level  A4</li><li>ANSI/ISEA 138 Level 2 – Pass</li><li>EN 420   Dexterity 3</li><li>EN388:2016 +A1:2018 -  4X43CP</li><li>EN 407   X1XXXX</li><li>AS/NZS 2161 .4</li></ul>,,,,
A722,Variant,,"Maximum impact protection using TPR pod technology ANSI cut level A4 Comfort, grip, impact and cut resistance Comfortable seamless liner Flexible PVC impact pods Reinforced thumb crotch for maximum durability Suitable for heavy duty applications",https://d11ak7fd9ypfb7.cloudfront.net/styles1100px/A722G8R.jpg,,0.0,TRUE,InStock,0.223,,A722G8RL,,,,Size,DROP_DOWN,L,Color,DROP_DOWN,Grey/Black,,,,,,,,,,,,,Fit,<p>R</p>,Length,<p>43</p>,Width,<p>28</p>,Height,<p>50</p>,Box Quantity,<p>72</p>,Inner Pack Quantity,<p>12</p>,Country Of Origin,<p>CN</p>,Standards,<ul><li>CE</li><li>AS/NZS 2161 .2</li><li>AS/NZS 2161 .3</li><li>ANSI/ISEA 105: 2016 CUT Level  A4</li><li>ANSI/ISEA 138 Level 2 – Pass</li><li>EN 420   Dexterity 3</li><li>EN388:2016 +A1:2018 -  4X43CP</li><li>EN 407   X1XXXX</li><li>AS/NZS 2161 .4</li></ul>,,,,
A722,Variant,,"Maximum impact protection using TPR pod technology ANSI cut level A4 Comfort, grip, impact and cut resistance Comfortable seamless liner Flexible PVC impact pods Reinforced thumb crotch for maximum durability Suitable for heavy duty applications",https://d11ak7fd9ypfb7.cloudfront.net/styles1100px/A722G8R.jpg,,0.0,TRUE,InStock,0.207,,A722G8RM,,,,Size,DROP_DOWN,M,Color,DROP_DOWN,Grey/Black,,,,,,,,,,,,,Fit,<p>R</p>,Length,<p>43</p>,Width,<p>28</p>,Height,<p>50</p>,Box Quantity,<p>72</p>,Inner Pack Quantity,<p>12</p>,Country Of Origin,<p>CN</p>,Standards,<ul><li>CE</li><li>AS/NZS 2161 .2</li><li>AS/NZS 2161 .3</li><li>ANSI/ISEA 105: 2016 CUT Level  A4</li><li>ANSI/ISEA 138 Level 2 – Pass</li><li>EN 420   Dexterity 3</li><li>EN388:2016 +A1:2018 -  4X43CP</li><li>EN 407   X1XXXX</li><li>AS/NZS 2161 .4</li></ul>,,,,
A722,Variant,,"Maximum impact protection using TPR pod technology ANSI cut level A4 Comfort, grip, impact and cut resistance Comfortable seamless liner Flexible PVC impact pods Reinforced thumb crotch for maximum durability Suitable for heavy duty applications",https://d11ak7fd9ypfb7.cloudfront.net/styles1100px/A722G8R.jpg,,0.0,TRUE,InStock,0.191,,A722G8RS,,,,Size,DROP_DOWN,S,Color,DROP_DOWN,Grey/Black,,,,,,,,,,,,,Fit,<p>R</p>,Length,<p>43</p>,Width,<p>28</p>,Height,<p>50</p>,Box Quantity,<p>72</p>,Inner Pack Quantity,<p>12</p>,Country Of Origin,<p>CN</p>,Standards,<ul><li>CE</li><li>AS/NZS 2161 .2</li><li>AS/NZS 2161 .3</li><li>ANSI/ISEA 105: 2016 CUT Level  A4</li><li>ANSI/ISEA 138 Level 2 – Pass</li><li>EN 420   Dexterity 3</li><li>EN388:2016 +A1:2018 -  4X43CP</li><li>EN 407   X1XXXX</li><li>AS/NZS 2161 .4</li></ul>,,,,
A722,Variant,,"Maximum impact protection using TPR pod technology ANSI cut level A4 Comfort, grip, impact and cut resistance Comfortable seamless liner Flexible PVC impact pods Reinforced thumb crotch for maximum durability Suitable for heavy duty applications",https://d11ak7fd9ypfb7.cloudfront.net/styles1100px/A722G8R.jpg,,0.0,TRUE,InStock,0.237,,A722G8RXL,,,,Size,DROP_DOWN,XL,Color,DROP_DOWN,Grey/Black,,,,,,,,,,,,,Fit,<p>R</p>,Length,<p>43</p>,Width,<p>28</p>,Height,<p>50</p>,Box Quantity,<p>72</p>,Inner Pack Quantity,<p>12</p>,Country Of Origin,<p>CN</p>,Standards,<ul><li>CE</li><li>AS/NZS 2161 .2</li><li>AS/NZS 2161 .3</li><li>ANSI/ISEA 105: 2016 CUT Level  A4</li><li>ANSI/ISEA 138 Level 2 – Pass</li><li>EN 420   Dexterity 3</li><li>EN388:2016 +A1:2018 -  4X43CP</li><li>EN 407   X1XXXX</li><li>AS/NZS 2161 .4</li></ul>,,,,
A722,Variant,,"Maximum impact protection using TPR pod technology ANSI cut level A4 Comfort, grip, impact and cut resistance Comfortable seamless liner Flexible PVC impact pods Reinforced thumb crotch for maximum durability Suitable for heavy duty applications",https://d11ak7fd9ypfb7.cloudfront.net/styles1100px/A722G8R.jpg,,0.0,TRUE,InStock,0.248,,A722G8RXXL,,,,Size,DROP_DOWN,XXL,Color,DROP_DOWN,Grey/Black,,,,,,,,,,,,,Fit,<p>R</p>,Length,<p>43</p>,Width,<p>28</p>,Height,<p>50</p>,Box Quantity,<p>72</p>,Inner Pack Quantity,<p>12</p>,Country Of Origin,<p>CN</p>,Standards,<ul><li>CE</li><li>AS/NZS 2161 .2</li><li>AS/NZS 2161 .3</li><li>ANSI/ISEA 105: 2016 CUT Level  A4</li><li>ANSI/ISEA 138 Level 2 – Pass</li><li>EN 420   Dexterity 3</li><li>EN388:2016 +A1:2018 -  4X43CP</li><li>EN 407   X1XXXX</li><li>AS/NZS 2161 .4</li></ul>,,,,
A722,Variant,,"Maximum impact protection using TPR pod technology ANSI cut level A4 Comfort, grip, impact and cut resistance Comfortable seamless liner Flexible PVC impact pods Reinforced thumb crotch for maximum durability Suitable for heavy duty applications",https://d11ak7fd9ypfb7.cloudfront.net/styles1100px/A722G8R.jpg,,0.0,TRUE,InStock,0.258,,A722G8RXXXL,,,,Size,DROP_DOWN,XXXL,Color,DROP_DOWN,Grey/Black,,,,,,,,,,,,,Fit,<p>R</p>,Length,<p>43</p>,Width,<p>28</p>,Height,<p>50</p>,Box Quantity,<p>72</p>,Inner Pack Quantity,<p>12</p>,Country Of Origin,<p>CN</p>,Standards,<ul><li>CE</li><li>AS/NZS 2161 .2</li><li>AS/NZS 2161 .3</li><li>ANSI/ISEA 105: 2016 CUT Level  A4</li><li>ANSI/ISEA 138 Level 2 – Pass</li><li>EN 420   Dexterity 3</li><li>EN388:2016 +A1:2018 -  4X43CP</li><li>EN 407   X1XXXX</li><li>AS/NZS 2161 .4</li></ul>,,,,
A727,Product,A727 - DX VHR Impact Glove,Maximum impact protection using TPR pod technology ANSI cut level A6 High visibility liner Designed with a comfort fit Nitrile sandy coating,https://d11ak7fd9ypfb7.cloudfront.net/styles1100px/A727ORR.jpg,31.0,0.0,TRUE,InStock,0.223,,A727ORRL,,,,Size,DROP_DOWN,M;L;XL;XXL;XXXL,Color,DROP_DOWN,Orange,,,,,,,,,,,,,Fit,<p>R</p>,Length,<p>48</p>,Width,<p>28</p>,Height,<p>45</p>,Box Quantity,<p>72</p>,Inner Pack Quantity,<p>12</p>,Country Of Origin,<p>HK</p>,Standards,<ul><li>EN 420</li><li>EN 407   X.1.X.X.X.X</li><li>EN388:2016 +A1:2018 -  4.X.4.3.E.P</li><li>ANSI/ISEA 105: 2016 CUT Level  A6</li><li>ANSI/ISEA 138 Level 1 – Pass</li></ul>,,,,
A727,Variant,,Maximum impact protection using TPR pod technology ANSI cut level A6 High visibility liner Designed with a comfort fit Nitrile sandy coating,https://d11ak7fd9ypfb7.cloudfront.net/styles1100px/A727ORR.jpg,,0.0,TRUE,InStock,0.223,,A727ORRL,,,,Size,DROP_DOWN,L,Color,DROP_DOWN,Orange,,,,,,,,,,,,,Fit,<p>R</p>,Length,<p>48</p>,Width,<p>28</p>,Height,<p>45</p>,Box Quantity,<p>72</p>,Inner Pack Quantity,<p>12</p>,Country Of Origin,<p>HK</p>,Standards,<ul><li>EN 420</li><li>EN 407   X.1.X.X.X.X</li><li>EN388:2016 +A1:2018 -  4.X.4.3.E.P</li><li>ANSI/ISEA 105: 2016 CUT Level  A6</li><li>ANSI/ISEA 138 Level 1 – Pass</li></ul>,,,,
A727,Variant,,Maximum impact protection using TPR pod technology ANSI cut level A6 High visibility liner Designed with a comfort fit Nitrile sandy coating,https://d11ak7fd9ypfb7.cloudfront.net/styles1100px/A727ORR.jpg,,0.0,TRUE,InStock,0.215,,A727ORRM,,,,Size,DROP_DOWN,M,Color,DROP_DOWN,Orange,,,,,,,,,,,,,Fit,<p>R</p>,Length,<p>48</p>,Width,<p>28</p>,Height,<p>45</p>,Box Quantity,<p>72</p>,Inner Pack Quantity,<p>12</p>,Country Of Origin,<p>HK</p>,Standards,<ul><li>EN 420</li><li>EN 407   X.1.X.X.X.X</li><li>EN388:2016 +A1:2018 -  4.X.4.3.E.P</li><li>ANSI/ISEA 105: 2016 CUT Level  A6</li><li>ANSI/ISEA 138 Level 1 – Pass</li></ul>,,,,
A727,Variant,,Maximum impact protection using TPR pod technology ANSI cut level A6 High visibility liner Designed with a comfort fit Nitrile sandy coating,https://d11ak7fd9ypfb7.cloudfront.net/styles1100px/A727ORR.jpg,,0.0,TRUE,InStock,0.237,,A727ORRXL,,,,Size,DROP_DOWN,XL,Color,DROP_DOWN,Orange,,,,,,,,,,,,,Fit,<p>R</p>,Length,<p>48</p>,Width,<p>28</p>,Height,<p>45</p>,Box Quantity,<p>72</p>,Inner Pack Quantity,<p>12</p>,Country Of Origin,<p>HK</p>,Standards,<ul><li>EN 420</li><li>EN 407   X.1.X.X.X.X</li><li>EN388:2016 +A1:2018 -  4.X.4.3.E.P</li><li>ANSI/ISEA 105: 2016 CUT Level  A6</li><li>ANSI/ISEA 138 Level 1 – Pass</li></ul>,,,,
A727,Variant,,Maximum impact protection using TPR pod technology ANSI cut level A6 High visibility liner Designed with a comfort fit Nitrile sandy coating,https://d11ak7fd9ypfb7.cloudfront.net/styles1100px/A727ORR.jpg,,0.0,TRUE,InStock,0.246,,A727ORRXXL,,,,Size,DROP_DOWN,XXL,Color,DROP_DOWN,Orange,,,,,,,,,,,,,Fit,<p>R</p>,Length,<p>48</p>,Width,<p>28</p>,Height,<p>45</p>,Box Quantity,<p>72</p>,Inner Pack Quantity,<p>12</p>,Country Of Origin,<p>HK</p>,Standards,<ul><li>EN 420</li><li>EN 407   X.1.X.X.X.X</li><li>EN388:2016 +A1:2018 -  4.X.4.3.E.P</li><li>ANSI/ISEA 105: 2016 CUT Level  A6</li><li>ANSI/ISEA 138 Level 1 – Pass</li></ul>,,,,
A727,Variant,,Maximum impact protection using TPR pod technology ANSI cut level A6 High visibility liner Designed with a comfort fit Nitrile sandy coating,https://d11ak7fd9ypfb7.cloudfront.net/styles1100px/A727ORR.jpg,,0.0,TRUE,InStock,0.265,,A727ORRXXXL,,,,Size,DROP_DOWN,XXXL,Color,DROP_DOWN,Orange,,,,,,,,,,,,,Fit,<p>R</p>,Length,<p>48</p>,Width,<p>28</p>,Height,<p>45</p>,Box Quantity,<p>72</p>,Inner Pack Quantity,<p>12</p>,Country Of Origin,<p>HK</p>,Standards,<ul><li>EN 420</li><li>EN 407   X.1.X.X.X.X</li><li>EN388:2016 +A1:2018 -  4.X.4.3.E.P</li><li>ANSI/ISEA 105: 2016 CUT Level  A6</li><li>ANSI/ISEA 138 Level 1 – Pass</li></ul>,,,,
A729,Product,A729 - Anti Impact Cut Resistant Therm Glove,Maximum impact protection using TPR pod technology ANSI cut level A4 for supreme protection Nitrile foam coating for excellent grip in wet and dry conditions Specially designed for use in cold conditions Hook and loop strap for safe secure fit Highly durable and impact resistant Low linting construction for minimal contamination,https://d11ak7fd9ypfb7.cloudfront.net/styles1100px/A729G8R.jpg,21.0,0.0,TRUE,InStock,0.2,,A729G8RL,,,,Size,DROP_DOWN,S;M;L;XL;XXL;XXXL,Color,DROP_DOWN,Grey/Black,,,,,,,,,,,,,Fit,<p>R</p>,Length,<p>43</p>,Width,<p>28</p>,Height,<p>55</p>,Box Quantity,<p>72</p>,Inner Pack Quantity,<p>12</p>,Country Of Origin,<p>CN</p>,Standards,<ul><li>EN 420</li><li>EN 511   X.2.X.</li><li>AS/NZS 2161 .2</li><li>AS/NZS 2161 .3</li><li>AS/NZS 2161 .5</li><li>EN388:2016 +A1:2018 -  4.X.4.2.C.P.</li><li>ANSI/ISEA 105: 2016 CUT Level  A4</li><li>ANSI/ISEA 138 Level 2 – Pass</li></ul>,,,,
A729,Variant,,Maximum impact protection using TPR pod technology ANSI cut level A4 for supreme protection Nitrile foam coating for excellent grip in wet and dry conditions Specially designed for use in cold conditions Hook and loop strap for safe secure fit Highly durable and impact resistant Low linting construction for minimal contamination,https://d11ak7fd9ypfb7.cloudfront.net/styles1100px/A729G8R.jpg,,0.0,TRUE,InStock,0.2,,A729G8RL,,,,Size,DROP_DOWN,L,Color,DROP_DOWN,Grey/Black,,,,,,,,,,,,,Fit,<p>R</p>,Length,<p>43</p>,Width,<p>28</p>,Height,<p>55</p>,Box Quantity,<p>72</p>,Inner Pack Quantity,<p>12</p>,Country Of Origin,<p>CN</p>,Standards,<ul><li>EN 420</li><li>EN 511   X.2.X.</li><li>AS/NZS 2161 .2</li><li>AS/NZS 2161 .3</li><li>AS/NZS 2161 .5</li><li>EN388:2016 +A1:2018 -  4.X.4.2.C.P.</li><li>ANSI/ISEA 105: 2016 CUT Level  A4</li><li>ANSI/ISEA 138 Level 2 – Pass</li></ul>,,,,
A729,Variant,,Maximum impact protection using TPR pod technology ANSI cut level A4 for supreme protection Nitrile foam coating for excellent grip in wet and dry conditions Specially designed for use in cold conditions Hook and loop strap for safe secure fit Highly durable and impact resistant Low linting construction for minimal contamination,https://d11ak7fd9ypfb7.cloudfront.net/styles1100px/A729G8R.jpg,,0.0,TRUE,InStock,0.2,,A729G8RM,,,,Size,DROP_DOWN,M,Color,DROP_DOWN,Grey/Black,,,,,,,,,,,,,Fit,<p>R</p>,Length,<p>43</p>,Width,<p>28</p>,Height,<p>55</p>,Box Quantity,<p>72</p>,Inner Pack Quantity,<p>12</p>,Country Of Origin,<p>CN</p>,Standards,<ul><li>EN 420</li><li>EN 511   X.2.X.</li><li>AS/NZS 2161 .2</li><li>AS/NZS 2161 .3</li><li>AS/NZS 2161 .5</li><li>EN388:2016 +A1:2018 -  4.X.4.2.C.P.</li><li>ANSI/ISEA 105: 2016 CUT Level  A4</li><li>ANSI/ISEA 138 Level 2 – Pass</li></ul>,,,,
A729,Variant,,Maximum impact protection using TPR pod technology ANSI cut level A4 for supreme protection Nitrile foam coating for excellent grip in wet and dry conditions Specially designed for use in cold conditions Hook and loop strap for safe secure fit Highly durable and impact resistant Low linting construction for minimal contamination,https://d11ak7fd9ypfb7.cloudfront.net/styles1100px/A729G8R.jpg,,0.0,TRUE,InStock,0.18,,A729G8RS,,,,Size,DROP_DOWN,S,Color,DROP_DOWN,Grey/Black,,,,,,,,,,,,,Fit,<p>R</p>,Length,<p>43</p>,Width,<p>28</p>,Height,<p>55</p>,Box Quantity,<p>72</p>,Inner Pack Quantity,<p>12</p>,Country Of Origin,<p>CN</p>,Standards,<ul><li>EN 420</li><li>EN 511   X.2.X.</li><li>AS/NZS 2161 .2</li><li>AS/NZS 2161 .3</li><li>AS/NZS 2161 .5</li><li>EN388:2016 +A1:2018 -  4.X.4.2.C.P.</li><li>ANSI/ISEA 105: 2016 CUT Level  A4</li><li>ANSI/ISEA 138 Level 2 – Pass</li></ul>,,,,
A729,Variant,,Maximum impact protection using TPR pod technology ANSI cut level A4 for supreme protection Nitrile foam coating for excellent grip in wet and dry conditions Specially designed for use in cold conditions Hook and loop strap for safe secure fit Highly durable and impact resistant Low linting construction for minimal contamination,https://d11ak7fd9ypfb7.cloudfront.net/styles1100px/A729G8R.jpg,,0.0,TRUE,InStock,0.2,,A729G8RXL,,,,Size,DROP_DOWN,XL,Color,DROP_DOWN,Grey/Black,,,,,,,,,,,,,Fit,<p>R</p>,Length,<p>43</p>,Width,<p>28</p>,Height,<p>55</p>,Box Quantity,<p>72</p>,Inner Pack Quantity,<p>12</p>,Country Of Origin,<p>CN</p>,Standards,<ul><li>EN 420</li><li>EN 511   X.2.X.</li><li>AS/NZS 2161 .2</li><li>AS/NZS 2161 .3</li><li>AS/NZS 2161 .5</li><li>EN388:2016 +A1:2018 -  4.X.4.2.C.P.</li><li>ANSI/ISEA 105: 2016 CUT Level  A4</li><li>ANSI/ISEA 138 Level 2 – Pass</li></ul>,,,,
A729,Variant,,Maximum impact protection using TPR pod technology ANSI cut level A4 for supreme protection Nitrile foam coating for excellent grip in wet and dry conditions Specially designed for use in cold conditions Hook and loop strap for safe secure fit Highly durable and impact resistant Low linting construction for minimal contamination,https://d11ak7fd9ypfb7.cloudfront.net/styles1100px/A729G8R.jpg,,0.0,TRUE,InStock,0.22,,A729G8RXXL,,,,Size,DROP_DOWN,XXL,Color,DROP_DOWN,Grey/Black,,,,,,,,,,,,,Fit,<p>R</p>,Length,<p>43</p>,Width,<p>28</p>,Height,<p>55</p>,Box Quantity,<p>72</p>,Inner Pack Quantity,<p>12</p>,Country Of Origin,<p>CN</p>,Standards,<ul><li>EN 420</li><li>EN 511   X.2.X.</li><li>AS/NZS 2161 .2</li><li>AS/NZS 2161 .3</li><li>AS/NZS 2161 .5</li><li>EN388:2016 +A1:2018 -  4.X.4.2.C.P.</li><li>ANSI/ISEA 105: 2016 CUT Level  A4</li><li>ANSI/ISEA 138 Level 2 – Pass</li></ul>,,,,
A729,Variant,,Maximum impact protection using TPR pod technology ANSI cut level A4 for supreme protection Nitrile foam coating for excellent grip in wet and dry conditions Specially designed for use in cold conditions Hook and loop strap for safe secure fit Highly durable and impact resistant Low linting construction for minimal contamination,https://d11ak7fd9ypfb7.cloudfront.net/styles1100px/A729G8R.jpg,,0.0,TRUE,InStock,0.22,,A729G8RXXXL,,,,Size,DROP_DOWN,XXXL,Color,DROP_DOWN,Grey/Black,,,,,,,,,,,,,Fit,<p>R</p>,Length,<p>43</p>,Width,<p>28</p>,Height,<p>55</p>,Box Quantity,<p>72</p>,Inner Pack Quantity,<p>12</p>,Country Of Origin,<p>CN</p>,Standards,<ul><li>EN 420</li><li>EN 511   X.2.X.</li><li>AS/NZS 2161 .2</li><li>AS/NZS 2161 .3</li><li>AS/NZS 2161 .5</li><li>EN388:2016 +A1:2018 -  4.X.4.2.C.P.</li><li>ANSI/ISEA 105: 2016 CUT Level  A4</li><li>ANSI/ISEA 138 Level 2 – Pass</li></ul>,,,,
A730,Product,A730 - Supergrip - High Performance Gloves,Designed for maximum grip performance Extra grip silicone covered palm with reinforced thumb and breathable sidewalls Low linting construction for minimal contamination Hook and loop strap for safe secure fit Designed for tasks that require reinforced abrasion resistance,https://d11ak7fd9ypfb7.cloudfront.net/styles1100px/A730BKR.jpg,14.8,0.0,TRUE,InStock,0.1,HAND PROTECTION;Specialist Gloves,A730BKRL,,,,Size,DROP_DOWN,M;L;XL,Color,DROP_DOWN,Black,,,,,,,,,,,,,Fit,<p>R</p>,Length,<p>65</p>,Width,<p>40</p>,Height,<p>40</p>,Box Quantity,<p>144</p>,Inner Pack Quantity,<p>12</p>,Country Of Origin,<p>PK</p>,Standards,<ul><li>EN 420</li><li>AS/NZS 2161 .2</li><li>AS/NZS 2161 .3</li><li>EN388:2016 +A1:2018 -  2.1.1.1.X</li><li>ANSI/ISEA 105: 2016 CUT Level  A1</li></ul>,,,,
A730,Variant,,Designed for maximum grip performance Extra grip silicone covered palm with reinforced thumb and breathable sidewalls Low linting construction for minimal contamination Hook and loop strap for safe secure fit Designed for tasks that require reinforced abrasion resistance,https://d11ak7fd9ypfb7.cloudfront.net/styles1100px/A730BKR.jpg,,0.0,TRUE,InStock,0.1,,A730BKRL,,,,Size,DROP_DOWN,L,Color,DROP_DOWN,Black,,,,,,,,,,,,,Fit,<p>R</p>,Length,<p>65</p>,Width,<p>40</p>,Height,<p>40</p>,Box Quantity,<p>144</p>,Inner Pack Quantity,<p>12</p>,Country Of Origin,<p>PK</p>,Standards,<ul><li>EN 420</li><li>AS/NZS 2161 .2</li><li>AS/NZS 2161 .3</li><li>EN388:2016 +A1:2018 -  2.1.1.1.X</li><li>ANSI/ISEA 105: 2016 CUT Level  A1</li></ul>,,,,
A730,Variant,,Designed for maximum grip performance Extra grip silicone covered palm with reinforced thumb and breathable sidewalls Low linting construction for minimal contamination Hook and loop strap for safe secure fit Designed for tasks that require reinforced abrasion resistance,https://d11ak7fd9ypfb7.cloudfront.net/styles1100px/A730BKR.jpg,,0.0,TRUE,InStock,0.1,,A730BKRM,,,,Size,DROP_DOWN,M,Color,DROP_DOWN,Black,,,,,,,,,,,,,Fit,<p>R</p>,Length,<p>65</p>,Width,<p>40</p>,Height,<p>40</p>,Box Quantity,<p>144</p>,Inner Pack Quantity,<p>12</p>,Country Of Origin,<p>PK</p>,Standards,<ul><li>EN 420</li><li>AS/NZS 2161 .2</li><li>AS/NZS 2161 .3</li><li>EN388:2016 +A1:2018 -  2.1.1.1.X</li><li>ANSI/ISEA 105: 2016 CUT Level  A1</li></ul>,,,,
A730,Variant,,Designed for maximum grip performance Extra grip silicone covered palm with reinforced thumb and breathable sidewalls Low linting construction for minimal contamination Hook and loop strap for safe secure fit Designed for tasks that require reinforced abrasion resistance,https://d11ak7fd9ypfb7.cloudfront.net/styles1100px/A730BKR.jpg,,0.0,TRUE,InStock,0.1,,A730BKRXL,,,,Size,DROP_DOWN,XL,Color,DROP_DOWN,Black,,,,,,,,,,,,,Fit,<p>R</p>,Length,<p>65</p>,Width,<p>40</p>,Height,<p>40</p>,Box Quantity,<p>144</p>,Inner Pack Quantity,<p>12</p>,Country Of Origin,<p>PK</p>,Standards,<ul><li>EN 420</li><li>AS/NZS 2161 .2</li><li>AS/NZS 2161 .3</li><li>EN388:2016 +A1:2018 -  2.1.1.1.X</li><li>ANSI/ISEA 105: 2016 CUT Level  A1</li></ul>,,,,
A740,Product,A740 - Powertool Pro - High Performance Glove,"Thumb, middle and index finger tips left open for precision handling Reinforcement stitching on palms and fingers Reinforced padded palms Highly durable synthetic leather with elastane and neoprene",https://d11ak7fd9ypfb7.cloudfront.net/styles1100px/A740BKR.jpg,15.2,0.0,TRUE,InStock,0.08,HAND PROTECTION;Specialist Gloves,A740BKRL,,,,Size,DROP_DOWN,M;L;XL,Color,DROP_DOWN,Black,,,,,,,,,,,,,Fit,<p>R</p>,Length,<p>65</p>,Width,<p>40</p>,Height,<p>45</p>,Box Quantity,<p>144</p>,Inner Pack Quantity,<p>12</p>,Country Of Origin,<p>PK</p>,Standards,<ul><li>EN 420</li><li>CE</li><li>AS/NZS 2161 .2</li><li>AS/NZS 2161 .3</li><li>EN388:2016 +A1:2018 -  2.1.2.1.X</li><li>ANSI/ISEA 105: 2016 CUT Level  A2</li></ul>,,,,
A740,Variant,,"Thumb, middle and index finger tips left open for precision handling Reinforcement stitching on palms and fingers Reinforced padded palms Highly durable synthetic leather with elastane and neoprene",https://d11ak7fd9ypfb7.cloudfront.net/styles1100px/A740BKR.jpg,,0.0,TRUE,InStock,0.08,,A740BKRL,,,,Size,DROP_DOWN,L,Color,DROP_DOWN,Black,,,,,,,,,,,,,Fit,<p>R</p>,Length,<p>65</p>,Width,<p>40</p>,Height,<p>45</p>,Box Quantity,<p>144</p>,Inner Pack Quantity,<p>12</p>,Country Of Origin,<p>PK</p>,Standards,<ul><li>EN 420</li><li>CE</li><li>AS/NZS 2161 .2</li><li>AS/NZS 2161 .3</li><li>EN388:2016 +A1:2018 -  2.1.2.1.X</li><li>ANSI/ISEA 105: 2016 CUT Level  A2</li></ul>,,,,
A740,Variant,,"Thumb, middle and index finger tips left open for precision handling Reinforcement stitching on palms and fingers Reinforced padded palms Highly durable synthetic leather with elastane and neoprene",https://d11ak7fd9ypfb7.cloudfront.net/styles1100px/A740BKR.jpg,,0.0,TRUE,InStock,0.08,,A740BKRM,,,,Size,DROP_DOWN,M,Color,DROP_DOWN,Black,,,,,,,,,,,,,Fit,<p>R</p>,Length,<p>65</p>,Width,<p>40</p>,Height,<p>45</p>,Box Quantity,<p>144</p>,Inner Pack Quantity,<p>12</p>,Country Of Origin,<p>PK</p>,Standards,<ul><li>EN 420</li><li>CE</li><li>AS/NZS 2161 .2</li><li>AS/NZS 2161 .3</li><li>EN388:2016 +A1:2018 -  2.1.2.1.X</li><li>ANSI/ISEA 105: 2016 CUT Level  A2</li></ul>,,,,
A740,Variant,,"Thumb, middle and index finger tips left open for precision handling Reinforcement stitching on palms and fingers Reinforced padded palms Highly durable synthetic leather with elastane and neoprene",https://d11ak7fd9ypfb7.cloudfront.net/styles1100px/A740BKR.jpg,,0.0,TRUE,InStock,0.08,,A740BKRXL,,,,Size,DROP_DOWN,XL,Color,DROP_DOWN,Black,,,,,,,,,,,,,Fit,<p>R</p>,Length,<p>65</p>,Width,<p>40</p>,Height,<p>45</p>,Box Quantity,<p>144</p>,Inner Pack Quantity,<p>12</p>,Country Of Origin,<p>PK</p>,Standards,<ul><li>EN 420</li><li>CE</li><li>AS/NZS 2161 .2</li><li>AS/NZS 2161 .3</li><li>EN388:2016 +A1:2018 -  2.1.2.1.X</li><li>ANSI/ISEA 105: 2016 CUT Level  A2</li></ul>,,,,
A745,Product,A745 - Impact Pro Cut Glove,Designed for action in the toughest environments ANSI cut level A6 Premium leather with a reinforced palm for ultimate durability TPR exo-skeleton provides excellent impact protection to the back of the hand Highly protective cut resistant liner for added security against cut hazards Wrist strap fastening ensures a secure and comfortable fit High cut resistant liner,https://d11ak7fd9ypfb7.cloudfront.net/styles1100px/A745GRR.jpg,41.8,0.0,TRUE,InStock,0.41,,A745GRR4XL,,,,Size,DROP_DOWN,M;L;XL;XXL;XXXL;4XL,Color,DROP_DOWN,Grey,,,,,,,,,,,,,Fit,<p>R</p>,Length,<p>52</p>,Width,<p>30</p>,Height,<p>49</p>,Box Quantity,<p>48</p>,Inner Pack Quantity,<p>12</p>,Country Of Origin,<p>MM</p>,Standards,<ul><li>EN 420</li><li>ANSI/ISEA 105: 2016 CUT Level  A6</li><li>ANSI/ISEA 138 Level 2 – Pass  Pass</li><li>AS/NZS 2161 .2</li><li>AS/NZS 2161 .3</li><li>AS/NZS 2161 .4</li><li>EN388:2016 +A1:2018 -  3X42FP</li><li>EN 407   X2XXXX</li></ul>,,,,
A745,Variant,,Designed for action in the toughest environments ANSI cut level A6 Premium leather with a reinforced palm for ultimate durability TPR exo-skeleton provides excellent impact protection to the back of the hand Highly protective cut resistant liner for added security against cut hazards Wrist strap fastening ensures a secure and comfortable fit High cut resistant liner,https://d11ak7fd9ypfb7.cloudfront.net/styles1100px/A745GRR.jpg,,0.0,TRUE,InStock,0.41,,A745GRR4XL,,,,Size,DROP_DOWN,4XL,Color,DROP_DOWN,Grey,,,,,,,,,,,,,Fit,<p>R</p>,Length,<p>52</p>,Width,<p>30</p>,Height,<p>49</p>,Box Quantity,<p>48</p>,Inner Pack Quantity,<p>12</p>,Country Of Origin,<p>MM</p>,Standards,<ul><li>EN 420</li><li>ANSI/ISEA 105: 2016 CUT Level  A6</li><li>ANSI/ISEA 138 Level 2 – Pass  Pass</li><li>AS/NZS 2161 .2</li><li>AS/NZS 2161 .3</li><li>AS/NZS 2161 .4</li><li>EN388:2016 +A1:2018 -  3X42FP</li><li>EN 407   X2XXXX</li></ul>,,,,
A745,Variant,,Designed for action in the toughest environments ANSI cut level A6 Premium leather with a reinforced palm for ultimate durability TPR exo-skeleton provides excellent impact protection to the back of the hand Highly protective cut resistant liner for added security against cut hazards Wrist strap fastening ensures a secure and comfortable fit High cut resistant liner,https://d11ak7fd9ypfb7.cloudfront.net/styles1100px/A745GRR.jpg,,0.0,TRUE,InStock,0.3,,A745GRRL,,,,Size,DROP_DOWN,L,Color,DROP_DOWN,Grey,,,,,,,,,,,,,Fit,<p>R</p>,Length,<p>52</p>,Width,<p>30</p>,Height,<p>49</p>,Box Quantity,<p>48</p>,Inner Pack Quantity,<p>12</p>,Country Of Origin,<p>CN</p>,Standards,<ul><li>EN 420</li><li>ANSI/ISEA 105: 2016 CUT Level  A6</li><li>ANSI/ISEA 138 Level 2 – Pass  Pass</li><li>AS/NZS 2161 .2</li><li>AS/NZS 2161 .3</li><li>AS/NZS 2161 .4</li><li>EN388:2016 +A1:2018 -  3X42FP</li><li>EN 407   X2XXXX</li></ul>,,,,
A745,Variant,,Designed for action in the toughest environments ANSI cut level A6 Premium leather with a reinforced palm for ultimate durability TPR exo-skeleton provides excellent impact protection to the back of the hand Highly protective cut resistant liner for added security against cut hazards Wrist strap fastening ensures a secure and comfortable fit High cut resistant liner,https://d11ak7fd9ypfb7.cloudfront.net/styles1100px/A745GRR.jpg,,0.0,TRUE,InStock,0.29,,A745GRRM,,,,Size,DROP_DOWN,M,Color,DROP_DOWN,Grey,,,,,,,,,,,,,Fit,<p>R</p>,Length,<p>52</p>,Width,<p>30</p>,Height,<p>49</p>,Box Quantity,<p>48</p>,Inner Pack Quantity,<p>12</p>,Country Of Origin,<p>CN</p>,Standards,<ul><li>EN 420</li><li>ANSI/ISEA 105: 2016 CUT Level  A6</li><li>ANSI/ISEA 138 Level 2 – Pass  Pass</li><li>AS/NZS 2161 .2</li><li>AS/NZS 2161 .3</li><li>AS/NZS 2161 .4</li><li>EN388:2016 +A1:2018 -  3X42FP</li><li>EN 407   X2XXXX</li></ul>,,,,
A745,Variant,,Designed for action in the toughest environments ANSI cut level A6 Premium leather with a reinforced palm for ultimate durability TPR exo-skeleton provides excellent impact protection to the back of the hand Highly protective cut resistant liner for added security against cut hazards Wrist strap fastening ensures a secure and comfortable fit High cut resistant liner,https://d11ak7fd9ypfb7.cloudfront.net/styles1100px/A745GRR.jpg,,0.0,TRUE,InStock,0.32,,A745GRRXL,,,,Size,DROP_DOWN,XL,Color,DROP_DOWN,Grey,,,,,,,,,,,,,Fit,<p>R</p>,Length,<p>52</p>,Width,<p>30</p>,Height,<p>49</p>,Box Quantity,<p>48</p>,Inner Pack Quantity,<p>12</p>,Country Of Origin,<p>CN</p>,Standards,<ul><li>EN 420</li><li>ANSI/ISEA 105: 2016 CUT Level  A6</li><li>ANSI/ISEA 138 Level 2 – Pass  Pass</li><li>AS/NZS 2161 .2</li><li>AS/NZS 2161 .3</li><li>AS/NZS 2161 .4</li><li>EN388:2016 +A1:2018 -  3X42FP</li><li>EN 407   X2XXXX</li></ul>,,,,
A745,Variant,,Designed for action in the toughest environments ANSI cut level A6 Premium leather with a reinforced palm for ultimate durability TPR exo-skeleton provides excellent impact protection to the back of the hand Highly protective cut resistant liner for added security against cut hazards Wrist strap fastening ensures a secure and comfortable fit High cut resistant liner,https://d11ak7fd9ypfb7.cloudfront.net/styles1100px/A745GRR.jpg,,0.0,TRUE,InStock,0.36,,A745GRRXXL,,,,Size,DROP_DOWN,XXL,Color,DROP_DOWN,Grey,,,,,,,,,,,,,Fit,<p>R</p>,Length,<p>52</p>,Width,<p>30</p>,Height,<p>49</p>,Box Quantity,<p>48</p>,Inner Pack Quantity,<p>12</p>,Country Of Origin,<p>CN</p>,Standards,<ul><li>EN 420</li><li>ANSI/ISEA 105: 2016 CUT Level  A6</li><li>ANSI/ISEA 138 Level 2 – Pass  Pass</li><li>AS/NZS 2161 .2</li><li>AS/NZS 2161 .3</li><li>AS/NZS 2161 .4</li><li>EN388:2016 +A1:2018 -  3X42FP</li><li>EN 407   X2XXXX</li></ul>,,,,
A745,Variant,,Designed for action in the toughest environments ANSI cut level A6 Premium leather with a reinforced palm for ultimate durability TPR exo-skeleton provides excellent impact protection to the back of the hand Highly protective cut resistant liner for added security against cut hazards Wrist strap fastening ensures a secure and comfortable fit High cut resistant liner,https://d11ak7fd9ypfb7.cloudfront.net/styles1100px/A745GRR.jpg,,0.0,TRUE,InStock,0.4,,A745GRRXXXL,,,,Size,DROP_DOWN,XXXL,Color,DROP_DOWN,Grey,,,,,,,,,,,,,Fit,<p>R</p>,Length,<p>52</p>,Width,<p>30</p>,Height,<p>49</p>,Box Quantity,<p>48</p>,Inner Pack Quantity,<p>12</p>,Country Of Origin,<p>CN</p>,Standards,<ul><li>EN 420</li><li>ANSI/ISEA 105: 2016 CUT Level  A6</li><li>ANSI/ISEA 138 Level 2 – Pass  Pass</li><li>AS/NZS 2161 .2</li><li>AS/NZS 2161 .3</li><li>AS/NZS 2161 .4</li><li>EN388:2016 +A1:2018 -  3X42FP</li><li>EN 407   X2XXXX</li></ul>,,,,
A762,Product,A762 - R3 Impact Winter Glove,"Maximum impact protection using TPR pod technology Waterproof membrane Insulatex lining for protection in cold conditions Goat skin outer offers excellent breathability, durability and dexterity Hook and loop wrist strap ensures secure fitting",https://d11ak7fd9ypfb7.cloudfront.net/styles1100px/A762Y8R.jpg,37.9,0.0,TRUE,InStock,0.312,,A762Y8RM,,,,Size,DROP_DOWN,M;XL;XXL,Color,DROP_DOWN,Yellow/Black,,,,,,,,,,,,,Fit,<p>R</p>,Length,<p>61</p>,Width,<p>37</p>,Height,<p>28</p>,Box Quantity,<p>72</p>,Inner Pack Quantity,<p>12</p>,Country Of Origin,<p>PK</p>,Standards,<ul><li>EN 420</li><li>EN 511</li><li>EN 407   X.2.X.X.X.X</li><li>EN388:2016 +A1:2018 -  2.1.4.1.X.P</li><li>ANSI/ISEA 138 Level 1 – Pass</li><li>ANSI/ISEA 105: 2016 CUT Level  A1</li></ul>,,,,
A762,Variant,,"Maximum impact protection using TPR pod technology Waterproof membrane Insulatex lining for protection in cold conditions Goat skin outer offers excellent breathability, durability and dexterity Hook and loop wrist strap ensures secure fitting",https://d11ak7fd9ypfb7.cloudfront.net/styles1100px/A762Y8R.jpg,,0.0,TRUE,InStock,0.312,,A762Y8RM,,,,Size,DROP_DOWN,M,Color,DROP_DOWN,Yellow/Black,,,,,,,,,,,,,Fit,<p>R</p>,Length,<p>61</p>,Width,<p>37</p>,Height,<p>28</p>,Box Quantity,<p>72</p>,Inner Pack Quantity,<p>12</p>,Country Of Origin,<p>PK</p>,Standards,<ul><li>EN 420</li><li>EN 511</li><li>EN 407   X.2.X.X.X.X</li><li>EN388:2016 +A1:2018 -  2.1.4.1.X.P</li><li>ANSI/ISEA 138 Level 1 – Pass</li><li>ANSI/ISEA 105: 2016 CUT Level  A1</li></ul>,,,,
A762,Variant,,"Maximum impact protection using TPR pod technology Waterproof membrane Insulatex lining for protection in cold conditions Goat skin outer offers excellent breathability, durability and dexterity Hook and loop wrist strap ensures secure fitting",https://d11ak7fd9ypfb7.cloudfront.net/styles1100px/A762Y8R.jpg,,0.0,TRUE,InStock,0.352,,A762Y8RXL,,,,Size,DROP_DOWN,XL,Color,DROP_DOWN,Yellow/Black,,,,,,,,,,,,,Fit,<p>R</p>,Length,<p>61</p>,Width,<p>37</p>,Height,<p>28</p>,Box Quantity,<p>72</p>,Inner Pack Quantity,<p>12</p>,Country Of Origin,<p>PK</p>,Standards,<ul><li>EN 420</li><li>EN 511</li><li>EN 407   X.2.X.X.X.X</li><li>EN388:2016 +A1:2018 -  2.1.4.1.X.P</li><li>ANSI/ISEA 138 Level 1 – Pass</li><li>ANSI/ISEA 105: 2016 CUT Level  A1</li></ul>,,,,
A762,Variant,,"Maximum impact protection using TPR pod technology Waterproof membrane Insulatex lining for protection in cold conditions Goat skin outer offers excellent breathability, durability and dexterity Hook and loop wrist strap ensures secure fitting",https://d11ak7fd9ypfb7.cloudfront.net/styles1100px/A762Y8R.jpg,,0.0,TRUE,InStock,0.356,,A762Y8RXXL,,,,Size,DROP_DOWN,XXL,Color,DROP_DOWN,Yellow/Black,,,,,,,,,,,,,Fit,<p>R</p>,Length,<p>61</p>,Width,<p>37</p>,Height,<p>28</p>,Box Quantity,<p>72</p>,Inner Pack Quantity,<p>12</p>,Country Of Origin,<p>PK</p>,Standards,<ul><li>EN 420</li><li>EN 511</li><li>EN 407   X.2.X.X.X.X</li><li>EN388:2016 +A1:2018 -  2.1.4.1.X.P</li><li>ANSI/ISEA 138 Level 1 – Pass</li><li>ANSI/ISEA 105: 2016 CUT Level  A1</li></ul>,,,,
A780,Product,A780 - Arc Grip Glove,"High level of protection against ARC flash burns, cuts and flames 13 gauge, flame-resistant aramid liner, increases dexterity and hand movement Flame-resistant neoprene coated palm allows for excellent grip ARC flash level 2 (ATPV 9.5cal/cm2) EN 388 :2016 CUT LEVEL D, ANSI: Cut A4 Antistatic properties",https://d11ak7fd9ypfb7.cloudfront.net/styles1100px/A780E8R.jpg,25.4,0.0,TRUE,InStock,0.116,,A780E8RL,,,,Size,DROP_DOWN,M;L;XL;XXL,Color,DROP_DOWN,Green/Black,,,,,,,,,,,,,Fit,<p>R</p>,Length,<p>45</p>,Width,<p>37</p>,Height,<p>27</p>,Box Quantity,<p>144</p>,Inner Pack Quantity,<p>12</p>,Country Of Origin,<p>CN</p>,Standards,<ul><li>EN 420</li><li>ASTM F2675-13   2</li><li>ANSI/ISEA 105: 2016 CUT Level  A4</li><li>EN388:2016 +A1:2018 -  4X42D</li><li>EN 407   X1XXXX</li></ul>,,,,
A780,Variant,,"High level of protection against ARC flash burns, cuts and flames 13 gauge, flame-resistant aramid liner, increases dexterity and hand movement Flame-resistant neoprene coated palm allows for excellent grip ARC flash level 2 (ATPV 9.5cal/cm2) EN 388 :2016 CUT LEVEL D, ANSI: Cut A4 Antistatic properties",https://d11ak7fd9ypfb7.cloudfront.net/styles1100px/A780E8R.jpg,,0.0,TRUE,InStock,0.116,,A780E8RL,,,,Size,DROP_DOWN,L,Color,DROP_DOWN,Green/Black,,,,,,,,,,,,,Fit,<p>R</p>,Length,<p>45</p>,Width,<p>37</p>,Height,<p>27</p>,Box Quantity,<p>144</p>,Inner Pack Quantity,<p>12</p>,Country Of Origin,<p>CN</p>,Standards,<ul><li>EN 420</li><li>ASTM F2675-13   2</li><li>ANSI/ISEA 105: 2016 CUT Level  A4</li><li>EN388:2016 +A1:2018 -  4X42D</li><li>EN 407   X1XXXX</li></ul>,,,,
A780,Variant,,"High level of protection against ARC flash burns, cuts and flames 13 gauge, flame-resistant aramid liner, increases dexterity and hand movement Flame-resistant neoprene coated palm allows for excellent grip ARC flash level 2 (ATPV 9.5cal/cm2) EN 388 :2016 CUT LEVEL D, ANSI: Cut A4 Antistatic properties",https://d11ak7fd9ypfb7.cloudfront.net/styles1100px/A780E8R.jpg,,0.0,TRUE,InStock,0.106,,A780E8RM,,,,Size,DROP_DOWN,M,Color,DROP_DOWN,Green/Black,,,,,,,,,,,,,Fit,<p>R</p>,Length,<p>45</p>,Width,<p>37</p>,Height,<p>27</p>,Box Quantity,<p>144</p>,Inner Pack Quantity,<p>12</p>,Country Of Origin,<p>CN</p>,Standards,<ul><li>EN 420</li><li>ASTM F2675-13   2</li><li>ANSI/ISEA 105: 2016 CUT Level  A4</li><li>EN388:2016 +A1:2018 -  4X42D</li><li>EN 407   X1XXXX</li></ul>,,,,
A780,Variant,,"High level of protection against ARC flash burns, cuts and flames 13 gauge, flame-resistant aramid liner, increases dexterity and hand movement Flame-resistant neoprene coated palm allows for excellent grip ARC flash level 2 (ATPV 9.5cal/cm2) EN 388 :2016 CUT LEVEL D, ANSI: Cut A4 Antistatic properties",https://d11ak7fd9ypfb7.cloudfront.net/styles1100px/A780E8R.jpg,,0.0,TRUE,InStock,0.119,,A780E8RXL,,,,Size,DROP_DOWN,XL,Color,DROP_DOWN,Green/Black,,,,,,,,,,,,,Fit,<p>R</p>,Length,<p>45</p>,Width,<p>37</p>,Height,<p>27</p>,Box Quantity,<p>144</p>,Inner Pack Quantity,<p>12</p>,Country Of Origin,<p>CN</p>,Standards,<ul><li>EN 420</li><li>ASTM F2675-13   2</li><li>ANSI/ISEA 105: 2016 CUT Level  A4</li><li>EN388:2016 +A1:2018 -  4X42D</li><li>EN 407   X1XXXX</li></ul>,,,,
A780,Variant,,"High level of protection against ARC flash burns, cuts and flames 13 gauge, flame-resistant aramid liner, increases dexterity and hand movement Flame-resistant neoprene coated palm allows for excellent grip ARC flash level 2 (ATPV 9.5cal/cm2) EN 388 :2016 CUT LEVEL D, ANSI: Cut A4 Antistatic properties",https://d11ak7fd9ypfb7.cloudfront.net/styles1100px/A780E8R.jpg,,0.0,TRUE,InStock,0.126,,A780E8RXXL,,,,Size,DROP_DOWN,XXL,Color,DROP_DOWN,Green/Black,,,,,,,,,,,,,Fit,<p>R</p>,Length,<p>45</p>,Width,<p>37</p>,Height,<p>27</p>,Box Quantity,<p>144</p>,Inner Pack Quantity,<p>12</p>,Country Of Origin,<p>CN</p>,Standards,<ul><li>EN 420</li><li>ASTM F2675-13   2</li><li>ANSI/ISEA 105: 2016 CUT Level  A4</li><li>EN388:2016 +A1:2018 -  4X42D</li><li>EN 407   X1XXXX</li></ul>,,,,
A790,Product,A790 - Anti Vibration Glove,"Specially designed to reduce the effects of vibration For use with jack hammers, concrete breakers, etc. Specially formulated rubber chloroprene Anti-vibration pods on palm only 100% breathable seamless liner",https://d11ak7fd9ypfb7.cloudfront.net/styles1100px/A790BKR.jpg,19.9,0.0,TRUE,InStock,0.16,HAND PROTECTION;Specialist Gloves,A790BKRL,,,,Size,DROP_DOWN,M;L;XL;XXL,Color,DROP_DOWN,Black,,,,,,,,,,,,,Fit,<p>R</p>,Length,<p>56</p>,Width,<p>30</p>,Height,<p>40</p>,Box Quantity,<p>100</p>,Inner Pack Quantity,<p>10</p>,Country Of Origin,<p>CN</p>,Standards,<ul><li>EN 420</li><li>AS/NZS 2161 .2</li><li>AS/NZS 2161 .3</li><li>EN 10819   (TRm = 0.865 TRh = 0.598)</li><li>EN388:2016 +A1:2018 -  4142X</li></ul>,,,,
A790,Variant,,"Specially designed to reduce the effects of vibration For use with jack hammers, concrete breakers, etc. Specially formulated rubber chloroprene Anti-vibration pods on palm only 100% breathable seamless liner",https://d11ak7fd9ypfb7.cloudfront.net/styles1100px/A790BKR.jpg,,0.0,TRUE,InStock,0.16,,A790BKRL,,,,Size,DROP_DOWN,L,Color,DROP_DOWN,Black,,,,,,,,,,,,,Fit,<p>R</p>,Length,<p>56</p>,Width,<p>30</p>,Height,<p>40</p>,Box Quantity,<p>100</p>,Inner Pack Quantity,<p>10</p>,Country Of Origin,<p>CN</p>,Standards,<ul><li>EN 420</li><li>AS/NZS 2161 .2</li><li>AS/NZS 2161 .3</li><li>EN 10819   (TRm = 0.865 TRh = 0.598)</li><li>EN388:2016 +A1:2018 -  4142X</li></ul>,,,,
A790,Variant,,"Specially designed to reduce the effects of vibration For use with jack hammers, concrete breakers, etc. Specially formulated rubber chloroprene Anti-vibration pods on palm only 100% breathable seamless liner",https://d11ak7fd9ypfb7.cloudfront.net/styles1100px/A790BKR.jpg,,0.0,TRUE,InStock,0.14,,A790BKRM,,,,Size,DROP_DOWN,M,Color,DROP_DOWN,Black,,,,,,,,,,,,,Fit,<p>R</p>,Length,<p>56</p>,Width,<p>30</p>,Height,<p>40</p>,Box Quantity,<p>100</p>,Inner Pack Quantity,<p>10</p>,Country Of Origin,<p>CN</p>,Standards,<ul><li>EN 420</li><li>AS/NZS 2161 .2</li><li>AS/NZS 2161 .3</li><li>EN 10819   (TRm = 0.865 TRh = 0.598)</li><li>EN388:2016 +A1:2018 -  4142X</li></ul>,,,,
A790,Variant,,"Specially designed to reduce the effects of vibration For use with jack hammers, concrete breakers, etc. Specially formulated rubber chloroprene Anti-vibration pods on palm only 100% breathable seamless liner",https://d11ak7fd9ypfb7.cloudfront.net/styles1100px/A790BKR.jpg,,0.0,TRUE,InStock,0.18,,A790BKRXL,,,,Size,DROP_DOWN,XL,Color,DROP_DOWN,Black,,,,,,,,,,,,,Fit,<p>R</p>,Length,<p>56</p>,Width,<p>30</p>,Height,<p>40</p>,Box Quantity,<p>100</p>,Inner Pack Quantity,<p>10</p>,Country Of Origin,<p>CN</p>,Standards,<ul><li>EN 420</li><li>AS/NZS 2161 .2</li><li>AS/NZS 2161 .3</li><li>EN 10819   (TRm = 0.865 TRh = 0.598)</li><li>EN388:2016 +A1:2018 -  4142X</li></ul>,,,,
A790,Variant,,"Specially designed to reduce the effects of vibration For use with jack hammers, concrete breakers, etc. Specially formulated rubber chloroprene Anti-vibration pods on palm only 100% breathable seamless liner",https://d11ak7fd9ypfb7.cloudfront.net/styles1100px/A790BKR.jpg,,0.0,TRUE,InStock,0.19,,A790BKRXXL,,,,Size,DROP_DOWN,XXL,Color,DROP_DOWN,Black,,,,,,,,,,,,,Fit,<p>R</p>,Length,<p>56</p>,Width,<p>30</p>,Height,<p>40</p>,Box Quantity,<p>100</p>,Inner Pack Quantity,<p>10</p>,Country Of Origin,<p>CN</p>,Standards,<ul><li>EN 420</li><li>AS/NZS 2161 .2</li><li>AS/NZS 2161 .3</li><li>EN 10819   (TRm = 0.865 TRh = 0.598)</li><li>EN388:2016 +A1:2018 -  4142X</li></ul>,,,,
A801,Product,A801 - Double Dipped Latex Gauntlet,Double dipped chemical resistant latex gauntlet Anti-slip textured pattern offers good grip in both wet and dry conditions Ideal for the chemical industry Chlorinated for improved durability,https://d11ak7fd9ypfb7.cloudfront.net/styles1100px/A801Y4R.jpg,3.0,0.0,TRUE,InStock,0.088,,A801Y4RL,,,,Size,DROP_DOWN,S;M;L;XL,Color,DROP_DOWN,Yellow/Blue,,,,,,,,,,,,,Fit,<p>R</p>,Length,<p>35</p>,Width,<p>29</p>,Height,<p>54</p>,Box Quantity,<p>216</p>,Inner Pack Quantity,<p>12</p>,Country Of Origin,<p>LK</p>,Standards,<ul><li>EN 420</li><li>EN388:2016 +A1:2018 -  1.0.1.0.X</li><li>EN ISO 374-5 Micro Organisms  Pass</li><li>EN ISO 374-1:2016 Type A  AKLMNPST</li></ul>,,,,
A801,Variant,,Double dipped chemical resistant latex gauntlet Anti-slip textured pattern offers good grip in both wet and dry conditions Ideal for the chemical industry Chlorinated for improved durability,https://d11ak7fd9ypfb7.cloudfront.net/styles1100px/A801Y4R.jpg,,0.0,TRUE,InStock,0.088,,A801Y4RL,,,,Size,DROP_DOWN,L,Color,DROP_DOWN,Yellow/Blue,,,,,,,,,,,,,Fit,<p>R</p>,Length,<p>35</p>,Width,<p>29</p>,Height,<p>54</p>,Box Quantity,<p>216</p>,Inner Pack Quantity,<p>12</p>,Country Of Origin,<p>LK</p>,Standards,<ul><li>EN 420</li><li>EN388:2016 +A1:2018 -  1.0.1.0.X</li><li>EN ISO 374-5 Micro Organisms  Pass</li><li>EN ISO 374-1:2016 Type A  AKLMNPST</li></ul>,,,,
A801,Variant,,Double dipped chemical resistant latex gauntlet Anti-slip textured pattern offers good grip in both wet and dry conditions Ideal for the chemical industry Chlorinated for improved durability,https://d11ak7fd9ypfb7.cloudfront.net/styles1100px/A801Y4R.jpg,,0.0,TRUE,InStock,0.084,,A801Y4RM,,,,Size,DROP_DOWN,M,Color,DROP_DOWN,Yellow/Blue,,,,,,,,,,,,,Fit,<p>R</p>,Length,<p>35</p>,Width,<p>29</p>,Height,<p>54</p>,Box Quantity,<p>216</p>,Inner Pack Quantity,<p>12</p>,Country Of Origin,<p>LK</p>,Standards,<ul><li>EN 420</li><li>EN388:2016 +A1:2018 -  1.0.1.0.X</li><li>EN ISO 374-5 Micro Organisms  Pass</li><li>EN ISO 374-1:2016 Type A  AKLMNPST</li></ul>,,,,
A801,Variant,,Double dipped chemical resistant latex gauntlet Anti-slip textured pattern offers good grip in both wet and dry conditions Ideal for the chemical industry Chlorinated for improved durability,https://d11ak7fd9ypfb7.cloudfront.net/styles1100px/A801Y4R.jpg,,0.0,TRUE,InStock,0.082,,A801Y4RS,,,,Size,DROP_DOWN,S,Color,DROP_DOWN,Yellow/Blue,,,,,,,,,,,,,Fit,<p>R</p>,Length,<p>35</p>,Width,<p>29</p>,Height,<p>54</p>,Box Quantity,<p>216</p>,Inner Pack Quantity,<p>12</p>,Country Of Origin,<p>LK</p>,Standards,<ul><li>EN 420</li><li>EN388:2016 +A1:2018 -  1.0.1.0.X</li><li>EN ISO 374-5 Micro Organisms  Pass</li><li>EN ISO 374-1:2016 Type A  AKLMNPST</li></ul>,,,,
A801,Variant,,Double dipped chemical resistant latex gauntlet Anti-slip textured pattern offers good grip in both wet and dry conditions Ideal for the chemical industry Chlorinated for improved durability,https://d11ak7fd9ypfb7.cloudfront.net/styles1100px/A801Y4R.jpg,,0.0,TRUE,InStock,0.108,,A801Y4RXL,,,,Size,DROP_DOWN,XL,Color,DROP_DOWN,Yellow/Blue,,,,,,,,,,,,,Fit,<p>R</p>,Length,<p>35</p>,Width,<p>29</p>,Height,<p>54</p>,Box Quantity,<p>216</p>,Inner Pack Quantity,<p>12</p>,Country Of Origin,<p>LK</p>,Standards,<ul><li>EN 420</li><li>EN388:2016 +A1:2018 -  1.0.1.0.X</li><li>EN ISO 374-5 Micro Organisms  Pass</li><li>EN ISO 374-1:2016 Type A  AKLMNPST</li></ul>,,,,
A810,Product,A810 - Nitrosafe Chemical Gauntlet - Nitrile,Chemical resistant gauntlet Textured pattern for enhanced grip Smooth nitrile for enhanced chemical protection Fully coated for maximum liquid protection Flock lined for added comfort,https://d11ak7fd9ypfb7.cloudfront.net/styles1100px/A810GNR.jpg,3.6,0.0,TRUE,InStock,0.072,,A810GNRL,,,,Size,DROP_DOWN,S;M;L;XL;XXL,Color,DROP_DOWN,Green,,,,,,,,,,,,,Fit,<p>R</p>,Length,<p>45</p>,Width,<p>37</p>,Height,<p>32</p>,Box Quantity,<p>192</p>,Inner Pack Quantity,<p>12</p>,Country Of Origin,<p>CN</p>,Standards,<ul><li>AS/NZS 2161 .2</li><li>AS/NZS 2161 .3</li><li>AS/NZS 2161 .10.1</li><li>EN ISO 374-5 Micro Organisms  Pass</li><li>EN ISO 374-1:2016 Type A  AJKLMNOT</li><li>EN 420   Dexterity 5</li><li>EN388:2016 +A1:2018 -  3101X</li></ul>,,,,
A810,Variant,,Chemical resistant gauntlet Textured pattern for enhanced grip Smooth nitrile for enhanced chemical protection Fully coated for maximum liquid protection Flock lined for added comfort,https://d11ak7fd9ypfb7.cloudfront.net/styles1100px/A810GNR.jpg,,0.0,TRUE,InStock,0.072,,A810GNRL,,,,Size,DROP_DOWN,L,Color,DROP_DOWN,Green,,,,,,,,,,,,,Fit,<p>R</p>,Length,<p>45</p>,Width,<p>37</p>,Height,<p>32</p>,Box Quantity,<p>192</p>,Inner Pack Quantity,<p>12</p>,Country Of Origin,<p>CN</p>,Standards,<ul><li>AS/NZS 2161 .2</li><li>AS/NZS 2161 .3</li><li>AS/NZS 2161 .10.1</li><li>EN ISO 374-5 Micro Organisms  Pass</li><li>EN ISO 374-1:2016 Type A  AJKLMNOT</li><li>EN 420   Dexterity 5</li><li>EN388:2016 +A1:2018 -  3101X</li></ul>,,,,
A810,Variant,,Chemical resistant gauntlet Textured pattern for enhanced grip Smooth nitrile for enhanced chemical protection Fully coated for maximum liquid protection Flock lined for added comfort,https://d11ak7fd9ypfb7.cloudfront.net/styles1100px/A810GNR.jpg,,0.0,TRUE,InStock,0.06,,A810GNRM,,,,Size,DROP_DOWN,M,Color,DROP_DOWN,Green,,,,,,,,,,,,,Fit,<p>R</p>,Length,<p>45</p>,Width,<p>37</p>,Height,<p>32</p>,Box Quantity,<p>192</p>,Inner Pack Quantity,<p>12</p>,Country Of Origin,<p>CN</p>,Standards,<ul><li>AS/NZS 2161 .2</li><li>AS/NZS 2161 .3</li><li>AS/NZS 2161 .10.1</li><li>EN ISO 374-5 Micro Organisms  Pass</li><li>EN ISO 374-1:2016 Type A  AJKLMNOT</li><li>EN 420   Dexterity 5</li><li>EN388:2016 +A1:2018 -  3101X</li></ul>,,,,
A810,Variant,,Chemical resistant gauntlet Textured pattern for enhanced grip Smooth nitrile for enhanced chemical protection Fully coated for maximum liquid protection Flock lined for added comfort,https://d11ak7fd9ypfb7.cloudfront.net/styles1100px/A810GNR.jpg,,0.0,TRUE,InStock,0.059,,A810GNRS,,,,Size,DROP_DOWN,S,Color,DROP_DOWN,Green,,,,,,,,,,,,,Fit,<p>R</p>,Length,<p>45</p>,Width,<p>37</p>,Height,<p>32</p>,Box Quantity,<p>192</p>,Inner Pack Quantity,<p>12</p>,Country Of Origin,<p>CN</p>,Standards,<ul><li>AS/NZS 2161 .2</li><li>AS/NZS 2161 .3</li><li>AS/NZS 2161 .10.1</li><li>EN ISO 374-5 Micro Organisms  Pass</li><li>EN ISO 374-1:2016 Type A  AJKLMNOT</li><li>EN 420   Dexterity 5</li><li>EN388:2016 +A1:2018 -  3101X</li></ul>,,,,
A810,Variant,,Chemical resistant gauntlet Textured pattern for enhanced grip Smooth nitrile for enhanced chemical protection Fully coated for maximum liquid protection Flock lined for added comfort,https://d11ak7fd9ypfb7.cloudfront.net/styles1100px/A810GNR.jpg,,0.0,TRUE,InStock,0.072,,A810GNRXL,,,,Size,DROP_DOWN,XL,Color,DROP_DOWN,Green,,,,,,,,,,,,,Fit,<p>R</p>,Length,<p>45</p>,Width,<p>37</p>,Height,<p>32</p>,Box Quantity,<p>192</p>,Inner Pack Quantity,<p>12</p>,Country Of Origin,<p>CN</p>,Standards,<ul><li>AS/NZS 2161 .2</li><li>AS/NZS 2161 .3</li><li>AS/NZS 2161 .10.1</li><li>EN ISO 374-5 Micro Organisms  Pass</li><li>EN ISO 374-1:2016 Type A  AJKLMNOT</li><li>EN 420   Dexterity 5</li><li>EN388:2016 +A1:2018 -  3101X</li></ul>,,,,
A810,Variant,,Chemical resistant gauntlet Textured pattern for enhanced grip Smooth nitrile for enhanced chemical protection Fully coated for maximum liquid protection Flock lined for added comfort,https://d11ak7fd9ypfb7.cloudfront.net/styles1100px/A810GNR.jpg,,0.0,TRUE,InStock,0.072,,A810GNRXXL,,,,Size,DROP_DOWN,XXL,Color,DROP_DOWN,Green,,,,,,,,,,,,,Fit,<p>R</p>,Length,<p>45</p>,Width,<p>37</p>,Height,<p>32</p>,Box Quantity,<p>192</p>,Inner Pack Quantity,<p>12</p>,Country Of Origin,<p>CN</p>,Standards,<ul><li>AS/NZS 2161 .2</li><li>AS/NZS 2161 .3</li><li>AS/NZS 2161 .10.1</li><li>EN ISO 374-5 Micro Organisms  Pass</li><li>EN ISO 374-1:2016 Type A  AJKLMNOT</li><li>EN 420   Dexterity 5</li><li>EN388:2016 +A1:2018 -  3101X</li></ul>,,,,
A812,Product,A812 - Nitrosafe Plus Chemical Gauntlet,Tested to offer protection against many common chemicals found in industry Anti-slip textured pattern offers good grip in both wet and dry conditions Free of soluble proteins helps to minimize the risk of an allergic reaction Lightweight 15 mil thickness Textured pattern Suitable for a broad range of industries,https://d11ak7fd9ypfb7.cloudfront.net/styles1100px/A812GNR.jpg,4.8,0.0,TRUE,InStock,0.076,,A812GNRL,,,,Size,DROP_DOWN,XS;S;M;L;XL;XXL,Color,DROP_DOWN,Green,,,,,,,,,,,,,Fit,<p>R</p>,Length,<p>43</p>,Width,<p>35</p>,Height,<p>35</p>,Box Quantity,<p>216</p>,Inner Pack Quantity,<p>12</p>,Country Of Origin,<p>LK</p>,Standards,<ul><li>EN 420</li><li>EN388:2016 +A1:2018 -  3.1.0.1.X</li><li>EN ISO 374-5 Micro Organisms  Pass</li><li>EN ISO 374-1:2016 Type A  AJKLMNOPST</li><li>CE Food Safe</li></ul>,,,,
A812,Variant,,Tested to offer protection against many common chemicals found in industry Anti-slip textured pattern offers good grip in both wet and dry conditions Free of soluble proteins helps to minimize the risk of an allergic reaction Lightweight 15 mil thickness Textured pattern Suitable for a broad range of industries,https://d11ak7fd9ypfb7.cloudfront.net/styles1100px/A812GNR.jpg,,0.0,TRUE,InStock,0.076,,A812GNRL,,,,Size,DROP_DOWN,L,Color,DROP_DOWN,Green,,,,,,,,,,,,,Fit,<p>R</p>,Length,<p>43</p>,Width,<p>35</p>,Height,<p>35</p>,Box Quantity,<p>216</p>,Inner Pack Quantity,<p>12</p>,Country Of Origin,<p>LK</p>,Standards,<ul><li>EN 420</li><li>EN388:2016 +A1:2018 -  3.1.0.1.X</li><li>EN ISO 374-5 Micro Organisms  Pass</li><li>EN ISO 374-1:2016 Type A  AJKLMNOPST</li><li>CE Food Safe</li></ul>,,,,
A812,Variant,,Tested to offer protection against many common chemicals found in industry Anti-slip textured pattern offers good grip in both wet and dry conditions Free of soluble proteins helps to minimize the risk of an allergic reaction Lightweight 15 mil thickness Textured pattern Suitable for a broad range of industries,https://d11ak7fd9ypfb7.cloudfront.net/styles1100px/A812GNR.jpg,,0.0,TRUE,InStock,0.07,,A812GNRM,,,,Size,DROP_DOWN,M,Color,DROP_DOWN,Green,,,,,,,,,,,,,Fit,<p>R</p>,Length,<p>43</p>,Width,<p>35</p>,Height,<p>35</p>,Box Quantity,<p>216</p>,Inner Pack Quantity,<p>12</p>,Country Of Origin,<p>LK</p>,Standards,<ul><li>EN 420</li><li>EN388:2016 +A1:2018 -  3.1.0.1.X</li><li>EN ISO 374-5 Micro Organisms  Pass</li><li>EN ISO 374-1:2016 Type A  AJKLMNOPST</li><li>CE Food Safe</li></ul>,,,,
A812,Variant,,Tested to offer protection against many common chemicals found in industry Anti-slip textured pattern offers good grip in both wet and dry conditions Free of soluble proteins helps to minimize the risk of an allergic reaction Lightweight 15 mil thickness Textured pattern Suitable for a broad range of industries,https://d11ak7fd9ypfb7.cloudfront.net/styles1100px/A812GNR.jpg,,0.0,TRUE,InStock,0.069,,A812GNRS,,,,Size,DROP_DOWN,S,Color,DROP_DOWN,Green,,,,,,,,,,,,,Fit,<p>R</p>,Length,<p>43</p>,Width,<p>35</p>,Height,<p>35</p>,Box Quantity,<p>216</p>,Inner Pack Quantity,<p>12</p>,Country Of Origin,<p>LK</p>,Standards,<ul><li>EN 420</li><li>EN388:2016 +A1:2018 -  3.1.0.1.X</li><li>EN ISO 374-5 Micro Organisms  Pass</li><li>EN ISO 374-1:2016 Type A  AJKLMNOPST</li><li>CE Food Safe</li></ul>,,,,
A812,Variant,,Tested to offer protection against many common chemicals found in industry Anti-slip textured pattern offers good grip in both wet and dry conditions Free of soluble proteins helps to minimize the risk of an allergic reaction Lightweight 15 mil thickness Textured pattern Suitable for a broad range of industries,https://d11ak7fd9ypfb7.cloudfront.net/styles1100px/A812GNR.jpg,,0.0,TRUE,InStock,0.083,,A812GNRXL,,,,Size,DROP_DOWN,XL,Color,DROP_DOWN,Green,,,,,,,,,,,,,Fit,<p>R</p>,Length,<p>43</p>,Width,<p>35</p>,Height,<p>35</p>,Box Quantity,<p>216</p>,Inner Pack Quantity,<p>12</p>,Country Of Origin,<p>LK</p>,Standards,<ul><li>EN 420</li><li>EN388:2016 +A1:2018 -  3.1.0.1.X</li><li>EN ISO 374-5 Micro Organisms  Pass</li><li>EN ISO 374-1:2016 Type A  AJKLMNOPST</li><li>CE Food Safe</li></ul>,,,,
A812,Variant,,Tested to offer protection against many common chemicals found in industry Anti-slip textured pattern offers good grip in both wet and dry conditions Free of soluble proteins helps to minimize the risk of an allergic reaction Lightweight 15 mil thickness Textured pattern Suitable for a broad range of industries,https://d11ak7fd9ypfb7.cloudfront.net/styles1100px/A812GNR.jpg,,0.0,TRUE,InStock,0.068,,A812GNRXS,,,,Size,DROP_DOWN,XS,Color,DROP_DOWN,Green,,,,,,,,,,,,,Fit,<p>R</p>,Length,<p>43</p>,Width,<p>35</p>,Height,<p>35</p>,Box Quantity,<p>216</p>,Inner Pack Quantity,<p>12</p>,Country Of Origin,<p>LK</p>,Standards,<ul><li>EN 420</li><li>EN388:2016 +A1:2018 -  3.1.0.1.X</li><li>EN ISO 374-5 Micro Organisms  Pass</li><li>EN ISO 374-1:2016 Type A  AJKLMNOPST</li><li>CE Food Safe</li></ul>,,,,
A812,Variant,,Tested to offer protection against many common chemicals found in industry Anti-slip textured pattern offers good grip in both wet and dry conditions Free of soluble proteins helps to minimize the risk of an allergic reaction Lightweight 15 mil thickness Textured pattern Suitable for a broad range of industries,https://d11ak7fd9ypfb7.cloudfront.net/styles1100px/A812GNR.jpg,,0.0,TRUE,InStock,0.092,,A812GNRXXL,,,,Size,DROP_DOWN,XXL,Color,DROP_DOWN,Green,,,,,,,,,,,,,Fit,<p>R</p>,Length,<p>43</p>,Width,<p>35</p>,Height,<p>35</p>,Box Quantity,<p>216</p>,Inner Pack Quantity,<p>12</p>,Country Of Origin,<p>LK</p>,Standards,<ul><li>EN 420</li><li>EN388:2016 +A1:2018 -  3.1.0.1.X</li><li>EN ISO 374-5 Micro Organisms  Pass</li><li>EN ISO 374-1:2016 Type A  AJKLMNOPST</li><li>CE Food Safe</li></ul>,,,,
A820,Product,A820 - Neoprene Chemical Gauntlet,"This gauntlet provides protection against a wide range of acids, caustic, alcohols and many solvents Anti-slip textured pattern offers good grip in both wet and dry conditions Cotton flock lining to absorb perspiration CE-CAT III",https://d11ak7fd9ypfb7.cloudfront.net/styles1100px/A820BKR.jpg,7.6,0.0,TRUE,InStock,0.192,,A820BKRL,,,,Size,DROP_DOWN,S;M;L;XL,Color,DROP_DOWN,Black,,,,,,,,,,,,,Fit,<p>R</p>,Length,<p>43</p>,Width,<p>35</p>,Height,<p>35</p>,Box Quantity,<p>96</p>,Inner Pack Quantity,<p>12</p>,Country Of Origin,<p>LK</p>,Standards,<ul><li>EN 420</li><li>EN388:2016 +A1:2018 -  3.1.1.0.X</li><li>EN ISO 374-5 Micro Organisms  Pass</li><li>EN ISO 374-1:2016 Type A  AKLMNOPST</li></ul>,,,,
A820,Variant,,"This gauntlet provides protection against a wide range of acids, caustic, alcohols and many solvents Anti-slip textured pattern offers good grip in both wet and dry conditions Cotton flock lining to absorb perspiration CE-CAT III",https://d11ak7fd9ypfb7.cloudfront.net/styles1100px/A820BKR.jpg,,0.0,TRUE,InStock,0.192,,A820BKRL,,,,Size,DROP_DOWN,L,Color,DROP_DOWN,Black,,,,,,,,,,,,,Fit,<p>R</p>,Length,<p>43</p>,Width,<p>35</p>,Height,<p>35</p>,Box Quantity,<p>96</p>,Inner Pack Quantity,<p>12</p>,Country Of Origin,<p>LK</p>,Standards,<ul><li>EN 420</li><li>EN388:2016 +A1:2018 -  3.1.1.0.X</li><li>EN ISO 374-5 Micro Organisms  Pass</li><li>EN ISO 374-1:2016 Type A  AKLMNOPST</li></ul>,,,,
A820,Variant,,"This gauntlet provides protection against a wide range of acids, caustic, alcohols and many solvents Anti-slip textured pattern offers good grip in both wet and dry conditions Cotton flock lining to absorb perspiration CE-CAT III",https://d11ak7fd9ypfb7.cloudfront.net/styles1100px/A820BKR.jpg,,0.0,TRUE,InStock,0.182,,A820BKRM,,,,Size,DROP_DOWN,M,Color,DROP_DOWN,Black,,,,,,,,,,,,,Fit,<p>R</p>,Length,<p>43</p>,Width,<p>35</p>,Height,<p>35</p>,Box Quantity,<p>96</p>,Inner Pack Quantity,<p>12</p>,Country Of Origin,<p>LK</p>,Standards,<ul><li>EN 420</li><li>EN388:2016 +A1:2018 -  3.1.1.0.X</li><li>EN ISO 374-5 Micro Organisms  Pass</li><li>EN ISO 374-1:2016 Type A  AKLMNOPST</li></ul>,,,,
A820,Variant,,"This gauntlet provides protection against a wide range of acids, caustic, alcohols and many solvents Anti-slip textured pattern offers good grip in both wet and dry conditions Cotton flock lining to absorb perspiration CE-CAT III",https://d11ak7fd9ypfb7.cloudfront.net/styles1100px/A820BKR.jpg,,0.0,TRUE,InStock,0.179,,A820BKRS,,,,Size,DROP_DOWN,S,Color,DROP_DOWN,Black,,,,,,,,,,,,,Fit,<p>R</p>,Length,<p>43</p>,Width,<p>35</p>,Height,<p>35</p>,Box Quantity,<p>96</p>,Inner Pack Quantity,<p>12</p>,Country Of Origin,<p>LK</p>,Standards,<ul><li>EN 420</li><li>EN388:2016 +A1:2018 -  3.1.1.0.X</li><li>EN ISO 374-5 Micro Organisms  Pass</li><li>EN ISO 374-1:2016 Type A  AKLMNOPST</li></ul>,,,,
A820,Variant,,"This gauntlet provides protection against a wide range of acids, caustic, alcohols and many solvents Anti-slip textured pattern offers good grip in both wet and dry conditions Cotton flock lining to absorb perspiration CE-CAT III",https://d11ak7fd9ypfb7.cloudfront.net/styles1100px/A820BKR.jpg,,0.0,TRUE,InStock,0.199,,A820BKRXL,,,,Size,DROP_DOWN,XL,Color,DROP_DOWN,Black,,,,,,,,,,,,,Fit,<p>R</p>,Length,<p>43</p>,Width,<p>35</p>,Height,<p>35</p>,Box Quantity,<p>96</p>,Inner Pack Quantity,<p>12</p>,Country Of Origin,<p>LK</p>,Standards,<ul><li>EN 420</li><li>EN388:2016 +A1:2018 -  3.1.1.0.X</li><li>EN ISO 374-5 Micro Organisms  Pass</li><li>EN ISO 374-1:2016 Type A  AKLMNOPST</li></ul>,,,,
A910,Product,A910 - Powdered Latex Disposable Glove,Manufactured from genuine natural rubber May cause allergic reactions in some individuals Highest degree of dexterity available Superior strength and comfort 100 gloves per box,https://d11ak7fd9ypfb7.cloudfront.net/styles1100px/A910WHR.jpg,0.0,0.0,TRUE,InStock,0.637,,A910WHRL,,,,Size,DROP_DOWN,M;L;XL,Color,DROP_DOWN,White,,,,,,,,,,,,,Fit,<p>R</p>,Length,<p>38</p>,Width,<p>31</p>,Height,<p>48</p>,Box Quantity,<p>30</p>,Inner Pack Quantity,<p>100</p>,Country Of Origin,<p>TH</p>,Standards,<ul><li>CE Food Safe</li><li>EN 420</li><li>EN ISO 374-1:2016 Type C</li><li>EN ISO 374-5 Micro Organisms</li></ul>,,,,
A910,Variant,,Manufactured from genuine natural rubber May cause allergic reactions in some individuals Highest degree of dexterity available Superior strength and comfort 100 gloves per box,https://d11ak7fd9ypfb7.cloudfront.net/styles1100px/A910WHR.jpg,,0.0,TRUE,InStock,0.637,,A910WHRL,,,,Size,DROP_DOWN,L,Color,DROP_DOWN,White,,,,,,,,,,,,,Fit,<p>R</p>,Length,<p>38</p>,Width,<p>31</p>,Height,<p>48</p>,Box Quantity,<p>30</p>,Inner Pack Quantity,<p>100</p>,Country Of Origin,<p>TH</p>,Standards,<ul><li>CE Food Safe</li><li>EN 420</li><li>EN ISO 374-1:2016 Type C</li><li>EN ISO 374-5 Micro Organisms</li></ul>,,,,
A910,Variant,,Manufactured from genuine natural rubber May cause allergic reactions in some individuals Highest degree of dexterity available Superior strength and comfort 100 gloves per box,https://d11ak7fd9ypfb7.cloudfront.net/styles1100px/A910WHR.jpg,,0.0,TRUE,InStock,0.546,,A910WHRM,,,,Size,DROP_DOWN,M,Color,DROP_DOWN,White,,,,,,,,,,,,,Fit,<p>R</p>,Length,<p>38</p>,Width,<p>31</p>,Height,<p>48</p>,Box Quantity,<p>30</p>,Inner Pack Quantity,<p>100</p>,Country Of Origin,<p>TH</p>,Standards,<ul><li>CE Food Safe</li><li>EN 420</li><li>EN ISO 374-1:2016 Type C</li><li>EN ISO 374-5 Micro Organisms</li></ul>,,,,
A910,Variant,,Manufactured from genuine natural rubber May cause allergic reactions in some individuals Highest degree of dexterity available Superior strength and comfort 100 gloves per box,https://d11ak7fd9ypfb7.cloudfront.net/styles1100px/A910WHR.jpg,,0.0,TRUE,InStock,0.647,,A910WHRXL,,,,Size,DROP_DOWN,XL,Color,DROP_DOWN,White,,,,,,,,,,,,,Fit,<p>R</p>,Length,<p>38</p>,Width,<p>31</p>,Height,<p>48</p>,Box Quantity,<p>30</p>,Inner Pack Quantity,<p>100</p>,Country Of Origin,<p>TH</p>,Standards,<ul><li>CE Food Safe</li><li>EN 420</li><li>EN ISO 374-1:2016 Type C</li><li>EN ISO 374-5 Micro Organisms</li></ul>,,,,
A925,Product,A925 - A925 Nitrile Gloves (Pk100),Manufactured from synthetic nitrile rubber our disposable nitrile gloves eliminate the risk of allergic reactions associated with latex gloves. Textured finish provides enhanced fingertip grip and dexterity in both wet and dry conditions. 100 gloves per box.,https://d11ak7fd9ypfb7.cloudfront.net/styles1100px/A925BKR.jpg,21.0,0.0,TRUE,InStock,0.424,,A925BKRL,,,,Size,DROP_DOWN,M;L;XL,Color,DROP_DOWN,Black;Blue,,,,,,,,,,,,,Fit,<p>R</p>,Length,<p>64</p>,Width,<p>25</p>,Height,<p>46</p>,Box Quantity,<p>30</p>,Inner Pack Quantity,<p>1</p>,Country Of Origin,<p>TH</p>,Standards,<ul><li>CE Food Safe</li><li>AS/NZS 2161 .2</li><li>AS/NZS 2161 .3</li><li>AS/NZS 2161 .10.1</li><li>EN ISO 374-1:2016 Type B  KPT</li><li>EN ISO 374-5 Virus</li><li>EN ISO 374-5 Micro Organisms</li><li>EN 455 Part 1-4</li></ul>,,,,
A925,Variant,,Manufactured from synthetic nitrile rubber our disposable nitrile gloves eliminate the risk of allergic reactions associated with latex gloves. Textured finish provides enhanced fingertip grip and dexterity in both wet and dry conditions. 100 gloves per box.,https://d11ak7fd9ypfb7.cloudfront.net/styles1100px/A925BKR.jpg,,0.0,TRUE,InStock,0.424,,A925BKRL,,,,Size,DROP_DOWN,L,Color,DROP_DOWN,Black,,,,,,,,,,,,,Fit,<p>R</p>,Length,<p>64</p>,Width,<p>25</p>,Height,<p>46</p>,Box Quantity,<p>30</p>,Inner Pack Quantity,<p>1</p>,Country Of Origin,<p>TH</p>,Standards,<ul><li>CE Food Safe</li><li>AS/NZS 2161 .2</li><li>AS/NZS 2161 .3</li><li>AS/NZS 2161 .10.1</li><li>EN ISO 374-1:2016 Type B  KPT</li><li>EN ISO 374-5 Virus</li><li>EN ISO 374-5 Micro Organisms</li><li>EN 455 Part 1-4</li></ul>,,,,
A925,Variant,,Manufactured from synthetic nitrile rubber our disposable nitrile gloves eliminate the risk of allergic reactions associated with latex gloves. Textured finish provides enhanced fingertip grip and dexterity in both wet and dry conditions. 100 gloves per box.,https://d11ak7fd9ypfb7.cloudfront.net/styles1100px/A925BKR.jpg,,0.0,TRUE,InStock,0.388,,A925BKRM,,,,Size,DROP_DOWN,M,Color,DROP_DOWN,Black,,,,,,,,,,,,,Fit,<p>R</p>,Length,<p>64</p>,Width,<p>25</p>,Height,<p>46</p>,Box Quantity,<p>30</p>,Inner Pack Quantity,<p>1</p>,Country Of Origin,<p>TH</p>,Standards,<ul><li>CE Food Safe</li><li>AS/NZS 2161 .2</li><li>AS/NZS 2161 .3</li><li>AS/NZS 2161 .10.1</li><li>EN ISO 374-1:2016 Type B  KPT</li><li>EN ISO 374-5 Virus</li><li>EN ISO 374-5 Micro Organisms</li><li>EN 455 Part 1-4</li></ul>,,,,
A925,Variant,,Manufactured from synthetic nitrile rubber our disposable nitrile gloves eliminate the risk of allergic reactions associated with latex gloves. Textured finish provides enhanced fingertip grip and dexterity in both wet and dry conditions. 100 gloves per box.,https://d11ak7fd9ypfb7.cloudfront.net/styles1100px/A925BKR.jpg,,0.0,TRUE,InStock,0.47,,A925BKRXL,,,,Size,DROP_DOWN,XL,Color,DROP_DOWN,Black,,,,,,,,,,,,,Fit,<p>R</p>,Length,<p>64</p>,Width,<p>25</p>,Height,<p>46</p>,Box Quantity,<p>30</p>,Inner Pack Quantity,<p>1</p>,Country Of Origin,<p>TH</p>,Standards,<ul><li>CE Food Safe</li><li>AS/NZS 2161 .2</li><li>AS/NZS 2161 .3</li><li>AS/NZS 2161 .10.1</li><li>EN ISO 374-1:2016 Type B  KPT</li><li>EN ISO 374-5 Virus</li><li>EN ISO 374-5 Micro Organisms</li><li>EN 455 Part 1-4</li></ul>,,,,
A925,Variant,,Manufactured from synthetic nitrile rubber our disposable nitrile gloves eliminate the risk of allergic reactions associated with latex gloves. Textured finish provides enhanced fingertip grip and dexterity in both wet and dry conditions. 100 gloves per box.,https://d11ak7fd9ypfb7.cloudfront.net/styles1100px/A925BLU.jpg,,0.0,TRUE,InStock,0.438,,A925BLUL,,,,Size,DROP_DOWN,L,Color,DROP_DOWN,Blue,,,,,,,,,,,,,Fit,<p>U</p>,Length,<p>64</p>,Width,<p>25</p>,Height,<p>46</p>,Box Quantity,<p>30</p>,Inner Pack Quantity,<p>1</p>,Country Of Origin,<p>TH</p>,Standards,<ul><li>CE Food Safe</li><li>AS/NZS 2161 .2</li><li>AS/NZS 2161 .3</li><li>AS/NZS 2161 .10.1</li><li>EN ISO 374-1:2016 Type B  KPT</li><li>EN ISO 374-5 Virus</li><li>EN ISO 374-5 Micro Organisms</li><li>EN 455 Part 1-4</li></ul>,,,,
A925,Variant,,Manufactured from synthetic nitrile rubber our disposable nitrile gloves eliminate the risk of allergic reactions associated with latex gloves. Textured finish provides enhanced fingertip grip and dexterity in both wet and dry conditions. 100 gloves per box.,https://d11ak7fd9ypfb7.cloudfront.net/styles1100px/A925BLU.jpg,,0.0,TRUE,InStock,0.402,,A925BLUM,,,,Size,DROP_DOWN,M,Color,DROP_DOWN,Blue,,,,,,,,,,,,,Fit,<p>U</p>,Length,<p>64</p>,Width,<p>25</p>,Height,<p>46</p>,Box Quantity,<p>30</p>,Inner Pack Quantity,<p>1</p>,Country Of Origin,<p>TH</p>,Standards,<ul><li>CE Food Safe</li><li>AS/NZS 2161 .2</li><li>AS/NZS 2161 .3</li><li>AS/NZS 2161 .10.1</li><li>EN ISO 374-1:2016 Type B  KPT</li><li>EN ISO 374-5 Virus</li><li>EN ISO 374-5 Micro Organisms</li><li>EN 455 Part 1-4</li></ul>,,,,
A925,Variant,,Manufactured from synthetic nitrile rubber our disposable nitrile gloves eliminate the risk of allergic reactions associated with latex gloves. Textured finish provides enhanced fingertip grip and dexterity in both wet and dry conditions. 100 gloves per box.,https://d11ak7fd9ypfb7.cloudfront.net/styles1100px/A925BLU.jpg,,0.0,TRUE,InStock,0.463,,A925BLUXL,,,,Size,DROP_DOWN,XL,Color,DROP_DOWN,Blue,,,,,,,,,,,,,Fit,<p>U</p>,Length,<p>64</p>,Width,<p>25</p>,Height,<p>46</p>,Box Quantity,<p>30</p>,Inner Pack Quantity,<p>1</p>,Country Of Origin,<p>TH</p>,Standards,<ul><li>CE Food Safe</li><li>AS/NZS 2161 .2</li><li>AS/NZS 2161 .3</li><li>AS/NZS 2161 .10.1</li><li>EN ISO 374-1:2016 Type B  KPT</li><li>EN ISO 374-5 Virus</li><li>EN ISO 374-5 Micro Organisms</li><li>EN 455 Part 1-4</li></ul>,,,,
A930,Product,A930 - Portwest Orange HD Disposable Gloves,"Premium high strength disposable gloves using innovative crystal grip technology 7mil / 0.18mm thickness for exceptional strength High durability synthetic nitrile compound makes this glove three times stronger than standard nitrile Silicone free Ideal for food processing, auto repair, construction and other sectors 100 gloves per box",https://d11ak7fd9ypfb7.cloudfront.net/styles1100px/A930ORR.jpg,0.0,0.0,TRUE,InStock,1,,A930ORRL,,,,Size,DROP_DOWN,M;L;XL,Color,DROP_DOWN,Orange,,,,,,,,,,,,,Fit,<p>R</p>,Length,<p>50</p>,Width,<p>25</p>,Height,<p>50</p>,Box Quantity,<p>20</p>,Inner Pack Quantity,<p>100</p>,Country Of Origin,<p>GB </p>,Standards,<ul><li>EN 420</li><li>CE Food Safe</li><li>EN ISO 374-1:2016 Type C  K > 480 mins</li><li>EN 455 Part 1-4</li></ul>,,,,
A930,Variant,,"Premium high strength disposable gloves using innovative crystal grip technology 7mil / 0.18mm thickness for exceptional strength High durability synthetic nitrile compound makes this glove three times stronger than standard nitrile Silicone free Ideal for food processing, auto repair, construction and other sectors 100 gloves per box",https://d11ak7fd9ypfb7.cloudfront.net/styles1100px/A930ORR.jpg,,0.0,TRUE,InStock,1,,A930ORRL,,,,Size,DROP_DOWN,L,Color,DROP_DOWN,Orange,,,,,,,,,,,,,Fit,<p>R</p>,Length,<p>50</p>,Width,<p>25</p>,Height,<p>50</p>,Box Quantity,<p>20</p>,Inner Pack Quantity,<p>100</p>,Country Of Origin,<p>GB </p>,Standards,<ul><li>EN 420</li><li>CE Food Safe</li><li>EN ISO 374-1:2016 Type C  K > 480 mins</li><li>EN 455 Part 1-4</li></ul>,,,,
A930,Variant,,"Premium high strength disposable gloves using innovative crystal grip technology 7mil / 0.18mm thickness for exceptional strength High durability synthetic nitrile compound makes this glove three times stronger than standard nitrile Silicone free Ideal for food processing, auto repair, construction and other sectors 100 gloves per box",https://d11ak7fd9ypfb7.cloudfront.net/styles1100px/A930ORR.jpg,,0.0,TRUE,InStock,0.95,,A930ORRM,,,,Size,DROP_DOWN,M,Color,DROP_DOWN,Orange,,,,,,,,,,,,,Fit,<p>R</p>,Length,<p>50</p>,Width,<p>25</p>,Height,<p>50</p>,Box Quantity,<p>20</p>,Inner Pack Quantity,<p>100</p>,Country Of Origin,<p>GB </p>,Standards,<ul><li>EN 420</li><li>CE Food Safe</li><li>EN ISO 374-1:2016 Type C  K > 480 mins</li><li>EN 455 Part 1-4</li></ul>,,,,
A930,Variant,,"Premium high strength disposable gloves using innovative crystal grip technology 7mil / 0.18mm thickness for exceptional strength High durability synthetic nitrile compound makes this glove three times stronger than standard nitrile Silicone free Ideal for food processing, auto repair, construction and other sectors 100 gloves per box",https://d11ak7fd9ypfb7.cloudfront.net/styles1100px/A930ORR.jpg,,0.0,TRUE,InStock,1.1,,A930ORRXL,,,,Size,DROP_DOWN,XL,Color,DROP_DOWN,Orange,,,,,,,,,,,,,Fit,<p>R</p>,Length,<p>50</p>,Width,<p>25</p>,Height,<p>50</p>,Box Quantity,<p>20</p>,Inner Pack Quantity,<p>100</p>,Country Of Origin,<p>GB </p>,Standards,<ul><li>EN 420</li><li>CE Food Safe</li><li>EN ISO 374-1:2016 Type C  K > 480 mins</li><li>EN 455 Part 1-4</li></ul>,,,,
AP01,Product,AP01 - Thermo Pro Glove,Insulated liner for protection against cold Ergonomic design to reduce hand fatigue Fully coated for superior grip and protection against liquid Superb abrasion and tear resistance Latex foam coating Knitting gauge 13,https://d11ak7fd9ypfb7.cloudfront.net/styles1100px/AP01B8R.jpg,10.6,0.0,TRUE,InStock,0.133,,AP01B8RL,,,,Size,DROP_DOWN,S;M;L;XL;XXL,Color,DROP_DOWN,Blue/Black,,,,,,,,,,,,,Fit,<p>R</p>,Length,<p>65</p>,Width,<p>45</p>,Height,<p>58</p>,Box Quantity,<p>216</p>,Inner Pack Quantity,<p>12</p>,Country Of Origin,<p>CN</p>,Standards,<ul><li>AS/NZS 2161 .2</li><li>AS/NZS 2161 .3</li><li>AS/NZS 2161 .5</li><li>ANSI/ISEA 105: 2016 CUT Level  A3</li><li>EN388:2016 +A1:2018 -  2132X</li><li>EN 511   X3X</li><li>EN ISO 21420 Dexterity 5</li></ul>,,,,
AP01,Variant,,Insulated liner for protection against cold Ergonomic design to reduce hand fatigue Fully coated for superior grip and protection against liquid Superb abrasion and tear resistance Latex foam coating Knitting gauge 13,https://d11ak7fd9ypfb7.cloudfront.net/styles1100px/AP01B8R.jpg,,0.0,TRUE,InStock,0.133,,AP01B8RL,,,,Size,DROP_DOWN,L,Color,DROP_DOWN,Blue/Black,,,,,,,,,,,,,Fit,<p>R</p>,Length,<p>65</p>,Width,<p>45</p>,Height,<p>58</p>,Box Quantity,<p>216</p>,Inner Pack Quantity,<p>12</p>,Country Of Origin,<p>CN</p>,Standards,<ul><li>AS/NZS 2161 .2</li><li>AS/NZS 2161 .3</li><li>AS/NZS 2161 .5</li><li>ANSI/ISEA 105: 2016 CUT Level  A3</li><li>EN388:2016 +A1:2018 -  2132X</li><li>EN 511   X3X</li><li>EN ISO 21420 Dexterity 5</li></ul>,,,,
AP01,Variant,,Insulated liner for protection against cold Ergonomic design to reduce hand fatigue Fully coated for superior grip and protection against liquid Superb abrasion and tear resistance Latex foam coating Knitting gauge 13,https://d11ak7fd9ypfb7.cloudfront.net/styles1100px/AP01B8R.jpg,,0.0,TRUE,InStock,0.125,,AP01B8RM,,,,Size,DROP_DOWN,M,Color,DROP_DOWN,Blue/Black,,,,,,,,,,,,,Fit,<p>R</p>,Length,<p>65</p>,Width,<p>45</p>,Height,<p>58</p>,Box Quantity,<p>216</p>,Inner Pack Quantity,<p>12</p>,Country Of Origin,<p>CN</p>,Standards,<ul><li>AS/NZS 2161 .2</li><li>AS/NZS 2161 .3</li><li>AS/NZS 2161 .5</li><li>ANSI/ISEA 105: 2016 CUT Level  A3</li><li>EN388:2016 +A1:2018 -  2132X</li><li>EN 511   X3X</li><li>EN ISO 21420 Dexterity 5</li></ul>,,,,
AP01,Variant,,Insulated liner for protection against cold Ergonomic design to reduce hand fatigue Fully coated for superior grip and protection against liquid Superb abrasion and tear resistance Latex foam coating Knitting gauge 13,https://d11ak7fd9ypfb7.cloudfront.net/styles1100px/AP01B8R.jpg,,0.0,TRUE,InStock,0.123,,AP01B8RS,,,,Size,DROP_DOWN,S,Color,DROP_DOWN,Blue/Black,,,,,,,,,,,,,Fit,<p>R</p>,Length,<p>65</p>,Width,<p>45</p>,Height,<p>58</p>,Box Quantity,<p>216</p>,Inner Pack Quantity,<p>12</p>,Country Of Origin,<p>CN</p>,Standards,<ul><li>AS/NZS 2161 .2</li><li>AS/NZS 2161 .3</li><li>AS/NZS 2161 .5</li><li>ANSI/ISEA 105: 2016 CUT Level  A3</li><li>EN388:2016 +A1:2018 -  2132X</li><li>EN 511   X3X</li><li>EN ISO 21420 Dexterity 5</li></ul>,,,,
AP01,Variant,,Insulated liner for protection against cold Ergonomic design to reduce hand fatigue Fully coated for superior grip and protection against liquid Superb abrasion and tear resistance Latex foam coating Knitting gauge 13,https://d11ak7fd9ypfb7.cloudfront.net/styles1100px/AP01B8R.jpg,,0.0,TRUE,InStock,0.146,,AP01B8RXL,,,,Size,DROP_DOWN,XL,Color,DROP_DOWN,Blue/Black,,,,,,,,,,,,,Fit,<p>R</p>,Length,<p>65</p>,Width,<p>45</p>,Height,<p>58</p>,Box Quantity,<p>216</p>,Inner Pack Quantity,<p>12</p>,Country Of Origin,<p>CN</p>,Standards,<ul><li>AS/NZS 2161 .2</li><li>AS/NZS 2161 .3</li><li>AS/NZS 2161 .5</li><li>ANSI/ISEA 105: 2016 CUT Level  A3</li><li>EN388:2016 +A1:2018 -  2132X</li><li>EN 511   X3X</li><li>EN ISO 21420 Dexterity 5</li></ul>,,,,
AP01,Variant,,Insulated liner for protection against cold Ergonomic design to reduce hand fatigue Fully coated for superior grip and protection against liquid Superb abrasion and tear resistance Latex foam coating Knitting gauge 13,https://d11ak7fd9ypfb7.cloudfront.net/styles1100px/AP01B8R.jpg,,0.0,TRUE,InStock,0.154,,AP01B8RXXL,,,,Size,DROP_DOWN,XXL,Color,DROP_DOWN,Blue/Black,,,,,,,,,,,,,Fit,<p>R</p>,Length,<p>65</p>,Width,<p>45</p>,Height,<p>58</p>,Box Quantity,<p>216</p>,Inner Pack Quantity,<p>12</p>,Country Of Origin,<p>CN</p>,Standards,<ul><li>AS/NZS 2161 .2</li><li>AS/NZS 2161 .3</li><li>AS/NZS 2161 .5</li><li>ANSI/ISEA 105: 2016 CUT Level  A3</li><li>EN388:2016 +A1:2018 -  2132X</li><li>EN 511   X3X</li><li>EN ISO 21420 Dexterity 5</li></ul>,,,,
AP02,Product,AP02 - Thermo Pro Ultra Glove,Water repellent nano coating for light splash applications Twin liner traps heat and allows breathability Sandy palm finish gives improved grip,https://d11ak7fd9ypfb7.cloudfront.net/styles1100px/AP02O8R.jpg,8.8,0.0,TRUE,InStock,0.112,,AP02O8RL,,,,Size,DROP_DOWN,S;M;L;XL;XXL,Color,DROP_DOWN,Orange/Black,,,,,,,,,,,,,Fit,<p>R</p>,Length,<p>45</p>,Width,<p>30</p>,Height,<p>52</p>,Box Quantity,<p>144</p>,Inner Pack Quantity,<p>12</p>,Country Of Origin,<p>CN</p>,Standards,<ul><li>AS/NZS 2161 .2</li><li>AS/NZS 2161 .3</li><li>EN 420</li><li>AS/NZS 2161 .5</li><li>ANSI/ISEA 105: 2016 CUT Level  A3</li><li>EN388:2016 +A1:2018 -  4242X</li><li>EN 511   X2X</li></ul>,,,,
AP02,Variant,,Water repellent nano coating for light splash applications Twin liner traps heat and allows breathability Sandy palm finish gives improved grip,https://d11ak7fd9ypfb7.cloudfront.net/styles1100px/AP02O8R.jpg,,0.0,TRUE,InStock,0.112,,AP02O8RL,,,,Size,DROP_DOWN,L,Color,DROP_DOWN,Orange/Black,,,,,,,,,,,,,Fit,<p>R</p>,Length,<p>45</p>,Width,<p>30</p>,Height,<p>52</p>,Box Quantity,<p>144</p>,Inner Pack Quantity,<p>12</p>,Country Of Origin,<p>CN</p>,Standards,<ul><li>AS/NZS 2161 .2</li><li>AS/NZS 2161 .3</li><li>EN 420</li><li>AS/NZS 2161 .5</li><li>ANSI/ISEA 105: 2016 CUT Level  A3</li><li>EN388:2016 +A1:2018 -  4242X</li><li>EN 511   X2X</li></ul>,,,,
AP02,Variant,,Water repellent nano coating for light splash applications Twin liner traps heat and allows breathability Sandy palm finish gives improved grip,https://d11ak7fd9ypfb7.cloudfront.net/styles1100px/AP02O8R.jpg,,0.0,TRUE,InStock,0.104,,AP02O8RM,,,,Size,DROP_DOWN,M,Color,DROP_DOWN,Orange/Black,,,,,,,,,,,,,Fit,<p>R</p>,Length,<p>45</p>,Width,<p>30</p>,Height,<p>52</p>,Box Quantity,<p>144</p>,Inner Pack Quantity,<p>12</p>,Country Of Origin,<p>CN</p>,Standards,<ul><li>AS/NZS 2161 .2</li><li>AS/NZS 2161 .3</li><li>EN 420</li><li>AS/NZS 2161 .5</li><li>ANSI/ISEA 105: 2016 CUT Level  A3</li><li>EN388:2016 +A1:2018 -  4242X</li><li>EN 511   X2X</li></ul>,,,,
AP02,Variant,,Water repellent nano coating for light splash applications Twin liner traps heat and allows breathability Sandy palm finish gives improved grip,https://d11ak7fd9ypfb7.cloudfront.net/styles1100px/AP02O8R.jpg,,0.0,TRUE,InStock,0.099,,AP02O8RS,,,,Size,DROP_DOWN,S,Color,DROP_DOWN,Orange/Black,,,,,,,,,,,,,Fit,<p>R</p>,Length,<p>45</p>,Width,<p>30</p>,Height,<p>52</p>,Box Quantity,<p>144</p>,Inner Pack Quantity,<p>12</p>,Country Of Origin,<p>CN</p>,Standards,<ul><li>AS/NZS 2161 .2</li><li>AS/NZS 2161 .3</li><li>EN 420</li><li>AS/NZS 2161 .5</li><li>ANSI/ISEA 105: 2016 CUT Level  A3</li><li>EN388:2016 +A1:2018 -  4242X</li><li>EN 511   X2X</li></ul>,,,,
AP02,Variant,,Water repellent nano coating for light splash applications Twin liner traps heat and allows breathability Sandy palm finish gives improved grip,https://d11ak7fd9ypfb7.cloudfront.net/styles1100px/AP02O8R.jpg,,0.0,TRUE,InStock,0.118,,AP02O8RXL,,,,Size,DROP_DOWN,XL,Color,DROP_DOWN,Orange/Black,,,,,,,,,,,,,Fit,<p>R</p>,Length,<p>45</p>,Width,<p>30</p>,Height,<p>52</p>,Box Quantity,<p>144</p>,Inner Pack Quantity,<p>12</p>,Country Of Origin,<p>CN</p>,Standards,<ul><li>AS/NZS 2161 .2</li><li>AS/NZS 2161 .3</li><li>EN 420</li><li>AS/NZS 2161 .5</li><li>ANSI/ISEA 105: 2016 CUT Level  A3</li><li>EN388:2016 +A1:2018 -  4242X</li><li>EN 511   X2X</li></ul>,,,,
AP02,Variant,,Water repellent nano coating for light splash applications Twin liner traps heat and allows breathability Sandy palm finish gives improved grip,https://d11ak7fd9ypfb7.cloudfront.net/styles1100px/AP02O8R.jpg,,0.0,TRUE,InStock,0.121,,AP02O8RXXL,,,,Size,DROP_DOWN,XXL,Color,DROP_DOWN,Orange/Black,,,,,,,,,,,,,Fit,<p>R</p>,Length,<p>45</p>,Width,<p>30</p>,Height,<p>52</p>,Box Quantity,<p>144</p>,Inner Pack Quantity,<p>12</p>,Country Of Origin,<p>CN</p>,Standards,<ul><li>AS/NZS 2161 .2</li><li>AS/NZS 2161 .3</li><li>EN 420</li><li>AS/NZS 2161 .5</li><li>ANSI/ISEA 105: 2016 CUT Level  A3</li><li>EN388:2016 +A1:2018 -  4242X</li><li>EN 511   X2X</li></ul>,,,,
AP30,Product,AP30 - Dermi Pro Glove,Fully dipped nitrile coated glove with a nitrile foam coated palm Superb abrasion and tear resistance Ergonomic design to reduce hand fatigue Fully elasticated wristband for an enhanced fit Knitting gauge 13,https://d11ak7fd9ypfb7.cloudfront.net/styles1100px/AP30O8R.jpg,5.2,0.0,TRUE,InStock,0.083,,AP30O8RL,,,,Size,DROP_DOWN,S;M;L;XL;XXL,Color,DROP_DOWN,Orange/Black,,,,,,,,,,,,,Fit,<p>R</p>,Length,<p>65</p>,Width,<p>40</p>,Height,<p>50</p>,Box Quantity,<p>216</p>,Inner Pack Quantity,<p>12</p>,Country Of Origin,<p>CN</p>,Standards,<ul><li>AS/NZS 2161 .2</li><li>AS/NZS 2161 .3</li><li>EN388:2016 +A1:2018 -  4.1.2.1.X</li><li>ANSI/ISEA 105: 2016 CUT Level  A1</li><li>EN 420   Dexterity 5</li></ul>,,,,
AP30,Variant,,Fully dipped nitrile coated glove with a nitrile foam coated palm Superb abrasion and tear resistance Ergonomic design to reduce hand fatigue Fully elasticated wristband for an enhanced fit Knitting gauge 13,https://d11ak7fd9ypfb7.cloudfront.net/styles1100px/AP30O8R.jpg,,0.0,TRUE,InStock,0.083,,AP30O8RL,,,,Size,DROP_DOWN,L,Color,DROP_DOWN,Orange/Black,,,,,,,,,,,,,Fit,<p>R</p>,Length,<p>65</p>,Width,<p>40</p>,Height,<p>50</p>,Box Quantity,<p>216</p>,Inner Pack Quantity,<p>12</p>,Country Of Origin,<p>CN</p>,Standards,<ul><li>AS/NZS 2161 .2</li><li>AS/NZS 2161 .3</li><li>EN388:2016 +A1:2018 -  4.1.2.1.X</li><li>ANSI/ISEA 105: 2016 CUT Level  A1</li><li>EN 420   Dexterity 5</li></ul>,,,,
AP30,Variant,,Fully dipped nitrile coated glove with a nitrile foam coated palm Superb abrasion and tear resistance Ergonomic design to reduce hand fatigue Fully elasticated wristband for an enhanced fit Knitting gauge 13,https://d11ak7fd9ypfb7.cloudfront.net/styles1100px/AP30O8R.jpg,,0.0,TRUE,InStock,0.074,,AP30O8RM,,,,Size,DROP_DOWN,M,Color,DROP_DOWN,Orange/Black,,,,,,,,,,,,,Fit,<p>R</p>,Length,<p>65</p>,Width,<p>40</p>,Height,<p>50</p>,Box Quantity,<p>216</p>,Inner Pack Quantity,<p>12</p>,Country Of Origin,<p>CN</p>,Standards,<ul><li>AS/NZS 2161 .2</li><li>AS/NZS 2161 .3</li><li>EN388:2016 +A1:2018 -  4.1.2.1.X</li><li>ANSI/ISEA 105: 2016 CUT Level  A1</li><li>EN 420   Dexterity 5</li></ul>,,,,
AP30,Variant,,Fully dipped nitrile coated glove with a nitrile foam coated palm Superb abrasion and tear resistance Ergonomic design to reduce hand fatigue Fully elasticated wristband for an enhanced fit Knitting gauge 13,https://d11ak7fd9ypfb7.cloudfront.net/styles1100px/AP30O8R.jpg,,0.0,TRUE,InStock,0.069,,AP30O8RS,,,,Size,DROP_DOWN,S,Color,DROP_DOWN,Orange/Black,,,,,,,,,,,,,Fit,<p>R</p>,Length,<p>65</p>,Width,<p>40</p>,Height,<p>50</p>,Box Quantity,<p>216</p>,Inner Pack Quantity,<p>12</p>,Country Of Origin,<p>CN</p>,Standards,<ul><li>AS/NZS 2161 .2</li><li>AS/NZS 2161 .3</li><li>EN388:2016 +A1:2018 -  4.1.2.1.X</li><li>ANSI/ISEA 105: 2016 CUT Level  A1</li><li>EN 420   Dexterity 5</li></ul>,,,,
AP30,Variant,,Fully dipped nitrile coated glove with a nitrile foam coated palm Superb abrasion and tear resistance Ergonomic design to reduce hand fatigue Fully elasticated wristband for an enhanced fit Knitting gauge 13,https://d11ak7fd9ypfb7.cloudfront.net/styles1100px/AP30O8R.jpg,,0.0,TRUE,InStock,0.086,,AP30O8RXL,,,,Size,DROP_DOWN,XL,Color,DROP_DOWN,Orange/Black,,,,,,,,,,,,,Fit,<p>R</p>,Length,<p>65</p>,Width,<p>40</p>,Height,<p>50</p>,Box Quantity,<p>216</p>,Inner Pack Quantity,<p>12</p>,Country Of Origin,<p>CN</p>,Standards,<ul><li>AS/NZS 2161 .2</li><li>AS/NZS 2161 .3</li><li>EN388:2016 +A1:2018 -  4.1.2.1.X</li><li>ANSI/ISEA 105: 2016 CUT Level  A1</li><li>EN 420   Dexterity 5</li></ul>,,,,
AP30,Variant,,Fully dipped nitrile coated glove with a nitrile foam coated palm Superb abrasion and tear resistance Ergonomic design to reduce hand fatigue Fully elasticated wristband for an enhanced fit Knitting gauge 13,https://d11ak7fd9ypfb7.cloudfront.net/styles1100px/AP30O8R.jpg,,0.0,TRUE,InStock,0.094,,AP30O8RXXL,,,,Size,DROP_DOWN,XXL,Color,DROP_DOWN,Orange/Black,,,,,,,,,,,,,Fit,<p>R</p>,Length,<p>65</p>,Width,<p>40</p>,Height,<p>50</p>,Box Quantity,<p>216</p>,Inner Pack Quantity,<p>12</p>,Country Of Origin,<p>CN</p>,Standards,<ul><li>AS/NZS 2161 .2</li><li>AS/NZS 2161 .3</li><li>EN388:2016 +A1:2018 -  4.1.2.1.X</li><li>ANSI/ISEA 105: 2016 CUT Level  A1</li><li>EN 420   Dexterity 5</li></ul>,,,,
AP31,Product,AP31 - Senti Cut Lite Glove,ANSI cut level A2 Excellent for jobs requiring high dexterity 18 gauge cut liner for extra dexterity Secure grip in dry and light oily handling environments 100% breathable seamless liner Perfect for intricate tasks Low linting construction for minimal contamination,https://d11ak7fd9ypfb7.cloudfront.net/styles1100px/AP31K7R.jpg,7.6,0.0,TRUE,InStock,0.03,,AP31K7RL,,,,Size,DROP_DOWN,S;M;L;XL;XXL,Color,DROP_DOWN,Black/Grey,,,,,,,,,,,,,Fit,<p>R</p>,Length,<p>65</p>,Width,<p>45</p>,Height,<p>48</p>,Box Quantity,<p>360</p>,Inner Pack Quantity,<p>12</p>,Country Of Origin,<p>CN</p>,Standards,<ul><li>EN 420</li><li>AS/NZS 2161 .2</li><li>AS/NZS 2161 .3</li><li>ANSI/ISEA 105: 2016 CUT Level  A2</li><li>EN388:2016 +A1:2018 -  3X42B</li></ul>,,,,
AP31,Variant,,ANSI cut level A2 Excellent for jobs requiring high dexterity 18 gauge cut liner for extra dexterity Secure grip in dry and light oily handling environments 100% breathable seamless liner Perfect for intricate tasks Low linting construction for minimal contamination,https://d11ak7fd9ypfb7.cloudfront.net/styles1100px/AP31K7R.jpg,,0.0,TRUE,InStock,0.03,,AP31K7RL,,,,Size,DROP_DOWN,L,Color,DROP_DOWN,Black/Grey,,,,,,,,,,,,,Fit,<p>R</p>,Length,<p>65</p>,Width,<p>45</p>,Height,<p>48</p>,Box Quantity,<p>360</p>,Inner Pack Quantity,<p>12</p>,Country Of Origin,<p>CN</p>,Standards,<ul><li>EN 420</li><li>AS/NZS 2161 .2</li><li>AS/NZS 2161 .3</li><li>ANSI/ISEA 105: 2016 CUT Level  A2</li><li>EN388:2016 +A1:2018 -  3X42B</li></ul>,,,,
AP31,Variant,,ANSI cut level A2 Excellent for jobs requiring high dexterity 18 gauge cut liner for extra dexterity Secure grip in dry and light oily handling environments 100% breathable seamless liner Perfect for intricate tasks Low linting construction for minimal contamination,https://d11ak7fd9ypfb7.cloudfront.net/styles1100px/AP31K7R.jpg,,0.0,TRUE,InStock,0.03,,AP31K7RM,,,,Size,DROP_DOWN,M,Color,DROP_DOWN,Black/Grey,,,,,,,,,,,,,Fit,<p>R</p>,Length,<p>65</p>,Width,<p>45</p>,Height,<p>48</p>,Box Quantity,<p>360</p>,Inner Pack Quantity,<p>12</p>,Country Of Origin,<p>CN</p>,Standards,<ul><li>EN 420</li><li>AS/NZS 2161 .2</li><li>AS/NZS 2161 .3</li><li>ANSI/ISEA 105: 2016 CUT Level  A2</li><li>EN388:2016 +A1:2018 -  3X42B</li></ul>,,,,
AP31,Variant,,ANSI cut level A2 Excellent for jobs requiring high dexterity 18 gauge cut liner for extra dexterity Secure grip in dry and light oily handling environments 100% breathable seamless liner Perfect for intricate tasks Low linting construction for minimal contamination,https://d11ak7fd9ypfb7.cloudfront.net/styles1100px/AP31K7R.jpg,,0.0,TRUE,InStock,0.03,,AP31K7RS,,,,Size,DROP_DOWN,S,Color,DROP_DOWN,Black/Grey,,,,,,,,,,,,,Fit,<p>R</p>,Length,<p>65</p>,Width,<p>45</p>,Height,<p>48</p>,Box Quantity,<p>360</p>,Inner Pack Quantity,<p>12</p>,Country Of Origin,<p>CN</p>,Standards,<ul><li>EN 420</li><li>AS/NZS 2161 .2</li><li>AS/NZS 2161 .3</li><li>ANSI/ISEA 105: 2016 CUT Level  A2</li><li>EN388:2016 +A1:2018 -  3X42B</li></ul>,,,,
AP31,Variant,,ANSI cut level A2 Excellent for jobs requiring high dexterity 18 gauge cut liner for extra dexterity Secure grip in dry and light oily handling environments 100% breathable seamless liner Perfect for intricate tasks Low linting construction for minimal contamination,https://d11ak7fd9ypfb7.cloudfront.net/styles1100px/AP31K7R.jpg,,0.0,TRUE,InStock,0.03,,AP31K7RXL,,,,Size,DROP_DOWN,XL,Color,DROP_DOWN,Black/Grey,,,,,,,,,,,,,Fit,<p>R</p>,Length,<p>65</p>,Width,<p>45</p>,Height,<p>48</p>,Box Quantity,<p>360</p>,Inner Pack Quantity,<p>12</p>,Country Of Origin,<p>CN</p>,Standards,<ul><li>EN 420</li><li>AS/NZS 2161 .2</li><li>AS/NZS 2161 .3</li><li>ANSI/ISEA 105: 2016 CUT Level  A2</li><li>EN388:2016 +A1:2018 -  3X42B</li></ul>,,,,
AP31,Variant,,ANSI cut level A2 Excellent for jobs requiring high dexterity 18 gauge cut liner for extra dexterity Secure grip in dry and light oily handling environments 100% breathable seamless liner Perfect for intricate tasks Low linting construction for minimal contamination,https://d11ak7fd9ypfb7.cloudfront.net/styles1100px/AP31K7R.jpg,,0.0,TRUE,InStock,0.03,,AP31K7RXXL,,,,Size,DROP_DOWN,XXL,Color,DROP_DOWN,Black/Grey,,,,,,,,,,,,,Fit,<p>R</p>,Length,<p>65</p>,Width,<p>45</p>,Height,<p>48</p>,Box Quantity,<p>360</p>,Inner Pack Quantity,<p>12</p>,Country Of Origin,<p>CN</p>,Standards,<ul><li>EN 420</li><li>AS/NZS 2161 .2</li><li>AS/NZS 2161 .3</li><li>ANSI/ISEA 105: 2016 CUT Level  A2</li><li>EN388:2016 +A1:2018 -  3X42B</li></ul>,,,,
AP32,Product,AP32 - Dexti Cut Pro Glove,ANSI cut level A2 Ideal for prolonged use and preventing hand fatigue Sandy palm nitrile coating gives excellent grip Reinforced thumb crotch for added durability in a high-wear area,https://d11ak7fd9ypfb7.cloudfront.net/styles1100px/AP32K7R.jpg,7.9,0.0,TRUE,InStock,0.05,,AP32K7RL,,,,Size,DROP_DOWN,S;M;L;XL;XXL,Color,DROP_DOWN,Black/Grey,,,,,,,,,,,,,Fit,<p>R</p>,Length,<p>56</p>,Width,<p>30</p>,Height,<p>40</p>,Box Quantity,<p>360</p>,Inner Pack Quantity,<p>12</p>,Country Of Origin,<p>CN</p>,Standards,<ul><li>EN 420</li><li>AS/NZS 2161 .2</li><li>AS/NZS 2161 .3</li><li>ANSI/ISEA 105: 2016 CUT Level  A2</li><li>EN388:2016 +A1:2018 -  4X32B</li></ul>,,,,
AP32,Variant,,ANSI cut level A2 Ideal for prolonged use and preventing hand fatigue Sandy palm nitrile coating gives excellent grip Reinforced thumb crotch for added durability in a high-wear area,https://d11ak7fd9ypfb7.cloudfront.net/styles1100px/AP32K7R.jpg,,0.0,TRUE,InStock,0.05,,AP32K7RL,,,,Size,DROP_DOWN,L,Color,DROP_DOWN,Black/Grey,,,,,,,,,,,,,Fit,<p>R</p>,Length,<p>56</p>,Width,<p>30</p>,Height,<p>40</p>,Box Quantity,<p>360</p>,Inner Pack Quantity,<p>12</p>,Country Of Origin,<p>CN</p>,Standards,<ul><li>EN 420</li><li>AS/NZS 2161 .2</li><li>AS/NZS 2161 .3</li><li>ANSI/ISEA 105: 2016 CUT Level  A2</li><li>EN388:2016 +A1:2018 -  4X32B</li></ul>,,,,
AP32,Variant,,ANSI cut level A2 Ideal for prolonged use and preventing hand fatigue Sandy palm nitrile coating gives excellent grip Reinforced thumb crotch for added durability in a high-wear area,https://d11ak7fd9ypfb7.cloudfront.net/styles1100px/AP32K7R.jpg,,0.0,TRUE,InStock,0.05,,AP32K7RM,,,,Size,DROP_DOWN,M,Color,DROP_DOWN,Black/Grey,,,,,,,,,,,,,Fit,<p>R</p>,Length,<p>56</p>,Width,<p>30</p>,Height,<p>40</p>,Box Quantity,<p>360</p>,Inner Pack Quantity,<p>12</p>,Country Of Origin,<p>CN</p>,Standards,<ul><li>EN 420</li><li>AS/NZS 2161 .2</li><li>AS/NZS 2161 .3</li><li>ANSI/ISEA 105: 2016 CUT Level  A2</li><li>EN388:2016 +A1:2018 -  4X32B</li></ul>,,,,
AP32,Variant,,ANSI cut level A2 Ideal for prolonged use and preventing hand fatigue Sandy palm nitrile coating gives excellent grip Reinforced thumb crotch for added durability in a high-wear area,https://d11ak7fd9ypfb7.cloudfront.net/styles1100px/AP32K7R.jpg,,0.0,TRUE,InStock,0.05,,AP32K7RS,,,,Size,DROP_DOWN,S,Color,DROP_DOWN,Black/Grey,,,,,,,,,,,,,Fit,<p>R</p>,Length,<p>56</p>,Width,<p>30</p>,Height,<p>40</p>,Box Quantity,<p>360</p>,Inner Pack Quantity,<p>12</p>,Country Of Origin,<p>CN</p>,Standards,<ul><li>EN 420</li><li>AS/NZS 2161 .2</li><li>AS/NZS 2161 .3</li><li>ANSI/ISEA 105: 2016 CUT Level  A2</li><li>EN388:2016 +A1:2018 -  4X32B</li></ul>,,,,
AP32,Variant,,ANSI cut level A2 Ideal for prolonged use and preventing hand fatigue Sandy palm nitrile coating gives excellent grip Reinforced thumb crotch for added durability in a high-wear area,https://d11ak7fd9ypfb7.cloudfront.net/styles1100px/AP32K7R.jpg,,0.0,TRUE,InStock,0.05,,AP32K7RXL,,,,Size,DROP_DOWN,XL,Color,DROP_DOWN,Black/Grey,,,,,,,,,,,,,Fit,<p>R</p>,Length,<p>56</p>,Width,<p>30</p>,Height,<p>40</p>,Box Quantity,<p>360</p>,Inner Pack Quantity,<p>12</p>,Country Of Origin,<p>CN</p>,Standards,<ul><li>EN 420</li><li>AS/NZS 2161 .2</li><li>AS/NZS 2161 .3</li><li>ANSI/ISEA 105: 2016 CUT Level  A2</li><li>EN388:2016 +A1:2018 -  4X32B</li></ul>,,,,
AP32,Variant,,ANSI cut level A2 Ideal for prolonged use and preventing hand fatigue Sandy palm nitrile coating gives excellent grip Reinforced thumb crotch for added durability in a high-wear area,https://d11ak7fd9ypfb7.cloudfront.net/styles1100px/AP32K7R.jpg,,0.0,TRUE,InStock,0.05,,AP32K7RXXL,,,,Size,DROP_DOWN,XXL,Color,DROP_DOWN,Black/Grey,,,,,,,,,,,,,Fit,<p>R</p>,Length,<p>56</p>,Width,<p>30</p>,Height,<p>40</p>,Box Quantity,<p>360</p>,Inner Pack Quantity,<p>12</p>,Country Of Origin,<p>CN</p>,Standards,<ul><li>EN 420</li><li>AS/NZS 2161 .2</li><li>AS/NZS 2161 .3</li><li>ANSI/ISEA 105: 2016 CUT Level  A2</li><li>EN388:2016 +A1:2018 -  4X32B</li></ul>,,,,
AP33,Product,AP33 - ,,https://d11ak7fd9ypfb7.cloudfront.net/styles1100px/AP33K8R.jpg,0.0,0.0,TRUE,InStock,0.999,,AP33K8RL,,,,Size,DROP_DOWN,XS;S;M;L;XL;XXL,Color,DROP_DOWN,Black,,,,,,,,,,,,,Fit,<p>R</p>,Length,<p>50</p>,Width,<p>31</p>,Height,<p>38</p>,Box Quantity,<p>12</p>,Inner Pack Quantity,<p>1</p>,Country Of Origin,<p>CN</p>,Standards,<p></p>,,,,
AP33,Variant,,,https://d11ak7fd9ypfb7.cloudfront.net/styles1100px/AP33K8R.jpg,,0.0,TRUE,InStock,0.999,,AP33K8RL,,,,Size,DROP_DOWN,L,Color,DROP_DOWN,Black,,,,,,,,,,,,,Fit,<p>R</p>,Length,<p>50</p>,Width,<p>31</p>,Height,<p>38</p>,Box Quantity,<p>12</p>,Inner Pack Quantity,<p>1</p>,Country Of Origin,<p>CN</p>,Standards,<p></p>,,,,
AP33,Variant,,,https://d11ak7fd9ypfb7.cloudfront.net/styles1100px/AP33K8R.jpg,,0.0,TRUE,InStock,0.999,,AP33K8RM,,,,Size,DROP_DOWN,M,Color,DROP_DOWN,Black,,,,,,,,,,,,,Fit,<p>R</p>,Length,<p>50</p>,Width,<p>31</p>,Height,<p>38</p>,Box Quantity,<p>12</p>,Inner Pack Quantity,<p>1</p>,Country Of Origin,<p>CN</p>,Standards,<p></p>,,,,
AP33,Variant,,,https://d11ak7fd9ypfb7.cloudfront.net/styles1100px/AP33K8R.jpg,,0.0,TRUE,InStock,0.999,,AP33K8RS,,,,Size,DROP_DOWN,S,Color,DROP_DOWN,Black,,,,,,,,,,,,,Fit,<p>R</p>,Length,<p>50</p>,Width,<p>31</p>,Height,<p>38</p>,Box Quantity,<p>12</p>,Inner Pack Quantity,<p>1</p>,Country Of Origin,<p>CN</p>,Standards,<p></p>,,,,
AP33,Variant,,,https://d11ak7fd9ypfb7.cloudfront.net/styles1100px/AP33K8R.jpg,,0.0,TRUE,InStock,0.999,,AP33K8RXL,,,,Size,DROP_DOWN,XL,Color,DROP_DOWN,Black,,,,,,,,,,,,,Fit,<p>R</p>,Length,<p>50</p>,Width,<p>31</p>,Height,<p>38</p>,Box Quantity,<p>12</p>,Inner Pack Quantity,<p>1</p>,Country Of Origin,<p>CN</p>,Standards,<p></p>,,,,
AP33,Variant,,,https://d11ak7fd9ypfb7.cloudfront.net/styles1100px/AP33K8R.jpg,,0.0,TRUE,InStock,0.999,,AP33K8RXS,,,,Size,DROP_DOWN,XS,Color,DROP_DOWN,Black,,,,,,,,,,,,,Fit,<p>R</p>,Length,<p>50</p>,Width,<p>31</p>,Height,<p>38</p>,Box Quantity,<p>12</p>,Inner Pack Quantity,<p>1</p>,Country Of Origin,<p>CN</p>,Standards,<p></p>,,,,
AP33,Variant,,,https://d11ak7fd9ypfb7.cloudfront.net/styles1100px/AP33K8R.jpg,,0.0,TRUE,InStock,0.999,,AP33K8RXXL,,,,Size,DROP_DOWN,XXL,Color,DROP_DOWN,Black,,,,,,,,,,,,,Fit,<p>R</p>,Length,<p>50</p>,Width,<p>31</p>,Height,<p>38</p>,Box Quantity,<p>12</p>,Inner Pack Quantity,<p>1</p>,Country Of Origin,<p>CN</p>,Standards,<p></p>,,,,
AP34,Product,AP34 - ,,https://d11ak7fd9ypfb7.cloudfront.net/styles1100px/AP34K8R.jpg,0.0,0.0,TRUE,InStock,0.999,,AP34K8RL,,,,Size,DROP_DOWN,XS;S;M;L;XL;XXL,Color,DROP_DOWN,Black,,,,,,,,,,,,,Fit,<p>R</p>,Length,<p>50</p>,Width,<p>31</p>,Height,<p>38</p>,Box Quantity,<p>12</p>,Inner Pack Quantity,<p>1</p>,Country Of Origin,<p>CN</p>,Standards,<p></p>,,,,
AP34,Variant,,,https://d11ak7fd9ypfb7.cloudfront.net/styles1100px/AP34K8R.jpg,,0.0,TRUE,InStock,0.999,,AP34K8RL,,,,Size,DROP_DOWN,L,Color,DROP_DOWN,Black,,,,,,,,,,,,,Fit,<p>R</p>,Length,<p>50</p>,Width,<p>31</p>,Height,<p>38</p>,Box Quantity,<p>12</p>,Inner Pack Quantity,<p>1</p>,Country Of Origin,<p>CN</p>,Standards,<p></p>,,,,
AP34,Variant,,,https://d11ak7fd9ypfb7.cloudfront.net/styles1100px/AP34K8R.jpg,,0.0,TRUE,InStock,0.999,,AP34K8RM,,,,Size,DROP_DOWN,M,Color,DROP_DOWN,Black,,,,,,,,,,,,,Fit,<p>R</p>,Length,<p>50</p>,Width,<p>31</p>,Height,<p>38</p>,Box Quantity,<p>12</p>,Inner Pack Quantity,<p>1</p>,Country Of Origin,<p>CN</p>,Standards,<p></p>,,,,
AP34,Variant,,,https://d11ak7fd9ypfb7.cloudfront.net/styles1100px/AP34K8R.jpg,,0.0,TRUE,InStock,0.999,,AP34K8RS,,,,Size,DROP_DOWN,S,Color,DROP_DOWN,Black,,,,,,,,,,,,,Fit,<p>R</p>,Length,<p>50</p>,Width,<p>31</p>,Height,<p>38</p>,Box Quantity,<p>12</p>,Inner Pack Quantity,<p>1</p>,Country Of Origin,<p>CN</p>,Standards,<p></p>,,,,
AP34,Variant,,,https://d11ak7fd9ypfb7.cloudfront.net/styles1100px/AP34K8R.jpg,,0.0,TRUE,InStock,0.999,,AP34K8RXL,,,,Size,DROP_DOWN,XL,Color,DROP_DOWN,Black,,,,,,,,,,,,,Fit,<p>R</p>,Length,<p>50</p>,Width,<p>31</p>,Height,<p>38</p>,Box Quantity,<p>12</p>,Inner Pack Quantity,<p>1</p>,Country Of Origin,<p>CN</p>,Standards,<p></p>,,,,
AP34,Variant,,,https://d11ak7fd9ypfb7.cloudfront.net/styles1100px/AP34K8R.jpg,,0.0,TRUE,InStock,0.999,,AP34K8RXS,,,,Size,DROP_DOWN,XS,Color,DROP_DOWN,Black,,,,,,,,,,,,,Fit,<p>R</p>,Length,<p>50</p>,Width,<p>31</p>,Height,<p>38</p>,Box Quantity,<p>12</p>,Inner Pack Quantity,<p>1</p>,Country Of Origin,<p>CN</p>,Standards,<p></p>,,,,
AP34,Variant,,,https://d11ak7fd9ypfb7.cloudfront.net/styles1100px/AP34K8R.jpg,,0.0,TRUE,InStock,0.999,,AP34K8RXXL,,,,Size,DROP_DOWN,XXL,Color,DROP_DOWN,Black,,,,,,,,,,,,,Fit,<p>R</p>,Length,<p>50</p>,Width,<p>31</p>,Height,<p>38</p>,Box Quantity,<p>12</p>,Inner Pack Quantity,<p>1</p>,Country Of Origin,<p>CN</p>,Standards,<p></p>,,,,
AP50,Product,AP50 - Aqua Cut Pro Glove,"The fully coated Aqua Cut Pro glove offers level D cut resistance. The first coat is a smooth nitrile and the second coat is foam nitrile, providing a secure grip and a barrier against contaminants. Elastic wrist cuff provides a secure fit.",https://d11ak7fd9ypfb7.cloudfront.net/styles1100px/AP50B8R.jpg,9.0,0.0,TRUE,InStock,0.128,,AP50B8RL,,,,Size,DROP_DOWN,S;M;L;XL;XXL,Color,DROP_DOWN,Blue/Black,,,,,,,,,,,,,Fit,<p>R</p>,Length,<p>65</p>,Width,<p>45</p>,Height,<p>36</p>,Box Quantity,<p>144</p>,Inner Pack Quantity,<p>12</p>,Country Of Origin,<p>CN</p>,Standards,<ul><li>AS/NZS 2161 .2</li><li>AS/NZS 2161 .3</li><li>ANSI/ISEA 105: 2016 CUT Level  A4</li><li>EN 420   Dexterity 5</li><li>EN388:2016 +A1:2018 -  4X44D</li><li>AS/NZS 2161 .2</li><li>AS/NZS 2161 .3</li></ul>,,,,
AP50,Variant,,"The fully coated Aqua Cut Pro glove offers level D cut resistance. The first coat is a smooth nitrile and the second coat is foam nitrile, providing a secure grip and a barrier against contaminants. Elastic wrist cuff provides a secure fit.",https://d11ak7fd9ypfb7.cloudfront.net/styles1100px/AP50B8R.jpg,,0.0,TRUE,InStock,0.128,,AP50B8RL,,,,Size,DROP_DOWN,L,Color,DROP_DOWN,Blue/Black,,,,,,,,,,,,,Fit,<p>R</p>,Length,<p>65</p>,Width,<p>45</p>,Height,<p>36</p>,Box Quantity,<p>144</p>,Inner Pack Quantity,<p>12</p>,Country Of Origin,<p>CN</p>,Standards,<ul><li>AS/NZS 2161 .2</li><li>AS/NZS 2161 .3</li><li>ANSI/ISEA 105: 2016 CUT Level  A4</li><li>EN 420   Dexterity 5</li><li>EN388:2016 +A1:2018 -  4X44D</li><li>AS/NZS 2161 .2</li><li>AS/NZS 2161 .3</li></ul>,,,,
AP50,Variant,,"The fully coated Aqua Cut Pro glove offers level D cut resistance. The first coat is a smooth nitrile and the second coat is foam nitrile, providing a secure grip and a barrier against contaminants. Elastic wrist cuff provides a secure fit.",https://d11ak7fd9ypfb7.cloudfront.net/styles1100px/AP50B8R.jpg,,0.0,TRUE,InStock,0.119,,AP50B8RM,,,,Size,DROP_DOWN,M,Color,DROP_DOWN,Blue/Black,,,,,,,,,,,,,Fit,<p>R</p>,Length,<p>65</p>,Width,<p>45</p>,Height,<p>36</p>,Box Quantity,<p>144</p>,Inner Pack Quantity,<p>12</p>,Country Of Origin,<p>CN</p>,Standards,<ul><li>AS/NZS 2161 .2</li><li>AS/NZS 2161 .3</li><li>ANSI/ISEA 105: 2016 CUT Level  A4</li><li>EN 420   Dexterity 5</li><li>EN388:2016 +A1:2018 -  4X44D</li><li>AS/NZS 2161 .2</li><li>AS/NZS 2161 .3</li></ul>,,,,
AP50,Variant,,"The fully coated Aqua Cut Pro glove offers level D cut resistance. The first coat is a smooth nitrile and the second coat is foam nitrile, providing a secure grip and a barrier against contaminants. Elastic wrist cuff provides a secure fit.",https://d11ak7fd9ypfb7.cloudfront.net/styles1100px/AP50B8R.jpg,,0.0,TRUE,InStock,0.101,,AP50B8RS,,,,Size,DROP_DOWN,S,Color,DROP_DOWN,Blue/Black,,,,,,,,,,,,,Fit,<p>R</p>,Length,<p>65</p>,Width,<p>45</p>,Height,<p>36</p>,Box Quantity,<p>144</p>,Inner Pack Quantity,<p>12</p>,Country Of Origin,<p>CN</p>,Standards,<ul><li>AS/NZS 2161 .2</li><li>AS/NZS 2161 .3</li><li>ANSI/ISEA 105: 2016 CUT Level  A4</li><li>EN 420   Dexterity 5</li><li>EN388:2016 +A1:2018 -  4X44D</li><li>AS/NZS 2161 .2</li><li>AS/NZS 2161 .3</li></ul>,,,,
AP50,Variant,,"The fully coated Aqua Cut Pro glove offers level D cut resistance. The first coat is a smooth nitrile and the second coat is foam nitrile, providing a secure grip and a barrier against contaminants. Elastic wrist cuff provides a secure fit.",https://d11ak7fd9ypfb7.cloudfront.net/styles1100px/AP50B8R.jpg,,0.0,TRUE,InStock,0.13,,AP50B8RXL,,,,Size,DROP_DOWN,XL,Color,DROP_DOWN,Blue/Black,,,,,,,,,,,,,Fit,<p>R</p>,Length,<p>65</p>,Width,<p>45</p>,Height,<p>36</p>,Box Quantity,<p>144</p>,Inner Pack Quantity,<p>12</p>,Country Of Origin,<p>CN</p>,Standards,<ul><li>AS/NZS 2161 .2</li><li>AS/NZS 2161 .3</li><li>ANSI/ISEA 105: 2016 CUT Level  A4</li><li>EN 420   Dexterity 5</li><li>EN388:2016 +A1:2018 -  4X44D</li><li>AS/NZS 2161 .2</li><li>AS/NZS 2161 .3</li></ul>,,,,
AP50,Variant,,"The fully coated Aqua Cut Pro glove offers level D cut resistance. The first coat is a smooth nitrile and the second coat is foam nitrile, providing a secure grip and a barrier against contaminants. Elastic wrist cuff provides a secure fit.",https://d11ak7fd9ypfb7.cloudfront.net/styles1100px/AP50B8R.jpg,,0.0,TRUE,InStock,0.158,,AP50B8RXXL,,,,Size,DROP_DOWN,XXL,Color,DROP_DOWN,Blue/Black,,,,,,,,,,,,,Fit,<p>R</p>,Length,<p>65</p>,Width,<p>45</p>,Height,<p>36</p>,Box Quantity,<p>144</p>,Inner Pack Quantity,<p>12</p>,Country Of Origin,<p>CN</p>,Standards,<ul><li>AS/NZS 2161 .2</li><li>AS/NZS 2161 .3</li><li>ANSI/ISEA 105: 2016 CUT Level  A4</li><li>EN 420   Dexterity 5</li><li>EN388:2016 +A1:2018 -  4X44D</li><li>AS/NZS 2161 .2</li><li>AS/NZS 2161 .3</li></ul>,,,,
AP52,Product,AP52 - Dexti Cut Ultra Glove,"ANSI cut level A3 for superior protection Sandy finish for exceptional grip in water, grease or oil Reinforced thumb crotch for extra protection and durability Low linting construction for minimal contamination",https://d11ak7fd9ypfb7.cloudfront.net/styles1100px/AP52B8R.jpg,11.7,0.0,TRUE,InStock,0.065,,AP52B8RL,,,,Size,DROP_DOWN,S;M;L;XL;XXL,Color,DROP_DOWN,Blue/Black,,,,,,,,,,,,,Fit,<p>R</p>,Length,<p>56</p>,Width,<p>30</p>,Height,<p>40</p>,Box Quantity,<p>360</p>,Inner Pack Quantity,<p>12</p>,Country Of Origin,<p>CN</p>,Standards,<ul><li>EN 420</li><li>AS/NZS 2161 .2</li><li>AS/NZS 2161 .3</li><li>ANSI/ISEA 105: 2016 CUT Level  A3</li><li>EN388:2016 +A1:2018 -  4X42C</li></ul>,,,,
AP52,Variant,,"ANSI cut level A3 for superior protection Sandy finish for exceptional grip in water, grease or oil Reinforced thumb crotch for extra protection and durability Low linting construction for minimal contamination",https://d11ak7fd9ypfb7.cloudfront.net/styles1100px/AP52B8R.jpg,,0.0,TRUE,InStock,0.065,,AP52B8RL,,,,Size,DROP_DOWN,L,Color,DROP_DOWN,Blue/Black,,,,,,,,,,,,,Fit,<p>R</p>,Length,<p>56</p>,Width,<p>30</p>,Height,<p>40</p>,Box Quantity,<p>360</p>,Inner Pack Quantity,<p>12</p>,Country Of Origin,<p>CN</p>,Standards,<ul><li>EN 420</li><li>AS/NZS 2161 .2</li><li>AS/NZS 2161 .3</li><li>ANSI/ISEA 105: 2016 CUT Level  A3</li><li>EN388:2016 +A1:2018 -  4X42C</li></ul>,,,,
AP52,Variant,,"ANSI cut level A3 for superior protection Sandy finish for exceptional grip in water, grease or oil Reinforced thumb crotch for extra protection and durability Low linting construction for minimal contamination",https://d11ak7fd9ypfb7.cloudfront.net/styles1100px/AP52B8R.jpg,,0.0,TRUE,InStock,0.065,,AP52B8RM,,,,Size,DROP_DOWN,M,Color,DROP_DOWN,Blue/Black,,,,,,,,,,,,,Fit,<p>R</p>,Length,<p>56</p>,Width,<p>30</p>,Height,<p>40</p>,Box Quantity,<p>360</p>,Inner Pack Quantity,<p>12</p>,Country Of Origin,<p>CN</p>,Standards,<ul><li>EN 420</li><li>AS/NZS 2161 .2</li><li>AS/NZS 2161 .3</li><li>ANSI/ISEA 105: 2016 CUT Level  A3</li><li>EN388:2016 +A1:2018 -  4X42C</li></ul>,,,,
AP52,Variant,,"ANSI cut level A3 for superior protection Sandy finish for exceptional grip in water, grease or oil Reinforced thumb crotch for extra protection and durability Low linting construction for minimal contamination",https://d11ak7fd9ypfb7.cloudfront.net/styles1100px/AP52B8R.jpg,,0.0,TRUE,InStock,0.065,,AP52B8RS,,,,Size,DROP_DOWN,S,Color,DROP_DOWN,Blue/Black,,,,,,,,,,,,,Fit,<p>R</p>,Length,<p>56</p>,Width,<p>30</p>,Height,<p>40</p>,Box Quantity,<p>360</p>,Inner Pack Quantity,<p>12</p>,Country Of Origin,<p>CN</p>,Standards,<ul><li>EN 420</li><li>AS/NZS 2161 .2</li><li>AS/NZS 2161 .3</li><li>ANSI/ISEA 105: 2016 CUT Level  A3</li><li>EN388:2016 +A1:2018 -  4X42C</li></ul>,,,,
AP52,Variant,,"ANSI cut level A3 for superior protection Sandy finish for exceptional grip in water, grease or oil Reinforced thumb crotch for extra protection and durability Low linting construction for minimal contamination",https://d11ak7fd9ypfb7.cloudfront.net/styles1100px/AP52B8R.jpg,,0.0,TRUE,InStock,0.065,,AP52B8RXL,,,,Size,DROP_DOWN,XL,Color,DROP_DOWN,Blue/Black,,,,,,,,,,,,,Fit,<p>R</p>,Length,<p>56</p>,Width,<p>30</p>,Height,<p>40</p>,Box Quantity,<p>360</p>,Inner Pack Quantity,<p>12</p>,Country Of Origin,<p>CN</p>,Standards,<ul><li>EN 420</li><li>AS/NZS 2161 .2</li><li>AS/NZS 2161 .3</li><li>ANSI/ISEA 105: 2016 CUT Level  A3</li><li>EN388:2016 +A1:2018 -  4X42C</li></ul>,,,,
AP52,Variant,,"ANSI cut level A3 for superior protection Sandy finish for exceptional grip in water, grease or oil Reinforced thumb crotch for extra protection and durability Low linting construction for minimal contamination",https://d11ak7fd9ypfb7.cloudfront.net/styles1100px/AP52B8R.jpg,,0.0,TRUE,InStock,0.065,,AP52B8RXXL,,,,Size,DROP_DOWN,XXL,Color,DROP_DOWN,Blue/Black,,,,,,,,,,,,,Fit,<p>R</p>,Length,<p>56</p>,Width,<p>30</p>,Height,<p>40</p>,Box Quantity,<p>360</p>,Inner Pack Quantity,<p>12</p>,Country Of Origin,<p>CN</p>,Standards,<ul><li>EN 420</li><li>AS/NZS 2161 .2</li><li>AS/NZS 2161 .3</li><li>ANSI/ISEA 105: 2016 CUT Level  A3</li><li>EN388:2016 +A1:2018 -  4X42C</li></ul>,,,,
AP62,Product,AP62 - Dermiflex Aqua Glove,Water repellent nano coating for light splash applications Flexible sandy nitrile coating offers great grip in wet and dry conditions 15 gauge liner for extra dexterity,https://d11ak7fd9ypfb7.cloudfront.net/styles1100px/AP62G8R.jpg,5.7,0.0,TRUE,InStock,0.062,,AP62G8RL,,,,Size,DROP_DOWN,S;M;L;XL;XXL,Color,DROP_DOWN,Grey/Black,,,,,,,,,,,,,Fit,<p>R</p>,Length,<p>56</p>,Width,<p>30</p>,Height,<p>56</p>,Box Quantity,<p>360</p>,Inner Pack Quantity,<p>12</p>,Country Of Origin,<p>CN</p>,Standards,<ul><li>EN 420</li><li>AS/NZS 2161 .2</li><li>AS/NZS 2161 .3</li><li>ANSI/ISEA 105: 2016 ABRASION Level  3</li><li>ANSI/ISEA 105: 2016 CUT Level  A1</li><li>EN388:2016 +A1:2018 -  4131X</li></ul>,,,,
AP62,Variant,,Water repellent nano coating for light splash applications Flexible sandy nitrile coating offers great grip in wet and dry conditions 15 gauge liner for extra dexterity,https://d11ak7fd9ypfb7.cloudfront.net/styles1100px/AP62G8R.jpg,,0.0,TRUE,InStock,0.062,,AP62G8RL,,,,Size,DROP_DOWN,L,Color,DROP_DOWN,Grey/Black,,,,,,,,,,,,,Fit,<p>R</p>,Length,<p>56</p>,Width,<p>30</p>,Height,<p>56</p>,Box Quantity,<p>360</p>,Inner Pack Quantity,<p>12</p>,Country Of Origin,<p>CN</p>,Standards,<ul><li>EN 420</li><li>AS/NZS 2161 .2</li><li>AS/NZS 2161 .3</li><li>ANSI/ISEA 105: 2016 ABRASION Level  3</li><li>ANSI/ISEA 105: 2016 CUT Level  A1</li><li>EN388:2016 +A1:2018 -  4131X</li></ul>,,,,
AP62,Variant,,Water repellent nano coating for light splash applications Flexible sandy nitrile coating offers great grip in wet and dry conditions 15 gauge liner for extra dexterity,https://d11ak7fd9ypfb7.cloudfront.net/styles1100px/AP62G8R.jpg,,0.0,TRUE,InStock,0.056,,AP62G8RM,,,,Size,DROP_DOWN,M,Color,DROP_DOWN,Grey/Black,,,,,,,,,,,,,Fit,<p>R</p>,Length,<p>56</p>,Width,<p>30</p>,Height,<p>56</p>,Box Quantity,<p>360</p>,Inner Pack Quantity,<p>12</p>,Country Of Origin,<p>CN</p>,Standards,<ul><li>EN 420</li><li>AS/NZS 2161 .2</li><li>AS/NZS 2161 .3</li><li>ANSI/ISEA 105: 2016 ABRASION Level  3</li><li>ANSI/ISEA 105: 2016 CUT Level  A1</li><li>EN388:2016 +A1:2018 -  4131X</li></ul>,,,,
AP62,Variant,,Water repellent nano coating for light splash applications Flexible sandy nitrile coating offers great grip in wet and dry conditions 15 gauge liner for extra dexterity,https://d11ak7fd9ypfb7.cloudfront.net/styles1100px/AP62G8R.jpg,,0.0,TRUE,InStock,0.055,,AP62G8RS,,,,Size,DROP_DOWN,S,Color,DROP_DOWN,Grey/Black,,,,,,,,,,,,,Fit,<p>R</p>,Length,<p>56</p>,Width,<p>30</p>,Height,<p>56</p>,Box Quantity,<p>360</p>,Inner Pack Quantity,<p>12</p>,Country Of Origin,<p>CN</p>,Standards,<ul><li>EN 420</li><li>AS/NZS 2161 .2</li><li>AS/NZS 2161 .3</li><li>ANSI/ISEA 105: 2016 ABRASION Level  3</li><li>ANSI/ISEA 105: 2016 CUT Level  A1</li><li>EN388:2016 +A1:2018 -  4131X</li></ul>,,,,
AP62,Variant,,Water repellent nano coating for light splash applications Flexible sandy nitrile coating offers great grip in wet and dry conditions 15 gauge liner for extra dexterity,https://d11ak7fd9ypfb7.cloudfront.net/styles1100px/AP62G8R.jpg,,0.0,TRUE,InStock,0.065,,AP62G8RXL,,,,Size,DROP_DOWN,XL,Color,DROP_DOWN,Grey/Black,,,,,,,,,,,,,Fit,<p>R</p>,Length,<p>56</p>,Width,<p>30</p>,Height,<p>56</p>,Box Quantity,<p>360</p>,Inner Pack Quantity,<p>12</p>,Country Of Origin,<p>CN</p>,Standards,<ul><li>EN 420</li><li>AS/NZS 2161 .2</li><li>AS/NZS 2161 .3</li><li>ANSI/ISEA 105: 2016 ABRASION Level  3</li><li>ANSI/ISEA 105: 2016 CUT Level  A1</li><li>EN388:2016 +A1:2018 -  4131X</li></ul>,,,,
AP62,Variant,,Water repellent nano coating for light splash applications Flexible sandy nitrile coating offers great grip in wet and dry conditions 15 gauge liner for extra dexterity,https://d11ak7fd9ypfb7.cloudfront.net/styles1100px/AP62G8R.jpg,,0.0,TRUE,InStock,0.067,,AP62G8RXXL,,,,Size,DROP_DOWN,XXL,Color,DROP_DOWN,Grey/Black,,,,,,,,,,,,,Fit,<p>R</p>,Length,<p>56</p>,Width,<p>30</p>,Height,<p>56</p>,Box Quantity,<p>360</p>,Inner Pack Quantity,<p>12</p>,Country Of Origin,<p>CN</p>,Standards,<ul><li>EN 420</li><li>AS/NZS 2161 .2</li><li>AS/NZS 2161 .3</li><li>ANSI/ISEA 105: 2016 ABRASION Level  3</li><li>ANSI/ISEA 105: 2016 CUT Level  A1</li><li>EN388:2016 +A1:2018 -  4131X</li></ul>,,,,
AP65,Product,AP65 - NPR Pro Nitrile Foam,"The ultimate in comfort, fit and durability Nylon and elastane liner Moisture wicking Premium nitrile foam coating Excellent abrasion resistance Treated with an anti-microbial finish ensures gloves stay fresher for longer",https://d11ak7fd9ypfb7.cloudfront.net/styles1100px/AP65K7R.jpg,5.0,0.0,TRUE,InStock,0.043,,AP65K7RL,,,,Size,DROP_DOWN,XS;S;M;L;XL;XXL,Color,DROP_DOWN,Black/Grey,,,,,,,,,,,,,Fit,<p>R</p>,Length,<p>60</p>,Width,<p>30</p>,Height,<p>22</p>,Box Quantity,<p>144</p>,Inner Pack Quantity,<p>12</p>,Country Of Origin,<p>CN</p>,Standards,<ul><li>ANSI/ISEA 105: 2016 CUT Level  A1</li><li>EN 420</li><li>EN388:2016 +A1:2018 -  4131A</li></ul>,,,,
AP65,Variant,,"The ultimate in comfort, fit and durability Nylon and elastane liner Moisture wicking Premium nitrile foam coating Excellent abrasion resistance Treated with an anti-microbial finish ensures gloves stay fresher for longer",https://d11ak7fd9ypfb7.cloudfront.net/styles1100px/AP65K7R.jpg,,0.0,TRUE,InStock,0.043,,AP65K7RL,,,,Size,DROP_DOWN,L,Color,DROP_DOWN,Black/Grey,,,,,,,,,,,,,Fit,<p>R</p>,Length,<p>60</p>,Width,<p>30</p>,Height,<p>22</p>,Box Quantity,<p>144</p>,Inner Pack Quantity,<p>12</p>,Country Of Origin,<p>CN</p>,Standards,<ul><li>ANSI/ISEA 105: 2016 CUT Level  A1</li><li>EN 420</li><li>EN388:2016 +A1:2018 -  4131A</li></ul>,,,,
AP65,Variant,,"The ultimate in comfort, fit and durability Nylon and elastane liner Moisture wicking Premium nitrile foam coating Excellent abrasion resistance Treated with an anti-microbial finish ensures gloves stay fresher for longer",https://d11ak7fd9ypfb7.cloudfront.net/styles1100px/AP65K7R.jpg,,0.0,TRUE,InStock,0.04,,AP65K7RM,,,,Size,DROP_DOWN,M,Color,DROP_DOWN,Black/Grey,,,,,,,,,,,,,Fit,<p>R</p>,Length,<p>60</p>,Width,<p>30</p>,Height,<p>22</p>,Box Quantity,<p>144</p>,Inner Pack Quantity,<p>12</p>,Country Of Origin,<p>CN</p>,Standards,<ul><li>ANSI/ISEA 105: 2016 CUT Level  A1</li><li>EN 420</li><li>EN388:2016 +A1:2018 -  4131A</li></ul>,,,,
AP65,Variant,,"The ultimate in comfort, fit and durability Nylon and elastane liner Moisture wicking Premium nitrile foam coating Excellent abrasion resistance Treated with an anti-microbial finish ensures gloves stay fresher for longer",https://d11ak7fd9ypfb7.cloudfront.net/styles1100px/AP65K7R.jpg,,0.0,TRUE,InStock,0.036,,AP65K7RS,,,,Size,DROP_DOWN,S,Color,DROP_DOWN,Black/Grey,,,,,,,,,,,,,Fit,<p>R</p>,Length,<p>60</p>,Width,<p>30</p>,Height,<p>22</p>,Box Quantity,<p>144</p>,Inner Pack Quantity,<p>12</p>,Country Of Origin,<p>CN</p>,Standards,<ul><li>ANSI/ISEA 105: 2016 CUT Level  A1</li><li>EN 420</li><li>EN388:2016 +A1:2018 -  4131A</li></ul>,,,,
AP65,Variant,,"The ultimate in comfort, fit and durability Nylon and elastane liner Moisture wicking Premium nitrile foam coating Excellent abrasion resistance Treated with an anti-microbial finish ensures gloves stay fresher for longer",https://d11ak7fd9ypfb7.cloudfront.net/styles1100px/AP65K7R.jpg,,0.0,TRUE,InStock,0.046,,AP65K7RXL,,,,Size,DROP_DOWN,XL,Color,DROP_DOWN,Black/Grey,,,,,,,,,,,,,Fit,<p>R</p>,Length,<p>60</p>,Width,<p>30</p>,Height,<p>22</p>,Box Quantity,<p>144</p>,Inner Pack Quantity,<p>12</p>,Country Of Origin,<p>CN</p>,Standards,<ul><li>ANSI/ISEA 105: 2016 CUT Level  A1</li><li>EN 420</li><li>EN388:2016 +A1:2018 -  4131A</li></ul>,,,,
AP65,Variant,,"The ultimate in comfort, fit and durability Nylon and elastane liner Moisture wicking Premium nitrile foam coating Excellent abrasion resistance Treated with an anti-microbial finish ensures gloves stay fresher for longer",https://d11ak7fd9ypfb7.cloudfront.net/styles1100px/AP65K7R.jpg,,0.0,TRUE,InStock,0.033,,AP65K7RXS,,,,Size,DROP_DOWN,XS,Color,DROP_DOWN,Black/Grey,,,,,,,,,,,,,Fit,<p>R</p>,Length,<p>60</p>,Width,<p>30</p>,Height,<p>22</p>,Box Quantity,<p>144</p>,Inner Pack Quantity,<p>12</p>,Country Of Origin,<p>CN</p>,Standards,<ul><li>ANSI/ISEA 105: 2016 CUT Level  A1</li><li>EN 420</li><li>EN388:2016 +A1:2018 -  4131A</li></ul>,,,,
AP65,Variant,,"The ultimate in comfort, fit and durability Nylon and elastane liner Moisture wicking Premium nitrile foam coating Excellent abrasion resistance Treated with an anti-microbial finish ensures gloves stay fresher for longer",https://d11ak7fd9ypfb7.cloudfront.net/styles1100px/AP65K7R.jpg,,0.0,TRUE,InStock,0.05,,AP65K7RXXL,,,,Size,DROP_DOWN,XXL,Color,DROP_DOWN,Black/Grey,,,,,,,,,,,,,Fit,<p>R</p>,Length,<p>60</p>,Width,<p>30</p>,Height,<p>22</p>,Box Quantity,<p>144</p>,Inner Pack Quantity,<p>12</p>,Country Of Origin,<p>CN</p>,Standards,<ul><li>ANSI/ISEA 105: 2016 CUT Level  A1</li><li>EN 420</li><li>EN388:2016 +A1:2018 -  4131A</li></ul>,,,,
AP80,Product,AP80 - Liquid Pro,Latest in double coating technology Maximum liquid protection Smooth latex fully coated Second latex foam palm dip to give superior grip Elasticated wrist for a secure fit,https://d11ak7fd9ypfb7.cloudfront.net/styles1100px/AP80B4R.jpg,5.0,0.0,TRUE,InStock,0.085,,AP80B4RL,,,,Size,DROP_DOWN,S;M;L;XL;XXL,Color,DROP_DOWN,Blue,,,,,,,,,,,,,Fit,<p>R</p>,Length,<p>65</p>,Width,<p>40</p>,Height,<p>50</p>,Box Quantity,<p>216</p>,Inner Pack Quantity,<p>12</p>,Country Of Origin,<p>CN</p>,Standards,<ul><li>CE</li><li>AS/NZS 2161 .2</li><li>AS/NZS 2161 .3</li><li>ANSI/ISEA 105: 2016 CUT Level  A1</li><li>EN 420   Dexterity 5</li><li>EN388:2016 +A1:2018 -  4131X</li></ul>,,,,
AP80,Variant,,Latest in double coating technology Maximum liquid protection Smooth latex fully coated Second latex foam palm dip to give superior grip Elasticated wrist for a secure fit,https://d11ak7fd9ypfb7.cloudfront.net/styles1100px/AP80B4R.jpg,,0.0,TRUE,InStock,0.085,,AP80B4RL,,,,Size,DROP_DOWN,L,Color,DROP_DOWN,Blue,,,,,,,,,,,,,Fit,<p>R</p>,Length,<p>65</p>,Width,<p>40</p>,Height,<p>50</p>,Box Quantity,<p>216</p>,Inner Pack Quantity,<p>12</p>,Country Of Origin,<p>CN</p>,Standards,<ul><li>CE</li><li>AS/NZS 2161 .2</li><li>AS/NZS 2161 .3</li><li>ANSI/ISEA 105: 2016 CUT Level  A1</li><li>EN 420   Dexterity 5</li><li>EN388:2016 +A1:2018 -  4131X</li></ul>,,,,
AP80,Variant,,Latest in double coating technology Maximum liquid protection Smooth latex fully coated Second latex foam palm dip to give superior grip Elasticated wrist for a secure fit,https://d11ak7fd9ypfb7.cloudfront.net/styles1100px/AP80B4R.jpg,,0.0,TRUE,InStock,0.082,,AP80B4RM,,,,Size,DROP_DOWN,M,Color,DROP_DOWN,Blue,,,,,,,,,,,,,Fit,<p>R</p>,Length,<p>65</p>,Width,<p>40</p>,Height,<p>50</p>,Box Quantity,<p>216</p>,Inner Pack Quantity,<p>12</p>,Country Of Origin,<p>CN</p>,Standards,<ul><li>CE</li><li>AS/NZS 2161 .2</li><li>AS/NZS 2161 .3</li><li>ANSI/ISEA 105: 2016 CUT Level  A1</li><li>EN 420   Dexterity 5</li><li>EN388:2016 +A1:2018 -  4131X</li></ul>,,,,
AP80,Variant,,Latest in double coating technology Maximum liquid protection Smooth latex fully coated Second latex foam palm dip to give superior grip Elasticated wrist for a secure fit,https://d11ak7fd9ypfb7.cloudfront.net/styles1100px/AP80B4R.jpg,,0.0,TRUE,InStock,0.08,,AP80B4RS,,,,Size,DROP_DOWN,S,Color,DROP_DOWN,Blue,,,,,,,,,,,,,Fit,<p>R</p>,Length,<p>65</p>,Width,<p>40</p>,Height,<p>50</p>,Box Quantity,<p>216</p>,Inner Pack Quantity,<p>12</p>,Country Of Origin,<p>CN</p>,Standards,<ul><li>CE</li><li>AS/NZS 2161 .2</li><li>AS/NZS 2161 .3</li><li>ANSI/ISEA 105: 2016 CUT Level  A1</li><li>EN 420   Dexterity 5</li><li>EN388:2016 +A1:2018 -  4131X</li></ul>,,,,
AP80,Variant,,Latest in double coating technology Maximum liquid protection Smooth latex fully coated Second latex foam palm dip to give superior grip Elasticated wrist for a secure fit,https://d11ak7fd9ypfb7.cloudfront.net/styles1100px/AP80B4R.jpg,,0.0,TRUE,InStock,0.09,,AP80B4RXL,,,,Size,DROP_DOWN,XL,Color,DROP_DOWN,Blue,,,,,,,,,,,,,Fit,<p>R</p>,Length,<p>65</p>,Width,<p>40</p>,Height,<p>50</p>,Box Quantity,<p>216</p>,Inner Pack Quantity,<p>12</p>,Country Of Origin,<p>CN</p>,Standards,<ul><li>CE</li><li>AS/NZS 2161 .2</li><li>AS/NZS 2161 .3</li><li>ANSI/ISEA 105: 2016 CUT Level  A1</li><li>EN 420   Dexterity 5</li><li>EN388:2016 +A1:2018 -  4131X</li></ul>,,,,
AP80,Variant,,Latest in double coating technology Maximum liquid protection Smooth latex fully coated Second latex foam palm dip to give superior grip Elasticated wrist for a secure fit,https://d11ak7fd9ypfb7.cloudfront.net/styles1100px/AP80B4R.jpg,,0.0,TRUE,InStock,0.095,,AP80B4RXXL,,,,Size,DROP_DOWN,XXL,Color,DROP_DOWN,Blue,,,,,,,,,,,,,Fit,<p>R</p>,Length,<p>65</p>,Width,<p>40</p>,Height,<p>50</p>,Box Quantity,<p>216</p>,Inner Pack Quantity,<p>12</p>,Country Of Origin,<p>CN</p>,Standards,<ul><li>CE</li><li>AS/NZS 2161 .2</li><li>AS/NZS 2161 .3</li><li>ANSI/ISEA 105: 2016 CUT Level  A1</li><li>EN 420   Dexterity 5</li><li>EN388:2016 +A1:2018 -  4131X</li></ul>,,,,
AP81,Product,AP81 - Liquid Pro HR Cut Glove,"The Liquid Pro Cut Glove offers maximum liquid protection and a high level of cut resistance. The smooth latex is fully coated before a second latex foam palm dip is applied, this process ensures maximum grip. The Cut Level D/ANSI A4 liner provides excellent protection against high cut risks.",https://d11ak7fd9ypfb7.cloudfront.net/styles1100px/AP81B4R.jpg,7.9,0.0,TRUE,InStock,0.14,,AP81B4RL,,,,Size,DROP_DOWN,XS;S;M;L;XL;XXL,Color,DROP_DOWN,Blue,,,,,,,,,,,,,Fit,<p>R</p>,Length,<p>65</p>,Width,<p>45</p>,Height,<p>36</p>,Box Quantity,<p>144</p>,Inner Pack Quantity,<p>12</p>,Country Of Origin,<p>CN</p>,Standards,<ul><li>EN 420</li><li>ANSI/ISEA 105: 2016 CUT Level  A4</li><li>EN388:2016 +A1:2018 -  3X43D</li><li>AS/NZS 2161 .2</li><li>AS/NZS 2161 .3</li></ul>,,,,
AP81,Variant,,"The Liquid Pro Cut Glove offers maximum liquid protection and a high level of cut resistance. The smooth latex is fully coated before a second latex foam palm dip is applied, this process ensures maximum grip. The Cut Level D/ANSI A4 liner provides excellent protection against high cut risks.",https://d11ak7fd9ypfb7.cloudfront.net/styles1100px/AP81B4R.jpg,,0.0,TRUE,InStock,0.14,,AP81B4RL,,,,Size,DROP_DOWN,L,Color,DROP_DOWN,Blue,,,,,,,,,,,,,Fit,<p>R</p>,Length,<p>65</p>,Width,<p>45</p>,Height,<p>36</p>,Box Quantity,<p>144</p>,Inner Pack Quantity,<p>12</p>,Country Of Origin,<p>CN</p>,Standards,<ul><li>EN 420</li><li>ANSI/ISEA 105: 2016 CUT Level  A4</li><li>EN388:2016 +A1:2018 -  3X43D</li><li>AS/NZS 2161 .2</li><li>AS/NZS 2161 .3</li></ul>,,,,
AP81,Variant,,"The Liquid Pro Cut Glove offers maximum liquid protection and a high level of cut resistance. The smooth latex is fully coated before a second latex foam palm dip is applied, this process ensures maximum grip. The Cut Level D/ANSI A4 liner provides excellent protection against high cut risks.",https://d11ak7fd9ypfb7.cloudfront.net/styles1100px/AP81B4R.jpg,,0.0,TRUE,InStock,0.14,,AP81B4RM,,,,Size,DROP_DOWN,M,Color,DROP_DOWN,Blue,,,,,,,,,,,,,Fit,<p>R</p>,Length,<p>65</p>,Width,<p>45</p>,Height,<p>36</p>,Box Quantity,<p>144</p>,Inner Pack Quantity,<p>12</p>,Country Of Origin,<p>CN</p>,Standards,<ul><li>EN 420</li><li>ANSI/ISEA 105: 2016 CUT Level  A4</li><li>EN388:2016 +A1:2018 -  3X43D</li><li>AS/NZS 2161 .2</li><li>AS/NZS 2161 .3</li></ul>,,,,
AP81,Variant,,"The Liquid Pro Cut Glove offers maximum liquid protection and a high level of cut resistance. The smooth latex is fully coated before a second latex foam palm dip is applied, this process ensures maximum grip. The Cut Level D/ANSI A4 liner provides excellent protection against high cut risks.",https://d11ak7fd9ypfb7.cloudfront.net/styles1100px/AP81B4R.jpg,,0.0,TRUE,InStock,0.12,,AP81B4RS,,,,Size,DROP_DOWN,S,Color,DROP_DOWN,Blue,,,,,,,,,,,,,Fit,<p>R</p>,Length,<p>65</p>,Width,<p>45</p>,Height,<p>36</p>,Box Quantity,<p>144</p>,Inner Pack Quantity,<p>12</p>,Country Of Origin,<p>CN</p>,Standards,<ul><li>EN 420</li><li>ANSI/ISEA 105: 2016 CUT Level  A4</li><li>EN388:2016 +A1:2018 -  3X43D</li><li>AS/NZS 2161 .2</li><li>AS/NZS 2161 .3</li></ul>,,,,
AP81,Variant,,"The Liquid Pro Cut Glove offers maximum liquid protection and a high level of cut resistance. The smooth latex is fully coated before a second latex foam palm dip is applied, this process ensures maximum grip. The Cut Level D/ANSI A4 liner provides excellent protection against high cut risks.",https://d11ak7fd9ypfb7.cloudfront.net/styles1100px/AP81B4R.jpg,,0.0,TRUE,InStock,0.14,,AP81B4RXL,,,,Size,DROP_DOWN,XL,Color,DROP_DOWN,Blue,,,,,,,,,,,,,Fit,<p>R</p>,Length,<p>65</p>,Width,<p>45</p>,Height,<p>36</p>,Box Quantity,<p>144</p>,Inner Pack Quantity,<p>12</p>,Country Of Origin,<p>CN</p>,Standards,<ul><li>EN 420</li><li>ANSI/ISEA 105: 2016 CUT Level  A4</li><li>EN388:2016 +A1:2018 -  3X43D</li><li>AS/NZS 2161 .2</li><li>AS/NZS 2161 .3</li></ul>,,,,
AP81,Variant,,"The Liquid Pro Cut Glove offers maximum liquid protection and a high level of cut resistance. The smooth latex is fully coated before a second latex foam palm dip is applied, this process ensures maximum grip. The Cut Level D/ANSI A4 liner provides excellent protection against high cut risks.",https://d11ak7fd9ypfb7.cloudfront.net/styles1100px/AP81B4R.jpg,,0.0,TRUE,InStock,0.12,,AP81B4RXS,,,,Size,DROP_DOWN,XS,Color,DROP_DOWN,Blue,,,,,,,,,,,,,Fit,<p>R</p>,Length,<p>65</p>,Width,<p>45</p>,Height,<p>36</p>,Box Quantity,<p>144</p>,Inner Pack Quantity,<p>12</p>,Country Of Origin,<p>CN</p>,Standards,<ul><li>EN 420</li><li>ANSI/ISEA 105: 2016 CUT Level  A4</li><li>EN388:2016 +A1:2018 -  3X43D</li><li>AS/NZS 2161 .2</li><li>AS/NZS 2161 .3</li></ul>,,,,
AP81,Variant,,"The Liquid Pro Cut Glove offers maximum liquid protection and a high level of cut resistance. The smooth latex is fully coated before a second latex foam palm dip is applied, this process ensures maximum grip. The Cut Level D/ANSI A4 liner provides excellent protection against high cut risks.",https://d11ak7fd9ypfb7.cloudfront.net/styles1100px/AP81B4R.jpg,,0.0,TRUE,InStock,0.14,,AP81B4RXXL,,,,Size,DROP_DOWN,XXL,Color,DROP_DOWN,Blue,,,,,,,,,,,,,Fit,<p>R</p>,Length,<p>65</p>,Width,<p>45</p>,Height,<p>36</p>,Box Quantity,<p>144</p>,Inner Pack Quantity,<p>12</p>,Country Of Origin,<p>CN</p>,Standards,<ul><li>EN 420</li><li>ANSI/ISEA 105: 2016 CUT Level  A4</li><li>EN388:2016 +A1:2018 -  3X43D</li><li>AS/NZS 2161 .2</li><li>AS/NZS 2161 .3</li></ul>,,,,
B010,Product,B010 - Six Panel Baseball Cap,Six-panel crown with double stitching and sewn eyelets. Adjustable strap with classic plastic fastener. Available in a choice of popular colors and with reinforced front to accommodate embroidery or personalization. Ideal for work or leisure activities.,https://d11ak7fd9ypfb7.cloudfront.net/styles1100px/B010BKR.jpg,0.0,0.0,TRUE,InStock,0.06,,B010BKR,,,,Size,DROP_DOWN,,Color,DROP_DOWN,Navy;Black,,,,,,,,,,,,,Fit,<p>R</p>,Length,<p>45</p>,Width,<p>37</p>,Height,<p>35</p>,Box Quantity,<p>96</p>,Inner Pack Quantity,<p>12</p>,Country Of Origin,<p>CN</p>,Standards,<p></p>,,,,
B010,Variant,,Six-panel crown with double stitching and sewn eyelets. Adjustable strap with classic plastic fastener. Available in a choice of popular colors and with reinforced front to accommodate embroidery or personalization. Ideal for work or leisure activities.,https://d11ak7fd9ypfb7.cloudfront.net/styles1100px/B010NAR.jpg,,0.0,TRUE,InStock,0.06,,B010NAR,,,,Size,DROP_DOWN,,Color,DROP_DOWN,Navy,,,,,,,,,,,,,Fit,<p>R</p>,Length,<p>45</p>,Width,<p>37</p>,Height,<p>35</p>,Box Quantity,<p>96</p>,Inner Pack Quantity,<p>12</p>,Country Of Origin,<p>CN</p>,Standards,<p></p>,,,,
B013,Product,B013 - Insulated Knit Cap Insulatex Lined,Acrylic knitted work beanie hat Insulated with Insulatex lining,https://d11ak7fd9ypfb7.cloudfront.net/styles1100px/B013BKR.jpg,6.2,0.0,TRUE,InStock,0.08,,B013BKR,,,,Size,DROP_DOWN,,Color,DROP_DOWN,Navy;Yellow;Orange;Black,,,,,,,,,,,,,Fit,<p>R</p>,Length,<p>55</p>,Width,<p>36</p>,Height,<p>45</p>,Box Quantity,<p>144</p>,Inner Pack Quantity,<p>12</p>,Country Of Origin,<p>CN</p>,Standards,<p></p>,,,,
B013,Variant,,Acrylic knitted work beanie hat Insulated with Insulatex lining,https://d11ak7fd9ypfb7.cloudfront.net/styles1100px/B013NAR.jpg,,0.0,TRUE,InStock,0.08,,B013NAR,,,,Size,DROP_DOWN,,Color,DROP_DOWN,Navy,,,,,,,,,,,,,Fit,<p>R</p>,Length,<p>55</p>,Width,<p>36</p>,Height,<p>45</p>,Box Quantity,<p>144</p>,Inner Pack Quantity,<p>12</p>,Country Of Origin,<p>CN</p>,Standards,<p></p>,,,,
B013,Variant,,Acrylic knitted work beanie hat Insulated with Insulatex lining,https://d11ak7fd9ypfb7.cloudfront.net/styles1100px/B013ORR.jpg,,0.0,TRUE,InStock,0.08,,B013ORR,,,,Size,DROP_DOWN,,Color,DROP_DOWN,Orange,,,,,,,,,,,,,Fit,<p>R</p>,Length,<p>55</p>,Width,<p>36</p>,Height,<p>45</p>,Box Quantity,<p>144</p>,Inner Pack Quantity,<p>12</p>,Country Of Origin,<p>CN</p>,Standards,<p></p>,,,,
B013,Variant,,Acrylic knitted work beanie hat Insulated with Insulatex lining,https://d11ak7fd9ypfb7.cloudfront.net/styles1100px/B013YER.jpg,,0.0,TRUE,InStock,0.08,,B013YER,,,,Size,DROP_DOWN,,Color,DROP_DOWN,Yellow,,,,,,,,,,,,,Fit,<p>R</p>,Length,<p>55</p>,Width,<p>36</p>,Height,<p>45</p>,Box Quantity,<p>144</p>,Inner Pack Quantity,<p>12</p>,Country Of Origin,<p>CN</p>,Standards,<p></p>,,,,
B023,Product,B023 - Reflective Trim Knit Hat Insulatex Lined,Acrylic knitted beanie hat Insulated with Insulatex lining Windproof and extremely comfortable for wearer Reflective trim for visibility,https://d11ak7fd9ypfb7.cloudfront.net/styles1100px/B023BKR.jpg,7.5,0.0,TRUE,InStock,0.08,,B023BKR,,,,Size,DROP_DOWN,,Color,DROP_DOWN,Navy;Yellow;Orange;Black,,,,,,,,,,,,,Fit,<p>R</p>,Length,<p>65</p>,Width,<p>45</p>,Height,<p>39</p>,Box Quantity,<p>144</p>,Inner Pack Quantity,<p>12</p>,Country Of Origin,<p>CN</p>,Standards,<p></p>,,,,
B023,Variant,,Acrylic knitted beanie hat Insulated with Insulatex lining Windproof and extremely comfortable for wearer Reflective trim for visibility,https://d11ak7fd9ypfb7.cloudfront.net/styles1100px/B023NAR.jpg,,0.0,TRUE,InStock,0.08,,B023NAR,,,,Size,DROP_DOWN,,Color,DROP_DOWN,Navy,,,,,,,,,,,,,Fit,<p>R</p>,Length,<p>65</p>,Width,<p>45</p>,Height,<p>39</p>,Box Quantity,<p>144</p>,Inner Pack Quantity,<p>12</p>,Country Of Origin,<p>CN</p>,Standards,<p></p>,,,,
B023,Variant,,Acrylic knitted beanie hat Insulated with Insulatex lining Windproof and extremely comfortable for wearer Reflective trim for visibility,https://d11ak7fd9ypfb7.cloudfront.net/styles1100px/B023ORR.jpg,,0.0,TRUE,InStock,0.08,,B023ORR,,,,Size,DROP_DOWN,,Color,DROP_DOWN,Orange,,,,,,,,,,,,,Fit,<p>R</p>,Length,<p>65</p>,Width,<p>45</p>,Height,<p>39</p>,Box Quantity,<p>144</p>,Inner Pack Quantity,<p>12</p>,Country Of Origin,<p>CN</p>,Standards,<p></p>,,,,
B023,Variant,,Acrylic knitted beanie hat Insulated with Insulatex lining Windproof and extremely comfortable for wearer Reflective trim for visibility,https://d11ak7fd9ypfb7.cloudfront.net/styles1100px/B023YER.jpg,,0.0,TRUE,InStock,0.08,,B023YER,,,,Size,DROP_DOWN,,Color,DROP_DOWN,Yellow,,,,,,,,,,,,,Fit,<p>R</p>,Length,<p>65</p>,Width,<p>45</p>,Height,<p>39</p>,Box Quantity,<p>144</p>,Inner Pack Quantity,<p>12</p>,Country Of Origin,<p>CN</p>,Standards,<p></p>,,,,
B026,Product,"B026 - Reflective Knit Cap, Insulatex Lined",This reflective knit cap is a great option for added visibility in cold weather environments. The highly reflective yarns are woven into this acrylic knit fabric to give excellent visibility. Insulatex lining protects the wearer from cold and wind.,https://d11ak7fd9ypfb7.cloudfront.net/styles1100px/B026BKR.jpg,0.0,0.0,TRUE,InStock,0.09,,B026BKR,,,,Size,DROP_DOWN,,Color,DROP_DOWN,Navy;Black,,,,,,,,,,,,,Fit,<p>R</p>,Length,<p>65</p>,Width,<p>45</p>,Height,<p>39</p>,Box Quantity,<p>144</p>,Inner Pack Quantity,<p>12</p>,Country Of Origin,<p>CN</p>,Standards,<p></p>,,,,
B026,Variant,,This reflective knit cap is a great option for added visibility in cold weather environments. The highly reflective yarns are woven into this acrylic knit fabric to give excellent visibility. Insulatex lining protects the wearer from cold and wind.,https://d11ak7fd9ypfb7.cloudfront.net/styles1100px/B026NAR.jpg,,0.0,TRUE,InStock,0.09,,B026NAR,,,,Size,DROP_DOWN,,Color,DROP_DOWN,Navy,,,,,,,,,,,,,Fit,<p>R</p>,Length,<p>65</p>,Width,<p>45</p>,Height,<p>39</p>,Box Quantity,<p>144</p>,Inner Pack Quantity,<p>12</p>,Country Of Origin,<p>CN</p>,Standards,<p></p>,,,,
B027,Product,B027 - Junior Beanie LED Head Light	,This warm and comfortable acrylic junior sized beanie hat features a removable LED front light for superior visibility in low light conditions. The rechargeable LED can be charged in a USB port.,https://d11ak7fd9ypfb7.cloudfront.net/styles1100px/B027BKR.jpg,13.8,0.0,TRUE,InStock,0.1,,B027BKR,,,,Size,DROP_DOWN,,Color,DROP_DOWN,Navy;Yellow;Black,,,,,,,,,,,,,Fit,<p>R</p>,Length,<p>59</p>,Width,<p>39</p>,Height,<p>53</p>,Box Quantity,<p>144</p>,Inner Pack Quantity,<p>12</p>,Country Of Origin,<p>CN</p>,Standards,<ul><li>CE</li><li>RoHS</li></ul>,,,,
B027,Variant,,This warm and comfortable acrylic junior sized beanie hat features a removable LED front light for superior visibility in low light conditions. The rechargeable LED can be charged in a USB port.,https://d11ak7fd9ypfb7.cloudfront.net/styles1100px/B027NAR.jpg,,0.0,TRUE,InStock,0.1,,B027NAR,,,,Size,DROP_DOWN,,Color,DROP_DOWN,Navy,,,,,,,,,,,,,Fit,<p>R</p>,Length,<p>59</p>,Width,<p>39</p>,Height,<p>53</p>,Box Quantity,<p>144</p>,Inner Pack Quantity,<p>12</p>,Country Of Origin,<p>CN</p>,Standards,<ul><li>CE</li><li>RoHS</li></ul>,,,,
B027,Variant,,This warm and comfortable acrylic junior sized beanie hat features a removable LED front light for superior visibility in low light conditions. The rechargeable LED can be charged in a USB port.,https://d11ak7fd9ypfb7.cloudfront.net/styles1100px/B027YER.jpg,,0.0,TRUE,InStock,0.1,,B027YER,,,,Size,DROP_DOWN,,Color,DROP_DOWN,Yellow,,,,,,,,,,,,,Fit,<p>R</p>,Length,<p>59</p>,Width,<p>39</p>,Height,<p>53</p>,Box Quantity,<p>144</p>,Inner Pack Quantity,<p>12</p>,Country Of Origin,<p>CN</p>,Standards,<ul><li>CE</li><li>RoHS</li></ul>,,,,
B028,Product,B028 - Rechargeable Twin LED Beanie	,"This high-performance acrylic beanie hat features two removable LED lights on the front and back for all round visibility. The rechargeable LED lights can be charged in a USB port. Ideal for walkers, cyclists or those working in low light conditions.",https://d11ak7fd9ypfb7.cloudfront.net/styles1100px/B028BKR.jpg,22.6,0.0,TRUE,InStock,0.157,,B028BKR,,,,Size,DROP_DOWN,,Color,DROP_DOWN,Grey;Yellow;Navy;Orange;Black,,,,,,,,,,,,,Fit,<p>R</p>,Length,<p>65</p>,Width,<p>45</p>,Height,<p>47</p>,Box Quantity,<p>144</p>,Inner Pack Quantity,<p>12</p>,Country Of Origin,<p>CN</p>,Standards,<ul><li>CE</li><li>RoHS</li></ul>,,,,
B028,Variant,,"This high-performance acrylic beanie hat features two removable LED lights on the front and back for all round visibility. The rechargeable LED lights can be charged in a USB port. Ideal for walkers, cyclists or those working in low light conditions.",https://d11ak7fd9ypfb7.cloudfront.net/styles1100px/B028GRR.jpg,,0.0,TRUE,InStock,0.157,,B028GRR,,,,Size,DROP_DOWN,,Color,DROP_DOWN,Grey,,,,,,,,,,,,,Fit,<p>R</p>,Length,<p>65</p>,Width,<p>45</p>,Height,<p>47</p>,Box Quantity,<p>144</p>,Inner Pack Quantity,<p>12</p>,Country Of Origin,<p>CN</p>,Standards,<ul><li>CE</li><li>RoHS</li></ul>,,,,
B028,Variant,,"This high-performance acrylic beanie hat features two removable LED lights on the front and back for all round visibility. The rechargeable LED lights can be charged in a USB port. Ideal for walkers, cyclists or those working in low light conditions.",https://d11ak7fd9ypfb7.cloudfront.net/styles1100px/B028NAR.jpg,,0.0,TRUE,InStock,0.157,,B028NAR,,,,Size,DROP_DOWN,,Color,DROP_DOWN,Navy,,,,,,,,,,,,,Fit,<p>R</p>,Length,<p>65</p>,Width,<p>45</p>,Height,<p>47</p>,Box Quantity,<p>144</p>,Inner Pack Quantity,<p>12</p>,Country Of Origin,<p>CN</p>,Standards,<ul><li>CE</li><li>RoHS</li></ul>,,,,
B028,Variant,,"This high-performance acrylic beanie hat features two removable LED lights on the front and back for all round visibility. The rechargeable LED lights can be charged in a USB port. Ideal for walkers, cyclists or those working in low light conditions.",https://d11ak7fd9ypfb7.cloudfront.net/styles1100px/B028ORR.jpg,,0.0,TRUE,InStock,0.157,,B028ORR,,,,Size,DROP_DOWN,,Color,DROP_DOWN,Orange,,,,,,,,,,,,,Fit,<p>R</p>,Length,<p>65</p>,Width,<p>45</p>,Height,<p>47</p>,Box Quantity,<p>144</p>,Inner Pack Quantity,<p>12</p>,Country Of Origin,<p>CN</p>,Standards,<ul><li>CE</li><li>RoHS</li></ul>,,,,
B028,Variant,,"This high-performance acrylic beanie hat features two removable LED lights on the front and back for all round visibility. The rechargeable LED lights can be charged in a USB port. Ideal for walkers, cyclists or those working in low light conditions.",https://d11ak7fd9ypfb7.cloudfront.net/styles1100px/B028YER.jpg,,0.0,TRUE,InStock,0.157,,B028YER,,,,Size,DROP_DOWN,,Color,DROP_DOWN,Yellow,,,,,,,,,,,,,Fit,<p>R</p>,Length,<p>65</p>,Width,<p>45</p>,Height,<p>47</p>,Box Quantity,<p>144</p>,Inner Pack Quantity,<p>12</p>,Country Of Origin,<p>CN</p>,Standards,<ul><li>CE</li><li>RoHS</li></ul>,,,,
B029,Product,B029 - Beanie LED Head Light USB Rechargeable,Warm and comfortable acrylic beanie Rechargeable LED light can be charged in a USB port,https://d11ak7fd9ypfb7.cloudfront.net/styles1100px/B029BKR.jpg,15.2,0.0,TRUE,InStock,0.113,,B029BKR,,,,Size,DROP_DOWN,,Color,DROP_DOWN,Grey;Yellow;Navy;Orange;Black,,,,,,,,,,,,,Fit,<p>R</p>,Length,<p>65</p>,Width,<p>45</p>,Height,<p>45</p>,Box Quantity,<p>144</p>,Inner Pack Quantity,<p>12</p>,Country Of Origin,<p>CN</p>,Standards,<ul><li>CE</li><li>RoHS</li></ul>,,,,
B029,Variant,,Warm and comfortable acrylic beanie Rechargeable LED light can be charged in a USB port,https://d11ak7fd9ypfb7.cloudfront.net/styles1100px/B029GRR.jpg,,0.0,TRUE,InStock,0.113,,B029GRR,,,,Size,DROP_DOWN,,Color,DROP_DOWN,Grey,,,,,,,,,,,,,Fit,<p>R</p>,Length,<p>65</p>,Width,<p>45</p>,Height,<p>45</p>,Box Quantity,<p>144</p>,Inner Pack Quantity,<p>12</p>,Country Of Origin,<p>CN</p>,Standards,<ul><li>CE</li><li>RoHS</li></ul>,,,,
B029,Variant,,Warm and comfortable acrylic beanie Rechargeable LED light can be charged in a USB port,https://d11ak7fd9ypfb7.cloudfront.net/styles1100px/B029NAR.jpg,,0.0,TRUE,InStock,0.113,,B029NAR,,,,Size,DROP_DOWN,,Color,DROP_DOWN,Navy,,,,,,,,,,,,,Fit,<p>R</p>,Length,<p>65</p>,Width,<p>45</p>,Height,<p>45</p>,Box Quantity,<p>144</p>,Inner Pack Quantity,<p>12</p>,Country Of Origin,<p>CN</p>,Standards,<ul><li>CE</li><li>RoHS</li></ul>,,,,
B029,Variant,,Warm and comfortable acrylic beanie Rechargeable LED light can be charged in a USB port,https://d11ak7fd9ypfb7.cloudfront.net/styles1100px/B029ORR.jpg,,0.0,TRUE,InStock,0.113,,B029ORR,,,,Size,DROP_DOWN,,Color,DROP_DOWN,Orange,,,,,,,,,,,,,Fit,<p>R</p>,Length,<p>65</p>,Width,<p>45</p>,Height,<p>45</p>,Box Quantity,<p>144</p>,Inner Pack Quantity,<p>12</p>,Country Of Origin,<p>CN</p>,Standards,<ul><li>CE</li><li>RoHS</li></ul>,,,,
B029,Variant,,Warm and comfortable acrylic beanie Rechargeable LED light can be charged in a USB port,https://d11ak7fd9ypfb7.cloudfront.net/styles1100px/B029YER.jpg,,0.0,TRUE,InStock,0.113,,B029YER,,,,Size,DROP_DOWN,,Color,DROP_DOWN,Yellow,,,,,,,,,,,,,Fit,<p>R</p>,Length,<p>65</p>,Width,<p>45</p>,Height,<p>45</p>,Box Quantity,<p>144</p>,Inner Pack Quantity,<p>12</p>,Country Of Origin,<p>CN</p>,Standards,<ul><li>CE</li><li>RoHS</li></ul>,,,,
B030,Product,B030 - Replacement Beanie Head Light	,"Replacement LED light module for the B027, B028 and B029. This rechargeable LED light can be charged in a standard USB port.",https://d11ak7fd9ypfb7.cloudfront.net/styles1100px/B030NCR.jpg,5.6,0.0,TRUE,InStock,0.03,,B030NCR,,,,Size,DROP_DOWN,,Color,DROP_DOWN,No Colour,,,,,,,,,,,,,Fit,<p>R</p>,Length,<p>48</p>,Width,<p>28</p>,Height,<p>53</p>,Box Quantity,<p>480</p>,Inner Pack Quantity,<p>48</p>,Country Of Origin,<p>CN</p>,Standards,<ul><li>CE</li><li>RoHS</li></ul>,,,,
B031,Product,B031 - Waterproof Beanie	,100% waterproof beanie Porelle membrane Breathable and dexterous Micro fleece liner The perfect barrier for the most challenging wet weather,https://d11ak7fd9ypfb7.cloudfront.net/styles1100px/B031BKR.jpg,21.9,0.0,TRUE,InStock,0.08,,B031BKR,,,,Size,DROP_DOWN,,Color,DROP_DOWN,Black,,,,,,,,,,,,,Fit,<p>R</p>,Length,<p>65</p>,Width,<p>45</p>,Height,<p>54</p>,Box Quantity,<p>144</p>,Inner Pack Quantity,<p>12</p>,Country Of Origin,<p>BD</p>,Standards,<p></p>,,,,
B190,Product,B190 - ,,https://d11ak7fd9ypfb7.cloudfront.net/styles1100px/B190BKR.jpg,0.0,0.0,TRUE,InStock,0.999,,B190BKR4XL,,,,Size,DROP_DOWN,S;M;L;XL;XXL;XXXL;4XL;5XL,Color,DROP_DOWN,Black,,,,,,,,,,,,,Fit,<p>R</p>,Length,<p>55</p>,Width,<p>36</p>,Height,<p>42</p>,Box Quantity,<p>48</p>,Inner Pack Quantity,<p>1</p>,Country Of Origin,<p>PK</p>,Standards,<p></p>,,,,
B190,Variant,,,https://d11ak7fd9ypfb7.cloudfront.net/styles1100px/B190BKR.jpg,,0.0,TRUE,InStock,0.999,,B190BKR4XL,,,,Size,DROP_DOWN,4XL,Color,DROP_DOWN,Black,,,,,,,,,,,,,Fit,<p>R</p>,Length,<p>55</p>,Width,<p>36</p>,Height,<p>42</p>,Box Quantity,<p>48</p>,Inner Pack Quantity,<p>1</p>,Country Of Origin,<p>PK</p>,Standards,<p></p>,,,,
B190,Variant,,,https://d11ak7fd9ypfb7.cloudfront.net/styles1100px/B190BKR.jpg,,0.0,TRUE,InStock,0.999,,B190BKR5XL,,,,Size,DROP_DOWN,5XL,Color,DROP_DOWN,Black,,,,,,,,,,,,,Fit,<p>R</p>,Length,<p>55</p>,Width,<p>36</p>,Height,<p>42</p>,Box Quantity,<p>48</p>,Inner Pack Quantity,<p>1</p>,Country Of Origin,<p>PK</p>,Standards,<p></p>,,,,
B190,Variant,,,https://d11ak7fd9ypfb7.cloudfront.net/styles1100px/B190BKR.jpg,,0.0,TRUE,InStock,0.999,,B190BKRL,,,,Size,DROP_DOWN,L,Color,DROP_DOWN,Black,,,,,,,,,,,,,Fit,<p>R</p>,Length,<p>55</p>,Width,<p>36</p>,Height,<p>42</p>,Box Quantity,<p>48</p>,Inner Pack Quantity,<p>1</p>,Country Of Origin,<p>PK</p>,Standards,<p></p>,,,,
B190,Variant,,,https://d11ak7fd9ypfb7.cloudfront.net/styles1100px/B190BKR.jpg,,0.0,TRUE,InStock,0.999,,B190BKRM,,,,Size,DROP_DOWN,M,Color,DROP_DOWN,Black,,,,,,,,,,,,,Fit,<p>R</p>,Length,<p>55</p>,Width,<p>36</p>,Height,<p>42</p>,Box Quantity,<p>48</p>,Inner Pack Quantity,<p>1</p>,Country Of Origin,<p>PK</p>,Standards,<p></p>,,,,
B190,Variant,,,https://d11ak7fd9ypfb7.cloudfront.net/styles1100px/B190BKR.jpg,,0.0,TRUE,InStock,0.999,,B190BKRS,,,,Size,DROP_DOWN,S,Color,DROP_DOWN,Black,,,,,,,,,,,,,Fit,<p>R</p>,Length,<p>55</p>,Width,<p>36</p>,Height,<p>42</p>,Box Quantity,<p>48</p>,Inner Pack Quantity,<p>1</p>,Country Of Origin,<p>PK</p>,Standards,<p></p>,,,,
B190,Variant,,,https://d11ak7fd9ypfb7.cloudfront.net/styles1100px/B190BKR.jpg,,0.0,TRUE,InStock,0.999,,B190BKRXL,,,,Size,DROP_DOWN,XL,Color,DROP_DOWN,Black,,,,,,,,,,,,,Fit,<p>R</p>,Length,<p>55</p>,Width,<p>36</p>,Height,<p>42</p>,Box Quantity,<p>48</p>,Inner Pack Quantity,<p>1</p>,Country Of Origin,<p>PK</p>,Standards,<p></p>,,,,
B190,Variant,,,https://d11ak7fd9ypfb7.cloudfront.net/styles1100px/B190BKR.jpg,,0.0,TRUE,InStock,0.999,,B190BKRXXL,,,,Size,DROP_DOWN,XXL,Color,DROP_DOWN,Black,,,,,,,,,,,,,Fit,<p>R</p>,Length,<p>55</p>,Width,<p>36</p>,Height,<p>42</p>,Box Quantity,<p>48</p>,Inner Pack Quantity,<p>1</p>,Country Of Origin,<p>PK</p>,Standards,<p></p>,,,,
B190,Variant,,,https://d11ak7fd9ypfb7.cloudfront.net/styles1100px/B190BKR.jpg,,0.0,TRUE,InStock,0.999,,B190BKRXXXL,,,,Size,DROP_DOWN,XXXL,Color,DROP_DOWN,Black,,,,,,,,,,,,,Fit,<p>R</p>,Length,<p>55</p>,Width,<p>36</p>,Height,<p>42</p>,Box Quantity,<p>48</p>,Inner Pack Quantity,<p>1</p>,Country Of Origin,<p>PK</p>,Standards,<p></p>,,,,
B303,Product,B303 - Hi-Vis Sweatshirt,"The B303 sweatshirt is ideal when it’s too cool for a T-shirt but not cold enough for a jacket. Offering exceptional comfort, the fit is roomy and the fabric is soft to touch.",https://d11ak7fd9ypfb7.cloudfront.net/styles1100px/B303YER.jpg,39.9,0.0,TRUE,InStock,0.76,,B303YER4XL,,,,Size,DROP_DOWN,XS;S;M;L;XL;XXL;XXXL;4XL;5XL,Color,DROP_DOWN,Yellow,,,,,,,,,,,,,Fit,<p>R</p>,Length,<p>55</p>,Width,<p>41</p>,Height,<p>45</p>,Box Quantity,<p>24</p>,Inner Pack Quantity,<p>1</p>,Country Of Origin,<p>BD</p>,Standards,<ul><li>VN605 151689</li><li>EN ISO 20471 Class 3</li><li>ANSI/ISEA 107 TYPE R CLASS 3</li><li>AS 4602.1 Class D/N</li><li>RIS-3279-TOM  ISSUE 1 (ORANGE ONLY)</li></ul>,,,,
B303,Variant,,"The B303 sweatshirt is ideal when it’s too cool for a T-shirt but not cold enough for a jacket. Offering exceptional comfort, the fit is roomy and the fabric is soft to touch.",https://d11ak7fd9ypfb7.cloudfront.net/styles1100px/B303YER.jpg,,0.0,TRUE,InStock,0.76,,B303YER4XL,,,,Size,DROP_DOWN,4XL,Color,DROP_DOWN,Yellow,,,,,,,,,,,,,Fit,<p>R</p>,Length,<p>55</p>,Width,<p>41</p>,Height,<p>45</p>,Box Quantity,<p>24</p>,Inner Pack Quantity,<p>1</p>,Country Of Origin,<p>BD</p>,Standards,<ul><li>VN605 151689</li><li>EN ISO 20471 Class 3</li><li>ANSI/ISEA 107 TYPE R CLASS 3</li><li>AS 4602.1 Class D/N</li><li>RIS-3279-TOM  ISSUE 1 (ORANGE ONLY)</li></ul>,,,,
B303,Variant,,"The B303 sweatshirt is ideal when it’s too cool for a T-shirt but not cold enough for a jacket. Offering exceptional comfort, the fit is roomy and the fabric is soft to touch.",https://d11ak7fd9ypfb7.cloudfront.net/styles1100px/B303YER.jpg,,0.0,TRUE,InStock,0.78,,B303YER5XL,,,,Size,DROP_DOWN,5XL,Color,DROP_DOWN,Yellow,,,,,,,,,,,,,Fit,<p>R</p>,Length,<p>55</p>,Width,<p>41</p>,Height,<p>45</p>,Box Quantity,<p>24</p>,Inner Pack Quantity,<p>1</p>,Country Of Origin,<p>BD</p>,Standards,<ul><li>VN605 151689</li><li>EN ISO 20471 Class 3</li><li>ANSI/ISEA 107 TYPE R CLASS 3</li><li>AS 4602.1 Class D/N</li><li>RIS-3279-TOM  ISSUE 1 (ORANGE ONLY)</li></ul>,,,,
B303,Variant,,"The B303 sweatshirt is ideal when it’s too cool for a T-shirt but not cold enough for a jacket. Offering exceptional comfort, the fit is roomy and the fabric is soft to touch.",https://d11ak7fd9ypfb7.cloudfront.net/styles1100px/B303YER.jpg,,0.0,TRUE,InStock,0.62,,B303YERL,,,,Size,DROP_DOWN,L,Color,DROP_DOWN,Yellow,,,,,,,,,,,,,Fit,<p>R</p>,Length,<p>55</p>,Width,<p>41</p>,Height,<p>45</p>,Box Quantity,<p>24</p>,Inner Pack Quantity,<p>1</p>,Country Of Origin,<p>BD</p>,Standards,<ul><li>VN605 151689</li><li>EN ISO 20471 Class 3</li><li>ANSI/ISEA 107 TYPE R CLASS 3</li><li>AS 4602.1 Class D/N</li><li>RIS-3279-TOM  ISSUE 1 (ORANGE ONLY)</li></ul>,,,,
B303,Variant,,"The B303 sweatshirt is ideal when it’s too cool for a T-shirt but not cold enough for a jacket. Offering exceptional comfort, the fit is roomy and the fabric is soft to touch.",https://d11ak7fd9ypfb7.cloudfront.net/styles1100px/B303YER.jpg,,0.0,TRUE,InStock,0.58,,B303YERM,,,,Size,DROP_DOWN,M,Color,DROP_DOWN,Yellow,,,,,,,,,,,,,Fit,<p>R</p>,Length,<p>55</p>,Width,<p>41</p>,Height,<p>45</p>,Box Quantity,<p>24</p>,Inner Pack Quantity,<p>1</p>,Country Of Origin,<p>BD</p>,Standards,<ul><li>VN605 151689</li><li>EN ISO 20471 Class 3</li><li>ANSI/ISEA 107 TYPE R CLASS 3</li><li>AS 4602.1 Class D/N</li><li>RIS-3279-TOM  ISSUE 1 (ORANGE ONLY)</li></ul>,,,,
B303,Variant,,"The B303 sweatshirt is ideal when it’s too cool for a T-shirt but not cold enough for a jacket. Offering exceptional comfort, the fit is roomy and the fabric is soft to touch.",https://d11ak7fd9ypfb7.cloudfront.net/styles1100px/B303YER.jpg,,0.0,TRUE,InStock,0.54,,B303YERS,,,,Size,DROP_DOWN,S,Color,DROP_DOWN,Yellow,,,,,,,,,,,,,Fit,<p>R</p>,Length,<p>55</p>,Width,<p>41</p>,Height,<p>45</p>,Box Quantity,<p>24</p>,Inner Pack Quantity,<p>1</p>,Country Of Origin,<p>BD</p>,Standards,<ul><li>VN605 151689</li><li>EN ISO 20471 Class 3</li><li>ANSI/ISEA 107 TYPE R CLASS 3</li><li>AS 4602.1 Class D/N</li><li>RIS-3279-TOM  ISSUE 1 (ORANGE ONLY)</li></ul>,,,,
B303,Variant,,"The B303 sweatshirt is ideal when it’s too cool for a T-shirt but not cold enough for a jacket. Offering exceptional comfort, the fit is roomy and the fabric is soft to touch.",https://d11ak7fd9ypfb7.cloudfront.net/styles1100px/B303YER.jpg,,0.0,TRUE,InStock,0.62,,B303YERXL,,,,Size,DROP_DOWN,XL,Color,DROP_DOWN,Yellow,,,,,,,,,,,,,Fit,<p>R</p>,Length,<p>55</p>,Width,<p>41</p>,Height,<p>45</p>,Box Quantity,<p>24</p>,Inner Pack Quantity,<p>1</p>,Country Of Origin,<p>BD</p>,Standards,<ul><li>VN605 151689</li><li>EN ISO 20471 Class 3</li><li>ANSI/ISEA 107 TYPE R CLASS 3</li><li>AS 4602.1 Class D/N</li><li>RIS-3279-TOM  ISSUE 1 (ORANGE ONLY)</li></ul>,,,,
B303,Variant,,"The B303 sweatshirt is ideal when it’s too cool for a T-shirt but not cold enough for a jacket. Offering exceptional comfort, the fit is roomy and the fabric is soft to touch.",https://d11ak7fd9ypfb7.cloudfront.net/styles1100px/B303YER.jpg,,0.0,TRUE,InStock,0.56,,B303YERXS,,,,Size,DROP_DOWN,XS,Color,DROP_DOWN,Yellow,,,,,,,,,,,,,Fit,<p>R</p>,Length,<p>55</p>,Width,<p>41</p>,Height,<p>45</p>,Box Quantity,<p>24</p>,Inner Pack Quantity,<p>1</p>,Country Of Origin,<p>BD</p>,Standards,<ul><li>VN605 151689</li><li>EN ISO 20471 Class 3</li><li>ANSI/ISEA 107 TYPE R CLASS 3</li><li>AS 4602.1 Class D/N</li><li>RIS-3279-TOM  ISSUE 1 (ORANGE ONLY)</li></ul>,,,,
B303,Variant,,"The B303 sweatshirt is ideal when it’s too cool for a T-shirt but not cold enough for a jacket. Offering exceptional comfort, the fit is roomy and the fabric is soft to touch.",https://d11ak7fd9ypfb7.cloudfront.net/styles1100px/B303YER.jpg,,0.0,TRUE,InStock,0.66,,B303YERXXL,,,,Size,DROP_DOWN,XXL,Color,DROP_DOWN,Yellow,,,,,,,,,,,,,Fit,<p>R</p>,Length,<p>55</p>,Width,<p>41</p>,Height,<p>45</p>,Box Quantity,<p>24</p>,Inner Pack Quantity,<p>1</p>,Country Of Origin,<p>BD</p>,Standards,<ul><li>VN605 151689</li><li>EN ISO 20471 Class 3</li><li>ANSI/ISEA 107 TYPE R CLASS 3</li><li>AS 4602.1 Class D/N</li><li>RIS-3279-TOM  ISSUE 1 (ORANGE ONLY)</li></ul>,,,,
B303,Variant,,"The B303 sweatshirt is ideal when it’s too cool for a T-shirt but not cold enough for a jacket. Offering exceptional comfort, the fit is roomy and the fabric is soft to touch.",https://d11ak7fd9ypfb7.cloudfront.net/styles1100px/B303YER.jpg,,0.0,TRUE,InStock,0.7,,B303YERXXXL,,,,Size,DROP_DOWN,XXXL,Color,DROP_DOWN,Yellow,,,,,,,,,,,,,Fit,<p>R</p>,Length,<p>55</p>,Width,<p>41</p>,Height,<p>45</p>,Box Quantity,<p>24</p>,Inner Pack Quantity,<p>1</p>,Country Of Origin,<p>BD</p>,Standards,<ul><li>VN605 151689</li><li>EN ISO 20471 Class 3</li><li>ANSI/ISEA 107 TYPE R CLASS 3</li><li>AS 4602.1 Class D/N</li><li>RIS-3279-TOM  ISSUE 1 (ORANGE ONLY)</li></ul>,,,,
B304,Product,B304 - Hi-Vis Hooded Sweatshirt,"This hooded sweatshirt is ideal for a range of conditions. Durable fabric, generous pockets and adjustable hood make it the perfect garment to accompany you through a tough working day.",https://d11ak7fd9ypfb7.cloudfront.net/styles1100px/B304ORR.jpg,49.0,0.0,TRUE,InStock,0.86,,B304ORR4XL,,,,Size,DROP_DOWN,S;M;L;XL;XXL;XXXL;4XL,Color,DROP_DOWN,Yellow;Orange,,,,,,,,,,,,,Fit,<p>R</p>,Length,<p>65</p>,Width,<p>40</p>,Height,<p>40</p>,Box Quantity,<p>24</p>,Inner Pack Quantity,<p>1</p>,Country Of Origin,<p>BD</p>,Standards,<ul><li>VN605 151689</li><li>EN ISO 20471 Class 3</li><li>ANSI/ISEA 107 TYPE R CLASS 3</li><li>AS 4602.1 Class D/N</li><li>RIS-3279-TOM  ISSUE 1 (ORANGE ONLY)</li></ul>,,,,
B304,Variant,,"This hooded sweatshirt is ideal for a range of conditions. Durable fabric, generous pockets and adjustable hood make it the perfect garment to accompany you through a tough working day.",https://d11ak7fd9ypfb7.cloudfront.net/styles1100px/B304ORR.jpg,,0.0,TRUE,InStock,0.86,,B304ORR4XL,,,,Size,DROP_DOWN,4XL,Color,DROP_DOWN,Orange,,,,,,,,,,,,,Fit,<p>R</p>,Length,<p>65</p>,Width,<p>40</p>,Height,<p>40</p>,Box Quantity,<p>24</p>,Inner Pack Quantity,<p>1</p>,Country Of Origin,<p>BD</p>,Standards,<ul><li>VN605 151689</li><li>EN ISO 20471 Class 3</li><li>ANSI/ISEA 107 TYPE R CLASS 3</li><li>AS 4602.1 Class D/N</li><li>RIS-3279-TOM  ISSUE 1 (ORANGE ONLY)</li></ul>,,,,
B304,Variant,,"This hooded sweatshirt is ideal for a range of conditions. Durable fabric, generous pockets and adjustable hood make it the perfect garment to accompany you through a tough working day.",https://d11ak7fd9ypfb7.cloudfront.net/styles1100px/B304ORR.jpg,,0.0,TRUE,InStock,0.82,,B304ORRXXXL,,,,Size,DROP_DOWN,XXXL,Color,DROP_DOWN,Orange,,,,,,,,,,,,,Fit,<p>R</p>,Length,<p>65</p>,Width,<p>40</p>,Height,<p>40</p>,Box Quantity,<p>24</p>,Inner Pack Quantity,<p>1</p>,Country Of Origin,<p>BD</p>,Standards,<ul><li>VN605 151689</li><li>EN ISO 20471 Class 3</li><li>ANSI/ISEA 107 TYPE R CLASS 3</li><li>AS 4602.1 Class D/N</li><li>RIS-3279-TOM  ISSUE 1 (ORANGE ONLY)</li></ul>,,,,
B304,Variant,,"This hooded sweatshirt is ideal for a range of conditions. Durable fabric, generous pockets and adjustable hood make it the perfect garment to accompany you through a tough working day.",https://d11ak7fd9ypfb7.cloudfront.net/styles1100px/B304YER.jpg,,0.0,TRUE,InStock,0.86,,B304YER4XL,,,,Size,DROP_DOWN,4XL,Color,DROP_DOWN,Yellow,,,,,,,,,,,,,Fit,<p>R</p>,Length,<p>65</p>,Width,<p>40</p>,Height,<p>40</p>,Box Quantity,<p>24</p>,Inner Pack Quantity,<p>1</p>,Country Of Origin,<p>BD</p>,Standards,<ul><li>VN605 151689</li><li>EN ISO 20471 Class 3</li><li>ANSI/ISEA 107 TYPE R CLASS 3</li><li>AS 4602.1 Class D/N</li><li>RIS-3279-TOM  ISSUE 1 (ORANGE ONLY)</li></ul>,,,,
B304,Variant,,"This hooded sweatshirt is ideal for a range of conditions. Durable fabric, generous pockets and adjustable hood make it the perfect garment to accompany you through a tough working day.",https://d11ak7fd9ypfb7.cloudfront.net/styles1100px/B304YER.jpg,,0.0,TRUE,InStock,0.72,,B304YERL,,,,Size,DROP_DOWN,L,Color,DROP_DOWN,Yellow,,,,,,,,,,,,,Fit,<p>R</p>,Length,<p>65</p>,Width,<p>40</p>,Height,<p>40</p>,Box Quantity,<p>24</p>,Inner Pack Quantity,<p>1</p>,Country Of Origin,<p>BD</p>,Standards,<ul><li>VN605 151689</li><li>EN ISO 20471 Class 3</li><li>ANSI/ISEA 107 TYPE R CLASS 3</li><li>AS 4602.1 Class D/N</li><li>RIS-3279-TOM  ISSUE 1 (ORANGE ONLY)</li></ul>,,,,
B304,Variant,,"This hooded sweatshirt is ideal for a range of conditions. Durable fabric, generous pockets and adjustable hood make it the perfect garment to accompany you through a tough working day.",https://d11ak7fd9ypfb7.cloudfront.net/styles1100px/B304YER.jpg,,0.0,TRUE,InStock,0.7,,B304YERM,,,,Size,DROP_DOWN,M,Color,DROP_DOWN,Yellow,,,,,,,,,,,,,Fit,<p>R</p>,Length,<p>65</p>,Width,<p>40</p>,Height,<p>40</p>,Box Quantity,<p>24</p>,Inner Pack Quantity,<p>1</p>,Country Of Origin,<p>BD</p>,Standards,<ul><li>VN605 151689</li><li>EN ISO 20471 Class 3</li><li>ANSI/ISEA 107 TYPE R CLASS 3</li><li>AS 4602.1 Class D/N</li><li>RIS-3279-TOM  ISSUE 1 (ORANGE ONLY)</li></ul>,,,,
B304,Variant,,"This hooded sweatshirt is ideal for a range of conditions. Durable fabric, generous pockets and adjustable hood make it the perfect garment to accompany you through a tough working day.",https://d11ak7fd9ypfb7.cloudfront.net/styles1100px/B304YER.jpg,,0.0,TRUE,InStock,0.7,,B304YERS,,,,Size,DROP_DOWN,S,Color,DROP_DOWN,Yellow,,,,,,,,,,,,,Fit,<p>R</p>,Length,<p>65</p>,Width,<p>40</p>,Height,<p>40</p>,Box Quantity,<p>24</p>,Inner Pack Quantity,<p>1</p>,Country Of Origin,<p>BD</p>,Standards,<ul><li>VN605 151689</li><li>EN ISO 20471 Class 3</li><li>ANSI/ISEA 107 TYPE R CLASS 3</li><li>AS 4602.1 Class D/N</li><li>RIS-3279-TOM  ISSUE 1 (ORANGE ONLY)</li></ul>,,,,
B304,Variant,,"This hooded sweatshirt is ideal for a range of conditions. Durable fabric, generous pockets and adjustable hood make it the perfect garment to accompany you through a tough working day.",https://d11ak7fd9ypfb7.cloudfront.net/styles1100px/B304YER.jpg,,0.0,TRUE,InStock,0.74,,B304YERXL,,,,Size,DROP_DOWN,XL,Color,DROP_DOWN,Yellow,,,,,,,,,,,,,Fit,<p>R</p>,Length,<p>65</p>,Width,<p>40</p>,Height,<p>40</p>,Box Quantity,<p>24</p>,Inner Pack Quantity,<p>1</p>,Country Of Origin,<p>BD</p>,Standards,<ul><li>VN605 151689</li><li>EN ISO 20471 Class 3</li><li>ANSI/ISEA 107 TYPE R CLASS 3</li><li>AS 4602.1 Class D/N</li><li>RIS-3279-TOM  ISSUE 1 (ORANGE ONLY)</li></ul>,,,,
B304,Variant,,"This hooded sweatshirt is ideal for a range of conditions. Durable fabric, generous pockets and adjustable hood make it the perfect garment to accompany you through a tough working day.",https://d11ak7fd9ypfb7.cloudfront.net/styles1100px/B304YER.jpg,,0.0,TRUE,InStock,0.8,,B304YERXXL,,,,Size,DROP_DOWN,XXL,Color,DROP_DOWN,Yellow,,,,,,,,,,,,,Fit,<p>R</p>,Length,<p>65</p>,Width,<p>40</p>,Height,<p>40</p>,Box Quantity,<p>24</p>,Inner Pack Quantity,<p>1</p>,Country Of Origin,<p>BD</p>,Standards,<ul><li>VN605 151689</li><li>EN ISO 20471 Class 3</li><li>ANSI/ISEA 107 TYPE R CLASS 3</li><li>AS 4602.1 Class D/N</li><li>RIS-3279-TOM  ISSUE 1 (ORANGE ONLY)</li></ul>,,,,
B304,Variant,,"This hooded sweatshirt is ideal for a range of conditions. Durable fabric, generous pockets and adjustable hood make it the perfect garment to accompany you through a tough working day.",https://d11ak7fd9ypfb7.cloudfront.net/styles1100px/B304YER.jpg,,0.0,TRUE,InStock,0.82,,B304YERXXXL,,,,Size,DROP_DOWN,XXXL,Color,DROP_DOWN,Yellow,,,,,,,,,,,,,Fit,<p>R</p>,Length,<p>65</p>,Width,<p>40</p>,Height,<p>40</p>,Box Quantity,<p>24</p>,Inner Pack Quantity,<p>1</p>,Country Of Origin,<p>BD</p>,Standards,<ul><li>VN605 151689</li><li>EN ISO 20471 Class 3</li><li>ANSI/ISEA 107 TYPE R CLASS 3</li><li>AS 4602.1 Class D/N</li><li>RIS-3279-TOM  ISSUE 1 (ORANGE ONLY)</li></ul>,,,,
B307,Product,B307 - Iona Sweatshirt,"A valuable addition to the Iona range, this stylish sweater combines comfort and safety in the working environment. The Hi-Vis reflective tape ensures the wearer is more visible, while the fabric combining polyester and cotton provides comfort, warmth and durability.",https://d11ak7fd9ypfb7.cloudfront.net/styles1100px/B307BKR.jpg,40.8,0.0,TRUE,InStock,0.6,,B307BKR4XL,,,,Size,DROP_DOWN,M;L;XL;XXL;XXXL;4XL;5XL;6XL,Color,DROP_DOWN,Navy;Black,,,,,,,,,,,,,Fit,<p>R</p>,Length,<p>55</p>,Width,<p>41</p>,Height,<p>40</p>,Box Quantity,<p>24</p>,Inner Pack Quantity,<p>1</p>,Country Of Origin,<p>BD</p>,Standards,<p></p>,,,,
B307,Variant,,"A valuable addition to the Iona range, this stylish sweater combines comfort and safety in the working environment. The Hi-Vis reflective tape ensures the wearer is more visible, while the fabric combining polyester and cotton provides comfort, warmth and durability.",https://d11ak7fd9ypfb7.cloudfront.net/styles1100px/B307BKR.jpg,,0.0,TRUE,InStock,0.6,,B307BKR4XL,,,,Size,DROP_DOWN,4XL,Color,DROP_DOWN,Black,,,,,,,,,,,,,Fit,<p>R</p>,Length,<p>55</p>,Width,<p>41</p>,Height,<p>40</p>,Box Quantity,<p>24</p>,Inner Pack Quantity,<p>1</p>,Country Of Origin,<p>BD</p>,Standards,<p></p>,,,,
B307,Variant,,"A valuable addition to the Iona range, this stylish sweater combines comfort and safety in the working environment. The Hi-Vis reflective tape ensures the wearer is more visible, while the fabric combining polyester and cotton provides comfort, warmth and durability.",https://d11ak7fd9ypfb7.cloudfront.net/styles1100px/B307BKR.jpg,,0.0,TRUE,InStock,0.62,,B307BKR5XL,,,,Size,DROP_DOWN,5XL,Color,DROP_DOWN,Black,,,,,,,,,,,,,Fit,<p>R</p>,Length,<p>55</p>,Width,<p>41</p>,Height,<p>40</p>,Box Quantity,<p>24</p>,Inner Pack Quantity,<p>1</p>,Country Of Origin,<p>BD</p>,Standards,<p></p>,,,,
B307,Variant,,"A valuable addition to the Iona range, this stylish sweater combines comfort and safety in the working environment. The Hi-Vis reflective tape ensures the wearer is more visible, while the fabric combining polyester and cotton provides comfort, warmth and durability.",https://d11ak7fd9ypfb7.cloudfront.net/styles1100px/B307BKR.jpg,,0.0,TRUE,InStock,0.64,,B307BKR6XL,,,,Size,DROP_DOWN,6XL,Color,DROP_DOWN,Black,,,,,,,,,,,,,Fit,<p>R</p>,Length,<p>55</p>,Width,<p>41</p>,Height,<p>40</p>,Box Quantity,<p>24</p>,Inner Pack Quantity,<p>1</p>,Country Of Origin,<p>BD</p>,Standards,<p></p>,,,,
B307,Variant,,"A valuable addition to the Iona range, this stylish sweater combines comfort and safety in the working environment. The Hi-Vis reflective tape ensures the wearer is more visible, while the fabric combining polyester and cotton provides comfort, warmth and durability.",https://d11ak7fd9ypfb7.cloudfront.net/styles1100px/B307BKR.jpg,,0.0,TRUE,InStock,0.5,,B307BKRL,,,,Size,DROP_DOWN,L,Color,DROP_DOWN,Black,,,,,,,,,,,,,Fit,<p>R</p>,Length,<p>55</p>,Width,<p>41</p>,Height,<p>40</p>,Box Quantity,<p>24</p>,Inner Pack Quantity,<p>1</p>,Country Of Origin,<p>BD</p>,Standards,<p></p>,,,,
B307,Variant,,"A valuable addition to the Iona range, this stylish sweater combines comfort and safety in the working environment. The Hi-Vis reflective tape ensures the wearer is more visible, while the fabric combining polyester and cotton provides comfort, warmth and durability.",https://d11ak7fd9ypfb7.cloudfront.net/styles1100px/B307BKR.jpg,,0.0,TRUE,InStock,0.48,,B307BKRM,,,,Size,DROP_DOWN,M,Color,DROP_DOWN,Black,,,,,,,,,,,,,Fit,<p>R</p>,Length,<p>55</p>,Width,<p>41</p>,Height,<p>40</p>,Box Quantity,<p>24</p>,Inner Pack Quantity,<p>1</p>,Country Of Origin,<p>BD</p>,Standards,<p></p>,,,,
B307,Variant,,"A valuable addition to the Iona range, this stylish sweater combines comfort and safety in the working environment. The Hi-Vis reflective tape ensures the wearer is more visible, while the fabric combining polyester and cotton provides comfort, warmth and durability.",https://d11ak7fd9ypfb7.cloudfront.net/styles1100px/B307BKR.jpg,,0.0,TRUE,InStock,0.52,,B307BKRXL,,,,Size,DROP_DOWN,XL,Color,DROP_DOWN,Black,,,,,,,,,,,,,Fit,<p>R</p>,Length,<p>55</p>,Width,<p>41</p>,Height,<p>40</p>,Box Quantity,<p>24</p>,Inner Pack Quantity,<p>1</p>,Country Of Origin,<p>BD</p>,Standards,<p></p>,,,,
B307,Variant,,"A valuable addition to the Iona range, this stylish sweater combines comfort and safety in the working environment. The Hi-Vis reflective tape ensures the wearer is more visible, while the fabric combining polyester and cotton provides comfort, warmth and durability.",https://d11ak7fd9ypfb7.cloudfront.net/styles1100px/B307BKR.jpg,,0.0,TRUE,InStock,0.56,,B307BKRXXL,,,,Size,DROP_DOWN,XXL,Color,DROP_DOWN,Black,,,,,,,,,,,,,Fit,<p>R</p>,Length,<p>55</p>,Width,<p>41</p>,Height,<p>40</p>,Box Quantity,<p>24</p>,Inner Pack Quantity,<p>1</p>,Country Of Origin,<p>BD</p>,Standards,<p></p>,,,,
B307,Variant,,"A valuable addition to the Iona range, this stylish sweater combines comfort and safety in the working environment. The Hi-Vis reflective tape ensures the wearer is more visible, while the fabric combining polyester and cotton provides comfort, warmth and durability.",https://d11ak7fd9ypfb7.cloudfront.net/styles1100px/B307BKR.jpg,,0.0,TRUE,InStock,0.58,,B307BKRXXXL,,,,Size,DROP_DOWN,XXXL,Color,DROP_DOWN,Black,,,,,,,,,,,,,Fit,<p>R</p>,Length,<p>55</p>,Width,<p>41</p>,Height,<p>40</p>,Box Quantity,<p>24</p>,Inner Pack Quantity,<p>1</p>,Country Of Origin,<p>BD</p>,Standards,<p></p>,,,,
B307,Variant,,"A valuable addition to the Iona range, this stylish sweater combines comfort and safety in the working environment. The Hi-Vis reflective tape ensures the wearer is more visible, while the fabric combining polyester and cotton provides comfort, warmth and durability.",https://d11ak7fd9ypfb7.cloudfront.net/styles1100px/B307NAR.jpg,,0.0,TRUE,InStock,0.6,,B307NAR4XL,,,,Size,DROP_DOWN,4XL,Color,DROP_DOWN,Navy,,,,,,,,,,,,,Fit,<p>R</p>,Length,<p>55</p>,Width,<p>41</p>,Height,<p>40</p>,Box Quantity,<p>24</p>,Inner Pack Quantity,<p>1</p>,Country Of Origin,<p>BD</p>,Standards,<p></p>,,,,
B307,Variant,,"A valuable addition to the Iona range, this stylish sweater combines comfort and safety in the working environment. The Hi-Vis reflective tape ensures the wearer is more visible, while the fabric combining polyester and cotton provides comfort, warmth and durability.",https://d11ak7fd9ypfb7.cloudfront.net/styles1100px/B307NAR.jpg,,0.0,TRUE,InStock,0.62,,B307NAR5XL,,,,Size,DROP_DOWN,5XL,Color,DROP_DOWN,Navy,,,,,,,,,,,,,Fit,<p>R</p>,Length,<p>55</p>,Width,<p>41</p>,Height,<p>40</p>,Box Quantity,<p>24</p>,Inner Pack Quantity,<p>1</p>,Country Of Origin,<p>BD</p>,Standards,<p></p>,,,,
B307,Variant,,"A valuable addition to the Iona range, this stylish sweater combines comfort and safety in the working environment. The Hi-Vis reflective tape ensures the wearer is more visible, while the fabric combining polyester and cotton provides comfort, warmth and durability.",https://d11ak7fd9ypfb7.cloudfront.net/styles1100px/B307NAR.jpg,,0.0,TRUE,InStock,0.64,,B307NAR6XL,,,,Size,DROP_DOWN,6XL,Color,DROP_DOWN,Navy,,,,,,,,,,,,,Fit,<p>R</p>,Length,<p>55</p>,Width,<p>41</p>,Height,<p>40</p>,Box Quantity,<p>24</p>,Inner Pack Quantity,<p>1</p>,Country Of Origin,<p>BD</p>,Standards,<p></p>,,,,
B307,Variant,,"A valuable addition to the Iona range, this stylish sweater combines comfort and safety in the working environment. The Hi-Vis reflective tape ensures the wearer is more visible, while the fabric combining polyester and cotton provides comfort, warmth and durability.",https://d11ak7fd9ypfb7.cloudfront.net/styles1100px/B307NAR.jpg,,0.0,TRUE,InStock,0.5,,B307NARL,,,,Size,DROP_DOWN,L,Color,DROP_DOWN,Navy,,,,,,,,,,,,,Fit,<p>R</p>,Length,<p>55</p>,Width,<p>41</p>,Height,<p>40</p>,Box Quantity,<p>24</p>,Inner Pack Quantity,<p>1</p>,Country Of Origin,<p>BD</p>,Standards,<p></p>,,,,
B307,Variant,,"A valuable addition to the Iona range, this stylish sweater combines comfort and safety in the working environment. The Hi-Vis reflective tape ensures the wearer is more visible, while the fabric combining polyester and cotton provides comfort, warmth and durability.",https://d11ak7fd9ypfb7.cloudfront.net/styles1100px/B307NAR.jpg,,0.0,TRUE,InStock,0.48,,B307NARM,,,,Size,DROP_DOWN,M,Color,DROP_DOWN,Navy,,,,,,,,,,,,,Fit,<p>R</p>,Length,<p>55</p>,Width,<p>41</p>,Height,<p>40</p>,Box Quantity,<p>24</p>,Inner Pack Quantity,<p>1</p>,Country Of Origin,<p>BD</p>,Standards,<p></p>,,,,
B307,Variant,,"A valuable addition to the Iona range, this stylish sweater combines comfort and safety in the working environment. The Hi-Vis reflective tape ensures the wearer is more visible, while the fabric combining polyester and cotton provides comfort, warmth and durability.",https://d11ak7fd9ypfb7.cloudfront.net/styles1100px/B307NAR.jpg,,0.0,TRUE,InStock,0.52,,B307NARXL,,,,Size,DROP_DOWN,XL,Color,DROP_DOWN,Navy,,,,,,,,,,,,,Fit,<p>R</p>,Length,<p>55</p>,Width,<p>41</p>,Height,<p>40</p>,Box Quantity,<p>24</p>,Inner Pack Quantity,<p>1</p>,Country Of Origin,<p>BD</p>,Standards,<p></p>,,,,
B307,Variant,,"A valuable addition to the Iona range, this stylish sweater combines comfort and safety in the working environment. The Hi-Vis reflective tape ensures the wearer is more visible, while the fabric combining polyester and cotton provides comfort, warmth and durability.",https://d11ak7fd9ypfb7.cloudfront.net/styles1100px/B307NAR.jpg,,0.0,TRUE,InStock,0.56,,B307NARXXL,,,,Size,DROP_DOWN,XXL,Color,DROP_DOWN,Navy,,,,,,,,,,,,,Fit,<p>R</p>,Length,<p>55</p>,Width,<p>41</p>,Height,<p>40</p>,Box Quantity,<p>24</p>,Inner Pack Quantity,<p>1</p>,Country Of Origin,<p>BD</p>,Standards,<p></p>,,,,
B307,Variant,,"A valuable addition to the Iona range, this stylish sweater combines comfort and safety in the working environment. The Hi-Vis reflective tape ensures the wearer is more visible, while the fabric combining polyester and cotton provides comfort, warmth and durability.",https://d11ak7fd9ypfb7.cloudfront.net/styles1100px/B307NAR.jpg,,0.0,TRUE,InStock,0.58,,B307NARXXXL,,,,Size,DROP_DOWN,XXXL,Color,DROP_DOWN,Navy,,,,,,,,,,,,,Fit,<p>R</p>,Length,<p>55</p>,Width,<p>41</p>,Height,<p>40</p>,Box Quantity,<p>24</p>,Inner Pack Quantity,<p>1</p>,Country Of Origin,<p>BD</p>,Standards,<p></p>,,,,
B308,Product,B308 - Xenon Rugby Shirt,"Engineered for durability and style, this rugby shirt is a classic in our high visibility leisure range. Contrast elbow panels constructed from 600D 100% polyester provide extra durability and support. This garment is suited to all types of working environments.",https://d11ak7fd9ypfb7.cloudfront.net/styles1100px/B308YER.jpg,45.3,0.0,TRUE,InStock,0.82,,B308YER4XL,,,,Size,DROP_DOWN,S;M;L;XL;XXL;XXXL;4XL;5XL;6XL,Color,DROP_DOWN,Yellow,,,,,,,,,,,,,Fit,<p>R</p>,Length,<p>55</p>,Width,<p>41</p>,Height,<p>45</p>,Box Quantity,<p>24</p>,Inner Pack Quantity,<p>1</p>,Country Of Origin,<p>BD</p>,Standards,<ul><li>VN605 151689</li><li>EN ISO 20471 Class 3</li><li>RIS-3279-TOM  ISSUE 1 (ORANGE ONLY)</li><li>ANSI/ISEA 107 TYPE R CLASS 3</li></ul>,,,,
B308,Variant,,"Engineered for durability and style, this rugby shirt is a classic in our high visibility leisure range. Contrast elbow panels constructed from 600D 100% polyester provide extra durability and support. This garment is suited to all types of working environments.",https://d11ak7fd9ypfb7.cloudfront.net/styles1100px/B308YER.jpg,,0.0,TRUE,InStock,0.82,,B308YER4XL,,,,Size,DROP_DOWN,4XL,Color,DROP_DOWN,Yellow,,,,,,,,,,,,,Fit,<p>R</p>,Length,<p>55</p>,Width,<p>41</p>,Height,<p>45</p>,Box Quantity,<p>24</p>,Inner Pack Quantity,<p>1</p>,Country Of Origin,<p>BD</p>,Standards,<ul><li>VN605 151689</li><li>EN ISO 20471 Class 3</li><li>RIS-3279-TOM  ISSUE 1 (ORANGE ONLY)</li><li>ANSI/ISEA 107 TYPE R CLASS 3</li></ul>,,,,
B308,Variant,,"Engineered for durability and style, this rugby shirt is a classic in our high visibility leisure range. Contrast elbow panels constructed from 600D 100% polyester provide extra durability and support. This garment is suited to all types of working environments.",https://d11ak7fd9ypfb7.cloudfront.net/styles1100px/B308YER.jpg,,0.0,TRUE,InStock,0.84,,B308YER5XL,,,,Size,DROP_DOWN,5XL,Color,DROP_DOWN,Yellow,,,,,,,,,,,,,Fit,<p>R</p>,Length,<p>55</p>,Width,<p>41</p>,Height,<p>45</p>,Box Quantity,<p>24</p>,Inner Pack Quantity,<p>1</p>,Country Of Origin,<p>BD</p>,Standards,<ul><li>VN605 151689</li><li>EN ISO 20471 Class 3</li><li>RIS-3279-TOM  ISSUE 1 (ORANGE ONLY)</li><li>ANSI/ISEA 107 TYPE R CLASS 3</li></ul>,,,,
B308,Variant,,"Engineered for durability and style, this rugby shirt is a classic in our high visibility leisure range. Contrast elbow panels constructed from 600D 100% polyester provide extra durability and support. This garment is suited to all types of working environments.",https://d11ak7fd9ypfb7.cloudfront.net/styles1100px/B308YER.jpg,,0.0,TRUE,InStock,0.86,,B308YER6XL,,,,Size,DROP_DOWN,6XL,Color,DROP_DOWN,Yellow,,,,,,,,,,,,,Fit,<p>R</p>,Length,<p>55</p>,Width,<p>41</p>,Height,<p>45</p>,Box Quantity,<p>24</p>,Inner Pack Quantity,<p>1</p>,Country Of Origin,<p>BD</p>,Standards,<ul><li>VN605 151689</li><li>EN ISO 20471 Class 3</li><li>RIS-3279-TOM  ISSUE 1 (ORANGE ONLY)</li><li>ANSI/ISEA 107 TYPE R CLASS 3</li></ul>,,,,
B308,Variant,,"Engineered for durability and style, this rugby shirt is a classic in our high visibility leisure range. Contrast elbow panels constructed from 600D 100% polyester provide extra durability and support. This garment is suited to all types of working environments.",https://d11ak7fd9ypfb7.cloudfront.net/styles1100px/B308YER.jpg,,0.0,TRUE,InStock,0.68,,B308YERL,,,,Size,DROP_DOWN,L,Color,DROP_DOWN,Yellow,,,,,,,,,,,,,Fit,<p>R</p>,Length,<p>55</p>,Width,<p>41</p>,Height,<p>45</p>,Box Quantity,<p>24</p>,Inner Pack Quantity,<p>1</p>,Country Of Origin,<p>BD</p>,Standards,<ul><li>VN605 151689</li><li>EN ISO 20471 Class 3</li><li>RIS-3279-TOM  ISSUE 1 (ORANGE ONLY)</li><li>ANSI/ISEA 107 TYPE R CLASS 3</li></ul>,,,,
B308,Variant,,"Engineered for durability and style, this rugby shirt is a classic in our high visibility leisure range. Contrast elbow panels constructed from 600D 100% polyester provide extra durability and support. This garment is suited to all types of working environments.",https://d11ak7fd9ypfb7.cloudfront.net/styles1100px/B308YER.jpg,,0.0,TRUE,InStock,0.66,,B308YERM,,,,Size,DROP_DOWN,M,Color,DROP_DOWN,Yellow,,,,,,,,,,,,,Fit,<p>R</p>,Length,<p>55</p>,Width,<p>41</p>,Height,<p>45</p>,Box Quantity,<p>24</p>,Inner Pack Quantity,<p>1</p>,Country Of Origin,<p>BD</p>,Standards,<ul><li>VN605 151689</li><li>EN ISO 20471 Class 3</li><li>RIS-3279-TOM  ISSUE 1 (ORANGE ONLY)</li><li>ANSI/ISEA 107 TYPE R CLASS 3</li></ul>,,,,
B308,Variant,,"Engineered for durability and style, this rugby shirt is a classic in our high visibility leisure range. Contrast elbow panels constructed from 600D 100% polyester provide extra durability and support. This garment is suited to all types of working environments.",https://d11ak7fd9ypfb7.cloudfront.net/styles1100px/B308YER.jpg,,0.0,TRUE,InStock,0.62,,B308YERS,,,,Size,DROP_DOWN,S,Color,DROP_DOWN,Yellow,,,,,,,,,,,,,Fit,<p>R</p>,Length,<p>55</p>,Width,<p>41</p>,Height,<p>45</p>,Box Quantity,<p>24</p>,Inner Pack Quantity,<p>1</p>,Country Of Origin,<p>BD</p>,Standards,<ul><li>VN605 151689</li><li>EN ISO 20471 Class 3</li><li>RIS-3279-TOM  ISSUE 1 (ORANGE ONLY)</li><li>ANSI/ISEA 107 TYPE R CLASS 3</li></ul>,,,,
B308,Variant,,"Engineered for durability and style, this rugby shirt is a classic in our high visibility leisure range. Contrast elbow panels constructed from 600D 100% polyester provide extra durability and support. This garment is suited to all types of working environments.",https://d11ak7fd9ypfb7.cloudfront.net/styles1100px/B308YER.jpg,,0.0,TRUE,InStock,0.7,,B308YERXL,,,,Size,DROP_DOWN,XL,Color,DROP_DOWN,Yellow,,,,,,,,,,,,,Fit,<p>R</p>,Length,<p>55</p>,Width,<p>41</p>,Height,<p>45</p>,Box Quantity,<p>24</p>,Inner Pack Quantity,<p>1</p>,Country Of Origin,<p>BD</p>,Standards,<ul><li>VN605 151689</li><li>EN ISO 20471 Class 3</li><li>RIS-3279-TOM  ISSUE 1 (ORANGE ONLY)</li><li>ANSI/ISEA 107 TYPE R CLASS 3</li></ul>,,,,
B308,Variant,,"Engineered for durability and style, this rugby shirt is a classic in our high visibility leisure range. Contrast elbow panels constructed from 600D 100% polyester provide extra durability and support. This garment is suited to all types of working environments.",https://d11ak7fd9ypfb7.cloudfront.net/styles1100px/B308YER.jpg,,0.0,TRUE,InStock,0.74,,B308YERXXL,,,,Size,DROP_DOWN,XXL,Color,DROP_DOWN,Yellow,,,,,,,,,,,,,Fit,<p>R</p>,Length,<p>55</p>,Width,<p>41</p>,Height,<p>45</p>,Box Quantity,<p>24</p>,Inner Pack Quantity,<p>1</p>,Country Of Origin,<p>BD</p>,Standards,<ul><li>VN605 151689</li><li>EN ISO 20471 Class 3</li><li>RIS-3279-TOM  ISSUE 1 (ORANGE ONLY)</li><li>ANSI/ISEA 107 TYPE R CLASS 3</li></ul>,,,,
B308,Variant,,"Engineered for durability and style, this rugby shirt is a classic in our high visibility leisure range. Contrast elbow panels constructed from 600D 100% polyester provide extra durability and support. This garment is suited to all types of working environments.",https://d11ak7fd9ypfb7.cloudfront.net/styles1100px/B308YER.jpg,,0.0,TRUE,InStock,0.78,,B308YERXXXL,,,,Size,DROP_DOWN,XXXL,Color,DROP_DOWN,Yellow,,,,,,,,,,,,,Fit,<p>R</p>,Length,<p>55</p>,Width,<p>41</p>,Height,<p>45</p>,Box Quantity,<p>24</p>,Inner Pack Quantity,<p>1</p>,Country Of Origin,<p>BD</p>,Standards,<ul><li>VN605 151689</li><li>EN ISO 20471 Class 3</li><li>RIS-3279-TOM  ISSUE 1 (ORANGE ONLY)</li><li>ANSI/ISEA 107 TYPE R CLASS 3</li></ul>,,,,
B900,Product,B900 - Holdall Bag,"Ideal for carrying tools and equipment, or as a travel bag Adjustable shoulder strap for added comfort 2 zipper compartments ID card holder for ID card display Robust base panel",https://d11ak7fd9ypfb7.cloudfront.net/styles1100px/B900BKR.jpg,40.7,0.0,TRUE,InStock,1.1,Accessories;Luggage,B900BKR,,,,Size,DROP_DOWN,,Color,DROP_DOWN,Black,,,,,,,,,,,,,Fit,<p>R</p>,Length,<p>69</p>,Width,<p>41</p>,Height,<p>28</p>,Box Quantity,<p>12</p>,Inner Pack Quantity,<p>1</p>,Country Of Origin,<p>CN</p>,Standards,<p></p>,,,,
B905,Product,B905 - Hi-Vis Rucksack,Hardwearing 600D fabric Padded straps and back panel for comfort Multiple storage pockets Cell phone pocket Fabric and reflective tape meet the requirements of ANSI/ISEA 107-2015 and EN ISO 20471,https://d11ak7fd9ypfb7.cloudfront.net/styles1100px/B905YER.jpg,62.5,0.0,TRUE,InStock,0.78,Accessories;Luggage,B905YER,,,,Size,DROP_DOWN,,Color,DROP_DOWN,Yellow,,,,,,,,,,,,,Fit,<p>R</p>,Length,<p>65</p>,Width,<p>45</p>,Height,<p>47</p>,Box Quantity,<p>24</p>,Inner Pack Quantity,<p>1</p>,Country Of Origin,<p>CN</p>,Standards,<p></p>,,,,
B910,Product,B910 - Waterproof Hold All 70L	,Waterproof PVC hold all bag Designed to meet the most enduring work and weather conditions Keep your essential tools and accessories safe and dry An inner separate mesh compartment provides additional storage and quick access to essential items,https://d11ak7fd9ypfb7.cloudfront.net/styles1100px/B910BKR.jpg,55.4,0.0,TRUE,InStock,1.16,,B910BKR,,,,Size,DROP_DOWN,,Color,DROP_DOWN,Black,,,,,,,,,,,,,Fit,<p>R</p>,Length,<p>65</p>,Width,<p>30</p>,Height,<p>42</p>,Box Quantity,<p>18</p>,Inner Pack Quantity,<p>1</p>,Country Of Origin,<p>CN</p>,Standards,<p></p>,,,,
B955,Product,B955 - PW3 Hi-Viz Rucksack ,"The ultimate pack for a day on site, featuring a 15"" laptop sleeve, comfortable shoulder straps and a feature-rich layout. A large main compartment holds personal items while a front elastic bungee system provides external storage. Two mesh water bottle pockets double as multi-use pockets. The front compartment has multiple pockets for all your storage needs.",https://d11ak7fd9ypfb7.cloudfront.net/styles1100px/B955YER.jpg,0.0,0.0,TRUE,InStock,0.6,,B955YER,,,,Size,DROP_DOWN,,Color,DROP_DOWN,Yellow,,,,,,,,,,,,,Fit,<p>R</p>,Length,<p>65</p>,Width,<p>39</p>,Height,<p>51</p>,Box Quantity,<p>15</p>,Inner Pack Quantity,<p>1</p>,Country Of Origin,<p>CN</p>,Standards,<p></p>,,,,
BZ31,Product,BZ31 - Bizweld FR Cargo Pants,The Bizweld FR Cargo Pants offer protection against the thermal hazard of electric arc and guarantees flame resistance for the life of the garment. These modern pants have an elastic waist band for comfort and ease of movement. A range of ample pockets allow for convenient storage.,https://d11ak7fd9ypfb7.cloudfront.net/styles1100px/BZ31GRR.jpg,65.0,0.0,TRUE,InStock,0.9,,BZ31GRR4XL,,,,Size,DROP_DOWN,S;M;L;XL;XXL;XXXL;4XL;5XL;6XL,Color,DROP_DOWN,Khaki;Grey;Grey Tall;Navy Tall;Navy,,,,,,,,,,,,,Fit,<p>R</p>,Length,<p>43</p>,Width,<p>28</p>,Height,<p>52</p>,Box Quantity,<p>24</p>,Inner Pack Quantity,<p>1</p>,Country Of Origin,<p>BD</p>,Standards,<ul><li>NFPA® 2112</li><li>NFPA® 70E</li><li>ASTM F1506-10a</li><li>EN ISO 11611 Class 1  A1+A2</li><li>ASTM F1959/F1959M-12   ATPV 11.2 CAL/CM<sup>2</sup> (HAF = 80.4%)</li><li>EN ISO 11612   A1+A2 B1 C1 E2 F1</li></ul>,,,,
BZ31,Variant,,The Bizweld FR Cargo Pants offer protection against the thermal hazard of electric arc and guarantees flame resistance for the life of the garment. These modern pants have an elastic waist band for comfort and ease of movement. A range of ample pockets allow for convenient storage.,https://d11ak7fd9ypfb7.cloudfront.net/styles1100px/BZ31GRR.jpg,,0.0,TRUE,InStock,0.9,,BZ31GRR4XL,,,,Size,DROP_DOWN,4XL,Color,DROP_DOWN,Grey,,,,,,,,,,,,,Fit,<p>R</p>,Length,<p>43</p>,Width,<p>28</p>,Height,<p>52</p>,Box Quantity,<p>24</p>,Inner Pack Quantity,<p>1</p>,Country Of Origin,<p>BD</p>,Standards,<ul><li>NFPA® 2112</li><li>NFPA® 70E</li><li>ASTM F1506-10a</li><li>EN ISO 11611 Class 1  A1+A2</li><li>ASTM F1959/F1959M-12   ATPV 11.2 CAL/CM<sup>2</sup> (HAF = 80.4%)</li><li>EN ISO 11612   A1+A2 B1 C1 E2 F1</li></ul>,,,,
BZ31,Variant,,The Bizweld FR Cargo Pants offer protection against the thermal hazard of electric arc and guarantees flame resistance for the life of the garment. These modern pants have an elastic waist band for comfort and ease of movement. A range of ample pockets allow for convenient storage.,https://d11ak7fd9ypfb7.cloudfront.net/styles1100px/BZ31GRR.jpg,,0.0,TRUE,InStock,0.94,,BZ31GRR5XL,,,,Size,DROP_DOWN,5XL,Color,DROP_DOWN,Grey,,,,,,,,,,,,,Fit,<p>R</p>,Length,<p>43</p>,Width,<p>28</p>,Height,<p>52</p>,Box Quantity,<p>24</p>,Inner Pack Quantity,<p>1</p>,Country Of Origin,<p>BD</p>,Standards,<ul><li>NFPA® 2112</li><li>NFPA® 70E</li><li>ASTM F1506-10a</li><li>EN ISO 11611 Class 1  A1+A2</li><li>ASTM F1959/F1959M-12   ATPV 11.2 CAL/CM<sup>2</sup> (HAF = 80.4%)</li><li>EN ISO 11612   A1+A2 B1 C1 E2 F1</li></ul>,,,,
BZ31,Variant,,The Bizweld FR Cargo Pants offer protection against the thermal hazard of electric arc and guarantees flame resistance for the life of the garment. These modern pants have an elastic waist band for comfort and ease of movement. A range of ample pockets allow for convenient storage.,https://d11ak7fd9ypfb7.cloudfront.net/styles1100px/BZ31GRR.jpg,,0.0,TRUE,InStock,0.98,,BZ31GRR6XL,,,,Size,DROP_DOWN,6XL,Color,DROP_DOWN,Grey,,,,,,,,,,,,,Fit,<p>R</p>,Length,<p>43</p>,Width,<p>28</p>,Height,<p>52</p>,Box Quantity,<p>24</p>,Inner Pack Quantity,<p>1</p>,Country Of Origin,<p>BD</p>,Standards,<ul><li>NFPA® 2112</li><li>NFPA® 70E</li><li>ASTM F1506-10a</li><li>EN ISO 11611 Class 1  A1+A2</li><li>ASTM F1959/F1959M-12   ATPV 11.2 CAL/CM<sup>2</sup> (HAF = 80.4%)</li><li>EN ISO 11612   A1+A2 B1 C1 E2 F1</li></ul>,,,,
BZ31,Variant,,The Bizweld FR Cargo Pants offer protection against the thermal hazard of electric arc and guarantees flame resistance for the life of the garment. These modern pants have an elastic waist band for comfort and ease of movement. A range of ample pockets allow for convenient storage.,https://d11ak7fd9ypfb7.cloudfront.net/styles1100px/BZ31GRR.jpg,,0.0,TRUE,InStock,0.8,,BZ31GRRL,,,,Size,DROP_DOWN,L,Color,DROP_DOWN,Grey,,,,,,,,,,,,,Fit,<p>R</p>,Length,<p>43</p>,Width,<p>28</p>,Height,<p>48</p>,Box Quantity,<p>24</p>,Inner Pack Quantity,<p>1</p>,Country Of Origin,<p>BD</p>,Standards,<ul><li>NFPA® 2112</li><li>NFPA® 70E</li><li>ASTM F1506-10a</li><li>EN ISO 11611 Class 1  A1+A2</li><li>ASTM F1959/F1959M-12   ATPV 11.2 CAL/CM<sup>2</sup> (HAF = 80.4%)</li><li>EN ISO 11612   A1+A2 B1 C1 E2 F1</li></ul>,,,,
BZ31,Variant,,The Bizweld FR Cargo Pants offer protection against the thermal hazard of electric arc and guarantees flame resistance for the life of the garment. These modern pants have an elastic waist band for comfort and ease of movement. A range of ample pockets allow for convenient storage.,https://d11ak7fd9ypfb7.cloudfront.net/styles1100px/BZ31GRR.jpg,,0.0,TRUE,InStock,0.76,,BZ31GRRM,,,,Size,DROP_DOWN,M,Color,DROP_DOWN,Grey,,,,,,,,,,,,,Fit,<p>R</p>,Length,<p>43</p>,Width,<p>28</p>,Height,<p>48</p>,Box Quantity,<p>24</p>,Inner Pack Quantity,<p>1</p>,Country Of Origin,<p>BD</p>,Standards,<ul><li>NFPA® 2112</li><li>NFPA® 70E</li><li>ASTM F1506-10a</li><li>EN ISO 11611 Class 1  A1+A2</li><li>ASTM F1959/F1959M-12   ATPV 11.2 CAL/CM<sup>2</sup> (HAF = 80.4%)</li><li>EN ISO 11612   A1+A2 B1 C1 E2 F1</li></ul>,,,,
BZ31,Variant,,The Bizweld FR Cargo Pants offer protection against the thermal hazard of electric arc and guarantees flame resistance for the life of the garment. These modern pants have an elastic waist band for comfort and ease of movement. A range of ample pockets allow for convenient storage.,https://d11ak7fd9ypfb7.cloudfront.net/styles1100px/BZ31GRR.jpg,,0.0,TRUE,InStock,0.74,,BZ31GRRS,,,,Size,DROP_DOWN,S,Color,DROP_DOWN,Grey,,,,,,,,,,,,,Fit,<p>R</p>,Length,<p>43</p>,Width,<p>28</p>,Height,<p>48</p>,Box Quantity,<p>24</p>,Inner Pack Quantity,<p>1</p>,Country Of Origin,<p>BD</p>,Standards,<ul><li>NFPA® 2112</li><li>NFPA® 70E</li><li>ASTM F1506-10a</li><li>EN ISO 11611 Class 1  A1+A2</li><li>ASTM F1959/F1959M-12   ATPV 11.2 CAL/CM<sup>2</sup> (HAF = 80.4%)</li><li>EN ISO 11612   A1+A2 B1 C1 E2 F1</li></ul>,,,,
BZ31,Variant,,The Bizweld FR Cargo Pants offer protection against the thermal hazard of electric arc and guarantees flame resistance for the life of the garment. These modern pants have an elastic waist band for comfort and ease of movement. A range of ample pockets allow for convenient storage.,https://d11ak7fd9ypfb7.cloudfront.net/styles1100px/BZ31GRR.jpg,,0.0,TRUE,InStock,0.82,,BZ31GRRXL,,,,Size,DROP_DOWN,XL,Color,DROP_DOWN,Grey,,,,,,,,,,,,,Fit,<p>R</p>,Length,<p>43</p>,Width,<p>28</p>,Height,<p>48</p>,Box Quantity,<p>24</p>,Inner Pack Quantity,<p>1</p>,Country Of Origin,<p>BD</p>,Standards,<ul><li>NFPA® 2112</li><li>NFPA® 70E</li><li>ASTM F1506-10a</li><li>EN ISO 11611 Class 1  A1+A2</li><li>ASTM F1959/F1959M-12   ATPV 11.2 CAL/CM<sup>2</sup> (HAF = 80.4%)</li><li>EN ISO 11612   A1+A2 B1 C1 E2 F1</li></ul>,,,,
BZ31,Variant,,The Bizweld FR Cargo Pants offer protection against the thermal hazard of electric arc and guarantees flame resistance for the life of the garment. These modern pants have an elastic waist band for comfort and ease of movement. A range of ample pockets allow for convenient storage.,https://d11ak7fd9ypfb7.cloudfront.net/styles1100px/BZ31GRR.jpg,,0.0,TRUE,InStock,0.84,,BZ31GRRXXL,,,,Size,DROP_DOWN,XXL,Color,DROP_DOWN,Grey,,,,,,,,,,,,,Fit,<p>R</p>,Length,<p>43</p>,Width,<p>28</p>,Height,<p>48</p>,Box Quantity,<p>24</p>,Inner Pack Quantity,<p>1</p>,Country Of Origin,<p>BD</p>,Standards,<ul><li>NFPA® 2112</li><li>NFPA® 70E</li><li>ASTM F1506-10a</li><li>EN ISO 11611 Class 1  A1+A2</li><li>ASTM F1959/F1959M-12   ATPV 11.2 CAL/CM<sup>2</sup> (HAF = 80.4%)</li><li>EN ISO 11612   A1+A2 B1 C1 E2 F1</li></ul>,,,,
BZ31,Variant,,The Bizweld FR Cargo Pants offer protection against the thermal hazard of electric arc and guarantees flame resistance for the life of the garment. These modern pants have an elastic waist band for comfort and ease of movement. A range of ample pockets allow for convenient storage.,https://d11ak7fd9ypfb7.cloudfront.net/styles1100px/BZ31GRR.jpg,,0.0,TRUE,InStock,0.9,,BZ31GRRXXXL,,,,Size,DROP_DOWN,XXXL,Color,DROP_DOWN,Grey,,,,,,,,,,,,,Fit,<p>R</p>,Length,<p>43</p>,Width,<p>28</p>,Height,<p>52</p>,Box Quantity,<p>24</p>,Inner Pack Quantity,<p>1</p>,Country Of Origin,<p>BD</p>,Standards,<ul><li>NFPA® 2112</li><li>NFPA® 70E</li><li>ASTM F1506-10a</li><li>EN ISO 11611 Class 1  A1+A2</li><li>ASTM F1959/F1959M-12   ATPV 11.2 CAL/CM<sup>2</sup> (HAF = 80.4%)</li><li>EN ISO 11612   A1+A2 B1 C1 E2 F1</li></ul>,,,,
BZ31,Variant,,The Bizweld FR Cargo Pants offer protection against the thermal hazard of electric arc and guarantees flame resistance for the life of the garment. These modern pants have an elastic waist band for comfort and ease of movement. A range of ample pockets allow for convenient storage.,https://d11ak7fd9ypfb7.cloudfront.net/styles1100px/BZ31GRT.jpg,,0.0,TRUE,InStock,0.999,,BZ31GRT4XL,,,,Size,DROP_DOWN,4XL,Color,DROP_DOWN,Grey Tall,,,,,,,,,,,,,Fit,<p>T</p>,Length,<p>43</p>,Width,<p>28</p>,Height,<p>52</p>,Box Quantity,<p>24</p>,Inner Pack Quantity,<p>1</p>,Country Of Origin,<p>BD</p>,Standards,<ul><li>NFPA® 2112</li><li>NFPA® 70E</li><li>ASTM F1506-10a</li><li>EN ISO 11611 Class 1  A1+A2</li><li>ASTM F1959/F1959M-12   ATPV 11.2 CAL/CM<sup>2</sup> (HAF = 80.4%)</li><li>EN ISO 11612   A1+A2 B1 C1 E2 F1</li></ul>,,,,
BZ31,Variant,,The Bizweld FR Cargo Pants offer protection against the thermal hazard of electric arc and guarantees flame resistance for the life of the garment. These modern pants have an elastic waist band for comfort and ease of movement. A range of ample pockets allow for convenient storage.,https://d11ak7fd9ypfb7.cloudfront.net/styles1100px/BZ31GRT.jpg,,0.0,TRUE,InStock,0.999,,BZ31GRTL,,,,Size,DROP_DOWN,L,Color,DROP_DOWN,Grey Tall,,,,,,,,,,,,,Fit,<p>T</p>,Length,<p>43</p>,Width,<p>28</p>,Height,<p>48</p>,Box Quantity,<p>24</p>,Inner Pack Quantity,<p>1</p>,Country Of Origin,<p>BD</p>,Standards,<ul><li>NFPA® 2112</li><li>NFPA® 70E</li><li>ASTM F1506-10a</li><li>EN ISO 11611 Class 1  A1+A2</li><li>ASTM F1959/F1959M-12   ATPV 11.2 CAL/CM<sup>2</sup> (HAF = 80.4%)</li><li>EN ISO 11612   A1+A2 B1 C1 E2 F1</li></ul>,,,,
BZ31,Variant,,The Bizweld FR Cargo Pants offer protection against the thermal hazard of electric arc and guarantees flame resistance for the life of the garment. These modern pants have an elastic waist band for comfort and ease of movement. A range of ample pockets allow for convenient storage.,https://d11ak7fd9ypfb7.cloudfront.net/styles1100px/BZ31GRT.jpg,,0.0,TRUE,InStock,0.999,,BZ31GRTM,,,,Size,DROP_DOWN,M,Color,DROP_DOWN,Grey Tall,,,,,,,,,,,,,Fit,<p>T</p>,Length,<p>43</p>,Width,<p>28</p>,Height,<p>48</p>,Box Quantity,<p>24</p>,Inner Pack Quantity,<p>1</p>,Country Of Origin,<p>BD</p>,Standards,<ul><li>NFPA® 2112</li><li>NFPA® 70E</li><li>ASTM F1506-10a</li><li>EN ISO 11611 Class 1  A1+A2</li><li>ASTM F1959/F1959M-12   ATPV 11.2 CAL/CM<sup>2</sup> (HAF = 80.4%)</li><li>EN ISO 11612   A1+A2 B1 C1 E2 F1</li></ul>,,,,
BZ31,Variant,,The Bizweld FR Cargo Pants offer protection against the thermal hazard of electric arc and guarantees flame resistance for the life of the garment. These modern pants have an elastic waist band for comfort and ease of movement. A range of ample pockets allow for convenient storage.,https://d11ak7fd9ypfb7.cloudfront.net/styles1100px/BZ31GRT.jpg,,0.0,TRUE,InStock,0.999,,BZ31GRTXL,,,,Size,DROP_DOWN,XL,Color,DROP_DOWN,Grey Tall,,,,,,,,,,,,,Fit,<p>T</p>,Length,<p>43</p>,Width,<p>28</p>,Height,<p>48</p>,Box Quantity,<p>24</p>,Inner Pack Quantity,<p>1</p>,Country Of Origin,<p>BD</p>,Standards,<ul><li>NFPA® 2112</li><li>NFPA® 70E</li><li>ASTM F1506-10a</li><li>EN ISO 11611 Class 1  A1+A2</li><li>ASTM F1959/F1959M-12   ATPV 11.2 CAL/CM<sup>2</sup> (HAF = 80.4%)</li><li>EN ISO 11612   A1+A2 B1 C1 E2 F1</li></ul>,,,,
BZ31,Variant,,The Bizweld FR Cargo Pants offer protection against the thermal hazard of electric arc and guarantees flame resistance for the life of the garment. These modern pants have an elastic waist band for comfort and ease of movement. A range of ample pockets allow for convenient storage.,https://d11ak7fd9ypfb7.cloudfront.net/styles1100px/BZ31GRT.jpg,,0.0,TRUE,InStock,0.999,,BZ31GRTXXL,,,,Size,DROP_DOWN,XXL,Color,DROP_DOWN,Grey Tall,,,,,,,,,,,,,Fit,<p>T</p>,Length,<p>43</p>,Width,<p>28</p>,Height,<p>48</p>,Box Quantity,<p>24</p>,Inner Pack Quantity,<p>1</p>,Country Of Origin,<p>BD</p>,Standards,<ul><li>NFPA® 2112</li><li>NFPA® 70E</li><li>ASTM F1506-10a</li><li>EN ISO 11611 Class 1  A1+A2</li><li>ASTM F1959/F1959M-12   ATPV 11.2 CAL/CM<sup>2</sup> (HAF = 80.4%)</li><li>EN ISO 11612   A1+A2 B1 C1 E2 F1</li></ul>,,,,
BZ31,Variant,,The Bizweld FR Cargo Pants offer protection against the thermal hazard of electric arc and guarantees flame resistance for the life of the garment. These modern pants have an elastic waist band for comfort and ease of movement. A range of ample pockets allow for convenient storage.,https://d11ak7fd9ypfb7.cloudfront.net/styles1100px/BZ31GRT.jpg,,0.0,TRUE,InStock,0.999,,BZ31GRTXXXL,,,,Size,DROP_DOWN,XXXL,Color,DROP_DOWN,Grey Tall,,,,,,,,,,,,,Fit,<p>T</p>,Length,<p>43</p>,Width,<p>28</p>,Height,<p>52</p>,Box Quantity,<p>24</p>,Inner Pack Quantity,<p>1</p>,Country Of Origin,<p>BD</p>,Standards,<ul><li>NFPA® 2112</li><li>NFPA® 70E</li><li>ASTM F1506-10a</li><li>EN ISO 11611 Class 1  A1+A2</li><li>ASTM F1959/F1959M-12   ATPV 11.2 CAL/CM<sup>2</sup> (HAF = 80.4%)</li><li>EN ISO 11612   A1+A2 B1 C1 E2 F1</li></ul>,,,,
BZ31,Variant,,The Bizweld FR Cargo Pants offer protection against the thermal hazard of electric arc and guarantees flame resistance for the life of the garment. These modern pants have an elastic waist band for comfort and ease of movement. A range of ample pockets allow for convenient storage.,https://d11ak7fd9ypfb7.cloudfront.net/styles1100px/BZ31KHR.jpg,,0.0,TRUE,InStock,0.9,,BZ31KHR4XL,,,,Size,DROP_DOWN,4XL,Color,DROP_DOWN,Khaki,,,,,,,,,,,,,Fit,<p>R</p>,Length,<p>43</p>,Width,<p>28</p>,Height,<p>52</p>,Box Quantity,<p>24</p>,Inner Pack Quantity,<p>1</p>,Country Of Origin,<p>BD</p>,Standards,<ul><li>NFPA® 2112</li><li>NFPA® 70E</li><li>ASTM F1506-10a</li><li>EN ISO 11611 Class 1  A1+A2</li><li>ASTM F1959/F1959M-12   ATPV 11.2 CAL/CM<sup>2</sup> (HAF = 80.4%)</li><li>EN ISO 11612   A1+A2 B1 C1 E2 F1</li></ul>,,,,
BZ31,Variant,,The Bizweld FR Cargo Pants offer protection against the thermal hazard of electric arc and guarantees flame resistance for the life of the garment. These modern pants have an elastic waist band for comfort and ease of movement. A range of ample pockets allow for convenient storage.,https://d11ak7fd9ypfb7.cloudfront.net/styles1100px/BZ31KHR.jpg,,0.0,TRUE,InStock,0.94,,BZ31KHR5XL,,,,Size,DROP_DOWN,5XL,Color,DROP_DOWN,Khaki,,,,,,,,,,,,,Fit,<p>R</p>,Length,<p>43</p>,Width,<p>28</p>,Height,<p>52</p>,Box Quantity,<p>24</p>,Inner Pack Quantity,<p>1</p>,Country Of Origin,<p>BD</p>,Standards,<ul><li>NFPA® 2112</li><li>NFPA® 70E</li><li>ASTM F1506-10a</li><li>EN ISO 11611 Class 1  A1+A2</li><li>ASTM F1959/F1959M-12   ATPV 11.2 CAL/CM<sup>2</sup> (HAF = 80.4%)</li><li>EN ISO 11612   A1+A2 B1 C1 E2 F1</li></ul>,,,,
BZ31,Variant,,The Bizweld FR Cargo Pants offer protection against the thermal hazard of electric arc and guarantees flame resistance for the life of the garment. These modern pants have an elastic waist band for comfort and ease of movement. A range of ample pockets allow for convenient storage.,https://d11ak7fd9ypfb7.cloudfront.net/styles1100px/BZ31KHR.jpg,,0.0,TRUE,InStock,0.98,,BZ31KHR6XL,,,,Size,DROP_DOWN,6XL,Color,DROP_DOWN,Khaki,,,,,,,,,,,,,Fit,<p>R</p>,Length,<p>43</p>,Width,<p>28</p>,Height,<p>52</p>,Box Quantity,<p>24</p>,Inner Pack Quantity,<p>1</p>,Country Of Origin,<p>BD</p>,Standards,<ul><li>NFPA® 2112</li><li>NFPA® 70E</li><li>ASTM F1506-10a</li><li>EN ISO 11611 Class 1  A1+A2</li><li>ASTM F1959/F1959M-12   ATPV 11.2 CAL/CM<sup>2</sup> (HAF = 80.4%)</li><li>EN ISO 11612   A1+A2 B1 C1 E2 F1</li></ul>,,,,
BZ31,Variant,,The Bizweld FR Cargo Pants offer protection against the thermal hazard of electric arc and guarantees flame resistance for the life of the garment. These modern pants have an elastic waist band for comfort and ease of movement. A range of ample pockets allow for convenient storage.,https://d11ak7fd9ypfb7.cloudfront.net/styles1100px/BZ31KHR.jpg,,0.0,TRUE,InStock,0.8,,BZ31KHRL,,,,Size,DROP_DOWN,L,Color,DROP_DOWN,Khaki,,,,,,,,,,,,,Fit,<p>R</p>,Length,<p>43</p>,Width,<p>28</p>,Height,<p>48</p>,Box Quantity,<p>24</p>,Inner Pack Quantity,<p>1</p>,Country Of Origin,<p>BD</p>,Standards,<ul><li>NFPA® 2112</li><li>NFPA® 70E</li><li>ASTM F1506-10a</li><li>EN ISO 11611 Class 1  A1+A2</li><li>ASTM F1959/F1959M-12   ATPV 11.2 CAL/CM<sup>2</sup> (HAF = 80.4%)</li><li>EN ISO 11612   A1+A2 B1 C1 E2 F1</li></ul>,,,,
BZ31,Variant,,The Bizweld FR Cargo Pants offer protection against the thermal hazard of electric arc and guarantees flame resistance for the life of the garment. These modern pants have an elastic waist band for comfort and ease of movement. A range of ample pockets allow for convenient storage.,https://d11ak7fd9ypfb7.cloudfront.net/styles1100px/BZ31KHR.jpg,,0.0,TRUE,InStock,0.76,,BZ31KHRM,,,,Size,DROP_DOWN,M,Color,DROP_DOWN,Khaki,,,,,,,,,,,,,Fit,<p>R</p>,Length,<p>43</p>,Width,<p>28</p>,Height,<p>48</p>,Box Quantity,<p>24</p>,Inner Pack Quantity,<p>1</p>,Country Of Origin,<p>BD</p>,Standards,<ul><li>NFPA® 2112</li><li>NFPA® 70E</li><li>ASTM F1506-10a</li><li>EN ISO 11611 Class 1  A1+A2</li><li>ASTM F1959/F1959M-12   ATPV 11.2 CAL/CM<sup>2</sup> (HAF = 80.4%)</li><li>EN ISO 11612   A1+A2 B1 C1 E2 F1</li></ul>,,,,
BZ31,Variant,,The Bizweld FR Cargo Pants offer protection against the thermal hazard of electric arc and guarantees flame resistance for the life of the garment. These modern pants have an elastic waist band for comfort and ease of movement. A range of ample pockets allow for convenient storage.,https://d11ak7fd9ypfb7.cloudfront.net/styles1100px/BZ31KHR.jpg,,0.0,TRUE,InStock,0.74,,BZ31KHRS,,,,Size,DROP_DOWN,S,Color,DROP_DOWN,Khaki,,,,,,,,,,,,,Fit,<p>R</p>,Length,<p>43</p>,Width,<p>28</p>,Height,<p>48</p>,Box Quantity,<p>24</p>,Inner Pack Quantity,<p>1</p>,Country Of Origin,<p>BD</p>,Standards,<ul><li>NFPA® 2112</li><li>NFPA® 70E</li><li>ASTM F1506-10a</li><li>EN ISO 11611 Class 1  A1+A2</li><li>ASTM F1959/F1959M-12   ATPV 11.2 CAL/CM<sup>2</sup> (HAF = 80.4%)</li><li>EN ISO 11612   A1+A2 B1 C1 E2 F1</li></ul>,,,,
BZ31,Variant,,The Bizweld FR Cargo Pants offer protection against the thermal hazard of electric arc and guarantees flame resistance for the life of the garment. These modern pants have an elastic waist band for comfort and ease of movement. A range of ample pockets allow for convenient storage.,https://d11ak7fd9ypfb7.cloudfront.net/styles1100px/BZ31KHR.jpg,,0.0,TRUE,InStock,0.82,,BZ31KHRXL,,,,Size,DROP_DOWN,XL,Color,DROP_DOWN,Khaki,,,,,,,,,,,,,Fit,<p>R</p>,Length,<p>43</p>,Width,<p>28</p>,Height,<p>48</p>,Box Quantity,<p>24</p>,Inner Pack Quantity,<p>1</p>,Country Of Origin,<p>BD</p>,Standards,<ul><li>NFPA® 2112</li><li>NFPA® 70E</li><li>ASTM F1506-10a</li><li>EN ISO 11611 Class 1  A1+A2</li><li>ASTM F1959/F1959M-12   ATPV 11.2 CAL/CM<sup>2</sup> (HAF = 80.4%)</li><li>EN ISO 11612   A1+A2 B1 C1 E2 F1</li></ul>,,,,
BZ31,Variant,,The Bizweld FR Cargo Pants offer protection against the thermal hazard of electric arc and guarantees flame resistance for the life of the garment. These modern pants have an elastic waist band for comfort and ease of movement. A range of ample pockets allow for convenient storage.,https://d11ak7fd9ypfb7.cloudfront.net/styles1100px/BZ31KHR.jpg,,0.0,TRUE,InStock,0.84,,BZ31KHRXXL,,,,Size,DROP_DOWN,XXL,Color,DROP_DOWN,Khaki,,,,,,,,,,,,,Fit,<p>R</p>,Length,<p>43</p>,Width,<p>28</p>,Height,<p>48</p>,Box Quantity,<p>24</p>,Inner Pack Quantity,<p>1</p>,Country Of Origin,<p>BD</p>,Standards,<ul><li>NFPA® 2112</li><li>NFPA® 70E</li><li>ASTM F1506-10a</li><li>EN ISO 11611 Class 1  A1+A2</li><li>ASTM F1959/F1959M-12   ATPV 11.2 CAL/CM<sup>2</sup> (HAF = 80.4%)</li><li>EN ISO 11612   A1+A2 B1 C1 E2 F1</li></ul>,,,,
BZ31,Variant,,The Bizweld FR Cargo Pants offer protection against the thermal hazard of electric arc and guarantees flame resistance for the life of the garment. These modern pants have an elastic waist band for comfort and ease of movement. A range of ample pockets allow for convenient storage.,https://d11ak7fd9ypfb7.cloudfront.net/styles1100px/BZ31KHR.jpg,,0.0,TRUE,InStock,0.9,,BZ31KHRXXXL,,,,Size,DROP_DOWN,XXXL,Color,DROP_DOWN,Khaki,,,,,,,,,,,,,Fit,<p>R</p>,Length,<p>43</p>,Width,<p>28</p>,Height,<p>48</p>,Box Quantity,<p>24</p>,Inner Pack Quantity,<p>1</p>,Country Of Origin,<p>BD</p>,Standards,<ul><li>NFPA® 2112</li><li>NFPA® 70E</li><li>ASTM F1506-10a</li><li>EN ISO 11611 Class 1  A1+A2</li><li>ASTM F1959/F1959M-12   ATPV 11.2 CAL/CM<sup>2</sup> (HAF = 80.4%)</li><li>EN ISO 11612   A1+A2 B1 C1 E2 F1</li></ul>,,,,
BZ31,Variant,,The Bizweld FR Cargo Pants offer protection against the thermal hazard of electric arc and guarantees flame resistance for the life of the garment. These modern pants have an elastic waist band for comfort and ease of movement. A range of ample pockets allow for convenient storage.,https://d11ak7fd9ypfb7.cloudfront.net/styles1100px/BZ31NAR.jpg,,0.0,TRUE,InStock,0.9,,BZ31NAR4XL,,,,Size,DROP_DOWN,4XL,Color,DROP_DOWN,Navy,,,,,,,,,,,,,Fit,<p>R</p>,Length,<p>43</p>,Width,<p>28</p>,Height,<p>52</p>,Box Quantity,<p>24</p>,Inner Pack Quantity,<p>1</p>,Country Of Origin,<p>BD</p>,Standards,<ul><li>NFPA® 2112</li><li>NFPA® 70E</li><li>ASTM F1506-10a</li><li>EN ISO 11611 Class 1  A1+A2</li><li>ASTM F1959/F1959M-12   ATPV 11.2 CAL/CM<sup>2</sup> (HAF = 80.4%)</li><li>EN ISO 11612   A1+A2 B1 C1 E2 F1</li></ul>,,,,
BZ31,Variant,,The Bizweld FR Cargo Pants offer protection against the thermal hazard of electric arc and guarantees flame resistance for the life of the garment. These modern pants have an elastic waist band for comfort and ease of movement. A range of ample pockets allow for convenient storage.,https://d11ak7fd9ypfb7.cloudfront.net/styles1100px/BZ31NAR.jpg,,0.0,TRUE,InStock,0.94,,BZ31NAR5XL,,,,Size,DROP_DOWN,5XL,Color,DROP_DOWN,Navy,,,,,,,,,,,,,Fit,<p>R</p>,Length,<p>43</p>,Width,<p>28</p>,Height,<p>52</p>,Box Quantity,<p>24</p>,Inner Pack Quantity,<p>1</p>,Country Of Origin,<p>BD</p>,Standards,<ul><li>NFPA® 2112</li><li>NFPA® 70E</li><li>ASTM F1506-10a</li><li>EN ISO 11611 Class 1  A1+A2</li><li>ASTM F1959/F1959M-12   ATPV 11.2 CAL/CM<sup>2</sup> (HAF = 80.4%)</li><li>EN ISO 11612   A1+A2 B1 C1 E2 F1</li></ul>,,,,
BZ31,Variant,,The Bizweld FR Cargo Pants offer protection against the thermal hazard of electric arc and guarantees flame resistance for the life of the garment. These modern pants have an elastic waist band for comfort and ease of movement. A range of ample pockets allow for convenient storage.,https://d11ak7fd9ypfb7.cloudfront.net/styles1100px/BZ31NAR.jpg,,0.0,TRUE,InStock,0.98,,BZ31NAR6XL,,,,Size,DROP_DOWN,6XL,Color,DROP_DOWN,Navy,,,,,,,,,,,,,Fit,<p>R</p>,Length,<p>43</p>,Width,<p>28</p>,Height,<p>52</p>,Box Quantity,<p>24</p>,Inner Pack Quantity,<p>1</p>,Country Of Origin,<p>BD</p>,Standards,<ul><li>NFPA® 2112</li><li>NFPA® 70E</li><li>ASTM F1506-10a</li><li>EN ISO 11611 Class 1  A1+A2</li><li>ASTM F1959/F1959M-12   ATPV 11.2 CAL/CM<sup>2</sup> (HAF = 80.4%)</li><li>EN ISO 11612   A1+A2 B1 C1 E2 F1</li></ul>,,,,
BZ31,Variant,,The Bizweld FR Cargo Pants offer protection against the thermal hazard of electric arc and guarantees flame resistance for the life of the garment. These modern pants have an elastic waist band for comfort and ease of movement. A range of ample pockets allow for convenient storage.,https://d11ak7fd9ypfb7.cloudfront.net/styles1100px/BZ31NAR.jpg,,0.0,TRUE,InStock,0.8,,BZ31NARL,,,,Size,DROP_DOWN,L,Color,DROP_DOWN,Navy,,,,,,,,,,,,,Fit,<p>R</p>,Length,<p>43</p>,Width,<p>28</p>,Height,<p>48</p>,Box Quantity,<p>24</p>,Inner Pack Quantity,<p>1</p>,Country Of Origin,<p>BD</p>,Standards,<ul><li>NFPA® 2112</li><li>NFPA® 70E</li><li>ASTM F1506-10a</li><li>EN ISO 11611 Class 1  A1+A2</li><li>ASTM F1959/F1959M-12   ATPV 11.2 CAL/CM<sup>2</sup> (HAF = 80.4%)</li><li>EN ISO 11612   A1+A2 B1 C1 E2 F1</li></ul>,,,,
BZ31,Variant,,The Bizweld FR Cargo Pants offer protection against the thermal hazard of electric arc and guarantees flame resistance for the life of the garment. These modern pants have an elastic waist band for comfort and ease of movement. A range of ample pockets allow for convenient storage.,https://d11ak7fd9ypfb7.cloudfront.net/styles1100px/BZ31NAR.jpg,,0.0,TRUE,InStock,0.76,,BZ31NARM,,,,Size,DROP_DOWN,M,Color,DROP_DOWN,Navy,,,,,,,,,,,,,Fit,<p>R</p>,Length,<p>43</p>,Width,<p>28</p>,Height,<p>48</p>,Box Quantity,<p>24</p>,Inner Pack Quantity,<p>1</p>,Country Of Origin,<p>BD</p>,Standards,<ul><li>NFPA® 2112</li><li>NFPA® 70E</li><li>ASTM F1506-10a</li><li>EN ISO 11611 Class 1  A1+A2</li><li>ASTM F1959/F1959M-12   ATPV 11.2 CAL/CM<sup>2</sup> (HAF = 80.4%)</li><li>EN ISO 11612   A1+A2 B1 C1 E2 F1</li></ul>,,,,
BZ31,Variant,,The Bizweld FR Cargo Pants offer protection against the thermal hazard of electric arc and guarantees flame resistance for the life of the garment. These modern pants have an elastic waist band for comfort and ease of movement. A range of ample pockets allow for convenient storage.,https://d11ak7fd9ypfb7.cloudfront.net/styles1100px/BZ31NAR.jpg,,0.0,TRUE,InStock,0.74,,BZ31NARS,,,,Size,DROP_DOWN,S,Color,DROP_DOWN,Navy,,,,,,,,,,,,,Fit,<p>R</p>,Length,<p>43</p>,Width,<p>28</p>,Height,<p>48</p>,Box Quantity,<p>24</p>,Inner Pack Quantity,<p>1</p>,Country Of Origin,<p>BD</p>,Standards,<ul><li>NFPA® 2112</li><li>NFPA® 70E</li><li>ASTM F1506-10a</li><li>EN ISO 11611 Class 1  A1+A2</li><li>ASTM F1959/F1959M-12   ATPV 11.2 CAL/CM<sup>2</sup> (HAF = 80.4%)</li><li>EN ISO 11612   A1+A2 B1 C1 E2 F1</li></ul>,,,,
BZ31,Variant,,The Bizweld FR Cargo Pants offer protection against the thermal hazard of electric arc and guarantees flame resistance for the life of the garment. These modern pants have an elastic waist band for comfort and ease of movement. A range of ample pockets allow for convenient storage.,https://d11ak7fd9ypfb7.cloudfront.net/styles1100px/BZ31NAR.jpg,,0.0,TRUE,InStock,0.82,,BZ31NARXL,,,,Size,DROP_DOWN,XL,Color,DROP_DOWN,Navy,,,,,,,,,,,,,Fit,<p>R</p>,Length,<p>43</p>,Width,<p>28</p>,Height,<p>48</p>,Box Quantity,<p>24</p>,Inner Pack Quantity,<p>1</p>,Country Of Origin,<p>BD</p>,Standards,<ul><li>NFPA® 2112</li><li>NFPA® 70E</li><li>ASTM F1506-10a</li><li>EN ISO 11611 Class 1  A1+A2</li><li>ASTM F1959/F1959M-12   ATPV 11.2 CAL/CM<sup>2</sup> (HAF = 80.4%)</li><li>EN ISO 11612   A1+A2 B1 C1 E2 F1</li></ul>,,,,
BZ31,Variant,,The Bizweld FR Cargo Pants offer protection against the thermal hazard of electric arc and guarantees flame resistance for the life of the garment. These modern pants have an elastic waist band for comfort and ease of movement. A range of ample pockets allow for convenient storage.,https://d11ak7fd9ypfb7.cloudfront.net/styles1100px/BZ31NAR.jpg,,0.0,TRUE,InStock,0.84,,BZ31NARXXL,,,,Size,DROP_DOWN,XXL,Color,DROP_DOWN,Navy,,,,,,,,,,,,,Fit,<p>R</p>,Length,<p>43</p>,Width,<p>28</p>,Height,<p>48</p>,Box Quantity,<p>24</p>,Inner Pack Quantity,<p>1</p>,Country Of Origin,<p>BD</p>,Standards,<ul><li>NFPA® 2112</li><li>NFPA® 70E</li><li>ASTM F1506-10a</li><li>EN ISO 11611 Class 1  A1+A2</li><li>ASTM F1959/F1959M-12   ATPV 11.2 CAL/CM<sup>2</sup> (HAF = 80.4%)</li><li>EN ISO 11612   A1+A2 B1 C1 E2 F1</li></ul>,,,,
BZ31,Variant,,The Bizweld FR Cargo Pants offer protection against the thermal hazard of electric arc and guarantees flame resistance for the life of the garment. These modern pants have an elastic waist band for comfort and ease of movement. A range of ample pockets allow for convenient storage.,https://d11ak7fd9ypfb7.cloudfront.net/styles1100px/BZ31NAR.jpg,,0.0,TRUE,InStock,0.9,,BZ31NARXXXL,,,,Size,DROP_DOWN,XXXL,Color,DROP_DOWN,Navy,,,,,,,,,,,,,Fit,<p>R</p>,Length,<p>43</p>,Width,<p>28</p>,Height,<p>52</p>,Box Quantity,<p>24</p>,Inner Pack Quantity,<p>1</p>,Country Of Origin,<p>BD</p>,Standards,<ul><li>NFPA® 2112</li><li>NFPA® 70E</li><li>ASTM F1506-10a</li><li>EN ISO 11611 Class 1  A1+A2</li><li>ASTM F1959/F1959M-12   ATPV 11.2 CAL/CM<sup>2</sup> (HAF = 80.4%)</li><li>EN ISO 11612   A1+A2 B1 C1 E2 F1</li></ul>,,,,
BZ31,Variant,,The Bizweld FR Cargo Pants offer protection against the thermal hazard of electric arc and guarantees flame resistance for the life of the garment. These modern pants have an elastic waist band for comfort and ease of movement. A range of ample pockets allow for convenient storage.,https://d11ak7fd9ypfb7.cloudfront.net/styles1100px/BZ31NAT.jpg,,0.0,TRUE,InStock,0.999,,BZ31NAT4XL,,,,Size,DROP_DOWN,4XL,Color,DROP_DOWN,Navy Tall,,,,,,,,,,,,,Fit,<p>T</p>,Length,<p>43</p>,Width,<p>28</p>,Height,<p>52</p>,Box Quantity,<p>24</p>,Inner Pack Quantity,<p>1</p>,Country Of Origin,<p>BD</p>,Standards,<ul><li>NFPA® 2112</li><li>NFPA® 70E</li><li>ASTM F1506-10a</li><li>EN ISO 11611 Class 1  A1+A2</li><li>ASTM F1959/F1959M-12   ATPV 11.2 CAL/CM<sup>2</sup> (HAF = 80.4%)</li><li>EN ISO 11612   A1+A2 B1 C1 E2 F1</li></ul>,,,,
BZ31,Variant,,The Bizweld FR Cargo Pants offer protection against the thermal hazard of electric arc and guarantees flame resistance for the life of the garment. These modern pants have an elastic waist band for comfort and ease of movement. A range of ample pockets allow for convenient storage.,https://d11ak7fd9ypfb7.cloudfront.net/styles1100px/BZ31NAT.jpg,,0.0,TRUE,InStock,0.999,,BZ31NATL,,,,Size,DROP_DOWN,L,Color,DROP_DOWN,Navy Tall,,,,,,,,,,,,,Fit,<p>T</p>,Length,<p>43</p>,Width,<p>28</p>,Height,<p>48</p>,Box Quantity,<p>24</p>,Inner Pack Quantity,<p>1</p>,Country Of Origin,<p>BD</p>,Standards,<ul><li>NFPA® 2112</li><li>NFPA® 70E</li><li>ASTM F1506-10a</li><li>EN ISO 11611 Class 1  A1+A2</li><li>ASTM F1959/F1959M-12   ATPV 11.2 CAL/CM<sup>2</sup> (HAF = 80.4%)</li><li>EN ISO 11612   A1+A2 B1 C1 E2 F1</li></ul>,,,,
BZ31,Variant,,The Bizweld FR Cargo Pants offer protection against the thermal hazard of electric arc and guarantees flame resistance for the life of the garment. These modern pants have an elastic waist band for comfort and ease of movement. A range of ample pockets allow for convenient storage.,https://d11ak7fd9ypfb7.cloudfront.net/styles1100px/BZ31NAT.jpg,,0.0,TRUE,InStock,0.8,,BZ31NATM,,,,Size,DROP_DOWN,M,Color,DROP_DOWN,Navy Tall,,,,,,,,,,,,,Fit,<p>T</p>,Length,<p>43</p>,Width,<p>28</p>,Height,<p>48</p>,Box Quantity,<p>24</p>,Inner Pack Quantity,<p>1</p>,Country Of Origin,<p>BD</p>,Standards,<ul><li>NFPA® 2112</li><li>NFPA® 70E</li><li>ASTM F1506-10a</li><li>EN ISO 11611 Class 1  A1+A2</li><li>ASTM F1959/F1959M-12   ATPV 11.2 CAL/CM<sup>2</sup> (HAF = 80.4%)</li><li>EN ISO 11612   A1+A2 B1 C1 E2 F1</li></ul>,,,,
BZ31,Variant,,The Bizweld FR Cargo Pants offer protection against the thermal hazard of electric arc and guarantees flame resistance for the life of the garment. These modern pants have an elastic waist band for comfort and ease of movement. A range of ample pockets allow for convenient storage.,https://d11ak7fd9ypfb7.cloudfront.net/styles1100px/BZ31NAT.jpg,,0.0,TRUE,InStock,0.86,,BZ31NATXL,,,,Size,DROP_DOWN,XL,Color,DROP_DOWN,Navy Tall,,,,,,,,,,,,,Fit,<p>T</p>,Length,<p>43</p>,Width,<p>28</p>,Height,<p>48</p>,Box Quantity,<p>24</p>,Inner Pack Quantity,<p>1</p>,Country Of Origin,<p>BD</p>,Standards,<ul><li>NFPA® 2112</li><li>NFPA® 70E</li><li>ASTM F1506-10a</li><li>EN ISO 11611 Class 1  A1+A2</li><li>ASTM F1959/F1959M-12   ATPV 11.2 CAL/CM<sup>2</sup> (HAF = 80.4%)</li><li>EN ISO 11612   A1+A2 B1 C1 E2 F1</li></ul>,,,,
BZ31,Variant,,The Bizweld FR Cargo Pants offer protection against the thermal hazard of electric arc and guarantees flame resistance for the life of the garment. These modern pants have an elastic waist band for comfort and ease of movement. A range of ample pockets allow for convenient storage.,https://d11ak7fd9ypfb7.cloudfront.net/styles1100px/BZ31NAT.jpg,,0.0,TRUE,InStock,0.999,,BZ31NATXXL,,,,Size,DROP_DOWN,XXL,Color,DROP_DOWN,Navy Tall,,,,,,,,,,,,,Fit,<p>T</p>,Length,<p>43</p>,Width,<p>28</p>,Height,<p>48</p>,Box Quantity,<p>24</p>,Inner Pack Quantity,<p>1</p>,Country Of Origin,<p>BD</p>,Standards,<ul><li>NFPA® 2112</li><li>NFPA® 70E</li><li>ASTM F1506-10a</li><li>EN ISO 11611 Class 1  A1+A2</li><li>ASTM F1959/F1959M-12   ATPV 11.2 CAL/CM<sup>2</sup> (HAF = 80.4%)</li><li>EN ISO 11612   A1+A2 B1 C1 E2 F1</li></ul>,,,,
BZ31,Variant,,The Bizweld FR Cargo Pants offer protection against the thermal hazard of electric arc and guarantees flame resistance for the life of the garment. These modern pants have an elastic waist band for comfort and ease of movement. A range of ample pockets allow for convenient storage.,https://d11ak7fd9ypfb7.cloudfront.net/styles1100px/BZ31NAT.jpg,,0.0,TRUE,InStock,0.999,,BZ31NATXXXL,,,,Size,DROP_DOWN,XXXL,Color,DROP_DOWN,Navy Tall,,,,,,,,,,,,,Fit,<p>T</p>,Length,<p>43</p>,Width,<p>28</p>,Height,<p>52</p>,Box Quantity,<p>24</p>,Inner Pack Quantity,<p>1</p>,Country Of Origin,<p>BD</p>,Standards,<ul><li>NFPA® 2112</li><li>NFPA® 70E</li><li>ASTM F1506-10a</li><li>EN ISO 11611 Class 1  A1+A2</li><li>ASTM F1959/F1959M-12   ATPV 11.2 CAL/CM<sup>2</sup> (HAF = 80.4%)</li><li>EN ISO 11612   A1+A2 B1 C1 E2 F1</li></ul>,,,,
C470,Product,C470 - Hi-Vis Two Band and Brace Vest,The best selling C470 with classic reflective tape configuration will ensure you are seen. Available in all three EN ISO 20471 conforming colors.,https://d11ak7fd9ypfb7.cloudfront.net/styles1100px/C470ORR.jpg,5.5,0.0,TRUE,InStock,0.199,,C470ORR4X/5X,,,,Size,DROP_DOWN,S/M;L/XL;XX/3X;4X/5X;6X/7X,Color,DROP_DOWN,Yellow;Orange,,,,,,,,,,,,,Fit,<p>R</p>,Length,<p>43</p>,Width,<p>28</p>,Height,<p>58</p>,Box Quantity,<p>100</p>,Inner Pack Quantity,<p>10</p>,Country Of Origin,<p>CN</p>,Standards,<ul><li>EN ISO 20471 Class 2</li><li>ANSI/ISEA 107 TYPE R CLASS 2</li><li>AS 4602.1 Class D/N</li><li>RIS-3279-TOM  ISSUE 1 (ORANGE ONLY)</li></ul>,,,,
C470,Variant,,The best selling C470 with classic reflective tape configuration will ensure you are seen. Available in all three EN ISO 20471 conforming colors.,https://d11ak7fd9ypfb7.cloudfront.net/styles1100px/C470ORR.jpg,,0.0,TRUE,InStock,0.199,,C470ORR4X/5X,,,,Size,DROP_DOWN,4X/5X,Color,DROP_DOWN,Orange,,,,,,,,,,,,,Fit,<p>R</p>,Length,<p>43</p>,Width,<p>28</p>,Height,<p>58</p>,Box Quantity,<p>100</p>,Inner Pack Quantity,<p>10</p>,Country Of Origin,<p>CN</p>,Standards,<ul><li>EN ISO 20471 Class 2</li><li>ANSI/ISEA 107 TYPE R CLASS 2</li><li>AS 4602.1 Class D/N</li><li>RIS-3279-TOM  ISSUE 1 (ORANGE ONLY)</li></ul>,,,,
C470,Variant,,The best selling C470 with classic reflective tape configuration will ensure you are seen. Available in all three EN ISO 20471 conforming colors.,https://d11ak7fd9ypfb7.cloudfront.net/styles1100px/C470ORR.jpg,,0.0,TRUE,InStock,0.219,,C470ORR6X/7X,,,,Size,DROP_DOWN,6X/7X,Color,DROP_DOWN,Orange,,,,,,,,,,,,,Fit,<p>R</p>,Length,<p>43</p>,Width,<p>28</p>,Height,<p>58</p>,Box Quantity,<p>100</p>,Inner Pack Quantity,<p>10</p>,Country Of Origin,<p>CN</p>,Standards,<ul><li>EN ISO 20471 Class 2</li><li>ANSI/ISEA 107 TYPE R CLASS 2</li><li>AS 4602.1 Class D/N</li><li>RIS-3279-TOM  ISSUE 1 (ORANGE ONLY)</li></ul>,,,,
C470,Variant,,The best selling C470 with classic reflective tape configuration will ensure you are seen. Available in all three EN ISO 20471 conforming colors.,https://d11ak7fd9ypfb7.cloudfront.net/styles1100px/C470ORR.jpg,,0.0,TRUE,InStock,0.178,,C470ORRL/XL,,,,Size,DROP_DOWN,L/XL,Color,DROP_DOWN,Orange,,,,,,,,,,,,,Fit,<p>R</p>,Length,<p>43</p>,Width,<p>28</p>,Height,<p>55</p>,Box Quantity,<p>100</p>,Inner Pack Quantity,<p>10</p>,Country Of Origin,<p>CN</p>,Standards,<ul><li>EN ISO 20471 Class 2</li><li>ANSI/ISEA 107 TYPE R CLASS 2</li><li>AS 4602.1 Class D/N</li><li>RIS-3279-TOM  ISSUE 1 (ORANGE ONLY)</li></ul>,,,,
C470,Variant,,The best selling C470 with classic reflective tape configuration will ensure you are seen. Available in all three EN ISO 20471 conforming colors.,https://d11ak7fd9ypfb7.cloudfront.net/styles1100px/C470ORR.jpg,,0.0,TRUE,InStock,0.163,,C470ORRS/M,,,,Size,DROP_DOWN,S/M,Color,DROP_DOWN,Orange,,,,,,,,,,,,,Fit,<p>R</p>,Length,<p>43</p>,Width,<p>28</p>,Height,<p>55</p>,Box Quantity,<p>100</p>,Inner Pack Quantity,<p>10</p>,Country Of Origin,<p>CN</p>,Standards,<ul><li>EN ISO 20471 Class 2</li><li>ANSI/ISEA 107 TYPE R CLASS 2</li><li>AS 4602.1 Class D/N</li><li>RIS-3279-TOM  ISSUE 1 (ORANGE ONLY)</li></ul>,,,,
C470,Variant,,The best selling C470 with classic reflective tape configuration will ensure you are seen. Available in all three EN ISO 20471 conforming colors.,https://d11ak7fd9ypfb7.cloudfront.net/styles1100px/C470ORR.jpg,,0.0,TRUE,InStock,0.186,,C470ORRXX/3X,,,,Size,DROP_DOWN,XX/3X,Color,DROP_DOWN,Orange,,,,,,,,,,,,,Fit,<p>R</p>,Length,<p>43</p>,Width,<p>28</p>,Height,<p>55</p>,Box Quantity,<p>100</p>,Inner Pack Quantity,<p>10</p>,Country Of Origin,<p>CN</p>,Standards,<ul><li>EN ISO 20471 Class 2</li><li>ANSI/ISEA 107 TYPE R CLASS 2</li><li>AS 4602.1 Class D/N</li><li>RIS-3279-TOM  ISSUE 1 (ORANGE ONLY)</li></ul>,,,,
C470,Variant,,The best selling C470 with classic reflective tape configuration will ensure you are seen. Available in all three EN ISO 20471 conforming colors.,https://d11ak7fd9ypfb7.cloudfront.net/styles1100px/C470YER.jpg,,0.0,TRUE,InStock,0.199,,C470YER4X/5X,,,,Size,DROP_DOWN,4X/5X,Color,DROP_DOWN,Yellow,,,,,,,,,,,,,Fit,<p>R</p>,Length,<p>43</p>,Width,<p>28</p>,Height,<p>58</p>,Box Quantity,<p>100</p>,Inner Pack Quantity,<p>10</p>,Country Of Origin,<p>CN</p>,Standards,<ul><li>EN ISO 20471 Class 2</li><li>ANSI/ISEA 107 TYPE R CLASS 2</li><li>AS 4602.1 Class D/N</li><li>RIS-3279-TOM  ISSUE 1 (ORANGE ONLY)</li></ul>,,,,
C470,Variant,,The best selling C470 with classic reflective tape configuration will ensure you are seen. Available in all three EN ISO 20471 conforming colors.,https://d11ak7fd9ypfb7.cloudfront.net/styles1100px/C470YER.jpg,,0.0,TRUE,InStock,0.219,,C470YER6X/7X,,,,Size,DROP_DOWN,6X/7X,Color,DROP_DOWN,Yellow,,,,,,,,,,,,,Fit,<p>R</p>,Length,<p>43</p>,Width,<p>28</p>,Height,<p>58</p>,Box Quantity,<p>100</p>,Inner Pack Quantity,<p>10</p>,Country Of Origin,<p>CN</p>,Standards,<ul><li>EN ISO 20471 Class 2</li><li>ANSI/ISEA 107 TYPE R CLASS 2</li><li>AS 4602.1 Class D/N</li><li>RIS-3279-TOM  ISSUE 1 (ORANGE ONLY)</li></ul>,,,,
C470,Variant,,The best selling C470 with classic reflective tape configuration will ensure you are seen. Available in all three EN ISO 20471 conforming colors.,https://d11ak7fd9ypfb7.cloudfront.net/styles1100px/C470YER.jpg,,0.0,TRUE,InStock,0.178,,C470YERL/XL,,,,Size,DROP_DOWN,L/XL,Color,DROP_DOWN,Yellow,,,,,,,,,,,,,Fit,<p>R</p>,Length,<p>43</p>,Width,<p>28</p>,Height,<p>55</p>,Box Quantity,<p>100</p>,Inner Pack Quantity,<p>10</p>,Country Of Origin,<p>CN</p>,Standards,<ul><li>EN ISO 20471 Class 2</li><li>ANSI/ISEA 107 TYPE R CLASS 2</li><li>AS 4602.1 Class D/N</li><li>RIS-3279-TOM  ISSUE 1 (ORANGE ONLY)</li></ul>,,,,
C470,Variant,,The best selling C470 with classic reflective tape configuration will ensure you are seen. Available in all three EN ISO 20471 conforming colors.,https://d11ak7fd9ypfb7.cloudfront.net/styles1100px/C470YER.jpg,,0.0,TRUE,InStock,0.163,,C470YERS/M,,,,Size,DROP_DOWN,S/M,Color,DROP_DOWN,Yellow,,,,,,,,,,,,,Fit,<p>R</p>,Length,<p>43</p>,Width,<p>28</p>,Height,<p>55</p>,Box Quantity,<p>100</p>,Inner Pack Quantity,<p>10</p>,Country Of Origin,<p>CN</p>,Standards,<ul><li>EN ISO 20471 Class 2</li><li>ANSI/ISEA 107 TYPE R CLASS 2</li><li>AS 4602.1 Class D/N</li><li>RIS-3279-TOM  ISSUE 1 (ORANGE ONLY)</li></ul>,,,,
C470,Variant,,The best selling C470 with classic reflective tape configuration will ensure you are seen. Available in all three EN ISO 20471 conforming colors.,https://d11ak7fd9ypfb7.cloudfront.net/styles1100px/C470YER.jpg,,0.0,TRUE,InStock,0.186,,C470YERXX/3X,,,,Size,DROP_DOWN,XX/3X,Color,DROP_DOWN,Yellow,,,,,,,,,,,,,Fit,<p>R</p>,Length,<p>43</p>,Width,<p>28</p>,Height,<p>55</p>,Box Quantity,<p>100</p>,Inner Pack Quantity,<p>10</p>,Country Of Origin,<p>CN</p>,Standards,<ul><li>EN ISO 20471 Class 2</li><li>ANSI/ISEA 107 TYPE R CLASS 2</li><li>AS 4602.1 Class D/N</li><li>RIS-3279-TOM  ISSUE 1 (ORANGE ONLY)</li></ul>,,,,
C472,Product,C472 - Hi-Vis One Band and Brace Vest,Offers all the characteristics of the C470 with a single stripe of Hi-Vis tape on the chest.,https://d11ak7fd9ypfb7.cloudfront.net/styles1100px/C472ORR.jpg,5.3,0.0,TRUE,InStock,0.16,,C472ORRL/XL,,,,Size,DROP_DOWN,S/M;L/XL;XX/3X;4X/5X,Color,DROP_DOWN,Yellow;Orange,,,,,,,,,,,,,Fit,<p>R</p>,Length,<p>45</p>,Width,<p>28</p>,Height,<p>53</p>,Box Quantity,<p>100</p>,Inner Pack Quantity,<p>10</p>,Country Of Origin,<p>CN</p>,Standards,<ul><li>EN ISO 20471 Class 2</li><li>ANSI/ISEA 107 TYPE R CLASS 2</li><li>RIS-3279-TOM  ISSUE 1 (ORANGE ONLY)</li></ul>,,,,
C472,Variant,,Offers all the characteristics of the C470 with a single stripe of Hi-Vis tape on the chest.,https://d11ak7fd9ypfb7.cloudfront.net/styles1100px/C472ORR.jpg,,0.0,TRUE,InStock,0.16,,C472ORRL/XL,,,,Size,DROP_DOWN,L/XL,Color,DROP_DOWN,Orange,,,,,,,,,,,,,Fit,<p>R</p>,Length,<p>45</p>,Width,<p>28</p>,Height,<p>53</p>,Box Quantity,<p>100</p>,Inner Pack Quantity,<p>10</p>,Country Of Origin,<p>CN</p>,Standards,<ul><li>EN ISO 20471 Class 2</li><li>ANSI/ISEA 107 TYPE R CLASS 2</li><li>RIS-3279-TOM  ISSUE 1 (ORANGE ONLY)</li></ul>,,,,
C472,Variant,,Offers all the characteristics of the C470 with a single stripe of Hi-Vis tape on the chest.,https://d11ak7fd9ypfb7.cloudfront.net/styles1100px/C472ORR.jpg,,0.0,TRUE,InStock,0.14,,C472ORRS/M,,,,Size,DROP_DOWN,S/M,Color,DROP_DOWN,Orange,,,,,,,,,,,,,Fit,<p>R</p>,Length,<p>43</p>,Width,<p>28</p>,Height,<p>53</p>,Box Quantity,<p>100</p>,Inner Pack Quantity,<p>10</p>,Country Of Origin,<p>CN</p>,Standards,<ul><li>EN ISO 20471 Class 2</li><li>ANSI/ISEA 107 TYPE R CLASS 2</li><li>RIS-3279-TOM  ISSUE 1 (ORANGE ONLY)</li></ul>,,,,
C472,Variant,,Offers all the characteristics of the C470 with a single stripe of Hi-Vis tape on the chest.,https://d11ak7fd9ypfb7.cloudfront.net/styles1100px/C472ORR.jpg,,0.0,TRUE,InStock,0.16,,C472ORRXX/3X,,,,Size,DROP_DOWN,XX/3X,Color,DROP_DOWN,Orange,,,,,,,,,,,,,Fit,<p>R</p>,Length,<p>43</p>,Width,<p>28</p>,Height,<p>53</p>,Box Quantity,<p>100</p>,Inner Pack Quantity,<p>10</p>,Country Of Origin,<p>CN</p>,Standards,<ul><li>EN ISO 20471 Class 2</li><li>ANSI/ISEA 107 TYPE R CLASS 2</li><li>RIS-3279-TOM  ISSUE 1 (ORANGE ONLY)</li></ul>,,,,
C472,Variant,,Offers all the characteristics of the C470 with a single stripe of Hi-Vis tape on the chest.,https://d11ak7fd9ypfb7.cloudfront.net/styles1100px/C472YER.jpg,,0.0,TRUE,InStock,0.17,,C472YER4X/5X,,,,Size,DROP_DOWN,4X/5X,Color,DROP_DOWN,Yellow,,,,,,,,,,,,,Fit,<p>R</p>,Length,<p>43</p>,Width,<p>28</p>,Height,<p>53</p>,Box Quantity,<p>100</p>,Inner Pack Quantity,<p>10</p>,Country Of Origin,<p>CN</p>,Standards,<ul><li>EN ISO 20471 Class 2</li><li>ANSI/ISEA 107 TYPE R CLASS 2</li><li>RIS-3279-TOM  ISSUE 1 (ORANGE ONLY)</li></ul>,,,,
C472,Variant,,Offers all the characteristics of the C470 with a single stripe of Hi-Vis tape on the chest.,https://d11ak7fd9ypfb7.cloudfront.net/styles1100px/C472YER.jpg,,0.0,TRUE,InStock,0.16,,C472YERL/XL,,,,Size,DROP_DOWN,L/XL,Color,DROP_DOWN,Yellow,,,,,,,,,,,,,Fit,<p>R</p>,Length,<p>43</p>,Width,<p>28</p>,Height,<p>53</p>,Box Quantity,<p>100</p>,Inner Pack Quantity,<p>10</p>,Country Of Origin,<p>CN</p>,Standards,<ul><li>EN ISO 20471 Class 2</li><li>ANSI/ISEA 107 TYPE R CLASS 2</li><li>RIS-3279-TOM  ISSUE 1 (ORANGE ONLY)</li></ul>,,,,
C472,Variant,,Offers all the characteristics of the C470 with a single stripe of Hi-Vis tape on the chest.,https://d11ak7fd9ypfb7.cloudfront.net/styles1100px/C472YER.jpg,,0.0,TRUE,InStock,0.14,,C472YERS/M,,,,Size,DROP_DOWN,S/M,Color,DROP_DOWN,Yellow,,,,,,,,,,,,,Fit,<p>R</p>,Length,<p>43</p>,Width,<p>28</p>,Height,<p>53</p>,Box Quantity,<p>100</p>,Inner Pack Quantity,<p>10</p>,Country Of Origin,<p>CN</p>,Standards,<ul><li>EN ISO 20471 Class 2</li><li>ANSI/ISEA 107 TYPE R CLASS 2</li><li>RIS-3279-TOM  ISSUE 1 (ORANGE ONLY)</li></ul>,,,,
C472,Variant,,Offers all the characteristics of the C470 with a single stripe of Hi-Vis tape on the chest.,https://d11ak7fd9ypfb7.cloudfront.net/styles1100px/C472YER.jpg,,0.0,TRUE,InStock,0.16,,C472YERXX/3X,,,,Size,DROP_DOWN,XX/3X,Color,DROP_DOWN,Yellow,,,,,,,,,,,,,Fit,<p>R</p>,Length,<p>43</p>,Width,<p>28</p>,Height,<p>53</p>,Box Quantity,<p>100</p>,Inner Pack Quantity,<p>10</p>,Country Of Origin,<p>CN</p>,Standards,<ul><li>EN ISO 20471 Class 2</li><li>ANSI/ISEA 107 TYPE R CLASS 2</li><li>RIS-3279-TOM  ISSUE 1 (ORANGE ONLY)</li></ul>,,,,
C701,Product,C701 - Cargo Pants,"This garment portrays all the original styling of the modern-day work trouser. Constructed from our rugged, pre-shrunk Kingsmill fabric, the Combat Trouser is built to take on the toughest of jobs. Multiple utility pockets are featured with Hook and Loop flaps for added security.",https://d11ak7fd9ypfb7.cloudfront.net/styles1100px/C701BKR.jpg,30.5,0.0,TRUE,InStock,0.5,,C701BKR30,,,,Size,DROP_DOWN,30;32;34;36;38;40;42;44;46;48;50;52,Color,DROP_DOWN,Navy;Black Tall;Black;Navy Tall,,,,,,,,,,,,,Fit,<p>R</p>,Length,<p>43</p>,Width,<p>28</p>,Height,<p>52</p>,Box Quantity,<p>36</p>,Inner Pack Quantity,<p>1</p>,Country Of Origin,<p>BD</p>,Standards,<p></p>,,,,
C701,Variant,,"This garment portrays all the original styling of the modern-day work trouser. Constructed from our rugged, pre-shrunk Kingsmill fabric, the Combat Trouser is built to take on the toughest of jobs. Multiple utility pockets are featured with Hook and Loop flaps for added security.",https://d11ak7fd9ypfb7.cloudfront.net/styles1100px/C701BKR.jpg,,0.0,TRUE,InStock,0.5,,C701BKR30,,,,Size,DROP_DOWN,30,Color,DROP_DOWN,Black,,,,,,,,,,,,,Fit,<p>R</p>,Length,<p>43</p>,Width,<p>28</p>,Height,<p>52</p>,Box Quantity,<p>36</p>,Inner Pack Quantity,<p>1</p>,Country Of Origin,<p>BD</p>,Standards,<p></p>,,,,
C701,Variant,,"This garment portrays all the original styling of the modern-day work trouser. Constructed from our rugged, pre-shrunk Kingsmill fabric, the Combat Trouser is built to take on the toughest of jobs. Multiple utility pockets are featured with Hook and Loop flaps for added security.",https://d11ak7fd9ypfb7.cloudfront.net/styles1100px/C701BKR.jpg,,0.0,TRUE,InStock,0.45,,C701BKR32,,,,Size,DROP_DOWN,32,Color,DROP_DOWN,Black,,,,,,,,,,,,,Fit,<p>R</p>,Length,<p>43</p>,Width,<p>28</p>,Height,<p>52</p>,Box Quantity,<p>36</p>,Inner Pack Quantity,<p>1</p>,Country Of Origin,<p>BD</p>,Standards,<p></p>,,,,
C701,Variant,,"This garment portrays all the original styling of the modern-day work trouser. Constructed from our rugged, pre-shrunk Kingsmill fabric, the Combat Trouser is built to take on the toughest of jobs. Multiple utility pockets are featured with Hook and Loop flaps for added security.",https://d11ak7fd9ypfb7.cloudfront.net/styles1100px/C701BKR.jpg,,0.0,TRUE,InStock,0.52,,C701BKR34,,,,Size,DROP_DOWN,34,Color,DROP_DOWN,Black,,,,,,,,,,,,,Fit,<p>R</p>,Length,<p>43</p>,Width,<p>28</p>,Height,<p>52</p>,Box Quantity,<p>36</p>,Inner Pack Quantity,<p>1</p>,Country Of Origin,<p>BD</p>,Standards,<p></p>,,,,
C701,Variant,,"This garment portrays all the original styling of the modern-day work trouser. Constructed from our rugged, pre-shrunk Kingsmill fabric, the Combat Trouser is built to take on the toughest of jobs. Multiple utility pockets are featured with Hook and Loop flaps for added security.",https://d11ak7fd9ypfb7.cloudfront.net/styles1100px/C701BKR.jpg,,0.0,TRUE,InStock,0.52,,C701BKR36,,,,Size,DROP_DOWN,36,Color,DROP_DOWN,Black,,,,,,,,,,,,,Fit,<p>R</p>,Length,<p>43</p>,Width,<p>28</p>,Height,<p>52</p>,Box Quantity,<p>36</p>,Inner Pack Quantity,<p>1</p>,Country Of Origin,<p>BD</p>,Standards,<p></p>,,,,
C701,Variant,,"This garment portrays all the original styling of the modern-day work trouser. Constructed from our rugged, pre-shrunk Kingsmill fabric, the Combat Trouser is built to take on the toughest of jobs. Multiple utility pockets are featured with Hook and Loop flaps for added security.",https://d11ak7fd9ypfb7.cloudfront.net/styles1100px/C701BKR.jpg,,0.0,TRUE,InStock,0.56,,C701BKR38,,,,Size,DROP_DOWN,38,Color,DROP_DOWN,Black,,,,,,,,,,,,,Fit,<p>R</p>,Length,<p>43</p>,Width,<p>28</p>,Height,<p>52</p>,Box Quantity,<p>36</p>,Inner Pack Quantity,<p>1</p>,Country Of Origin,<p>BD</p>,Standards,<p></p>,,,,
C701,Variant,,"This garment portrays all the original styling of the modern-day work trouser. Constructed from our rugged, pre-shrunk Kingsmill fabric, the Combat Trouser is built to take on the toughest of jobs. Multiple utility pockets are featured with Hook and Loop flaps for added security.",https://d11ak7fd9ypfb7.cloudfront.net/styles1100px/C701BKR.jpg,,0.0,TRUE,InStock,0.56,,C701BKR40,,,,Size,DROP_DOWN,40,Color,DROP_DOWN,Black,,,,,,,,,,,,,Fit,<p>R</p>,Length,<p>43</p>,Width,<p>28</p>,Height,<p>52</p>,Box Quantity,<p>36</p>,Inner Pack Quantity,<p>1</p>,Country Of Origin,<p>BD</p>,Standards,<p></p>,,,,
C701,Variant,,"This garment portrays all the original styling of the modern-day work trouser. Constructed from our rugged, pre-shrunk Kingsmill fabric, the Combat Trouser is built to take on the toughest of jobs. Multiple utility pockets are featured with Hook and Loop flaps for added security.",https://d11ak7fd9ypfb7.cloudfront.net/styles1100px/C701BKR.jpg,,0.0,TRUE,InStock,0.58,,C701BKR42,,,,Size,DROP_DOWN,42,Color,DROP_DOWN,Black,,,,,,,,,,,,,Fit,<p>R</p>,Length,<p>43</p>,Width,<p>28</p>,Height,<p>52</p>,Box Quantity,<p>36</p>,Inner Pack Quantity,<p>1</p>,Country Of Origin,<p>BD</p>,Standards,<p></p>,,,,
C701,Variant,,"This garment portrays all the original styling of the modern-day work trouser. Constructed from our rugged, pre-shrunk Kingsmill fabric, the Combat Trouser is built to take on the toughest of jobs. Multiple utility pockets are featured with Hook and Loop flaps for added security.",https://d11ak7fd9ypfb7.cloudfront.net/styles1100px/C701BKR.jpg,,0.0,TRUE,InStock,0.58,,C701BKR44,,,,Size,DROP_DOWN,44,Color,DROP_DOWN,Black,,,,,,,,,,,,,Fit,<p>R</p>,Length,<p>43</p>,Width,<p>28</p>,Height,<p>52</p>,Box Quantity,<p>36</p>,Inner Pack Quantity,<p>1</p>,Country Of Origin,<p>BD</p>,Standards,<p></p>,,,,
C701,Variant,,"This garment portrays all the original styling of the modern-day work trouser. Constructed from our rugged, pre-shrunk Kingsmill fabric, the Combat Trouser is built to take on the toughest of jobs. Multiple utility pockets are featured with Hook and Loop flaps for added security.",https://d11ak7fd9ypfb7.cloudfront.net/styles1100px/C701BKR.jpg,,0.0,TRUE,InStock,0.58,,C701BKR46,,,,Size,DROP_DOWN,46,Color,DROP_DOWN,Black,,,,,,,,,,,,,Fit,<p>R</p>,Length,<p>43</p>,Width,<p>28</p>,Height,<p>52</p>,Box Quantity,<p>36</p>,Inner Pack Quantity,<p>1</p>,Country Of Origin,<p>BD</p>,Standards,<p></p>,,,,
C701,Variant,,"This garment portrays all the original styling of the modern-day work trouser. Constructed from our rugged, pre-shrunk Kingsmill fabric, the Combat Trouser is built to take on the toughest of jobs. Multiple utility pockets are featured with Hook and Loop flaps for added security.",https://d11ak7fd9ypfb7.cloudfront.net/styles1100px/C701BKR.jpg,,0.0,TRUE,InStock,0.6,,C701BKR48,,,,Size,DROP_DOWN,48,Color,DROP_DOWN,Black,,,,,,,,,,,,,Fit,<p>R</p>,Length,<p>43</p>,Width,<p>28</p>,Height,<p>52</p>,Box Quantity,<p>36</p>,Inner Pack Quantity,<p>1</p>,Country Of Origin,<p>BD</p>,Standards,<p></p>,,,,
C701,Variant,,"This garment portrays all the original styling of the modern-day work trouser. Constructed from our rugged, pre-shrunk Kingsmill fabric, the Combat Trouser is built to take on the toughest of jobs. Multiple utility pockets are featured with Hook and Loop flaps for added security.",https://d11ak7fd9ypfb7.cloudfront.net/styles1100px/C701BKT.jpg,,0.0,TRUE,InStock,0.48,,C701BKT30,,,,Size,DROP_DOWN,30,Color,DROP_DOWN,Black Tall,,,,,,,,,,,,,Fit,<p>T</p>,Length,<p>43</p>,Width,<p>28</p>,Height,<p>52</p>,Box Quantity,<p>36</p>,Inner Pack Quantity,<p>1</p>,Country Of Origin,<p>BD</p>,Standards,<p></p>,,,,
C701,Variant,,"This garment portrays all the original styling of the modern-day work trouser. Constructed from our rugged, pre-shrunk Kingsmill fabric, the Combat Trouser is built to take on the toughest of jobs. Multiple utility pockets are featured with Hook and Loop flaps for added security.",https://d11ak7fd9ypfb7.cloudfront.net/styles1100px/C701BKT.jpg,,0.0,TRUE,InStock,0.46,,C701BKT32,,,,Size,DROP_DOWN,32,Color,DROP_DOWN,Black Tall,,,,,,,,,,,,,Fit,<p>T</p>,Length,<p>43</p>,Width,<p>28</p>,Height,<p>52</p>,Box Quantity,<p>36</p>,Inner Pack Quantity,<p>1</p>,Country Of Origin,<p>BD</p>,Standards,<p></p>,,,,
C701,Variant,,"This garment portrays all the original styling of the modern-day work trouser. Constructed from our rugged, pre-shrunk Kingsmill fabric, the Combat Trouser is built to take on the toughest of jobs. Multiple utility pockets are featured with Hook and Loop flaps for added security.",https://d11ak7fd9ypfb7.cloudfront.net/styles1100px/C701BKT.jpg,,0.0,TRUE,InStock,0.52,,C701BKT34,,,,Size,DROP_DOWN,34,Color,DROP_DOWN,Black Tall,,,,,,,,,,,,,Fit,<p>T</p>,Length,<p>43</p>,Width,<p>28</p>,Height,<p>52</p>,Box Quantity,<p>36</p>,Inner Pack Quantity,<p>1</p>,Country Of Origin,<p>BD</p>,Standards,<p></p>,,,,
C701,Variant,,"This garment portrays all the original styling of the modern-day work trouser. Constructed from our rugged, pre-shrunk Kingsmill fabric, the Combat Trouser is built to take on the toughest of jobs. Multiple utility pockets are featured with Hook and Loop flaps for added security.",https://d11ak7fd9ypfb7.cloudfront.net/styles1100px/C701BKT.jpg,,0.0,TRUE,InStock,0.56,,C701BKT36,,,,Size,DROP_DOWN,36,Color,DROP_DOWN,Black Tall,,,,,,,,,,,,,Fit,<p>T</p>,Length,<p>43</p>,Width,<p>28</p>,Height,<p>52</p>,Box Quantity,<p>36</p>,Inner Pack Quantity,<p>1</p>,Country Of Origin,<p>BD</p>,Standards,<p></p>,,,,
C701,Variant,,"This garment portrays all the original styling of the modern-day work trouser. Constructed from our rugged, pre-shrunk Kingsmill fabric, the Combat Trouser is built to take on the toughest of jobs. Multiple utility pockets are featured with Hook and Loop flaps for added security.",https://d11ak7fd9ypfb7.cloudfront.net/styles1100px/C701BKT.jpg,,0.0,TRUE,InStock,0.54,,C701BKT38,,,,Size,DROP_DOWN,38,Color,DROP_DOWN,Black Tall,,,,,,,,,,,,,Fit,<p>T</p>,Length,<p>43</p>,Width,<p>28</p>,Height,<p>52</p>,Box Quantity,<p>36</p>,Inner Pack Quantity,<p>1</p>,Country Of Origin,<p>BD</p>,Standards,<p></p>,,,,
C701,Variant,,"This garment portrays all the original styling of the modern-day work trouser. Constructed from our rugged, pre-shrunk Kingsmill fabric, the Combat Trouser is built to take on the toughest of jobs. Multiple utility pockets are featured with Hook and Loop flaps for added security.",https://d11ak7fd9ypfb7.cloudfront.net/styles1100px/C701BKT.jpg,,0.0,TRUE,InStock,0.58,,C701BKT40,,,,Size,DROP_DOWN,40,Color,DROP_DOWN,Black Tall,,,,,,,,,,,,,Fit,<p>T</p>,Length,<p>43</p>,Width,<p>28</p>,Height,<p>52</p>,Box Quantity,<p>36</p>,Inner Pack Quantity,<p>1</p>,Country Of Origin,<p>BD</p>,Standards,<p></p>,,,,
C701,Variant,,"This garment portrays all the original styling of the modern-day work trouser. Constructed from our rugged, pre-shrunk Kingsmill fabric, the Combat Trouser is built to take on the toughest of jobs. Multiple utility pockets are featured with Hook and Loop flaps for added security.",https://d11ak7fd9ypfb7.cloudfront.net/styles1100px/C701BKT.jpg,,0.0,TRUE,InStock,0.58,,C701BKT42,,,,Size,DROP_DOWN,42,Color,DROP_DOWN,Black Tall,,,,,,,,,,,,,Fit,<p>T</p>,Length,<p>43</p>,Width,<p>28</p>,Height,<p>52</p>,Box Quantity,<p>36</p>,Inner Pack Quantity,<p>1</p>,Country Of Origin,<p>BD</p>,Standards,<p></p>,,,,
C701,Variant,,"This garment portrays all the original styling of the modern-day work trouser. Constructed from our rugged, pre-shrunk Kingsmill fabric, the Combat Trouser is built to take on the toughest of jobs. Multiple utility pockets are featured with Hook and Loop flaps for added security.",https://d11ak7fd9ypfb7.cloudfront.net/styles1100px/C701BKT.jpg,,0.0,TRUE,InStock,0.6,,C701BKT44,,,,Size,DROP_DOWN,44,Color,DROP_DOWN,Black Tall,,,,,,,,,,,,,Fit,<p>T</p>,Length,<p>43</p>,Width,<p>28</p>,Height,<p>52</p>,Box Quantity,<p>36</p>,Inner Pack Quantity,<p>1</p>,Country Of Origin,<p>BD</p>,Standards,<p></p>,,,,
C701,Variant,,"This garment portrays all the original styling of the modern-day work trouser. Constructed from our rugged, pre-shrunk Kingsmill fabric, the Combat Trouser is built to take on the toughest of jobs. Multiple utility pockets are featured with Hook and Loop flaps for added security.",https://d11ak7fd9ypfb7.cloudfront.net/styles1100px/C701BKT.jpg,,0.0,TRUE,InStock,0.6,,C701BKT46,,,,Size,DROP_DOWN,46,Color,DROP_DOWN,Black Tall,,,,,,,,,,,,,Fit,<p>T</p>,Length,<p>43</p>,Width,<p>28</p>,Height,<p>52</p>,Box Quantity,<p>36</p>,Inner Pack Quantity,<p>1</p>,Country Of Origin,<p>BD</p>,Standards,<p></p>,,,,
C701,Variant,,"This garment portrays all the original styling of the modern-day work trouser. Constructed from our rugged, pre-shrunk Kingsmill fabric, the Combat Trouser is built to take on the toughest of jobs. Multiple utility pockets are featured with Hook and Loop flaps for added security.",https://d11ak7fd9ypfb7.cloudfront.net/styles1100px/C701BKT.jpg,,0.0,TRUE,InStock,0.6,,C701BKT48,,,,Size,DROP_DOWN,48,Color,DROP_DOWN,Black Tall,,,,,,,,,,,,,Fit,<p>T</p>,Length,<p>43</p>,Width,<p>28</p>,Height,<p>52</p>,Box Quantity,<p>36</p>,Inner Pack Quantity,<p>1</p>,Country Of Origin,<p>BD</p>,Standards,<p></p>,,,,
C701,Variant,,"This garment portrays all the original styling of the modern-day work trouser. Constructed from our rugged, pre-shrunk Kingsmill fabric, the Combat Trouser is built to take on the toughest of jobs. Multiple utility pockets are featured with Hook and Loop flaps for added security.",https://d11ak7fd9ypfb7.cloudfront.net/styles1100px/C701NAR.jpg,,0.0,TRUE,InStock,0.5,,C701NAR30,,,,Size,DROP_DOWN,30,Color,DROP_DOWN,Navy,,,,,,,,,,,,,Fit,<p>R</p>,Length,<p>43</p>,Width,<p>28</p>,Height,<p>52</p>,Box Quantity,<p>36</p>,Inner Pack Quantity,<p>1</p>,Country Of Origin,<p>BD</p>,Standards,<p></p>,,,,
C701,Variant,,"This garment portrays all the original styling of the modern-day work trouser. Constructed from our rugged, pre-shrunk Kingsmill fabric, the Combat Trouser is built to take on the toughest of jobs. Multiple utility pockets are featured with Hook and Loop flaps for added security.",https://d11ak7fd9ypfb7.cloudfront.net/styles1100px/C701NAR.jpg,,0.0,TRUE,InStock,0.52,,C701NAR32,,,,Size,DROP_DOWN,32,Color,DROP_DOWN,Navy,,,,,,,,,,,,,Fit,<p>R</p>,Length,<p>43</p>,Width,<p>28</p>,Height,<p>52</p>,Box Quantity,<p>36</p>,Inner Pack Quantity,<p>1</p>,Country Of Origin,<p>BD</p>,Standards,<p></p>,,,,
C701,Variant,,"This garment portrays all the original styling of the modern-day work trouser. Constructed from our rugged, pre-shrunk Kingsmill fabric, the Combat Trouser is built to take on the toughest of jobs. Multiple utility pockets are featured with Hook and Loop flaps for added security.",https://d11ak7fd9ypfb7.cloudfront.net/styles1100px/C701NAR.jpg,,0.0,TRUE,InStock,0.52,,C701NAR34,,,,Size,DROP_DOWN,34,Color,DROP_DOWN,Navy,,,,,,,,,,,,,Fit,<p>R</p>,Length,<p>43</p>,Width,<p>28</p>,Height,<p>52</p>,Box Quantity,<p>36</p>,Inner Pack Quantity,<p>1</p>,Country Of Origin,<p>BD</p>,Standards,<p></p>,,,,
C701,Variant,,"This garment portrays all the original styling of the modern-day work trouser. Constructed from our rugged, pre-shrunk Kingsmill fabric, the Combat Trouser is built to take on the toughest of jobs. Multiple utility pockets are featured with Hook and Loop flaps for added security.",https://d11ak7fd9ypfb7.cloudfront.net/styles1100px/C701NAR.jpg,,0.0,TRUE,InStock,0.52,,C701NAR36,,,,Size,DROP_DOWN,36,Color,DROP_DOWN,Navy,,,,,,,,,,,,,Fit,<p>R</p>,Length,<p>43</p>,Width,<p>28</p>,Height,<p>52</p>,Box Quantity,<p>36</p>,Inner Pack Quantity,<p>1</p>,Country Of Origin,<p>BD</p>,Standards,<p></p>,,,,
C701,Variant,,"This garment portrays all the original styling of the modern-day work trouser. Constructed from our rugged, pre-shrunk Kingsmill fabric, the Combat Trouser is built to take on the toughest of jobs. Multiple utility pockets are featured with Hook and Loop flaps for added security.",https://d11ak7fd9ypfb7.cloudfront.net/styles1100px/C701NAR.jpg,,0.0,TRUE,InStock,0.56,,C701NAR38,,,,Size,DROP_DOWN,38,Color,DROP_DOWN,Navy,,,,,,,,,,,,,Fit,<p>R</p>,Length,<p>43</p>,Width,<p>28</p>,Height,<p>52</p>,Box Quantity,<p>36</p>,Inner Pack Quantity,<p>1</p>,Country Of Origin,<p>BD</p>,Standards,<p></p>,,,,
C701,Variant,,"This garment portrays all the original styling of the modern-day work trouser. Constructed from our rugged, pre-shrunk Kingsmill fabric, the Combat Trouser is built to take on the toughest of jobs. Multiple utility pockets are featured with Hook and Loop flaps for added security.",https://d11ak7fd9ypfb7.cloudfront.net/styles1100px/C701NAR.jpg,,0.0,TRUE,InStock,0.56,,C701NAR40,,,,Size,DROP_DOWN,40,Color,DROP_DOWN,Navy,,,,,,,,,,,,,Fit,<p>R</p>,Length,<p>43</p>,Width,<p>28</p>,Height,<p>52</p>,Box Quantity,<p>36</p>,Inner Pack Quantity,<p>1</p>,Country Of Origin,<p>BD</p>,Standards,<p></p>,,,,
C701,Variant,,"This garment portrays all the original styling of the modern-day work trouser. Constructed from our rugged, pre-shrunk Kingsmill fabric, the Combat Trouser is built to take on the toughest of jobs. Multiple utility pockets are featured with Hook and Loop flaps for added security.",https://d11ak7fd9ypfb7.cloudfront.net/styles1100px/C701NAR.jpg,,0.0,TRUE,InStock,0.58,,C701NAR42,,,,Size,DROP_DOWN,42,Color,DROP_DOWN,Navy,,,,,,,,,,,,,Fit,<p>R</p>,Length,<p>43</p>,Width,<p>28</p>,Height,<p>52</p>,Box Quantity,<p>36</p>,Inner Pack Quantity,<p>1</p>,Country Of Origin,<p>BD</p>,Standards,<p></p>,,,,
C701,Variant,,"This garment portrays all the original styling of the modern-day work trouser. Constructed from our rugged, pre-shrunk Kingsmill fabric, the Combat Trouser is built to take on the toughest of jobs. Multiple utility pockets are featured with Hook and Loop flaps for added security.",https://d11ak7fd9ypfb7.cloudfront.net/styles1100px/C701NAR.jpg,,0.0,TRUE,InStock,0.58,,C701NAR44,,,,Size,DROP_DOWN,44,Color,DROP_DOWN,Navy,,,,,,,,,,,,,Fit,<p>R</p>,Length,<p>43</p>,Width,<p>28</p>,Height,<p>52</p>,Box Quantity,<p>36</p>,Inner Pack Quantity,<p>1</p>,Country Of Origin,<p>BD</p>,Standards,<p></p>,,,,
C701,Variant,,"This garment portrays all the original styling of the modern-day work trouser. Constructed from our rugged, pre-shrunk Kingsmill fabric, the Combat Trouser is built to take on the toughest of jobs. Multiple utility pockets are featured with Hook and Loop flaps for added security.",https://d11ak7fd9ypfb7.cloudfront.net/styles1100px/C701NAR.jpg,,0.0,TRUE,InStock,0.58,,C701NAR46,,,,Size,DROP_DOWN,46,Color,DROP_DOWN,Navy,,,,,,,,,,,,,Fit,<p>R</p>,Length,<p>43</p>,Width,<p>28</p>,Height,<p>52</p>,Box Quantity,<p>36</p>,Inner Pack Quantity,<p>1</p>,Country Of Origin,<p>BD</p>,Standards,<p></p>,,,,
C701,Variant,,"This garment portrays all the original styling of the modern-day work trouser. Constructed from our rugged, pre-shrunk Kingsmill fabric, the Combat Trouser is built to take on the toughest of jobs. Multiple utility pockets are featured with Hook and Loop flaps for added security.",https://d11ak7fd9ypfb7.cloudfront.net/styles1100px/C701NAR.jpg,,0.0,TRUE,InStock,0.6,,C701NAR48,,,,Size,DROP_DOWN,48,Color,DROP_DOWN,Navy,,,,,,,,,,,,,Fit,<p>R</p>,Length,<p>43</p>,Width,<p>28</p>,Height,<p>52</p>,Box Quantity,<p>36</p>,Inner Pack Quantity,<p>1</p>,Country Of Origin,<p>BD</p>,Standards,<p></p>,,,,
C701,Variant,,"This garment portrays all the original styling of the modern-day work trouser. Constructed from our rugged, pre-shrunk Kingsmill fabric, the Combat Trouser is built to take on the toughest of jobs. Multiple utility pockets are featured with Hook and Loop flaps for added security.",https://d11ak7fd9ypfb7.cloudfront.net/styles1100px/C701NAR.jpg,,0.0,TRUE,InStock,0.6,,C701NAR50,,,,Size,DROP_DOWN,50,Color,DROP_DOWN,Navy,,,,,,,,,,,,,Fit,<p>R</p>,Length,<p>43</p>,Width,<p>28</p>,Height,<p>52</p>,Box Quantity,<p>36</p>,Inner Pack Quantity,<p>1</p>,Country Of Origin,<p>BD</p>,Standards,<p></p>,,,,
C701,Variant,,"This garment portrays all the original styling of the modern-day work trouser. Constructed from our rugged, pre-shrunk Kingsmill fabric, the Combat Trouser is built to take on the toughest of jobs. Multiple utility pockets are featured with Hook and Loop flaps for added security.",https://d11ak7fd9ypfb7.cloudfront.net/styles1100px/C701NAR.jpg,,0.0,TRUE,InStock,0.64,,C701NAR52,,,,Size,DROP_DOWN,52,Color,DROP_DOWN,Navy,,,,,,,,,,,,,Fit,<p>R</p>,Length,<p>43</p>,Width,<p>28</p>,Height,<p>52</p>,Box Quantity,<p>36</p>,Inner Pack Quantity,<p>1</p>,Country Of Origin,<p>BD</p>,Standards,<p></p>,,,,
C701,Variant,,"This garment portrays all the original styling of the modern-day work trouser. Constructed from our rugged, pre-shrunk Kingsmill fabric, the Combat Trouser is built to take on the toughest of jobs. Multiple utility pockets are featured with Hook and Loop flaps for added security.",https://d11ak7fd9ypfb7.cloudfront.net/styles1100px/C701NAT.jpg,,0.0,TRUE,InStock,0.48,,C701NAT30,,,,Size,DROP_DOWN,30,Color,DROP_DOWN,Navy Tall,,,,,,,,,,,,,Fit,<p>T</p>,Length,<p>43</p>,Width,<p>28</p>,Height,<p>52</p>,Box Quantity,<p>36</p>,Inner Pack Quantity,<p>1</p>,Country Of Origin,<p>BD</p>,Standards,<p></p>,,,,
C701,Variant,,"This garment portrays all the original styling of the modern-day work trouser. Constructed from our rugged, pre-shrunk Kingsmill fabric, the Combat Trouser is built to take on the toughest of jobs. Multiple utility pockets are featured with Hook and Loop flaps for added security.",https://d11ak7fd9ypfb7.cloudfront.net/styles1100px/C701NAT.jpg,,0.0,TRUE,InStock,0.5,,C701NAT32,,,,Size,DROP_DOWN,32,Color,DROP_DOWN,Navy Tall,,,,,,,,,,,,,Fit,<p>T</p>,Length,<p>43</p>,Width,<p>28</p>,Height,<p>52</p>,Box Quantity,<p>36</p>,Inner Pack Quantity,<p>1</p>,Country Of Origin,<p>BD</p>,Standards,<p></p>,,,,
C701,Variant,,"This garment portrays all the original styling of the modern-day work trouser. Constructed from our rugged, pre-shrunk Kingsmill fabric, the Combat Trouser is built to take on the toughest of jobs. Multiple utility pockets are featured with Hook and Loop flaps for added security.",https://d11ak7fd9ypfb7.cloudfront.net/styles1100px/C701NAT.jpg,,0.0,TRUE,InStock,0.52,,C701NAT34,,,,Size,DROP_DOWN,34,Color,DROP_DOWN,Navy Tall,,,,,,,,,,,,,Fit,<p>T</p>,Length,<p>43</p>,Width,<p>28</p>,Height,<p>52</p>,Box Quantity,<p>36</p>,Inner Pack Quantity,<p>1</p>,Country Of Origin,<p>BD</p>,Standards,<p></p>,,,,
C701,Variant,,"This garment portrays all the original styling of the modern-day work trouser. Constructed from our rugged, pre-shrunk Kingsmill fabric, the Combat Trouser is built to take on the toughest of jobs. Multiple utility pockets are featured with Hook and Loop flaps for added security.",https://d11ak7fd9ypfb7.cloudfront.net/styles1100px/C701NAT.jpg,,0.0,TRUE,InStock,0.56,,C701NAT36,,,,Size,DROP_DOWN,36,Color,DROP_DOWN,Navy Tall,,,,,,,,,,,,,Fit,<p>T</p>,Length,<p>43</p>,Width,<p>28</p>,Height,<p>52</p>,Box Quantity,<p>36</p>,Inner Pack Quantity,<p>1</p>,Country Of Origin,<p>BD</p>,Standards,<p></p>,,,,
C701,Variant,,"This garment portrays all the original styling of the modern-day work trouser. Constructed from our rugged, pre-shrunk Kingsmill fabric, the Combat Trouser is built to take on the toughest of jobs. Multiple utility pockets are featured with Hook and Loop flaps for added security.",https://d11ak7fd9ypfb7.cloudfront.net/styles1100px/C701NAT.jpg,,0.0,TRUE,InStock,0.54,,C701NAT38,,,,Size,DROP_DOWN,38,Color,DROP_DOWN,Navy Tall,,,,,,,,,,,,,Fit,<p>T</p>,Length,<p>43</p>,Width,<p>28</p>,Height,<p>52</p>,Box Quantity,<p>36</p>,Inner Pack Quantity,<p>1</p>,Country Of Origin,<p>BD</p>,Standards,<p></p>,,,,
C701,Variant,,"This garment portrays all the original styling of the modern-day work trouser. Constructed from our rugged, pre-shrunk Kingsmill fabric, the Combat Trouser is built to take on the toughest of jobs. Multiple utility pockets are featured with Hook and Loop flaps for added security.",https://d11ak7fd9ypfb7.cloudfront.net/styles1100px/C701NAT.jpg,,0.0,TRUE,InStock,0.58,,C701NAT40,,,,Size,DROP_DOWN,40,Color,DROP_DOWN,Navy Tall,,,,,,,,,,,,,Fit,<p>T</p>,Length,<p>43</p>,Width,<p>28</p>,Height,<p>52</p>,Box Quantity,<p>36</p>,Inner Pack Quantity,<p>1</p>,Country Of Origin,<p>BD</p>,Standards,<p></p>,,,,
C701,Variant,,"This garment portrays all the original styling of the modern-day work trouser. Constructed from our rugged, pre-shrunk Kingsmill fabric, the Combat Trouser is built to take on the toughest of jobs. Multiple utility pockets are featured with Hook and Loop flaps for added security.",https://d11ak7fd9ypfb7.cloudfront.net/styles1100px/C701NAT.jpg,,0.0,TRUE,InStock,0.58,,C701NAT42,,,,Size,DROP_DOWN,42,Color,DROP_DOWN,Navy Tall,,,,,,,,,,,,,Fit,<p>T</p>,Length,<p>43</p>,Width,<p>28</p>,Height,<p>52</p>,Box Quantity,<p>36</p>,Inner Pack Quantity,<p>1</p>,Country Of Origin,<p>BD</p>,Standards,<p></p>,,,,
C701,Variant,,"This garment portrays all the original styling of the modern-day work trouser. Constructed from our rugged, pre-shrunk Kingsmill fabric, the Combat Trouser is built to take on the toughest of jobs. Multiple utility pockets are featured with Hook and Loop flaps for added security.",https://d11ak7fd9ypfb7.cloudfront.net/styles1100px/C701NAT.jpg,,0.0,TRUE,InStock,0.6,,C701NAT44,,,,Size,DROP_DOWN,44,Color,DROP_DOWN,Navy Tall,,,,,,,,,,,,,Fit,<p>T</p>,Length,<p>43</p>,Width,<p>28</p>,Height,<p>52</p>,Box Quantity,<p>36</p>,Inner Pack Quantity,<p>1</p>,Country Of Origin,<p>BD</p>,Standards,<p></p>,,,,
C701,Variant,,"This garment portrays all the original styling of the modern-day work trouser. Constructed from our rugged, pre-shrunk Kingsmill fabric, the Combat Trouser is built to take on the toughest of jobs. Multiple utility pockets are featured with Hook and Loop flaps for added security.",https://d11ak7fd9ypfb7.cloudfront.net/styles1100px/C701NAT.jpg,,0.0,TRUE,InStock,0.6,,C701NAT46,,,,Size,DROP_DOWN,46,Color,DROP_DOWN,Navy Tall,,,,,,,,,,,,,Fit,<p>T</p>,Length,<p>43</p>,Width,<p>28</p>,Height,<p>52</p>,Box Quantity,<p>36</p>,Inner Pack Quantity,<p>1</p>,Country Of Origin,<p>BD</p>,Standards,<p></p>,,,,
C701,Variant,,"This garment portrays all the original styling of the modern-day work trouser. Constructed from our rugged, pre-shrunk Kingsmill fabric, the Combat Trouser is built to take on the toughest of jobs. Multiple utility pockets are featured with Hook and Loop flaps for added security.",https://d11ak7fd9ypfb7.cloudfront.net/styles1100px/C701NAT.jpg,,0.0,TRUE,InStock,0.6,,C701NAT48,,,,Size,DROP_DOWN,48,Color,DROP_DOWN,Navy Tall,,,,,,,,,,,,,Fit,<p>T</p>,Length,<p>43</p>,Width,<p>28</p>,Height,<p>52</p>,Box Quantity,<p>36</p>,Inner Pack Quantity,<p>1</p>,Country Of Origin,<p>BD</p>,Standards,<p></p>,,,,
C813,Product,C813 - Liverpool Zipper Coverall,"The pre-shrunk, top quality fabric contributes to the professional appearance of this garment. Various pockets and a hammer loop complement the all-purpose styling.",https://d11ak7fd9ypfb7.cloudfront.net/styles1100px/C813BKR.jpg,43.3,0.0,TRUE,InStock,0.905,,C813BKRL,,,,Size,DROP_DOWN,S;M;L;XL;XXL;XXXL;4XL;5XL;6XL,Color,DROP_DOWN,Royal Blue;Navy Tall;Navy;Graphite Grey;Red;Orange;Black,,,,,,,,,,,,,Fit,<p>R</p>,Length,<p>43</p>,Width,<p>28</p>,Height,<p>58</p>,Box Quantity,<p>24</p>,Inner Pack Quantity,<p>1</p>,Country Of Origin,<p>BD</p>,Standards,<p></p>,,,,
C813,Variant,,"The pre-shrunk, top quality fabric contributes to the professional appearance of this garment. Various pockets and a hammer loop complement the all-purpose styling.",https://d11ak7fd9ypfb7.cloudfront.net/styles1100px/C813BKR.jpg,,0.0,TRUE,InStock,0.905,,C813BKRL,,,,Size,DROP_DOWN,L,Color,DROP_DOWN,Black,,,,,,,,,,,,,Fit,<p>R</p>,Length,<p>43</p>,Width,<p>28</p>,Height,<p>58</p>,Box Quantity,<p>24</p>,Inner Pack Quantity,<p>1</p>,Country Of Origin,<p>BD</p>,Standards,<p></p>,,,,
C813,Variant,,"The pre-shrunk, top quality fabric contributes to the professional appearance of this garment. Various pockets and a hammer loop complement the all-purpose styling.",https://d11ak7fd9ypfb7.cloudfront.net/styles1100px/C813BKR.jpg,,0.0,TRUE,InStock,0.865,,C813BKRM,,,,Size,DROP_DOWN,M,Color,DROP_DOWN,Black,,,,,,,,,,,,,Fit,<p>R</p>,Length,<p>43</p>,Width,<p>28</p>,Height,<p>58</p>,Box Quantity,<p>24</p>,Inner Pack Quantity,<p>1</p>,Country Of Origin,<p>BD</p>,Standards,<p></p>,,,,
C813,Variant,,"The pre-shrunk, top quality fabric contributes to the professional appearance of this garment. Various pockets and a hammer loop complement the all-purpose styling.",https://d11ak7fd9ypfb7.cloudfront.net/styles1100px/C813BKR.jpg,,0.0,TRUE,InStock,0.825,,C813BKRS,,,,Size,DROP_DOWN,S,Color,DROP_DOWN,Black,,,,,,,,,,,,,Fit,<p>R</p>,Length,<p>43</p>,Width,<p>28</p>,Height,<p>58</p>,Box Quantity,<p>24</p>,Inner Pack Quantity,<p>1</p>,Country Of Origin,<p>BD</p>,Standards,<p></p>,,,,
C813,Variant,,"The pre-shrunk, top quality fabric contributes to the professional appearance of this garment. Various pockets and a hammer loop complement the all-purpose styling.",https://d11ak7fd9ypfb7.cloudfront.net/styles1100px/C813BKR.jpg,,0.0,TRUE,InStock,0.93,,C813BKRXL,,,,Size,DROP_DOWN,XL,Color,DROP_DOWN,Black,,,,,,,,,,,,,Fit,<p>R</p>,Length,<p>43</p>,Width,<p>28</p>,Height,<p>58</p>,Box Quantity,<p>24</p>,Inner Pack Quantity,<p>1</p>,Country Of Origin,<p>BD</p>,Standards,<p></p>,,,,
C813,Variant,,"The pre-shrunk, top quality fabric contributes to the professional appearance of this garment. Various pockets and a hammer loop complement the all-purpose styling.",https://d11ak7fd9ypfb7.cloudfront.net/styles1100px/C813BKR.jpg,,0.0,TRUE,InStock,0.965,,C813BKRXXL,,,,Size,DROP_DOWN,XXL,Color,DROP_DOWN,Black,,,,,,,,,,,,,Fit,<p>R</p>,Length,<p>43</p>,Width,<p>28</p>,Height,<p>58</p>,Box Quantity,<p>24</p>,Inner Pack Quantity,<p>1</p>,Country Of Origin,<p>BD</p>,Standards,<p></p>,,,,
C813,Variant,,"The pre-shrunk, top quality fabric contributes to the professional appearance of this garment. Various pockets and a hammer loop complement the all-purpose styling.",https://d11ak7fd9ypfb7.cloudfront.net/styles1100px/C813BKR.jpg,,0.0,TRUE,InStock,1.015,,C813BKRXXXL,,,,Size,DROP_DOWN,XXXL,Color,DROP_DOWN,Black,,,,,,,,,,,,,Fit,<p>R</p>,Length,<p>43</p>,Width,<p>28</p>,Height,<p>58</p>,Box Quantity,<p>24</p>,Inner Pack Quantity,<p>1</p>,Country Of Origin,<p>BD</p>,Standards,<p></p>,,,,
C813,Variant,,"The pre-shrunk, top quality fabric contributes to the professional appearance of this garment. Various pockets and a hammer loop complement the all-purpose styling.",https://d11ak7fd9ypfb7.cloudfront.net/styles1100px/C813GGR.jpg,,0.0,TRUE,InStock,0.905,,C813GGRL,,,,Size,DROP_DOWN,L,Color,DROP_DOWN,Graphite Grey,,,,,,,,,,,,,Fit,<p>R</p>,Length,<p>43</p>,Width,<p>28</p>,Height,<p>58</p>,Box Quantity,<p>24</p>,Inner Pack Quantity,<p>1</p>,Country Of Origin,<p>BD</p>,Standards,<p></p>,,,,
C813,Variant,,"The pre-shrunk, top quality fabric contributes to the professional appearance of this garment. Various pockets and a hammer loop complement the all-purpose styling.",https://d11ak7fd9ypfb7.cloudfront.net/styles1100px/C813GGR.jpg,,0.0,TRUE,InStock,0.865,,C813GGRM,,,,Size,DROP_DOWN,M,Color,DROP_DOWN,Graphite Grey,,,,,,,,,,,,,Fit,<p>R</p>,Length,<p>43</p>,Width,<p>28</p>,Height,<p>58</p>,Box Quantity,<p>24</p>,Inner Pack Quantity,<p>1</p>,Country Of Origin,<p>BD</p>,Standards,<p></p>,,,,
C813,Variant,,"The pre-shrunk, top quality fabric contributes to the professional appearance of this garment. Various pockets and a hammer loop complement the all-purpose styling.",https://d11ak7fd9ypfb7.cloudfront.net/styles1100px/C813GGR.jpg,,0.0,TRUE,InStock,0.825,,C813GGRS,,,,Size,DROP_DOWN,S,Color,DROP_DOWN,Graphite Grey,,,,,,,,,,,,,Fit,<p>R</p>,Length,<p>43</p>,Width,<p>28</p>,Height,<p>58</p>,Box Quantity,<p>24</p>,Inner Pack Quantity,<p>1</p>,Country Of Origin,<p>BD</p>,Standards,<p></p>,,,,
C813,Variant,,"The pre-shrunk, top quality fabric contributes to the professional appearance of this garment. Various pockets and a hammer loop complement the all-purpose styling.",https://d11ak7fd9ypfb7.cloudfront.net/styles1100px/C813GGR.jpg,,0.0,TRUE,InStock,0.93,,C813GGRXL,,,,Size,DROP_DOWN,XL,Color,DROP_DOWN,Graphite Grey,,,,,,,,,,,,,Fit,<p>R</p>,Length,<p>43</p>,Width,<p>28</p>,Height,<p>58</p>,Box Quantity,<p>24</p>,Inner Pack Quantity,<p>1</p>,Country Of Origin,<p>BD</p>,Standards,<p></p>,,,,
C813,Variant,,"The pre-shrunk, top quality fabric contributes to the professional appearance of this garment. Various pockets and a hammer loop complement the all-purpose styling.",https://d11ak7fd9ypfb7.cloudfront.net/styles1100px/C813GGR.jpg,,0.0,TRUE,InStock,0.965,,C813GGRXXL,,,,Size,DROP_DOWN,XXL,Color,DROP_DOWN,Graphite Grey,,,,,,,,,,,,,Fit,<p>R</p>,Length,<p>43</p>,Width,<p>28</p>,Height,<p>58</p>,Box Quantity,<p>24</p>,Inner Pack Quantity,<p>1</p>,Country Of Origin,<p>BD</p>,Standards,<p></p>,,,,
C813,Variant,,"The pre-shrunk, top quality fabric contributes to the professional appearance of this garment. Various pockets and a hammer loop complement the all-purpose styling.",https://d11ak7fd9ypfb7.cloudfront.net/styles1100px/C813NAR.jpg,,0.0,TRUE,InStock,1.06,,C813NAR4XL,,,,Size,DROP_DOWN,4XL,Color,DROP_DOWN,Navy,,,,,,,,,,,,,Fit,<p>R</p>,Length,<p>43</p>,Width,<p>28</p>,Height,<p>58</p>,Box Quantity,<p>24</p>,Inner Pack Quantity,<p>1</p>,Country Of Origin,<p>BD</p>,Standards,<p></p>,,,,
C813,Variant,,"The pre-shrunk, top quality fabric contributes to the professional appearance of this garment. Various pockets and a hammer loop complement the all-purpose styling.",https://d11ak7fd9ypfb7.cloudfront.net/styles1100px/C813NAR.jpg,,0.0,TRUE,InStock,1.11,,C813NAR5XL,,,,Size,DROP_DOWN,5XL,Color,DROP_DOWN,Navy,,,,,,,,,,,,,Fit,<p>R</p>,Length,<p>43</p>,Width,<p>28</p>,Height,<p>58</p>,Box Quantity,<p>24</p>,Inner Pack Quantity,<p>1</p>,Country Of Origin,<p>BD</p>,Standards,<p></p>,,,,
C813,Variant,,"The pre-shrunk, top quality fabric contributes to the professional appearance of this garment. Various pockets and a hammer loop complement the all-purpose styling.",https://d11ak7fd9ypfb7.cloudfront.net/styles1100px/C813NAR.jpg,,0.0,TRUE,InStock,1.15,,C813NAR6XL,,,,Size,DROP_DOWN,6XL,Color,DROP_DOWN,Navy,,,,,,,,,,,,,Fit,<p>R</p>,Length,<p>43</p>,Width,<p>28</p>,Height,<p>58</p>,Box Quantity,<p>24</p>,Inner Pack Quantity,<p>1</p>,Country Of Origin,<p>BD</p>,Standards,<p></p>,,,,
C813,Variant,,"The pre-shrunk, top quality fabric contributes to the professional appearance of this garment. Various pockets and a hammer loop complement the all-purpose styling.",https://d11ak7fd9ypfb7.cloudfront.net/styles1100px/C813NAR.jpg,,0.0,TRUE,InStock,0.905,,C813NARL,,,,Size,DROP_DOWN,L,Color,DROP_DOWN,Navy,,,,,,,,,,,,,Fit,<p>R</p>,Length,<p>43</p>,Width,<p>28</p>,Height,<p>58</p>,Box Quantity,<p>24</p>,Inner Pack Quantity,<p>1</p>,Country Of Origin,<p>BD</p>,Standards,<p></p>,,,,
C813,Variant,,"The pre-shrunk, top quality fabric contributes to the professional appearance of this garment. Various pockets and a hammer loop complement the all-purpose styling.",https://d11ak7fd9ypfb7.cloudfront.net/styles1100px/C813NAR.jpg,,0.0,TRUE,InStock,0.865,,C813NARM,,,,Size,DROP_DOWN,M,Color,DROP_DOWN,Navy,,,,,,,,,,,,,Fit,<p>R</p>,Length,<p>43</p>,Width,<p>28</p>,Height,<p>58</p>,Box Quantity,<p>24</p>,Inner Pack Quantity,<p>1</p>,Country Of Origin,<p>BD</p>,Standards,<p></p>,,,,
C813,Variant,,"The pre-shrunk, top quality fabric contributes to the professional appearance of this garment. Various pockets and a hammer loop complement the all-purpose styling.",https://d11ak7fd9ypfb7.cloudfront.net/styles1100px/C813NAR.jpg,,0.0,TRUE,InStock,0.825,,C813NARS,,,,Size,DROP_DOWN,S,Color,DROP_DOWN,Navy,,,,,,,,,,,,,Fit,<p>R</p>,Length,<p>43</p>,Width,<p>28</p>,Height,<p>58</p>,Box Quantity,<p>24</p>,Inner Pack Quantity,<p>1</p>,Country Of Origin,<p>BD</p>,Standards,<p></p>,,,,
C813,Variant,,"The pre-shrunk, top quality fabric contributes to the professional appearance of this garment. Various pockets and a hammer loop complement the all-purpose styling.",https://d11ak7fd9ypfb7.cloudfront.net/styles1100px/C813NAR.jpg,,0.0,TRUE,InStock,0.93,,C813NARXL,,,,Size,DROP_DOWN,XL,Color,DROP_DOWN,Navy,,,,,,,,,,,,,Fit,<p>R</p>,Length,<p>43</p>,Width,<p>28</p>,Height,<p>58</p>,Box Quantity,<p>24</p>,Inner Pack Quantity,<p>1</p>,Country Of Origin,<p>BD</p>,Standards,<p></p>,,,,
C813,Variant,,"The pre-shrunk, top quality fabric contributes to the professional appearance of this garment. Various pockets and a hammer loop complement the all-purpose styling.",https://d11ak7fd9ypfb7.cloudfront.net/styles1100px/C813NAR.jpg,,0.0,TRUE,InStock,0.965,,C813NARXXL,,,,Size,DROP_DOWN,XXL,Color,DROP_DOWN,Navy,,,,,,,,,,,,,Fit,<p>R</p>,Length,<p>43</p>,Width,<p>28</p>,Height,<p>58</p>,Box Quantity,<p>24</p>,Inner Pack Quantity,<p>1</p>,Country Of Origin,<p>BD</p>,Standards,<p></p>,,,,
C813,Variant,,"The pre-shrunk, top quality fabric contributes to the professional appearance of this garment. Various pockets and a hammer loop complement the all-purpose styling.",https://d11ak7fd9ypfb7.cloudfront.net/styles1100px/C813NAR.jpg,,0.0,TRUE,InStock,1.015,,C813NARXXXL,,,,Size,DROP_DOWN,XXXL,Color,DROP_DOWN,Navy,,,,,,,,,,,,,Fit,<p>R</p>,Length,<p>43</p>,Width,<p>28</p>,Height,<p>58</p>,Box Quantity,<p>24</p>,Inner Pack Quantity,<p>1</p>,Country Of Origin,<p>BD</p>,Standards,<p></p>,,,,
C813,Variant,,"The pre-shrunk, top quality fabric contributes to the professional appearance of this garment. Various pockets and a hammer loop complement the all-purpose styling.",https://d11ak7fd9ypfb7.cloudfront.net/styles1100px/C813NAT.jpg,,0.0,TRUE,InStock,0.915,,C813NATL,,,,Size,DROP_DOWN,L,Color,DROP_DOWN,Navy Tall,,,,,,,,,,,,,Fit,<p>T</p>,Length,<p>43</p>,Width,<p>28</p>,Height,<p>58</p>,Box Quantity,<p>24</p>,Inner Pack Quantity,<p>1</p>,Country Of Origin,<p>BD</p>,Standards,<p></p>,,,,
C813,Variant,,"The pre-shrunk, top quality fabric contributes to the professional appearance of this garment. Various pockets and a hammer loop complement the all-purpose styling.",https://d11ak7fd9ypfb7.cloudfront.net/styles1100px/C813NAT.jpg,,0.0,TRUE,InStock,0.875,,C813NATM,,,,Size,DROP_DOWN,M,Color,DROP_DOWN,Navy Tall,,,,,,,,,,,,,Fit,<p>T</p>,Length,<p>43</p>,Width,<p>28</p>,Height,<p>58</p>,Box Quantity,<p>24</p>,Inner Pack Quantity,<p>1</p>,Country Of Origin,<p>BD</p>,Standards,<p></p>,,,,
C813,Variant,,"The pre-shrunk, top quality fabric contributes to the professional appearance of this garment. Various pockets and a hammer loop complement the all-purpose styling.",https://d11ak7fd9ypfb7.cloudfront.net/styles1100px/C813NAT.jpg,,0.0,TRUE,InStock,0.94,,C813NATXL,,,,Size,DROP_DOWN,XL,Color,DROP_DOWN,Navy Tall,,,,,,,,,,,,,Fit,<p>T</p>,Length,<p>43</p>,Width,<p>28</p>,Height,<p>58</p>,Box Quantity,<p>24</p>,Inner Pack Quantity,<p>1</p>,Country Of Origin,<p>BD</p>,Standards,<p></p>,,,,
C813,Variant,,"The pre-shrunk, top quality fabric contributes to the professional appearance of this garment. Various pockets and a hammer loop complement the all-purpose styling.",https://d11ak7fd9ypfb7.cloudfront.net/styles1100px/C813NAT.jpg,,0.0,TRUE,InStock,0.975,,C813NATXXL,,,,Size,DROP_DOWN,XXL,Color,DROP_DOWN,Navy Tall,,,,,,,,,,,,,Fit,<p>T</p>,Length,<p>43</p>,Width,<p>28</p>,Height,<p>58</p>,Box Quantity,<p>24</p>,Inner Pack Quantity,<p>1</p>,Country Of Origin,<p>BD</p>,Standards,<p></p>,,,,
C813,Variant,,"The pre-shrunk, top quality fabric contributes to the professional appearance of this garment. Various pockets and a hammer loop complement the all-purpose styling.",https://d11ak7fd9ypfb7.cloudfront.net/styles1100px/C813NAT.jpg,,0.0,TRUE,InStock,1.025,,C813NATXXXL,,,,Size,DROP_DOWN,XXXL,Color,DROP_DOWN,Navy Tall,,,,,,,,,,,,,Fit,<p>T</p>,Length,<p>43</p>,Width,<p>28</p>,Height,<p>58</p>,Box Quantity,<p>24</p>,Inner Pack Quantity,<p>1</p>,Country Of Origin,<p>BD</p>,Standards,<p></p>,,,,
C813,Variant,,"The pre-shrunk, top quality fabric contributes to the professional appearance of this garment. Various pockets and a hammer loop complement the all-purpose styling.",https://d11ak7fd9ypfb7.cloudfront.net/styles1100px/C813ORR.jpg,,0.0,TRUE,InStock,0.905,,C813ORRL,,,,Size,DROP_DOWN,L,Color,DROP_DOWN,Orange,,,,,,,,,,,,,Fit,<p>R</p>,Length,<p>43</p>,Width,<p>28</p>,Height,<p>58</p>,Box Quantity,<p>24</p>,Inner Pack Quantity,<p>1</p>,Country Of Origin,<p>BD</p>,Standards,<p></p>,,,,
C813,Variant,,"The pre-shrunk, top quality fabric contributes to the professional appearance of this garment. Various pockets and a hammer loop complement the all-purpose styling.",https://d11ak7fd9ypfb7.cloudfront.net/styles1100px/C813ORR.jpg,,0.0,TRUE,InStock,0.865,,C813ORRM,,,,Size,DROP_DOWN,M,Color,DROP_DOWN,Orange,,,,,,,,,,,,,Fit,<p>R</p>,Length,<p>43</p>,Width,<p>28</p>,Height,<p>58</p>,Box Quantity,<p>24</p>,Inner Pack Quantity,<p>1</p>,Country Of Origin,<p>BD</p>,Standards,<p></p>,,,,
C813,Variant,,"The pre-shrunk, top quality fabric contributes to the professional appearance of this garment. Various pockets and a hammer loop complement the all-purpose styling.",https://d11ak7fd9ypfb7.cloudfront.net/styles1100px/C813ORR.jpg,,0.0,TRUE,InStock,0.825,,C813ORRS,,,,Size,DROP_DOWN,S,Color,DROP_DOWN,Orange,,,,,,,,,,,,,Fit,<p>R</p>,Length,<p>43</p>,Width,<p>28</p>,Height,<p>58</p>,Box Quantity,<p>24</p>,Inner Pack Quantity,<p>1</p>,Country Of Origin,<p>BD</p>,Standards,<p></p>,,,,
C813,Variant,,"The pre-shrunk, top quality fabric contributes to the professional appearance of this garment. Various pockets and a hammer loop complement the all-purpose styling.",https://d11ak7fd9ypfb7.cloudfront.net/styles1100px/C813ORR.jpg,,0.0,TRUE,InStock,0.93,,C813ORRXL,,,,Size,DROP_DOWN,XL,Color,DROP_DOWN,Orange,,,,,,,,,,,,,Fit,<p>R</p>,Length,<p>43</p>,Width,<p>28</p>,Height,<p>58</p>,Box Quantity,<p>24</p>,Inner Pack Quantity,<p>1</p>,Country Of Origin,<p>BD</p>,Standards,<p></p>,,,,
C813,Variant,,"The pre-shrunk, top quality fabric contributes to the professional appearance of this garment. Various pockets and a hammer loop complement the all-purpose styling.",https://d11ak7fd9ypfb7.cloudfront.net/styles1100px/C813ORR.jpg,,0.0,TRUE,InStock,0.965,,C813ORRXXL,,,,Size,DROP_DOWN,XXL,Color,DROP_DOWN,Orange,,,,,,,,,,,,,Fit,<p>R</p>,Length,<p>43</p>,Width,<p>28</p>,Height,<p>58</p>,Box Quantity,<p>24</p>,Inner Pack Quantity,<p>1</p>,Country Of Origin,<p>BD</p>,Standards,<p></p>,,,,
C813,Variant,,"The pre-shrunk, top quality fabric contributes to the professional appearance of this garment. Various pockets and a hammer loop complement the all-purpose styling.",https://d11ak7fd9ypfb7.cloudfront.net/styles1100px/C813RBR.jpg,,0.0,TRUE,InStock,0.9,,C813RBRL,,,,Size,DROP_DOWN,L,Color,DROP_DOWN,Royal Blue,,,,,,,,,,,,,Fit,<p>R</p>,Length,<p>43</p>,Width,<p>28</p>,Height,<p>58</p>,Box Quantity,<p>24</p>,Inner Pack Quantity,<p>1</p>,Country Of Origin,<p>BD</p>,Standards,<p></p>,,,,
C813,Variant,,"The pre-shrunk, top quality fabric contributes to the professional appearance of this garment. Various pockets and a hammer loop complement the all-purpose styling.",https://d11ak7fd9ypfb7.cloudfront.net/styles1100px/C813RBR.jpg,,0.0,TRUE,InStock,0.93,,C813RBRXL,,,,Size,DROP_DOWN,XL,Color,DROP_DOWN,Royal Blue,,,,,,,,,,,,,Fit,<p>R</p>,Length,<p>43</p>,Width,<p>28</p>,Height,<p>58</p>,Box Quantity,<p>24</p>,Inner Pack Quantity,<p>1</p>,Country Of Origin,<p>BD</p>,Standards,<p></p>,,,,
C813,Variant,,"The pre-shrunk, top quality fabric contributes to the professional appearance of this garment. Various pockets and a hammer loop complement the all-purpose styling.",https://d11ak7fd9ypfb7.cloudfront.net/styles1100px/C813RBR.jpg,,0.0,TRUE,InStock,0.965,,C813RBRXXL,,,,Size,DROP_DOWN,XXL,Color,DROP_DOWN,Royal Blue,,,,,,,,,,,,,Fit,<p>R</p>,Length,<p>43</p>,Width,<p>28</p>,Height,<p>58</p>,Box Quantity,<p>24</p>,Inner Pack Quantity,<p>1</p>,Country Of Origin,<p>BD</p>,Standards,<p></p>,,,,
C813,Variant,,"The pre-shrunk, top quality fabric contributes to the professional appearance of this garment. Various pockets and a hammer loop complement the all-purpose styling.",https://d11ak7fd9ypfb7.cloudfront.net/styles1100px/C813RBR.jpg,,0.0,TRUE,InStock,1.015,,C813RBRXXXL,,,,Size,DROP_DOWN,XXXL,Color,DROP_DOWN,Royal Blue,,,,,,,,,,,,,Fit,<p>R</p>,Length,<p>43</p>,Width,<p>28</p>,Height,<p>58</p>,Box Quantity,<p>24</p>,Inner Pack Quantity,<p>1</p>,Country Of Origin,<p>BD</p>,Standards,<p></p>,,,,
C813,Variant,,"The pre-shrunk, top quality fabric contributes to the professional appearance of this garment. Various pockets and a hammer loop complement the all-purpose styling.",https://d11ak7fd9ypfb7.cloudfront.net/styles1100px/C813RER.jpg,,0.0,TRUE,InStock,0.905,,C813RERL,,,,Size,DROP_DOWN,L,Color,DROP_DOWN,Red,,,,,,,,,,,,,Fit,<p>R</p>,Length,<p>43</p>,Width,<p>28</p>,Height,<p>58</p>,Box Quantity,<p>24</p>,Inner Pack Quantity,<p>1</p>,Country Of Origin,<p>BD</p>,Standards,<p></p>,,,,
C813,Variant,,"The pre-shrunk, top quality fabric contributes to the professional appearance of this garment. Various pockets and a hammer loop complement the all-purpose styling.",https://d11ak7fd9ypfb7.cloudfront.net/styles1100px/C813RER.jpg,,0.0,TRUE,InStock,0.865,,C813RERM,,,,Size,DROP_DOWN,M,Color,DROP_DOWN,Red,,,,,,,,,,,,,Fit,<p>R</p>,Length,<p>43</p>,Width,<p>28</p>,Height,<p>58</p>,Box Quantity,<p>24</p>,Inner Pack Quantity,<p>1</p>,Country Of Origin,<p>BD</p>,Standards,<p></p>,,,,
C813,Variant,,"The pre-shrunk, top quality fabric contributes to the professional appearance of this garment. Various pockets and a hammer loop complement the all-purpose styling.",https://d11ak7fd9ypfb7.cloudfront.net/styles1100px/C813RER.jpg,,0.0,TRUE,InStock,0.825,,C813RERS,,,,Size,DROP_DOWN,S,Color,DROP_DOWN,Red,,,,,,,,,,,,,Fit,<p>R</p>,Length,<p>43</p>,Width,<p>28</p>,Height,<p>58</p>,Box Quantity,<p>24</p>,Inner Pack Quantity,<p>1</p>,Country Of Origin,<p>BD</p>,Standards,<p></p>,,,,
C813,Variant,,"The pre-shrunk, top quality fabric contributes to the professional appearance of this garment. Various pockets and a hammer loop complement the all-purpose styling.",https://d11ak7fd9ypfb7.cloudfront.net/styles1100px/C813RER.jpg,,0.0,TRUE,InStock,0.93,,C813RERXL,,,,Size,DROP_DOWN,XL,Color,DROP_DOWN,Red,,,,,,,,,,,,,Fit,<p>R</p>,Length,<p>43</p>,Width,<p>28</p>,Height,<p>58</p>,Box Quantity,<p>24</p>,Inner Pack Quantity,<p>1</p>,Country Of Origin,<p>BD</p>,Standards,<p></p>,,,,
C813,Variant,,"The pre-shrunk, top quality fabric contributes to the professional appearance of this garment. Various pockets and a hammer loop complement the all-purpose styling.",https://d11ak7fd9ypfb7.cloudfront.net/styles1100px/C813RER.jpg,,0.0,TRUE,InStock,0.965,,C813RERXXL,,,,Size,DROP_DOWN,XXL,Color,DROP_DOWN,Red,,,,,,,,,,,,,Fit,<p>R</p>,Length,<p>43</p>,Width,<p>28</p>,Height,<p>58</p>,Box Quantity,<p>24</p>,Inner Pack Quantity,<p>1</p>,Country Of Origin,<p>BD</p>,Standards,<p></p>,,,,
C813,Variant,,"The pre-shrunk, top quality fabric contributes to the professional appearance of this garment. Various pockets and a hammer loop complement the all-purpose styling.",https://d11ak7fd9ypfb7.cloudfront.net/styles1100px/C813RER.jpg,,0.0,TRUE,InStock,0.995,,C813RERXXXL,,,,Size,DROP_DOWN,XXXL,Color,DROP_DOWN,Red,,,,,,,,,,,,,Fit,<p>R</p>,Length,<p>43</p>,Width,<p>28</p>,Height,<p>58</p>,Box Quantity,<p>24</p>,Inner Pack Quantity,<p>1</p>,Country Of Origin,<p>BD</p>,Standards,<p></p>,,,,
C814,Product,C814 - Iona Cotton Coverall,This cotton coverall offers practicality and lightweight comfort. Reflective tape provides increased visibility ensuring safety in the workplace.,https://d11ak7fd9ypfb7.cloudfront.net/styles1100px/C814GRR.jpg,47.8,0.0,TRUE,InStock,0.74,,C814GRRL,,,,Size,DROP_DOWN,S;M;L;XL;XXL;XXXL;4XL;5XL;6XL,Color,DROP_DOWN,Royal Blue;Khaki;Grey;Navy;Red;Orange,,,,,,,,,,,,,Fit,<p>R</p>,Length,<p>43</p>,Width,<p>28</p>,Height,<p>58</p>,Box Quantity,<p>24</p>,Inner Pack Quantity,<p>1</p>,Country Of Origin,<p>BD</p>,Standards,<p></p>,,,,
C814,Variant,,This cotton coverall offers practicality and lightweight comfort. Reflective tape provides increased visibility ensuring safety in the workplace.,https://d11ak7fd9ypfb7.cloudfront.net/styles1100px/C814GRR.jpg,,0.0,TRUE,InStock,0.74,,C814GRRL,,,,Size,DROP_DOWN,L,Color,DROP_DOWN,Grey,,,,,,,,,,,,,Fit,<p>R</p>,Length,<p>43</p>,Width,<p>28</p>,Height,<p>58</p>,Box Quantity,<p>24</p>,Inner Pack Quantity,<p>1</p>,Country Of Origin,<p>BD</p>,Standards,<p></p>,,,,
C814,Variant,,This cotton coverall offers practicality and lightweight comfort. Reflective tape provides increased visibility ensuring safety in the workplace.,https://d11ak7fd9ypfb7.cloudfront.net/styles1100px/C814GRR.jpg,,0.0,TRUE,InStock,0.7,,C814GRRM,,,,Size,DROP_DOWN,M,Color,DROP_DOWN,Grey,,,,,,,,,,,,,Fit,<p>R</p>,Length,<p>43</p>,Width,<p>28</p>,Height,<p>58</p>,Box Quantity,<p>24</p>,Inner Pack Quantity,<p>1</p>,Country Of Origin,<p>BD</p>,Standards,<p></p>,,,,
C814,Variant,,This cotton coverall offers practicality and lightweight comfort. Reflective tape provides increased visibility ensuring safety in the workplace.,https://d11ak7fd9ypfb7.cloudfront.net/styles1100px/C814GRR.jpg,,0.0,TRUE,InStock,0.68,,C814GRRS,,,,Size,DROP_DOWN,S,Color,DROP_DOWN,Grey,,,,,,,,,,,,,Fit,<p>R</p>,Length,<p>43</p>,Width,<p>28</p>,Height,<p>58</p>,Box Quantity,<p>24</p>,Inner Pack Quantity,<p>1</p>,Country Of Origin,<p>BD</p>,Standards,<p></p>,,,,
C814,Variant,,This cotton coverall offers practicality and lightweight comfort. Reflective tape provides increased visibility ensuring safety in the workplace.,https://d11ak7fd9ypfb7.cloudfront.net/styles1100px/C814GRR.jpg,,0.0,TRUE,InStock,0.76,,C814GRRXL,,,,Size,DROP_DOWN,XL,Color,DROP_DOWN,Grey,,,,,,,,,,,,,Fit,<p>R</p>,Length,<p>43</p>,Width,<p>28</p>,Height,<p>58</p>,Box Quantity,<p>24</p>,Inner Pack Quantity,<p>1</p>,Country Of Origin,<p>BD</p>,Standards,<p></p>,,,,
C814,Variant,,This cotton coverall offers practicality and lightweight comfort. Reflective tape provides increased visibility ensuring safety in the workplace.,https://d11ak7fd9ypfb7.cloudfront.net/styles1100px/C814GRR.jpg,,0.0,TRUE,InStock,0.8,,C814GRRXXL,,,,Size,DROP_DOWN,XXL,Color,DROP_DOWN,Grey,,,,,,,,,,,,,Fit,<p>R</p>,Length,<p>43</p>,Width,<p>28</p>,Height,<p>58</p>,Box Quantity,<p>24</p>,Inner Pack Quantity,<p>1</p>,Country Of Origin,<p>BD</p>,Standards,<p></p>,,,,
C814,Variant,,This cotton coverall offers practicality and lightweight comfort. Reflective tape provides increased visibility ensuring safety in the workplace.,https://d11ak7fd9ypfb7.cloudfront.net/styles1100px/C814GRR.jpg,,0.0,TRUE,InStock,0.84,,C814GRRXXXL,,,,Size,DROP_DOWN,XXXL,Color,DROP_DOWN,Grey,,,,,,,,,,,,,Fit,<p>R</p>,Length,<p>43</p>,Width,<p>28</p>,Height,<p>58</p>,Box Quantity,<p>24</p>,Inner Pack Quantity,<p>1</p>,Country Of Origin,<p>BD</p>,Standards,<p></p>,,,,
C814,Variant,,This cotton coverall offers practicality and lightweight comfort. Reflective tape provides increased visibility ensuring safety in the workplace.,https://d11ak7fd9ypfb7.cloudfront.net/styles1100px/C814KHR.jpg,,0.0,TRUE,InStock,0.74,,C814KHRL,,,,Size,DROP_DOWN,L,Color,DROP_DOWN,Khaki,,,,,,,,,,,,,Fit,<p>R</p>,Length,<p>43</p>,Width,<p>28</p>,Height,<p>58</p>,Box Quantity,<p>24</p>,Inner Pack Quantity,<p>1</p>,Country Of Origin,<p>BD</p>,Standards,<p></p>,,,,
C814,Variant,,This cotton coverall offers practicality and lightweight comfort. Reflective tape provides increased visibility ensuring safety in the workplace.,https://d11ak7fd9ypfb7.cloudfront.net/styles1100px/C814KHR.jpg,,0.0,TRUE,InStock,0.7,,C814KHRM,,,,Size,DROP_DOWN,M,Color,DROP_DOWN,Khaki,,,,,,,,,,,,,Fit,<p>R</p>,Length,<p>43</p>,Width,<p>28</p>,Height,<p>58</p>,Box Quantity,<p>24</p>,Inner Pack Quantity,<p>1</p>,Country Of Origin,<p>BD</p>,Standards,<p></p>,,,,
C814,Variant,,This cotton coverall offers practicality and lightweight comfort. Reflective tape provides increased visibility ensuring safety in the workplace.,https://d11ak7fd9ypfb7.cloudfront.net/styles1100px/C814KHR.jpg,,0.0,TRUE,InStock,0.68,,C814KHRS,,,,Size,DROP_DOWN,S,Color,DROP_DOWN,Khaki,,,,,,,,,,,,,Fit,<p>R</p>,Length,<p>43</p>,Width,<p>28</p>,Height,<p>58</p>,Box Quantity,<p>24</p>,Inner Pack Quantity,<p>1</p>,Country Of Origin,<p>BD</p>,Standards,<p></p>,,,,
C814,Variant,,This cotton coverall offers practicality and lightweight comfort. Reflective tape provides increased visibility ensuring safety in the workplace.,https://d11ak7fd9ypfb7.cloudfront.net/styles1100px/C814KHR.jpg,,0.0,TRUE,InStock,0.76,,C814KHRXL,,,,Size,DROP_DOWN,XL,Color,DROP_DOWN,Khaki,,,,,,,,,,,,,Fit,<p>R</p>,Length,<p>43</p>,Width,<p>28</p>,Height,<p>58</p>,Box Quantity,<p>24</p>,Inner Pack Quantity,<p>1</p>,Country Of Origin,<p>BD</p>,Standards,<p></p>,,,,
C814,Variant,,This cotton coverall offers practicality and lightweight comfort. Reflective tape provides increased visibility ensuring safety in the workplace.,https://d11ak7fd9ypfb7.cloudfront.net/styles1100px/C814KHR.jpg,,0.0,TRUE,InStock,0.8,,C814KHRXXL,,,,Size,DROP_DOWN,XXL,Color,DROP_DOWN,Khaki,,,,,,,,,,,,,Fit,<p>R</p>,Length,<p>43</p>,Width,<p>28</p>,Height,<p>58</p>,Box Quantity,<p>24</p>,Inner Pack Quantity,<p>1</p>,Country Of Origin,<p>BD</p>,Standards,<p></p>,,,,
C814,Variant,,This cotton coverall offers practicality and lightweight comfort. Reflective tape provides increased visibility ensuring safety in the workplace.,https://d11ak7fd9ypfb7.cloudfront.net/styles1100px/C814KHR.jpg,,0.0,TRUE,InStock,0.84,,C814KHRXXXL,,,,Size,DROP_DOWN,XXXL,Color,DROP_DOWN,Khaki,,,,,,,,,,,,,Fit,<p>R</p>,Length,<p>43</p>,Width,<p>28</p>,Height,<p>58</p>,Box Quantity,<p>24</p>,Inner Pack Quantity,<p>1</p>,Country Of Origin,<p>BD</p>,Standards,<p></p>,,,,
C814,Variant,,This cotton coverall offers practicality and lightweight comfort. Reflective tape provides increased visibility ensuring safety in the workplace.,https://d11ak7fd9ypfb7.cloudfront.net/styles1100px/C814NAR.jpg,,0.0,TRUE,InStock,0.88,,C814NAR4XL,,,,Size,DROP_DOWN,4XL,Color,DROP_DOWN,Navy,,,,,,,,,,,,,Fit,<p>R</p>,Length,<p>43</p>,Width,<p>28</p>,Height,<p>58</p>,Box Quantity,<p>24</p>,Inner Pack Quantity,<p>1</p>,Country Of Origin,<p>BD</p>,Standards,<p></p>,,,,
C814,Variant,,This cotton coverall offers practicality and lightweight comfort. Reflective tape provides increased visibility ensuring safety in the workplace.,https://d11ak7fd9ypfb7.cloudfront.net/styles1100px/C814NAR.jpg,,0.0,TRUE,InStock,0.92,,C814NAR5XL,,,,Size,DROP_DOWN,5XL,Color,DROP_DOWN,Navy,,,,,,,,,,,,,Fit,<p>R</p>,Length,<p>43</p>,Width,<p>28</p>,Height,<p>58</p>,Box Quantity,<p>24</p>,Inner Pack Quantity,<p>1</p>,Country Of Origin,<p>BD</p>,Standards,<p></p>,,,,
C814,Variant,,This cotton coverall offers practicality and lightweight comfort. Reflective tape provides increased visibility ensuring safety in the workplace.,https://d11ak7fd9ypfb7.cloudfront.net/styles1100px/C814NAR.jpg,,0.0,TRUE,InStock,0.96,,C814NAR6XL,,,,Size,DROP_DOWN,6XL,Color,DROP_DOWN,Navy,,,,,,,,,,,,,Fit,<p>R</p>,Length,<p>43</p>,Width,<p>28</p>,Height,<p>58</p>,Box Quantity,<p>24</p>,Inner Pack Quantity,<p>1</p>,Country Of Origin,<p>BD</p>,Standards,<p></p>,,,,
C814,Variant,,This cotton coverall offers practicality and lightweight comfort. Reflective tape provides increased visibility ensuring safety in the workplace.,https://d11ak7fd9ypfb7.cloudfront.net/styles1100px/C814NAR.jpg,,0.0,TRUE,InStock,0.74,,C814NARL,,,,Size,DROP_DOWN,L,Color,DROP_DOWN,Navy,,,,,,,,,,,,,Fit,<p>R</p>,Length,<p>43</p>,Width,<p>28</p>,Height,<p>58</p>,Box Quantity,<p>24</p>,Inner Pack Quantity,<p>1</p>,Country Of Origin,<p>BD</p>,Standards,<p></p>,,,,
C814,Variant,,This cotton coverall offers practicality and lightweight comfort. Reflective tape provides increased visibility ensuring safety in the workplace.,https://d11ak7fd9ypfb7.cloudfront.net/styles1100px/C814NAR.jpg,,0.0,TRUE,InStock,0.7,,C814NARM,,,,Size,DROP_DOWN,M,Color,DROP_DOWN,Navy,,,,,,,,,,,,,Fit,<p>R</p>,Length,<p>43</p>,Width,<p>28</p>,Height,<p>58</p>,Box Quantity,<p>24</p>,Inner Pack Quantity,<p>1</p>,Country Of Origin,<p>BD</p>,Standards,<p></p>,,,,
C814,Variant,,This cotton coverall offers practicality and lightweight comfort. Reflective tape provides increased visibility ensuring safety in the workplace.,https://d11ak7fd9ypfb7.cloudfront.net/styles1100px/C814NAR.jpg,,0.0,TRUE,InStock,0.68,,C814NARS,,,,Size,DROP_DOWN,S,Color,DROP_DOWN,Navy,,,,,,,,,,,,,Fit,<p>R</p>,Length,<p>43</p>,Width,<p>28</p>,Height,<p>58</p>,Box Quantity,<p>24</p>,Inner Pack Quantity,<p>1</p>,Country Of Origin,<p>BD</p>,Standards,<p></p>,,,,
C814,Variant,,This cotton coverall offers practicality and lightweight comfort. Reflective tape provides increased visibility ensuring safety in the workplace.,https://d11ak7fd9ypfb7.cloudfront.net/styles1100px/C814NAR.jpg,,0.0,TRUE,InStock,0.76,,C814NARXL,,,,Size,DROP_DOWN,XL,Color,DROP_DOWN,Navy,,,,,,,,,,,,,Fit,<p>R</p>,Length,<p>43</p>,Width,<p>28</p>,Height,<p>58</p>,Box Quantity,<p>24</p>,Inner Pack Quantity,<p>1</p>,Country Of Origin,<p>BD</p>,Standards,<p></p>,,,,
C814,Variant,,This cotton coverall offers practicality and lightweight comfort. Reflective tape provides increased visibility ensuring safety in the workplace.,https://d11ak7fd9ypfb7.cloudfront.net/styles1100px/C814NAR.jpg,,0.0,TRUE,InStock,0.8,,C814NARXXL,,,,Size,DROP_DOWN,XXL,Color,DROP_DOWN,Navy,,,,,,,,,,,,,Fit,<p>R</p>,Length,<p>43</p>,Width,<p>28</p>,Height,<p>58</p>,Box Quantity,<p>24</p>,Inner Pack Quantity,<p>1</p>,Country Of Origin,<p>BD</p>,Standards,<p></p>,,,,
C814,Variant,,This cotton coverall offers practicality and lightweight comfort. Reflective tape provides increased visibility ensuring safety in the workplace.,https://d11ak7fd9ypfb7.cloudfront.net/styles1100px/C814NAR.jpg,,0.0,TRUE,InStock,0.84,,C814NARXXXL,,,,Size,DROP_DOWN,XXXL,Color,DROP_DOWN,Navy,,,,,,,,,,,,,Fit,<p>R</p>,Length,<p>43</p>,Width,<p>28</p>,Height,<p>58</p>,Box Quantity,<p>24</p>,Inner Pack Quantity,<p>1</p>,Country Of Origin,<p>BD</p>,Standards,<p></p>,,,,
C814,Variant,,This cotton coverall offers practicality and lightweight comfort. Reflective tape provides increased visibility ensuring safety in the workplace.,https://d11ak7fd9ypfb7.cloudfront.net/styles1100px/C814ORR.jpg,,0.0,TRUE,InStock,0.88,,C814ORR4XL,,,,Size,DROP_DOWN,4XL,Color,DROP_DOWN,Orange,,,,,,,,,,,,,Fit,<p>R</p>,Length,<p>43</p>,Width,<p>28</p>,Height,<p>58</p>,Box Quantity,<p>24</p>,Inner Pack Quantity,<p>1</p>,Country Of Origin,<p>BD</p>,Standards,<p></p>,,,,
C814,Variant,,This cotton coverall offers practicality and lightweight comfort. Reflective tape provides increased visibility ensuring safety in the workplace.,https://d11ak7fd9ypfb7.cloudfront.net/styles1100px/C814ORR.jpg,,0.0,TRUE,InStock,0.92,,C814ORR5XL,,,,Size,DROP_DOWN,5XL,Color,DROP_DOWN,Orange,,,,,,,,,,,,,Fit,<p>R</p>,Length,<p>43</p>,Width,<p>28</p>,Height,<p>58</p>,Box Quantity,<p>24</p>,Inner Pack Quantity,<p>1</p>,Country Of Origin,<p>BD</p>,Standards,<p></p>,,,,
C814,Variant,,This cotton coverall offers practicality and lightweight comfort. Reflective tape provides increased visibility ensuring safety in the workplace.,https://d11ak7fd9ypfb7.cloudfront.net/styles1100px/C814ORR.jpg,,0.0,TRUE,InStock,0.96,,C814ORR6XL,,,,Size,DROP_DOWN,6XL,Color,DROP_DOWN,Orange,,,,,,,,,,,,,Fit,<p>R</p>,Length,<p>43</p>,Width,<p>28</p>,Height,<p>58</p>,Box Quantity,<p>24</p>,Inner Pack Quantity,<p>1</p>,Country Of Origin,<p>BD</p>,Standards,<p></p>,,,,
C814,Variant,,This cotton coverall offers practicality and lightweight comfort. Reflective tape provides increased visibility ensuring safety in the workplace.,https://d11ak7fd9ypfb7.cloudfront.net/styles1100px/C814ORR.jpg,,0.0,TRUE,InStock,0.74,,C814ORRL,,,,Size,DROP_DOWN,L,Color,DROP_DOWN,Orange,,,,,,,,,,,,,Fit,<p>R</p>,Length,<p>43</p>,Width,<p>28</p>,Height,<p>58</p>,Box Quantity,<p>24</p>,Inner Pack Quantity,<p>1</p>,Country Of Origin,<p>BD</p>,Standards,<p></p>,,,,
C814,Variant,,This cotton coverall offers practicality and lightweight comfort. Reflective tape provides increased visibility ensuring safety in the workplace.,https://d11ak7fd9ypfb7.cloudfront.net/styles1100px/C814ORR.jpg,,0.0,TRUE,InStock,0.7,,C814ORRM,,,,Size,DROP_DOWN,M,Color,DROP_DOWN,Orange,,,,,,,,,,,,,Fit,<p>R</p>,Length,<p>43</p>,Width,<p>28</p>,Height,<p>58</p>,Box Quantity,<p>24</p>,Inner Pack Quantity,<p>1</p>,Country Of Origin,<p>BD</p>,Standards,<p></p>,,,,
C814,Variant,,This cotton coverall offers practicality and lightweight comfort. Reflective tape provides increased visibility ensuring safety in the workplace.,https://d11ak7fd9ypfb7.cloudfront.net/styles1100px/C814ORR.jpg,,0.0,TRUE,InStock,0.68,,C814ORRS,,,,Size,DROP_DOWN,S,Color,DROP_DOWN,Orange,,,,,,,,,,,,,Fit,<p>R</p>,Length,<p>43</p>,Width,<p>28</p>,Height,<p>58</p>,Box Quantity,<p>24</p>,Inner Pack Quantity,<p>1</p>,Country Of Origin,<p>BD</p>,Standards,<p></p>,,,,
C814,Variant,,This cotton coverall offers practicality and lightweight comfort. Reflective tape provides increased visibility ensuring safety in the workplace.,https://d11ak7fd9ypfb7.cloudfront.net/styles1100px/C814ORR.jpg,,0.0,TRUE,InStock,0.76,,C814ORRXL,,,,Size,DROP_DOWN,XL,Color,DROP_DOWN,Orange,,,,,,,,,,,,,Fit,<p>R</p>,Length,<p>43</p>,Width,<p>28</p>,Height,<p>58</p>,Box Quantity,<p>24</p>,Inner Pack Quantity,<p>1</p>,Country Of Origin,<p>BD</p>,Standards,<p></p>,,,,
C814,Variant,,This cotton coverall offers practicality and lightweight comfort. Reflective tape provides increased visibility ensuring safety in the workplace.,https://d11ak7fd9ypfb7.cloudfront.net/styles1100px/C814ORR.jpg,,0.0,TRUE,InStock,0.8,,C814ORRXXL,,,,Size,DROP_DOWN,XXL,Color,DROP_DOWN,Orange,,,,,,,,,,,,,Fit,<p>R</p>,Length,<p>43</p>,Width,<p>28</p>,Height,<p>58</p>,Box Quantity,<p>24</p>,Inner Pack Quantity,<p>1</p>,Country Of Origin,<p>BD</p>,Standards,<p></p>,,,,
C814,Variant,,This cotton coverall offers practicality and lightweight comfort. Reflective tape provides increased visibility ensuring safety in the workplace.,https://d11ak7fd9ypfb7.cloudfront.net/styles1100px/C814ORR.jpg,,0.0,TRUE,InStock,0.84,,C814ORRXXXL,,,,Size,DROP_DOWN,XXXL,Color,DROP_DOWN,Orange,,,,,,,,,,,,,Fit,<p>R</p>,Length,<p>43</p>,Width,<p>28</p>,Height,<p>58</p>,Box Quantity,<p>24</p>,Inner Pack Quantity,<p>1</p>,Country Of Origin,<p>BD</p>,Standards,<p></p>,,,,
C814,Variant,,This cotton coverall offers practicality and lightweight comfort. Reflective tape provides increased visibility ensuring safety in the workplace.,https://d11ak7fd9ypfb7.cloudfront.net/styles1100px/C814RBR.jpg,,0.0,TRUE,InStock,0.74,,C814RBRL,,,,Size,DROP_DOWN,L,Color,DROP_DOWN,Royal Blue,,,,,,,,,,,,,Fit,<p>R</p>,Length,<p>43</p>,Width,<p>28</p>,Height,<p>58</p>,Box Quantity,<p>24</p>,Inner Pack Quantity,<p>1</p>,Country Of Origin,<p>BD</p>,Standards,<p></p>,,,,
C814,Variant,,This cotton coverall offers practicality and lightweight comfort. Reflective tape provides increased visibility ensuring safety in the workplace.,https://d11ak7fd9ypfb7.cloudfront.net/styles1100px/C814RBR.jpg,,0.0,TRUE,InStock,0.7,,C814RBRM,,,,Size,DROP_DOWN,M,Color,DROP_DOWN,Royal Blue,,,,,,,,,,,,,Fit,<p>R</p>,Length,<p>43</p>,Width,<p>28</p>,Height,<p>58</p>,Box Quantity,<p>24</p>,Inner Pack Quantity,<p>1</p>,Country Of Origin,<p>BD</p>,Standards,<p></p>,,,,
C814,Variant,,This cotton coverall offers practicality and lightweight comfort. Reflective tape provides increased visibility ensuring safety in the workplace.,https://d11ak7fd9ypfb7.cloudfront.net/styles1100px/C814RBR.jpg,,0.0,TRUE,InStock,0.68,,C814RBRS,,,,Size,DROP_DOWN,S,Color,DROP_DOWN,Royal Blue,,,,,,,,,,,,,Fit,<p>R</p>,Length,<p>43</p>,Width,<p>28</p>,Height,<p>58</p>,Box Quantity,<p>24</p>,Inner Pack Quantity,<p>1</p>,Country Of Origin,<p>BD</p>,Standards,<p></p>,,,,
C814,Variant,,This cotton coverall offers practicality and lightweight comfort. Reflective tape provides increased visibility ensuring safety in the workplace.,https://d11ak7fd9ypfb7.cloudfront.net/styles1100px/C814RBR.jpg,,0.0,TRUE,InStock,0.76,,C814RBRXL,,,,Size,DROP_DOWN,XL,Color,DROP_DOWN,Royal Blue,,,,,,,,,,,,,Fit,<p>R</p>,Length,<p>43</p>,Width,<p>28</p>,Height,<p>58</p>,Box Quantity,<p>24</p>,Inner Pack Quantity,<p>1</p>,Country Of Origin,<p>BD</p>,Standards,<p></p>,,,,
C814,Variant,,This cotton coverall offers practicality and lightweight comfort. Reflective tape provides increased visibility ensuring safety in the workplace.,https://d11ak7fd9ypfb7.cloudfront.net/styles1100px/C814RBR.jpg,,0.0,TRUE,InStock,0.8,,C814RBRXXL,,,,Size,DROP_DOWN,XXL,Color,DROP_DOWN,Royal Blue,,,,,,,,,,,,,Fit,<p>R</p>,Length,<p>43</p>,Width,<p>28</p>,Height,<p>58</p>,Box Quantity,<p>24</p>,Inner Pack Quantity,<p>1</p>,Country Of Origin,<p>BD</p>,Standards,<p></p>,,,,
C814,Variant,,This cotton coverall offers practicality and lightweight comfort. Reflective tape provides increased visibility ensuring safety in the workplace.,https://d11ak7fd9ypfb7.cloudfront.net/styles1100px/C814RBR.jpg,,0.0,TRUE,InStock,0.84,,C814RBRXXXL,,,,Size,DROP_DOWN,XXXL,Color,DROP_DOWN,Royal Blue,,,,,,,,,,,,,Fit,<p>R</p>,Length,<p>43</p>,Width,<p>28</p>,Height,<p>58</p>,Box Quantity,<p>24</p>,Inner Pack Quantity,<p>1</p>,Country Of Origin,<p>BD</p>,Standards,<p></p>,,,,
C814,Variant,,This cotton coverall offers practicality and lightweight comfort. Reflective tape provides increased visibility ensuring safety in the workplace.,https://d11ak7fd9ypfb7.cloudfront.net/styles1100px/C814RER.jpg,,0.0,TRUE,InStock,0.74,,C814RERL,,,,Size,DROP_DOWN,L,Color,DROP_DOWN,Red,,,,,,,,,,,,,Fit,<p>R</p>,Length,<p>43</p>,Width,<p>28</p>,Height,<p>58</p>,Box Quantity,<p>24</p>,Inner Pack Quantity,<p>1</p>,Country Of Origin,<p>BD</p>,Standards,<p></p>,,,,
C814,Variant,,This cotton coverall offers practicality and lightweight comfort. Reflective tape provides increased visibility ensuring safety in the workplace.,https://d11ak7fd9ypfb7.cloudfront.net/styles1100px/C814RER.jpg,,0.0,TRUE,InStock,0.7,,C814RERM,,,,Size,DROP_DOWN,M,Color,DROP_DOWN,Red,,,,,,,,,,,,,Fit,<p>R</p>,Length,<p>43</p>,Width,<p>28</p>,Height,<p>58</p>,Box Quantity,<p>24</p>,Inner Pack Quantity,<p>1</p>,Country Of Origin,<p>BD</p>,Standards,<p></p>,,,,
C814,Variant,,This cotton coverall offers practicality and lightweight comfort. Reflective tape provides increased visibility ensuring safety in the workplace.,https://d11ak7fd9ypfb7.cloudfront.net/styles1100px/C814RER.jpg,,0.0,TRUE,InStock,0.68,,C814RERS,,,,Size,DROP_DOWN,S,Color,DROP_DOWN,Red,,,,,,,,,,,,,Fit,<p>R</p>,Length,<p>43</p>,Width,<p>28</p>,Height,<p>58</p>,Box Quantity,<p>24</p>,Inner Pack Quantity,<p>1</p>,Country Of Origin,<p>BD</p>,Standards,<p></p>,,,,
C814,Variant,,This cotton coverall offers practicality and lightweight comfort. Reflective tape provides increased visibility ensuring safety in the workplace.,https://d11ak7fd9ypfb7.cloudfront.net/styles1100px/C814RER.jpg,,0.0,TRUE,InStock,0.76,,C814RERXL,,,,Size,DROP_DOWN,XL,Color,DROP_DOWN,Red,,,,,,,,,,,,,Fit,<p>R</p>,Length,<p>43</p>,Width,<p>28</p>,Height,<p>58</p>,Box Quantity,<p>24</p>,Inner Pack Quantity,<p>1</p>,Country Of Origin,<p>BD</p>,Standards,<p></p>,,,,
C814,Variant,,This cotton coverall offers practicality and lightweight comfort. Reflective tape provides increased visibility ensuring safety in the workplace.,https://d11ak7fd9ypfb7.cloudfront.net/styles1100px/C814RER.jpg,,0.0,TRUE,InStock,0.8,,C814RERXXL,,,,Size,DROP_DOWN,XXL,Color,DROP_DOWN,Red,,,,,,,,,,,,,Fit,<p>R</p>,Length,<p>43</p>,Width,<p>28</p>,Height,<p>58</p>,Box Quantity,<p>24</p>,Inner Pack Quantity,<p>1</p>,Country Of Origin,<p>BD</p>,Standards,<p></p>,,,,
C814,Variant,,This cotton coverall offers practicality and lightweight comfort. Reflective tape provides increased visibility ensuring safety in the workplace.,https://d11ak7fd9ypfb7.cloudfront.net/styles1100px/C814RER.jpg,,0.0,TRUE,InStock,0.84,,C814RERXXXL,,,,Size,DROP_DOWN,XXXL,Color,DROP_DOWN,Red,,,,,,,,,,,,,Fit,<p>R</p>,Length,<p>43</p>,Width,<p>28</p>,Height,<p>58</p>,Box Quantity,<p>24</p>,Inner Pack Quantity,<p>1</p>,Country Of Origin,<p>BD</p>,Standards,<p></p>,,,,
C881,Product,C881 - Cotton Bib and Brace,"Made from the highest quality cotton, this popular style offers all day comfort. Convenient features include side access, a chest pocket and back elastic for ease of movement.",https://d11ak7fd9ypfb7.cloudfront.net/styles1100px/C881NAR.jpg,0.0,0.0,TRUE,InStock,0.8,,C881NARL,,,,Size,DROP_DOWN,S;M;L;XL;XXL;XXXL;XXXXL,Color,DROP_DOWN,Navy,,,,,,,,,,,,,Fit,<p>R</p>,Length,<p>43</p>,Width,<p>28</p>,Height,<p>55</p>,Box Quantity,<p>24</p>,Inner Pack Quantity,<p>1</p>,Country Of Origin,<p>BD</p>,Standards,<p></p>,,,,
C881,Variant,,"Made from the highest quality cotton, this popular style offers all day comfort. Convenient features include side access, a chest pocket and back elastic for ease of movement.",https://d11ak7fd9ypfb7.cloudfront.net/styles1100px/C881NAR.jpg,,0.0,TRUE,InStock,0.8,,C881NARL,,,,Size,DROP_DOWN,L,Color,DROP_DOWN,Navy,,,,,,,,,,,,,Fit,<p>R</p>,Length,<p>43</p>,Width,<p>28</p>,Height,<p>55</p>,Box Quantity,<p>24</p>,Inner Pack Quantity,<p>1</p>,Country Of Origin,<p>BD</p>,Standards,<p></p>,,,,
C881,Variant,,"Made from the highest quality cotton, this popular style offers all day comfort. Convenient features include side access, a chest pocket and back elastic for ease of movement.",https://d11ak7fd9ypfb7.cloudfront.net/styles1100px/C881NAR.jpg,,0.0,TRUE,InStock,0.78,,C881NARM,,,,Size,DROP_DOWN,M,Color,DROP_DOWN,Navy,,,,,,,,,,,,,Fit,<p>R</p>,Length,<p>43</p>,Width,<p>28</p>,Height,<p>55</p>,Box Quantity,<p>24</p>,Inner Pack Quantity,<p>1</p>,Country Of Origin,<p>BD</p>,Standards,<p></p>,,,,
C881,Variant,,"Made from the highest quality cotton, this popular style offers all day comfort. Convenient features include side access, a chest pocket and back elastic for ease of movement.",https://d11ak7fd9ypfb7.cloudfront.net/styles1100px/C881NAR.jpg,,0.0,TRUE,InStock,0.74,,C881NARS,,,,Size,DROP_DOWN,S,Color,DROP_DOWN,Navy,,,,,,,,,,,,,Fit,<p>R</p>,Length,<p>43</p>,Width,<p>28</p>,Height,<p>55</p>,Box Quantity,<p>24</p>,Inner Pack Quantity,<p>1</p>,Country Of Origin,<p>BD</p>,Standards,<p></p>,,,,
C881,Variant,,"Made from the highest quality cotton, this popular style offers all day comfort. Convenient features include side access, a chest pocket and back elastic for ease of movement.",https://d11ak7fd9ypfb7.cloudfront.net/styles1100px/C881NAR.jpg,,0.0,TRUE,InStock,0.82,,C881NARXL,,,,Size,DROP_DOWN,XL,Color,DROP_DOWN,Navy,,,,,,,,,,,,,Fit,<p>R</p>,Length,<p>43</p>,Width,<p>28</p>,Height,<p>55</p>,Box Quantity,<p>24</p>,Inner Pack Quantity,<p>1</p>,Country Of Origin,<p>BD</p>,Standards,<p></p>,,,,
C881,Variant,,"Made from the highest quality cotton, this popular style offers all day comfort. Convenient features include side access, a chest pocket and back elastic for ease of movement.",https://d11ak7fd9ypfb7.cloudfront.net/styles1100px/C881NAR.jpg,,0.0,TRUE,InStock,0.82,,C881NARXXL,,,,Size,DROP_DOWN,XXL,Color,DROP_DOWN,Navy,,,,,,,,,,,,,Fit,<p>R</p>,Length,<p>43</p>,Width,<p>28</p>,Height,<p>55</p>,Box Quantity,<p>24</p>,Inner Pack Quantity,<p>1</p>,Country Of Origin,<p>BD</p>,Standards,<p></p>,,,,
C881,Variant,,"Made from the highest quality cotton, this popular style offers all day comfort. Convenient features include side access, a chest pocket and back elastic for ease of movement.",https://d11ak7fd9ypfb7.cloudfront.net/styles1100px/C881NAR.jpg,,0.0,TRUE,InStock,0.8,,C881NARXXXL,,,,Size,DROP_DOWN,XXXL,Color,DROP_DOWN,Navy,,,,,,,,,,,,,Fit,<p>R</p>,Length,<p>43</p>,Width,<p>28</p>,Height,<p>58</p>,Box Quantity,<p>24</p>,Inner Pack Quantity,<p>1</p>,Country Of Origin,<p>BD</p>,Standards,<p></p>,,,,
C881,Variant,,"Made from the highest quality cotton, this popular style offers all day comfort. Convenient features include side access, a chest pocket and back elastic for ease of movement.",https://d11ak7fd9ypfb7.cloudfront.net/styles1100px/C881NAR.jpg,,0.0,TRUE,InStock,0.88,,C881NARXXXXL,,,,Size,DROP_DOWN,XXXXL,Color,DROP_DOWN,Navy,,,,,,,,,,,,,Fit,<p>R</p>,Length,<p>43</p>,Width,<p>28</p>,Height,<p>58</p>,Box Quantity,<p>24</p>,Inner Pack Quantity,<p>1</p>,Country Of Origin,<p>BD</p>,Standards,<p></p>,,,,
CA101,Product,CA101 - ,,https://d11ak7fd9ypfb7.cloudfront.net/styles1100px/CA101ORR.jpg,0.0,0.0,TRUE,InStock,0.999,,CA101ORR4XL,,,,Size,DROP_DOWN,S;M;L;XL;XXL;XXXL;4XL;5XL,Color,DROP_DOWN,Yellow;Orange,,,,,,,,,,,,,Fit,<p>R</p>,Length,<p>43</p>,Width,<p>28</p>,Height,<p>48</p>,Box Quantity,<p>60</p>,Inner Pack Quantity,<p>1</p>,Country Of Origin,<p>CN</p>,Standards,<p></p>,,,,
CA101,Variant,,,https://d11ak7fd9ypfb7.cloudfront.net/styles1100px/CA101ORR.jpg,,0.0,TRUE,InStock,0.999,,CA101ORR4XL,,,,Size,DROP_DOWN,4XL,Color,DROP_DOWN,Orange,,,,,,,,,,,,,Fit,<p>R</p>,Length,<p>43</p>,Width,<p>28</p>,Height,<p>48</p>,Box Quantity,<p>60</p>,Inner Pack Quantity,<p>1</p>,Country Of Origin,<p>CN</p>,Standards,<p></p>,,,,
CA101,Variant,,,https://d11ak7fd9ypfb7.cloudfront.net/styles1100px/CA101ORR.jpg,,0.0,TRUE,InStock,0.999,,CA101ORR5XL,,,,Size,DROP_DOWN,5XL,Color,DROP_DOWN,Orange,,,,,,,,,,,,,Fit,<p>R</p>,Length,<p>43</p>,Width,<p>28</p>,Height,<p>48</p>,Box Quantity,<p>60</p>,Inner Pack Quantity,<p>1</p>,Country Of Origin,<p>CN</p>,Standards,<p></p>,,,,
CA101,Variant,,,https://d11ak7fd9ypfb7.cloudfront.net/styles1100px/CA101ORR.jpg,,0.0,TRUE,InStock,0.999,,CA101ORRL,,,,Size,DROP_DOWN,L,Color,DROP_DOWN,Orange,,,,,,,,,,,,,Fit,<p>R</p>,Length,<p>43</p>,Width,<p>28</p>,Height,<p>48</p>,Box Quantity,<p>60</p>,Inner Pack Quantity,<p>1</p>,Country Of Origin,<p>CN</p>,Standards,<p></p>,,,,
CA101,Variant,,,https://d11ak7fd9ypfb7.cloudfront.net/styles1100px/CA101ORR.jpg,,0.0,TRUE,InStock,0.999,,CA101ORRM,,,,Size,DROP_DOWN,M,Color,DROP_DOWN,Orange,,,,,,,,,,,,,Fit,<p>R</p>,Length,<p>43</p>,Width,<p>28</p>,Height,<p>48</p>,Box Quantity,<p>60</p>,Inner Pack Quantity,<p>1</p>,Country Of Origin,<p>CN</p>,Standards,<p></p>,,,,
CA101,Variant,,,https://d11ak7fd9ypfb7.cloudfront.net/styles1100px/CA101ORR.jpg,,0.0,TRUE,InStock,0.999,,CA101ORRS,,,,Size,DROP_DOWN,S,Color,DROP_DOWN,Orange,,,,,,,,,,,,,Fit,<p>R</p>,Length,<p>43</p>,Width,<p>28</p>,Height,<p>48</p>,Box Quantity,<p>60</p>,Inner Pack Quantity,<p>1</p>,Country Of Origin,<p>CN</p>,Standards,<p></p>,,,,
CA101,Variant,,,https://d11ak7fd9ypfb7.cloudfront.net/styles1100px/CA101ORR.jpg,,0.0,TRUE,InStock,0.999,,CA101ORRXL,,,,Size,DROP_DOWN,XL,Color,DROP_DOWN,Orange,,,,,,,,,,,,,Fit,<p>R</p>,Length,<p>43</p>,Width,<p>28</p>,Height,<p>48</p>,Box Quantity,<p>60</p>,Inner Pack Quantity,<p>1</p>,Country Of Origin,<p>CN</p>,Standards,<p></p>,,,,
CA101,Variant,,,https://d11ak7fd9ypfb7.cloudfront.net/styles1100px/CA101ORR.jpg,,0.0,TRUE,InStock,0.999,,CA101ORRXXL,,,,Size,DROP_DOWN,XXL,Color,DROP_DOWN,Orange,,,,,,,,,,,,,Fit,<p>R</p>,Length,<p>43</p>,Width,<p>28</p>,Height,<p>48</p>,Box Quantity,<p>60</p>,Inner Pack Quantity,<p>1</p>,Country Of Origin,<p>CN</p>,Standards,<p></p>,,,,
CA101,Variant,,,https://d11ak7fd9ypfb7.cloudfront.net/styles1100px/CA101ORR.jpg,,0.0,TRUE,InStock,0.999,,CA101ORRXXXL,,,,Size,DROP_DOWN,XXXL,Color,DROP_DOWN,Orange,,,,,,,,,,,,,Fit,<p>R</p>,Length,<p>43</p>,Width,<p>28</p>,Height,<p>48</p>,Box Quantity,<p>60</p>,Inner Pack Quantity,<p>1</p>,Country Of Origin,<p>CN</p>,Standards,<p></p>,,,,
CA101,Variant,,,https://d11ak7fd9ypfb7.cloudfront.net/styles1100px/CA101YER.jpg,,0.0,TRUE,InStock,0.999,,CA101YER4XL,,,,Size,DROP_DOWN,4XL,Color,DROP_DOWN,Yellow,,,,,,,,,,,,,Fit,<p>R</p>,Length,<p>43</p>,Width,<p>28</p>,Height,<p>48</p>,Box Quantity,<p>60</p>,Inner Pack Quantity,<p>1</p>,Country Of Origin,<p>CN</p>,Standards,<p></p>,,,,
CA101,Variant,,,https://d11ak7fd9ypfb7.cloudfront.net/styles1100px/CA101YER.jpg,,0.0,TRUE,InStock,0.999,,CA101YER5XL,,,,Size,DROP_DOWN,5XL,Color,DROP_DOWN,Yellow,,,,,,,,,,,,,Fit,<p>R</p>,Length,<p>43</p>,Width,<p>28</p>,Height,<p>48</p>,Box Quantity,<p>60</p>,Inner Pack Quantity,<p>1</p>,Country Of Origin,<p>CN</p>,Standards,<p></p>,,,,
CA101,Variant,,,https://d11ak7fd9ypfb7.cloudfront.net/styles1100px/CA101YER.jpg,,0.0,TRUE,InStock,0.999,,CA101YERL,,,,Size,DROP_DOWN,L,Color,DROP_DOWN,Yellow,,,,,,,,,,,,,Fit,<p>R</p>,Length,<p>43</p>,Width,<p>28</p>,Height,<p>48</p>,Box Quantity,<p>60</p>,Inner Pack Quantity,<p>1</p>,Country Of Origin,<p>CN</p>,Standards,<p></p>,,,,
CA101,Variant,,,https://d11ak7fd9ypfb7.cloudfront.net/styles1100px/CA101YER.jpg,,0.0,TRUE,InStock,0.999,,CA101YERM,,,,Size,DROP_DOWN,M,Color,DROP_DOWN,Yellow,,,,,,,,,,,,,Fit,<p>R</p>,Length,<p>43</p>,Width,<p>28</p>,Height,<p>48</p>,Box Quantity,<p>60</p>,Inner Pack Quantity,<p>1</p>,Country Of Origin,<p>CN</p>,Standards,<p></p>,,,,
CA101,Variant,,,https://d11ak7fd9ypfb7.cloudfront.net/styles1100px/CA101YER.jpg,,0.0,TRUE,InStock,0.999,,CA101YERS,,,,Size,DROP_DOWN,S,Color,DROP_DOWN,Yellow,,,,,,,,,,,,,Fit,<p>R</p>,Length,<p>43</p>,Width,<p>28</p>,Height,<p>48</p>,Box Quantity,<p>60</p>,Inner Pack Quantity,<p>1</p>,Country Of Origin,<p>CN</p>,Standards,<p></p>,,,,
CA101,Variant,,,https://d11ak7fd9ypfb7.cloudfront.net/styles1100px/CA101YER.jpg,,0.0,TRUE,InStock,0.999,,CA101YERXL,,,,Size,DROP_DOWN,XL,Color,DROP_DOWN,Yellow,,,,,,,,,,,,,Fit,<p>R</p>,Length,<p>43</p>,Width,<p>28</p>,Height,<p>48</p>,Box Quantity,<p>60</p>,Inner Pack Quantity,<p>1</p>,Country Of Origin,<p>CN</p>,Standards,<p></p>,,,,
CA101,Variant,,,https://d11ak7fd9ypfb7.cloudfront.net/styles1100px/CA101YER.jpg,,0.0,TRUE,InStock,0.999,,CA101YERXXL,,,,Size,DROP_DOWN,XXL,Color,DROP_DOWN,Yellow,,,,,,,,,,,,,Fit,<p>R</p>,Length,<p>43</p>,Width,<p>28</p>,Height,<p>48</p>,Box Quantity,<p>60</p>,Inner Pack Quantity,<p>1</p>,Country Of Origin,<p>CN</p>,Standards,<p></p>,,,,
CA101,Variant,,,https://d11ak7fd9ypfb7.cloudfront.net/styles1100px/CA101YER.jpg,,0.0,TRUE,InStock,0.999,,CA101YERXXXL,,,,Size,DROP_DOWN,XXXL,Color,DROP_DOWN,Yellow,,,,,,,,,,,,,Fit,<p>R</p>,Length,<p>43</p>,Width,<p>28</p>,Height,<p>48</p>,Box Quantity,<p>60</p>,Inner Pack Quantity,<p>1</p>,Country Of Origin,<p>CN</p>,Standards,<p></p>,,,,
CA110,Product,CA110 - ,,https://d11ak7fd9ypfb7.cloudfront.net/styles1100px/CA110ORR.jpg,0.0,0.0,TRUE,InStock,0.999,,CA110ORR4XL,,,,Size,DROP_DOWN,S;M;L;XL;XXL;XXXL;4XL;5XL,Color,DROP_DOWN,Yellow;Orange,,,,,,,,,,,,,Fit,<p>R</p>,Length,<p>55</p>,Width,<p>36</p>,Height,<p>34</p>,Box Quantity,<p>48</p>,Inner Pack Quantity,<p>1</p>,Country Of Origin,<p>BD</p>,Standards,<p></p>,,,,
CA110,Variant,,,https://d11ak7fd9ypfb7.cloudfront.net/styles1100px/CA110ORR.jpg,,0.0,TRUE,InStock,0.999,,CA110ORR4XL,,,,Size,DROP_DOWN,4XL,Color,DROP_DOWN,Orange,,,,,,,,,,,,,Fit,<p>R</p>,Length,<p>55</p>,Width,<p>36</p>,Height,<p>34</p>,Box Quantity,<p>48</p>,Inner Pack Quantity,<p>1</p>,Country Of Origin,<p>BD</p>,Standards,<p></p>,,,,
CA110,Variant,,,https://d11ak7fd9ypfb7.cloudfront.net/styles1100px/CA110ORR.jpg,,0.0,TRUE,InStock,0.999,,CA110ORR5XL,,,,Size,DROP_DOWN,5XL,Color,DROP_DOWN,Orange,,,,,,,,,,,,,Fit,<p>R</p>,Length,<p>55</p>,Width,<p>36</p>,Height,<p>34</p>,Box Quantity,<p>48</p>,Inner Pack Quantity,<p>1</p>,Country Of Origin,<p>BD</p>,Standards,<p></p>,,,,
CA110,Variant,,,https://d11ak7fd9ypfb7.cloudfront.net/styles1100px/CA110ORR.jpg,,0.0,TRUE,InStock,0.999,,CA110ORRL,,,,Size,DROP_DOWN,L,Color,DROP_DOWN,Orange,,,,,,,,,,,,,Fit,<p>R</p>,Length,<p>55</p>,Width,<p>36</p>,Height,<p>34</p>,Box Quantity,<p>48</p>,Inner Pack Quantity,<p>1</p>,Country Of Origin,<p>BD</p>,Standards,<p></p>,,,,
CA110,Variant,,,https://d11ak7fd9ypfb7.cloudfront.net/styles1100px/CA110ORR.jpg,,0.0,TRUE,InStock,0.999,,CA110ORRM,,,,Size,DROP_DOWN,M,Color,DROP_DOWN,Orange,,,,,,,,,,,,,Fit,<p>R</p>,Length,<p>55</p>,Width,<p>36</p>,Height,<p>34</p>,Box Quantity,<p>48</p>,Inner Pack Quantity,<p>1</p>,Country Of Origin,<p>BD</p>,Standards,<p></p>,,,,
CA110,Variant,,,https://d11ak7fd9ypfb7.cloudfront.net/styles1100px/CA110ORR.jpg,,0.0,TRUE,InStock,0.999,,CA110ORRS,,,,Size,DROP_DOWN,S,Color,DROP_DOWN,Orange,,,,,,,,,,,,,Fit,<p>R</p>,Length,<p>55</p>,Width,<p>36</p>,Height,<p>34</p>,Box Quantity,<p>48</p>,Inner Pack Quantity,<p>1</p>,Country Of Origin,<p>BD</p>,Standards,<p></p>,,,,
CA110,Variant,,,https://d11ak7fd9ypfb7.cloudfront.net/styles1100px/CA110ORR.jpg,,0.0,TRUE,InStock,0.999,,CA110ORRXL,,,,Size,DROP_DOWN,XL,Color,DROP_DOWN,Orange,,,,,,,,,,,,,Fit,<p>R</p>,Length,<p>55</p>,Width,<p>36</p>,Height,<p>34</p>,Box Quantity,<p>48</p>,Inner Pack Quantity,<p>1</p>,Country Of Origin,<p>BD</p>,Standards,<p></p>,,,,
CA110,Variant,,,https://d11ak7fd9ypfb7.cloudfront.net/styles1100px/CA110ORR.jpg,,0.0,TRUE,InStock,0.999,,CA110ORRXXL,,,,Size,DROP_DOWN,XXL,Color,DROP_DOWN,Orange,,,,,,,,,,,,,Fit,<p>R</p>,Length,<p>55</p>,Width,<p>36</p>,Height,<p>34</p>,Box Quantity,<p>48</p>,Inner Pack Quantity,<p>1</p>,Country Of Origin,<p>BD</p>,Standards,<p></p>,,,,
CA110,Variant,,,https://d11ak7fd9ypfb7.cloudfront.net/styles1100px/CA110ORR.jpg,,0.0,TRUE,InStock,0.999,,CA110ORRXXXL,,,,Size,DROP_DOWN,XXXL,Color,DROP_DOWN,Orange,,,,,,,,,,,,,Fit,<p>R</p>,Length,<p>55</p>,Width,<p>36</p>,Height,<p>34</p>,Box Quantity,<p>48</p>,Inner Pack Quantity,<p>1</p>,Country Of Origin,<p>BD</p>,Standards,<p></p>,,,,
CA110,Variant,,,https://d11ak7fd9ypfb7.cloudfront.net/styles1100px/CA110YER.jpg,,0.0,TRUE,InStock,0.999,,CA110YER4XL,,,,Size,DROP_DOWN,4XL,Color,DROP_DOWN,Yellow,,,,,,,,,,,,,Fit,<p>R</p>,Length,<p>55</p>,Width,<p>36</p>,Height,<p>34</p>,Box Quantity,<p>48</p>,Inner Pack Quantity,<p>1</p>,Country Of Origin,<p>BD</p>,Standards,<p></p>,,,,
CA110,Variant,,,https://d11ak7fd9ypfb7.cloudfront.net/styles1100px/CA110YER.jpg,,0.0,TRUE,InStock,0.999,,CA110YER5XL,,,,Size,DROP_DOWN,5XL,Color,DROP_DOWN,Yellow,,,,,,,,,,,,,Fit,<p>R</p>,Length,<p>55</p>,Width,<p>36</p>,Height,<p>34</p>,Box Quantity,<p>48</p>,Inner Pack Quantity,<p>1</p>,Country Of Origin,<p>BD</p>,Standards,<p></p>,,,,
CA110,Variant,,,https://d11ak7fd9ypfb7.cloudfront.net/styles1100px/CA110YER.jpg,,0.0,TRUE,InStock,0.999,,CA110YERL,,,,Size,DROP_DOWN,L,Color,DROP_DOWN,Yellow,,,,,,,,,,,,,Fit,<p>R</p>,Length,<p>55</p>,Width,<p>36</p>,Height,<p>34</p>,Box Quantity,<p>48</p>,Inner Pack Quantity,<p>1</p>,Country Of Origin,<p>BD</p>,Standards,<p></p>,,,,
CA110,Variant,,,https://d11ak7fd9ypfb7.cloudfront.net/styles1100px/CA110YER.jpg,,0.0,TRUE,InStock,0.999,,CA110YERM,,,,Size,DROP_DOWN,M,Color,DROP_DOWN,Yellow,,,,,,,,,,,,,Fit,<p>R</p>,Length,<p>55</p>,Width,<p>36</p>,Height,<p>34</p>,Box Quantity,<p>48</p>,Inner Pack Quantity,<p>1</p>,Country Of Origin,<p>BD</p>,Standards,<p></p>,,,,
CA110,Variant,,,https://d11ak7fd9ypfb7.cloudfront.net/styles1100px/CA110YER.jpg,,0.0,TRUE,InStock,0.999,,CA110YERS,,,,Size,DROP_DOWN,S,Color,DROP_DOWN,Yellow,,,,,,,,,,,,,Fit,<p>R</p>,Length,<p>55</p>,Width,<p>36</p>,Height,<p>34</p>,Box Quantity,<p>48</p>,Inner Pack Quantity,<p>1</p>,Country Of Origin,<p>BD</p>,Standards,<p></p>,,,,
CA110,Variant,,,https://d11ak7fd9ypfb7.cloudfront.net/styles1100px/CA110YER.jpg,,0.0,TRUE,InStock,0.999,,CA110YERXL,,,,Size,DROP_DOWN,XL,Color,DROP_DOWN,Yellow,,,,,,,,,,,,,Fit,<p>R</p>,Length,<p>55</p>,Width,<p>36</p>,Height,<p>34</p>,Box Quantity,<p>48</p>,Inner Pack Quantity,<p>1</p>,Country Of Origin,<p>BD</p>,Standards,<p></p>,,,,
CA110,Variant,,,https://d11ak7fd9ypfb7.cloudfront.net/styles1100px/CA110YER.jpg,,0.0,TRUE,InStock,0.999,,CA110YERXXL,,,,Size,DROP_DOWN,XXL,Color,DROP_DOWN,Yellow,,,,,,,,,,,,,Fit,<p>R</p>,Length,<p>55</p>,Width,<p>36</p>,Height,<p>34</p>,Box Quantity,<p>48</p>,Inner Pack Quantity,<p>1</p>,Country Of Origin,<p>BD</p>,Standards,<p></p>,,,,
CA110,Variant,,,https://d11ak7fd9ypfb7.cloudfront.net/styles1100px/CA110YER.jpg,,0.0,TRUE,InStock,0.999,,CA110YERXXXL,,,,Size,DROP_DOWN,XXXL,Color,DROP_DOWN,Yellow,,,,,,,,,,,,,Fit,<p>R</p>,Length,<p>55</p>,Width,<p>36</p>,Height,<p>34</p>,Box Quantity,<p>48</p>,Inner Pack Quantity,<p>1</p>,Country Of Origin,<p>BD</p>,Standards,<p></p>,,,,
CA111,Product,CA111 - ,,https://d11ak7fd9ypfb7.cloudfront.net/styles1100px/CA111ORR.jpg,0.0,0.0,TRUE,InStock,0.999,,CA111ORR4XL,,,,Size,DROP_DOWN,S;M;L;XL;XXL;XXXL;4XL;5XL,Color,DROP_DOWN,Yellow;Orange,,,,,,,,,,,,,Fit,<p>R</p>,Length,<p>55</p>,Width,<p>36</p>,Height,<p>45</p>,Box Quantity,<p>48</p>,Inner Pack Quantity,<p>1</p>,Country Of Origin,<p>BD</p>,Standards,<p></p>,,,,
CA111,Variant,,,https://d11ak7fd9ypfb7.cloudfront.net/styles1100px/CA111ORR.jpg,,0.0,TRUE,InStock,0.999,,CA111ORR4XL,,,,Size,DROP_DOWN,4XL,Color,DROP_DOWN,Orange,,,,,,,,,,,,,Fit,<p>R</p>,Length,<p>55</p>,Width,<p>36</p>,Height,<p>45</p>,Box Quantity,<p>48</p>,Inner Pack Quantity,<p>1</p>,Country Of Origin,<p>BD</p>,Standards,<p></p>,,,,
CA111,Variant,,,https://d11ak7fd9ypfb7.cloudfront.net/styles1100px/CA111ORR.jpg,,0.0,TRUE,InStock,0.999,,CA111ORR5XL,,,,Size,DROP_DOWN,5XL,Color,DROP_DOWN,Orange,,,,,,,,,,,,,Fit,<p>R</p>,Length,<p>55</p>,Width,<p>36</p>,Height,<p>45</p>,Box Quantity,<p>48</p>,Inner Pack Quantity,<p>1</p>,Country Of Origin,<p>BD</p>,Standards,<p></p>,,,,
CA111,Variant,,,https://d11ak7fd9ypfb7.cloudfront.net/styles1100px/CA111ORR.jpg,,0.0,TRUE,InStock,0.999,,CA111ORRL,,,,Size,DROP_DOWN,L,Color,DROP_DOWN,Orange,,,,,,,,,,,,,Fit,<p>R</p>,Length,<p>55</p>,Width,<p>36</p>,Height,<p>40</p>,Box Quantity,<p>48</p>,Inner Pack Quantity,<p>1</p>,Country Of Origin,<p>BD</p>,Standards,<p></p>,,,,
CA111,Variant,,,https://d11ak7fd9ypfb7.cloudfront.net/styles1100px/CA111ORR.jpg,,0.0,TRUE,InStock,0.999,,CA111ORRM,,,,Size,DROP_DOWN,M,Color,DROP_DOWN,Orange,,,,,,,,,,,,,Fit,<p>R</p>,Length,<p>55</p>,Width,<p>36</p>,Height,<p>40</p>,Box Quantity,<p>48</p>,Inner Pack Quantity,<p>1</p>,Country Of Origin,<p>BD</p>,Standards,<p></p>,,,,
CA111,Variant,,,https://d11ak7fd9ypfb7.cloudfront.net/styles1100px/CA111ORR.jpg,,0.0,TRUE,InStock,0.999,,CA111ORRS,,,,Size,DROP_DOWN,S,Color,DROP_DOWN,Orange,,,,,,,,,,,,,Fit,<p>R</p>,Length,<p>55</p>,Width,<p>36</p>,Height,<p>40</p>,Box Quantity,<p>48</p>,Inner Pack Quantity,<p>1</p>,Country Of Origin,<p>BD</p>,Standards,<p></p>,,,,
CA111,Variant,,,https://d11ak7fd9ypfb7.cloudfront.net/styles1100px/CA111ORR.jpg,,0.0,TRUE,InStock,0.999,,CA111ORRXL,,,,Size,DROP_DOWN,XL,Color,DROP_DOWN,Orange,,,,,,,,,,,,,Fit,<p>R</p>,Length,<p>55</p>,Width,<p>36</p>,Height,<p>40</p>,Box Quantity,<p>48</p>,Inner Pack Quantity,<p>1</p>,Country Of Origin,<p>BD</p>,Standards,<p></p>,,,,
CA111,Variant,,,https://d11ak7fd9ypfb7.cloudfront.net/styles1100px/CA111ORR.jpg,,0.0,TRUE,InStock,0.999,,CA111ORRXXL,,,,Size,DROP_DOWN,XXL,Color,DROP_DOWN,Orange,,,,,,,,,,,,,Fit,<p>R</p>,Length,<p>55</p>,Width,<p>36</p>,Height,<p>45</p>,Box Quantity,<p>48</p>,Inner Pack Quantity,<p>1</p>,Country Of Origin,<p>BD</p>,Standards,<p></p>,,,,
CA111,Variant,,,https://d11ak7fd9ypfb7.cloudfront.net/styles1100px/CA111ORR.jpg,,0.0,TRUE,InStock,0.999,,CA111ORRXXXL,,,,Size,DROP_DOWN,XXXL,Color,DROP_DOWN,Orange,,,,,,,,,,,,,Fit,<p>R</p>,Length,<p>55</p>,Width,<p>36</p>,Height,<p>45</p>,Box Quantity,<p>48</p>,Inner Pack Quantity,<p>1</p>,Country Of Origin,<p>BD</p>,Standards,<p></p>,,,,
CA111,Variant,,,https://d11ak7fd9ypfb7.cloudfront.net/styles1100px/CA111YER.jpg,,0.0,TRUE,InStock,0.999,,CA111YER4XL,,,,Size,DROP_DOWN,4XL,Color,DROP_DOWN,Yellow,,,,,,,,,,,,,Fit,<p>R</p>,Length,<p>55</p>,Width,<p>36</p>,Height,<p>45</p>,Box Quantity,<p>48</p>,Inner Pack Quantity,<p>1</p>,Country Of Origin,<p>BD</p>,Standards,<p></p>,,,,
CA111,Variant,,,https://d11ak7fd9ypfb7.cloudfront.net/styles1100px/CA111YER.jpg,,0.0,TRUE,InStock,0.999,,CA111YER5XL,,,,Size,DROP_DOWN,5XL,Color,DROP_DOWN,Yellow,,,,,,,,,,,,,Fit,<p>R</p>,Length,<p>55</p>,Width,<p>36</p>,Height,<p>45</p>,Box Quantity,<p>48</p>,Inner Pack Quantity,<p>1</p>,Country Of Origin,<p>BD</p>,Standards,<p></p>,,,,
CA111,Variant,,,https://d11ak7fd9ypfb7.cloudfront.net/styles1100px/CA111YER.jpg,,0.0,TRUE,InStock,0.999,,CA111YERL,,,,Size,DROP_DOWN,L,Color,DROP_DOWN,Yellow,,,,,,,,,,,,,Fit,<p>R</p>,Length,<p>55</p>,Width,<p>36</p>,Height,<p>40</p>,Box Quantity,<p>48</p>,Inner Pack Quantity,<p>1</p>,Country Of Origin,<p>BD</p>,Standards,<p></p>,,,,
CA111,Variant,,,https://d11ak7fd9ypfb7.cloudfront.net/styles1100px/CA111YER.jpg,,0.0,TRUE,InStock,0.999,,CA111YERM,,,,Size,DROP_DOWN,M,Color,DROP_DOWN,Yellow,,,,,,,,,,,,,Fit,<p>R</p>,Length,<p>55</p>,Width,<p>36</p>,Height,<p>40</p>,Box Quantity,<p>48</p>,Inner Pack Quantity,<p>1</p>,Country Of Origin,<p>BD</p>,Standards,<p></p>,,,,
CA111,Variant,,,https://d11ak7fd9ypfb7.cloudfront.net/styles1100px/CA111YER.jpg,,0.0,TRUE,InStock,0.999,,CA111YERS,,,,Size,DROP_DOWN,S,Color,DROP_DOWN,Yellow,,,,,,,,,,,,,Fit,<p>R</p>,Length,<p>55</p>,Width,<p>36</p>,Height,<p>40</p>,Box Quantity,<p>48</p>,Inner Pack Quantity,<p>1</p>,Country Of Origin,<p>BD</p>,Standards,<p></p>,,,,
CA111,Variant,,,https://d11ak7fd9ypfb7.cloudfront.net/styles1100px/CA111YER.jpg,,0.0,TRUE,InStock,0.999,,CA111YERXL,,,,Size,DROP_DOWN,XL,Color,DROP_DOWN,Yellow,,,,,,,,,,,,,Fit,<p>R</p>,Length,<p>55</p>,Width,<p>36</p>,Height,<p>40</p>,Box Quantity,<p>48</p>,Inner Pack Quantity,<p>1</p>,Country Of Origin,<p>BD</p>,Standards,<p></p>,,,,
CA111,Variant,,,https://d11ak7fd9ypfb7.cloudfront.net/styles1100px/CA111YER.jpg,,0.0,TRUE,InStock,0.999,,CA111YERXXL,,,,Size,DROP_DOWN,XXL,Color,DROP_DOWN,Yellow,,,,,,,,,,,,,Fit,<p>R</p>,Length,<p>55</p>,Width,<p>36</p>,Height,<p>45</p>,Box Quantity,<p>48</p>,Inner Pack Quantity,<p>1</p>,Country Of Origin,<p>BD</p>,Standards,<p></p>,,,,
CA111,Variant,,,https://d11ak7fd9ypfb7.cloudfront.net/styles1100px/CA111YER.jpg,,0.0,TRUE,InStock,0.999,,CA111YERXXXL,,,,Size,DROP_DOWN,XXXL,Color,DROP_DOWN,Yellow,,,,,,,,,,,,,Fit,<p>R</p>,Length,<p>55</p>,Width,<p>36</p>,Height,<p>45</p>,Box Quantity,<p>48</p>,Inner Pack Quantity,<p>1</p>,Country Of Origin,<p>BD</p>,Standards,<p></p>,,,,
CA160,Product,CA160 - ,,https://d11ak7fd9ypfb7.cloudfront.net/styles1100px/CA160OBR.jpg,0.0,0.0,TRUE,InStock,0.999,,CA160OBR4XL,,,,Size,DROP_DOWN,S;M;L;XL;XXL;XXXL;4XL;5XL,Color,DROP_DOWN,Orange/Black;Yellow/Black,,,,,,,,,,,,,Fit,<p>R</p>,Length,<p>65</p>,Width,<p>40</p>,Height,<p>47</p>,Box Quantity,<p>12</p>,Inner Pack Quantity,<p>1</p>,Country Of Origin,<p>CN</p>,Standards,<p></p>,,,,
CA160,Variant,,,https://d11ak7fd9ypfb7.cloudfront.net/styles1100px/CA160OBR.jpg,,0.0,TRUE,InStock,0.999,,CA160OBR4XL,,,,Size,DROP_DOWN,4XL,Color,DROP_DOWN,Orange/Black,,,,,,,,,,,,,Fit,<p>R</p>,Length,<p>65</p>,Width,<p>40</p>,Height,<p>47</p>,Box Quantity,<p>12</p>,Inner Pack Quantity,<p>1</p>,Country Of Origin,<p>CN</p>,Standards,<p></p>,,,,
CA160,Variant,,,https://d11ak7fd9ypfb7.cloudfront.net/styles1100px/CA160OBR.jpg,,0.0,TRUE,InStock,0.999,,CA160OBR5XL,,,,Size,DROP_DOWN,5XL,Color,DROP_DOWN,Orange/Black,,,,,,,,,,,,,Fit,<p>R</p>,Length,<p>65</p>,Width,<p>40</p>,Height,<p>47</p>,Box Quantity,<p>12</p>,Inner Pack Quantity,<p>1</p>,Country Of Origin,<p>CN</p>,Standards,<p></p>,,,,
CA160,Variant,,,https://d11ak7fd9ypfb7.cloudfront.net/styles1100px/CA160OBR.jpg,,0.0,TRUE,InStock,0.999,,CA160OBRL,,,,Size,DROP_DOWN,L,Color,DROP_DOWN,Orange/Black,,,,,,,,,,,,,Fit,<p>R</p>,Length,<p>65</p>,Width,<p>40</p>,Height,<p>47</p>,Box Quantity,<p>12</p>,Inner Pack Quantity,<p>1</p>,Country Of Origin,<p>CN</p>,Standards,<p></p>,,,,
CA160,Variant,,,https://d11ak7fd9ypfb7.cloudfront.net/styles1100px/CA160OBR.jpg,,0.0,TRUE,InStock,0.999,,CA160OBRM,,,,Size,DROP_DOWN,M,Color,DROP_DOWN,Orange/Black,,,,,,,,,,,,,Fit,<p>R</p>,Length,<p>65</p>,Width,<p>40</p>,Height,<p>47</p>,Box Quantity,<p>12</p>,Inner Pack Quantity,<p>1</p>,Country Of Origin,<p>CN</p>,Standards,<p></p>,,,,
CA160,Variant,,,https://d11ak7fd9ypfb7.cloudfront.net/styles1100px/CA160OBR.jpg,,0.0,TRUE,InStock,0.999,,CA160OBRS,,,,Size,DROP_DOWN,S,Color,DROP_DOWN,Orange/Black,,,,,,,,,,,,,Fit,<p>R</p>,Length,<p>65</p>,Width,<p>40</p>,Height,<p>47</p>,Box Quantity,<p>12</p>,Inner Pack Quantity,<p>1</p>,Country Of Origin,<p>CN</p>,Standards,<p></p>,,,,
CA160,Variant,,,https://d11ak7fd9ypfb7.cloudfront.net/styles1100px/CA160OBR.jpg,,0.0,TRUE,InStock,0.999,,CA160OBRXL,,,,Size,DROP_DOWN,XL,Color,DROP_DOWN,Orange/Black,,,,,,,,,,,,,Fit,<p>R</p>,Length,<p>65</p>,Width,<p>40</p>,Height,<p>47</p>,Box Quantity,<p>12</p>,Inner Pack Quantity,<p>1</p>,Country Of Origin,<p>CN</p>,Standards,<p></p>,,,,
CA160,Variant,,,https://d11ak7fd9ypfb7.cloudfront.net/styles1100px/CA160OBR.jpg,,0.0,TRUE,InStock,0.999,,CA160OBRXXL,,,,Size,DROP_DOWN,XXL,Color,DROP_DOWN,Orange/Black,,,,,,,,,,,,,Fit,<p>R</p>,Length,<p>65</p>,Width,<p>40</p>,Height,<p>47</p>,Box Quantity,<p>12</p>,Inner Pack Quantity,<p>1</p>,Country Of Origin,<p>CN</p>,Standards,<p></p>,,,,
CA160,Variant,,,https://d11ak7fd9ypfb7.cloudfront.net/styles1100px/CA160OBR.jpg,,0.0,TRUE,InStock,0.999,,CA160OBRXXXL,,,,Size,DROP_DOWN,XXXL,Color,DROP_DOWN,Orange/Black,,,,,,,,,,,,,Fit,<p>R</p>,Length,<p>65</p>,Width,<p>40</p>,Height,<p>47</p>,Box Quantity,<p>12</p>,Inner Pack Quantity,<p>1</p>,Country Of Origin,<p>CN</p>,Standards,<p></p>,,,,
CA160,Variant,,,https://d11ak7fd9ypfb7.cloudfront.net/styles1100px/CA160YBR.jpg,,0.0,TRUE,InStock,0.999,,CA160YBR4XL,,,,Size,DROP_DOWN,4XL,Color,DROP_DOWN,Yellow/Black,,,,,,,,,,,,,Fit,<p>R</p>,Length,<p>65</p>,Width,<p>40</p>,Height,<p>47</p>,Box Quantity,<p>12</p>,Inner Pack Quantity,<p>1</p>,Country Of Origin,<p>CN</p>,Standards,<p></p>,,,,
CA160,Variant,,,https://d11ak7fd9ypfb7.cloudfront.net/styles1100px/CA160YBR.jpg,,0.0,TRUE,InStock,0.999,,CA160YBR5XL,,,,Size,DROP_DOWN,5XL,Color,DROP_DOWN,Yellow/Black,,,,,,,,,,,,,Fit,<p>R</p>,Length,<p>65</p>,Width,<p>40</p>,Height,<p>47</p>,Box Quantity,<p>12</p>,Inner Pack Quantity,<p>1</p>,Country Of Origin,<p>CN</p>,Standards,<p></p>,,,,
CA160,Variant,,,https://d11ak7fd9ypfb7.cloudfront.net/styles1100px/CA160YBR.jpg,,0.0,TRUE,InStock,0.999,,CA160YBRL,,,,Size,DROP_DOWN,L,Color,DROP_DOWN,Yellow/Black,,,,,,,,,,,,,Fit,<p>R</p>,Length,<p>65</p>,Width,<p>40</p>,Height,<p>47</p>,Box Quantity,<p>12</p>,Inner Pack Quantity,<p>1</p>,Country Of Origin,<p>CN</p>,Standards,<p></p>,,,,
CA160,Variant,,,https://d11ak7fd9ypfb7.cloudfront.net/styles1100px/CA160YBR.jpg,,0.0,TRUE,InStock,0.999,,CA160YBRM,,,,Size,DROP_DOWN,M,Color,DROP_DOWN,Yellow/Black,,,,,,,,,,,,,Fit,<p>R</p>,Length,<p>65</p>,Width,<p>40</p>,Height,<p>47</p>,Box Quantity,<p>12</p>,Inner Pack Quantity,<p>1</p>,Country Of Origin,<p>CN</p>,Standards,<p></p>,,,,
CA160,Variant,,,https://d11ak7fd9ypfb7.cloudfront.net/styles1100px/CA160YBR.jpg,,0.0,TRUE,InStock,0.999,,CA160YBRS,,,,Size,DROP_DOWN,S,Color,DROP_DOWN,Yellow/Black,,,,,,,,,,,,,Fit,<p>R</p>,Length,<p>65</p>,Width,<p>40</p>,Height,<p>47</p>,Box Quantity,<p>12</p>,Inner Pack Quantity,<p>1</p>,Country Of Origin,<p>CN</p>,Standards,<p></p>,,,,
CA160,Variant,,,https://d11ak7fd9ypfb7.cloudfront.net/styles1100px/CA160YBR.jpg,,0.0,TRUE,InStock,0.999,,CA160YBRXL,,,,Size,DROP_DOWN,XL,Color,DROP_DOWN,Yellow/Black,,,,,,,,,,,,,Fit,<p>R</p>,Length,<p>65</p>,Width,<p>40</p>,Height,<p>47</p>,Box Quantity,<p>12</p>,Inner Pack Quantity,<p>1</p>,Country Of Origin,<p>CN</p>,Standards,<p></p>,,,,
CA160,Variant,,,https://d11ak7fd9ypfb7.cloudfront.net/styles1100px/CA160YBR.jpg,,0.0,TRUE,InStock,0.999,,CA160YBRXXL,,,,Size,DROP_DOWN,XXL,Color,DROP_DOWN,Yellow/Black,,,,,,,,,,,,,Fit,<p>R</p>,Length,<p>65</p>,Width,<p>40</p>,Height,<p>47</p>,Box Quantity,<p>12</p>,Inner Pack Quantity,<p>1</p>,Country Of Origin,<p>CN</p>,Standards,<p></p>,,,,
CA160,Variant,,,https://d11ak7fd9ypfb7.cloudfront.net/styles1100px/CA160YBR.jpg,,0.0,TRUE,InStock,0.999,,CA160YBRXXXL,,,,Size,DROP_DOWN,XXXL,Color,DROP_DOWN,Yellow/Black,,,,,,,,,,,,,Fit,<p>R</p>,Length,<p>65</p>,Width,<p>40</p>,Height,<p>47</p>,Box Quantity,<p>12</p>,Inner Pack Quantity,<p>1</p>,Country Of Origin,<p>CN</p>,Standards,<p></p>,,,,
CA170,Product,CA170 - ,,https://d11ak7fd9ypfb7.cloudfront.net/styles1100px/CA170ORR.jpg,0.0,0.0,TRUE,InStock,0.999,,CA170ORR4XL,,,,Size,DROP_DOWN,S;M;L;XL;XXL;XXXL;4XL;5XL,Color,DROP_DOWN,Yellow;Orange,,,,,,,,,,,,,Fit,<p>R</p>,Length,<p>55</p>,Width,<p>41</p>,Height,<p>50</p>,Box Quantity,<p>24</p>,Inner Pack Quantity,<p>1</p>,Country Of Origin,<p>CN</p>,Standards,<p></p>,,,,
CA170,Variant,,,https://d11ak7fd9ypfb7.cloudfront.net/styles1100px/CA170ORR.jpg,,0.0,TRUE,InStock,0.999,,CA170ORR4XL,,,,Size,DROP_DOWN,4XL,Color,DROP_DOWN,Orange,,,,,,,,,,,,,Fit,<p>R</p>,Length,<p>55</p>,Width,<p>41</p>,Height,<p>50</p>,Box Quantity,<p>24</p>,Inner Pack Quantity,<p>1</p>,Country Of Origin,<p>CN</p>,Standards,<p></p>,,,,
CA170,Variant,,,https://d11ak7fd9ypfb7.cloudfront.net/styles1100px/CA170ORR.jpg,,0.0,TRUE,InStock,0.999,,CA170ORR5XL,,,,Size,DROP_DOWN,5XL,Color,DROP_DOWN,Orange,,,,,,,,,,,,,Fit,<p>R</p>,Length,<p>55</p>,Width,<p>41</p>,Height,<p>50</p>,Box Quantity,<p>24</p>,Inner Pack Quantity,<p>1</p>,Country Of Origin,<p>CN</p>,Standards,<p></p>,,,,
CA170,Variant,,,https://d11ak7fd9ypfb7.cloudfront.net/styles1100px/CA170ORR.jpg,,0.0,TRUE,InStock,0.999,,CA170ORRL,,,,Size,DROP_DOWN,L,Color,DROP_DOWN,Orange,,,,,,,,,,,,,Fit,<p>R</p>,Length,<p>55</p>,Width,<p>41</p>,Height,<p>45</p>,Box Quantity,<p>24</p>,Inner Pack Quantity,<p>1</p>,Country Of Origin,<p>CN</p>,Standards,<p></p>,,,,
CA170,Variant,,,https://d11ak7fd9ypfb7.cloudfront.net/styles1100px/CA170ORR.jpg,,0.0,TRUE,InStock,0.999,,CA170ORRM,,,,Size,DROP_DOWN,M,Color,DROP_DOWN,Orange,,,,,,,,,,,,,Fit,<p>R</p>,Length,<p>55</p>,Width,<p>41</p>,Height,<p>45</p>,Box Quantity,<p>24</p>,Inner Pack Quantity,<p>1</p>,Country Of Origin,<p>CN</p>,Standards,<p></p>,,,,
CA170,Variant,,,https://d11ak7fd9ypfb7.cloudfront.net/styles1100px/CA170ORR.jpg,,0.0,TRUE,InStock,0.999,,CA170ORRS,,,,Size,DROP_DOWN,S,Color,DROP_DOWN,Orange,,,,,,,,,,,,,Fit,<p>R</p>,Length,<p>55</p>,Width,<p>41</p>,Height,<p>45</p>,Box Quantity,<p>24</p>,Inner Pack Quantity,<p>1</p>,Country Of Origin,<p>CN</p>,Standards,<p></p>,,,,
CA170,Variant,,,https://d11ak7fd9ypfb7.cloudfront.net/styles1100px/CA170ORR.jpg,,0.0,TRUE,InStock,0.999,,CA170ORRXL,,,,Size,DROP_DOWN,XL,Color,DROP_DOWN,Orange,,,,,,,,,,,,,Fit,<p>R</p>,Length,<p>55</p>,Width,<p>41</p>,Height,<p>50</p>,Box Quantity,<p>24</p>,Inner Pack Quantity,<p>1</p>,Country Of Origin,<p>CN</p>,Standards,<p></p>,,,,
CA170,Variant,,,https://d11ak7fd9ypfb7.cloudfront.net/styles1100px/CA170ORR.jpg,,0.0,TRUE,InStock,0.999,,CA170ORRXXL,,,,Size,DROP_DOWN,XXL,Color,DROP_DOWN,Orange,,,,,,,,,,,,,Fit,<p>R</p>,Length,<p>55</p>,Width,<p>41</p>,Height,<p>50</p>,Box Quantity,<p>24</p>,Inner Pack Quantity,<p>1</p>,Country Of Origin,<p>CN</p>,Standards,<p></p>,,,,
CA170,Variant,,,https://d11ak7fd9ypfb7.cloudfront.net/styles1100px/CA170ORR.jpg,,0.0,TRUE,InStock,0.999,,CA170ORRXXXL,,,,Size,DROP_DOWN,XXXL,Color,DROP_DOWN,Orange,,,,,,,,,,,,,Fit,<p>R</p>,Length,<p>55</p>,Width,<p>41</p>,Height,<p>50</p>,Box Quantity,<p>24</p>,Inner Pack Quantity,<p>1</p>,Country Of Origin,<p>CN</p>,Standards,<p></p>,,,,
CA170,Variant,,,https://d11ak7fd9ypfb7.cloudfront.net/styles1100px/CA170YER.jpg,,0.0,TRUE,InStock,0.999,,CA170YER4XL,,,,Size,DROP_DOWN,4XL,Color,DROP_DOWN,Yellow,,,,,,,,,,,,,Fit,<p>R</p>,Length,<p>55</p>,Width,<p>41</p>,Height,<p>50</p>,Box Quantity,<p>24</p>,Inner Pack Quantity,<p>1</p>,Country Of Origin,<p>CN</p>,Standards,<p></p>,,,,
CA170,Variant,,,https://d11ak7fd9ypfb7.cloudfront.net/styles1100px/CA170YER.jpg,,0.0,TRUE,InStock,0.999,,CA170YER5XL,,,,Size,DROP_DOWN,5XL,Color,DROP_DOWN,Yellow,,,,,,,,,,,,,Fit,<p>R</p>,Length,<p>55</p>,Width,<p>41</p>,Height,<p>50</p>,Box Quantity,<p>24</p>,Inner Pack Quantity,<p>1</p>,Country Of Origin,<p>CN</p>,Standards,<p></p>,,,,
CA170,Variant,,,https://d11ak7fd9ypfb7.cloudfront.net/styles1100px/CA170YER.jpg,,0.0,TRUE,InStock,0.999,,CA170YERL,,,,Size,DROP_DOWN,L,Color,DROP_DOWN,Yellow,,,,,,,,,,,,,Fit,<p>R</p>,Length,<p>55</p>,Width,<p>41</p>,Height,<p>45</p>,Box Quantity,<p>24</p>,Inner Pack Quantity,<p>1</p>,Country Of Origin,<p>CN</p>,Standards,<p></p>,,,,
CA170,Variant,,,https://d11ak7fd9ypfb7.cloudfront.net/styles1100px/CA170YER.jpg,,0.0,TRUE,InStock,0.999,,CA170YERM,,,,Size,DROP_DOWN,M,Color,DROP_DOWN,Yellow,,,,,,,,,,,,,Fit,<p>R</p>,Length,<p>55</p>,Width,<p>41</p>,Height,<p>45</p>,Box Quantity,<p>24</p>,Inner Pack Quantity,<p>1</p>,Country Of Origin,<p>CN</p>,Standards,<p></p>,,,,
CA170,Variant,,,https://d11ak7fd9ypfb7.cloudfront.net/styles1100px/CA170YER.jpg,,0.0,TRUE,InStock,0.999,,CA170YERS,,,,Size,DROP_DOWN,S,Color,DROP_DOWN,Yellow,,,,,,,,,,,,,Fit,<p>R</p>,Length,<p>55</p>,Width,<p>41</p>,Height,<p>45</p>,Box Quantity,<p>24</p>,Inner Pack Quantity,<p>1</p>,Country Of Origin,<p>CN</p>,Standards,<p></p>,,,,
CA170,Variant,,,https://d11ak7fd9ypfb7.cloudfront.net/styles1100px/CA170YER.jpg,,0.0,TRUE,InStock,0.999,,CA170YERXL,,,,Size,DROP_DOWN,XL,Color,DROP_DOWN,Yellow,,,,,,,,,,,,,Fit,<p>R</p>,Length,<p>55</p>,Width,<p>41</p>,Height,<p>50</p>,Box Quantity,<p>24</p>,Inner Pack Quantity,<p>1</p>,Country Of Origin,<p>CN</p>,Standards,<p></p>,,,,
CA170,Variant,,,https://d11ak7fd9ypfb7.cloudfront.net/styles1100px/CA170YER.jpg,,0.0,TRUE,InStock,0.999,,CA170YERXXL,,,,Size,DROP_DOWN,XXL,Color,DROP_DOWN,Yellow,,,,,,,,,,,,,Fit,<p>R</p>,Length,<p>55</p>,Width,<p>41</p>,Height,<p>50</p>,Box Quantity,<p>24</p>,Inner Pack Quantity,<p>1</p>,Country Of Origin,<p>CN</p>,Standards,<p></p>,,,,
CA170,Variant,,,https://d11ak7fd9ypfb7.cloudfront.net/styles1100px/CA170YER.jpg,,0.0,TRUE,InStock,0.999,,CA170YERXXXL,,,,Size,DROP_DOWN,XXXL,Color,DROP_DOWN,Yellow,,,,,,,,,,,,,Fit,<p>R</p>,Length,<p>55</p>,Width,<p>41</p>,Height,<p>50</p>,Box Quantity,<p>24</p>,Inner Pack Quantity,<p>1</p>,Country Of Origin,<p>CN</p>,Standards,<p></p>,,,,
CD884,Product,CD884 - Super Work Pants,"This is a classic work pant with every thing you need to get the job done. Knee pad pockets, hammer loop, Ruler and cargo pockets. Plus side elasticated waist.",https://d11ak7fd9ypfb7.cloudfront.net/styles1100px/CD884BKR.jpg,0.0,0.0,TRUE,InStock,0.538,,CD884BKR28,,,,Size,DROP_DOWN,28;30;32;34;36;38;40;42;44;46;48,Color,DROP_DOWN,Navy;Black,,,,,,,,,,,,,Fit,<p>R</p>,Length,<p>43</p>,Width,<p>28</p>,Height,<p>35</p>,Box Quantity,<p>24</p>,Inner Pack Quantity,<p>1</p>,Country Of Origin,<p>BD</p>,Standards,<p></p>,,,,
CD884,Variant,,"This is a classic work pant with every thing you need to get the job done. Knee pad pockets, hammer loop, Ruler and cargo pockets. Plus side elasticated waist.",https://d11ak7fd9ypfb7.cloudfront.net/styles1100px/CD884BKR.jpg,,0.0,TRUE,InStock,0.538,,CD884BKR28,,,,Size,DROP_DOWN,28,Color,DROP_DOWN,Black,,,,,,,,,,,,,Fit,<p>R</p>,Length,<p>43</p>,Width,<p>28</p>,Height,<p>35</p>,Box Quantity,<p>24</p>,Inner Pack Quantity,<p>1</p>,Country Of Origin,<p>BD</p>,Standards,<p></p>,,,,
CD884,Variant,,"This is a classic work pant with every thing you need to get the job done. Knee pad pockets, hammer loop, Ruler and cargo pockets. Plus side elasticated waist.",https://d11ak7fd9ypfb7.cloudfront.net/styles1100px/CD884BKR.jpg,,0.0,TRUE,InStock,0.54,,CD884BKR30,,,,Size,DROP_DOWN,30,Color,DROP_DOWN,Black,,,,,,,,,,,,,Fit,<p>R</p>,Length,<p>43</p>,Width,<p>28</p>,Height,<p>35</p>,Box Quantity,<p>24</p>,Inner Pack Quantity,<p>1</p>,Country Of Origin,<p>BD</p>,Standards,<p></p>,,,,
CD884,Variant,,"This is a classic work pant with every thing you need to get the job done. Knee pad pockets, hammer loop, Ruler and cargo pockets. Plus side elasticated waist.",https://d11ak7fd9ypfb7.cloudfront.net/styles1100px/CD884BKR.jpg,,0.0,TRUE,InStock,0.546,,CD884BKR32,,,,Size,DROP_DOWN,32,Color,DROP_DOWN,Black,,,,,,,,,,,,,Fit,<p>R</p>,Length,<p>43</p>,Width,<p>28</p>,Height,<p>35</p>,Box Quantity,<p>24</p>,Inner Pack Quantity,<p>1</p>,Country Of Origin,<p>BD</p>,Standards,<p></p>,,,,
CD884,Variant,,"This is a classic work pant with every thing you need to get the job done. Knee pad pockets, hammer loop, Ruler and cargo pockets. Plus side elasticated waist.",https://d11ak7fd9ypfb7.cloudfront.net/styles1100px/CD884BKR.jpg,,0.0,TRUE,InStock,0.554,,CD884BKR34,,,,Size,DROP_DOWN,34,Color,DROP_DOWN,Black,,,,,,,,,,,,,Fit,<p>R</p>,Length,<p>43</p>,Width,<p>28</p>,Height,<p>35</p>,Box Quantity,<p>24</p>,Inner Pack Quantity,<p>1</p>,Country Of Origin,<p>BD</p>,Standards,<p></p>,,,,
CD884,Variant,,"This is a classic work pant with every thing you need to get the job done. Knee pad pockets, hammer loop, Ruler and cargo pockets. Plus side elasticated waist.",https://d11ak7fd9ypfb7.cloudfront.net/styles1100px/CD884BKR.jpg,,0.0,TRUE,InStock,0.568,,CD884BKR36,,,,Size,DROP_DOWN,36,Color,DROP_DOWN,Black,,,,,,,,,,,,,Fit,<p>R</p>,Length,<p>43</p>,Width,<p>28</p>,Height,<p>35</p>,Box Quantity,<p>24</p>,Inner Pack Quantity,<p>1</p>,Country Of Origin,<p>BD</p>,Standards,<p></p>,,,,
CD884,Variant,,"This is a classic work pant with every thing you need to get the job done. Knee pad pockets, hammer loop, Ruler and cargo pockets. Plus side elasticated waist.",https://d11ak7fd9ypfb7.cloudfront.net/styles1100px/CD884BKR.jpg,,0.0,TRUE,InStock,0.588,,CD884BKR38,,,,Size,DROP_DOWN,38,Color,DROP_DOWN,Black,,,,,,,,,,,,,Fit,<p>R</p>,Length,<p>43</p>,Width,<p>28</p>,Height,<p>35</p>,Box Quantity,<p>24</p>,Inner Pack Quantity,<p>1</p>,Country Of Origin,<p>BD</p>,Standards,<p></p>,,,,
CD884,Variant,,"This is a classic work pant with every thing you need to get the job done. Knee pad pockets, hammer loop, Ruler and cargo pockets. Plus side elasticated waist.",https://d11ak7fd9ypfb7.cloudfront.net/styles1100px/CD884BKR.jpg,,0.0,TRUE,InStock,0.604,,CD884BKR40,,,,Size,DROP_DOWN,40,Color,DROP_DOWN,Black,,,,,,,,,,,,,Fit,<p>R</p>,Length,<p>43</p>,Width,<p>28</p>,Height,<p>35</p>,Box Quantity,<p>24</p>,Inner Pack Quantity,<p>1</p>,Country Of Origin,<p>BD</p>,Standards,<p></p>,,,,
CD884,Variant,,"This is a classic work pant with every thing you need to get the job done. Knee pad pockets, hammer loop, Ruler and cargo pockets. Plus side elasticated waist.",https://d11ak7fd9ypfb7.cloudfront.net/styles1100px/CD884BKR.jpg,,0.0,TRUE,InStock,0.616,,CD884BKR42,,,,Size,DROP_DOWN,42,Color,DROP_DOWN,Black,,,,,,,,,,,,,Fit,<p>R</p>,Length,<p>43</p>,Width,<p>28</p>,Height,<p>40</p>,Box Quantity,<p>24</p>,Inner Pack Quantity,<p>1</p>,Country Of Origin,<p>BD</p>,Standards,<p></p>,,,,
CD884,Variant,,"This is a classic work pant with every thing you need to get the job done. Knee pad pockets, hammer loop, Ruler and cargo pockets. Plus side elasticated waist.",https://d11ak7fd9ypfb7.cloudfront.net/styles1100px/CD884BKR.jpg,,0.0,TRUE,InStock,0.63,,CD884BKR44,,,,Size,DROP_DOWN,44,Color,DROP_DOWN,Black,,,,,,,,,,,,,Fit,<p>R</p>,Length,<p>43</p>,Width,<p>28</p>,Height,<p>40</p>,Box Quantity,<p>24</p>,Inner Pack Quantity,<p>1</p>,Country Of Origin,<p>BD</p>,Standards,<p></p>,,,,
CD884,Variant,,"This is a classic work pant with every thing you need to get the job done. Knee pad pockets, hammer loop, Ruler and cargo pockets. Plus side elasticated waist.",https://d11ak7fd9ypfb7.cloudfront.net/styles1100px/CD884BKR.jpg,,0.0,TRUE,InStock,0.642,,CD884BKR46,,,,Size,DROP_DOWN,46,Color,DROP_DOWN,Black,,,,,,,,,,,,,Fit,<p>R</p>,Length,<p>43</p>,Width,<p>28</p>,Height,<p>40</p>,Box Quantity,<p>24</p>,Inner Pack Quantity,<p>1</p>,Country Of Origin,<p>BD</p>,Standards,<p></p>,,,,
CD884,Variant,,"This is a classic work pant with every thing you need to get the job done. Knee pad pockets, hammer loop, Ruler and cargo pockets. Plus side elasticated waist.",https://d11ak7fd9ypfb7.cloudfront.net/styles1100px/CD884BKR.jpg,,0.0,TRUE,InStock,0.652,,CD884BKR48,,,,Size,DROP_DOWN,48,Color,DROP_DOWN,Black,,,,,,,,,,,,,Fit,<p>R</p>,Length,<p>43</p>,Width,<p>28</p>,Height,<p>40</p>,Box Quantity,<p>24</p>,Inner Pack Quantity,<p>1</p>,Country Of Origin,<p>BD</p>,Standards,<p></p>,,,,
CD884,Variant,,"This is a classic work pant with every thing you need to get the job done. Knee pad pockets, hammer loop, Ruler and cargo pockets. Plus side elasticated waist.",https://d11ak7fd9ypfb7.cloudfront.net/styles1100px/CD884NAR.jpg,,0.0,TRUE,InStock,0.538,,CD884NAR28,,,,Size,DROP_DOWN,28,Color,DROP_DOWN,Navy,,,,,,,,,,,,,Fit,<p>R</p>,Length,<p>43</p>,Width,<p>28</p>,Height,<p>35</p>,Box Quantity,<p>24</p>,Inner Pack Quantity,<p>1</p>,Country Of Origin,<p>BD</p>,Standards,<p></p>,,,,
CD884,Variant,,"This is a classic work pant with every thing you need to get the job done. Knee pad pockets, hammer loop, Ruler and cargo pockets. Plus side elasticated waist.",https://d11ak7fd9ypfb7.cloudfront.net/styles1100px/CD884NAR.jpg,,0.0,TRUE,InStock,0.54,,CD884NAR30,,,,Size,DROP_DOWN,30,Color,DROP_DOWN,Navy,,,,,,,,,,,,,Fit,<p>R</p>,Length,<p>43</p>,Width,<p>28</p>,Height,<p>35</p>,Box Quantity,<p>24</p>,Inner Pack Quantity,<p>1</p>,Country Of Origin,<p>BD</p>,Standards,<p></p>,,,,
CD884,Variant,,"This is a classic work pant with every thing you need to get the job done. Knee pad pockets, hammer loop, Ruler and cargo pockets. Plus side elasticated waist.",https://d11ak7fd9ypfb7.cloudfront.net/styles1100px/CD884NAR.jpg,,0.0,TRUE,InStock,0.546,,CD884NAR32,,,,Size,DROP_DOWN,32,Color,DROP_DOWN,Navy,,,,,,,,,,,,,Fit,<p>R</p>,Length,<p>43</p>,Width,<p>28</p>,Height,<p>35</p>,Box Quantity,<p>24</p>,Inner Pack Quantity,<p>1</p>,Country Of Origin,<p>BD</p>,Standards,<p></p>,,,,
CD884,Variant,,"This is a classic work pant with every thing you need to get the job done. Knee pad pockets, hammer loop, Ruler and cargo pockets. Plus side elasticated waist.",https://d11ak7fd9ypfb7.cloudfront.net/styles1100px/CD884NAR.jpg,,0.0,TRUE,InStock,0.554,,CD884NAR34,,,,Size,DROP_DOWN,34,Color,DROP_DOWN,Navy,,,,,,,,,,,,,Fit,<p>R</p>,Length,<p>43</p>,Width,<p>28</p>,Height,<p>35</p>,Box Quantity,<p>24</p>,Inner Pack Quantity,<p>1</p>,Country Of Origin,<p>BD</p>,Standards,<p></p>,,,,
CD884,Variant,,"This is a classic work pant with every thing you need to get the job done. Knee pad pockets, hammer loop, Ruler and cargo pockets. Plus side elasticated waist.",https://d11ak7fd9ypfb7.cloudfront.net/styles1100px/CD884NAR.jpg,,0.0,TRUE,InStock,0.568,,CD884NAR36,,,,Size,DROP_DOWN,36,Color,DROP_DOWN,Navy,,,,,,,,,,,,,Fit,<p>R</p>,Length,<p>43</p>,Width,<p>28</p>,Height,<p>35</p>,Box Quantity,<p>24</p>,Inner Pack Quantity,<p>1</p>,Country Of Origin,<p>BD</p>,Standards,<p></p>,,,,
CD884,Variant,,"This is a classic work pant with every thing you need to get the job done. Knee pad pockets, hammer loop, Ruler and cargo pockets. Plus side elasticated waist.",https://d11ak7fd9ypfb7.cloudfront.net/styles1100px/CD884NAR.jpg,,0.0,TRUE,InStock,0.588,,CD884NAR38,,,,Size,DROP_DOWN,38,Color,DROP_DOWN,Navy,,,,,,,,,,,,,Fit,<p>R</p>,Length,<p>43</p>,Width,<p>28</p>,Height,<p>35</p>,Box Quantity,<p>24</p>,Inner Pack Quantity,<p>1</p>,Country Of Origin,<p>BD</p>,Standards,<p></p>,,,,
CD884,Variant,,"This is a classic work pant with every thing you need to get the job done. Knee pad pockets, hammer loop, Ruler and cargo pockets. Plus side elasticated waist.",https://d11ak7fd9ypfb7.cloudfront.net/styles1100px/CD884NAR.jpg,,0.0,TRUE,InStock,0.604,,CD884NAR40,,,,Size,DROP_DOWN,40,Color,DROP_DOWN,Navy,,,,,,,,,,,,,Fit,<p>R</p>,Length,<p>43</p>,Width,<p>28</p>,Height,<p>35</p>,Box Quantity,<p>24</p>,Inner Pack Quantity,<p>1</p>,Country Of Origin,<p>BD</p>,Standards,<p></p>,,,,
CD884,Variant,,"This is a classic work pant with every thing you need to get the job done. Knee pad pockets, hammer loop, Ruler and cargo pockets. Plus side elasticated waist.",https://d11ak7fd9ypfb7.cloudfront.net/styles1100px/CD884NAR.jpg,,0.0,TRUE,InStock,0.616,,CD884NAR42,,,,Size,DROP_DOWN,42,Color,DROP_DOWN,Navy,,,,,,,,,,,,,Fit,<p>R</p>,Length,<p>43</p>,Width,<p>28</p>,Height,<p>40</p>,Box Quantity,<p>24</p>,Inner Pack Quantity,<p>1</p>,Country Of Origin,<p>BD</p>,Standards,<p></p>,,,,
CD884,Variant,,"This is a classic work pant with every thing you need to get the job done. Knee pad pockets, hammer loop, Ruler and cargo pockets. Plus side elasticated waist.",https://d11ak7fd9ypfb7.cloudfront.net/styles1100px/CD884NAR.jpg,,0.0,TRUE,InStock,0.63,,CD884NAR44,,,,Size,DROP_DOWN,44,Color,DROP_DOWN,Navy,,,,,,,,,,,,,Fit,<p>R</p>,Length,<p>43</p>,Width,<p>28</p>,Height,<p>40</p>,Box Quantity,<p>24</p>,Inner Pack Quantity,<p>1</p>,Country Of Origin,<p>BD</p>,Standards,<p></p>,,,,
CD884,Variant,,"This is a classic work pant with every thing you need to get the job done. Knee pad pockets, hammer loop, Ruler and cargo pockets. Plus side elasticated waist.",https://d11ak7fd9ypfb7.cloudfront.net/styles1100px/CD884NAR.jpg,,0.0,TRUE,InStock,0.642,,CD884NAR46,,,,Size,DROP_DOWN,46,Color,DROP_DOWN,Navy,,,,,,,,,,,,,Fit,<p>R</p>,Length,<p>43</p>,Width,<p>28</p>,Height,<p>40</p>,Box Quantity,<p>24</p>,Inner Pack Quantity,<p>1</p>,Country Of Origin,<p>BD</p>,Standards,<p></p>,,,,
CD884,Variant,,"This is a classic work pant with every thing you need to get the job done. Knee pad pockets, hammer loop, Ruler and cargo pockets. Plus side elasticated waist.",https://d11ak7fd9ypfb7.cloudfront.net/styles1100px/CD884NAR.jpg,,0.0,TRUE,InStock,0.652,,CD884NAR48,,,,Size,DROP_DOWN,48,Color,DROP_DOWN,Navy,,,,,,,,,,,,,Fit,<p>R</p>,Length,<p>43</p>,Width,<p>28</p>,Height,<p>40</p>,Box Quantity,<p>24</p>,Inner Pack Quantity,<p>1</p>,Country Of Origin,<p>BD</p>,Standards,<p></p>,,,,
CS10,Product,CS10 - ColdStore Jacket,The CS10 3/4 length freezer jacket offers unrivalled protection. The heavy-duty two-way zipper allows maximum wearer flexibility and the extra long knitted cuffs with thumb holes provide extra warmth. The jacket includes reflective tape around the chest and back for extra visibility. Features also include a chest pocket with a clear ID pocket for security and personalization.,https://d11ak7fd9ypfb7.cloudfront.net/styles1100px/CS10NAR.jpg,209.0,0.0,TRUE,InStock,1.72,,CS10NAR4XL,,,,Size,DROP_DOWN,S;M;L;XL;XXL;XXXL;4XL;5XL;6XL,Color,DROP_DOWN,Navy,,,,,,,,,,,,,Fit,<p>R</p>,Length,<p>65</p>,Width,<p>45</p>,Height,<p>33</p>,Box Quantity,<p>6</p>,Inner Pack Quantity,<p>1</p>,Country Of Origin,<p>MM</p>,Standards,<ul><li>EN 342   0.454M². K/W (B) 2 X</li></ul>,,,,
CS10,Variant,,The CS10 3/4 length freezer jacket offers unrivalled protection. The heavy-duty two-way zipper allows maximum wearer flexibility and the extra long knitted cuffs with thumb holes provide extra warmth. The jacket includes reflective tape around the chest and back for extra visibility. Features also include a chest pocket with a clear ID pocket for security and personalization.,https://d11ak7fd9ypfb7.cloudfront.net/styles1100px/CS10NAR.jpg,,0.0,TRUE,InStock,1.72,,CS10NAR4XL,,,,Size,DROP_DOWN,4XL,Color,DROP_DOWN,Navy,,,,,,,,,,,,,Fit,<p>R</p>,Length,<p>65</p>,Width,<p>45</p>,Height,<p>33</p>,Box Quantity,<p>6</p>,Inner Pack Quantity,<p>1</p>,Country Of Origin,<p>MM</p>,Standards,<ul><li>EN 342   0.454M². K/W (B) 2 X</li></ul>,,,,
CS10,Variant,,The CS10 3/4 length freezer jacket offers unrivalled protection. The heavy-duty two-way zipper allows maximum wearer flexibility and the extra long knitted cuffs with thumb holes provide extra warmth. The jacket includes reflective tape around the chest and back for extra visibility. Features also include a chest pocket with a clear ID pocket for security and personalization.,https://d11ak7fd9ypfb7.cloudfront.net/styles1100px/CS10NAR.jpg,,0.0,TRUE,InStock,1.8,,CS10NAR5XL,,,,Size,DROP_DOWN,5XL,Color,DROP_DOWN,Navy,,,,,,,,,,,,,Fit,<p>R</p>,Length,<p>65</p>,Width,<p>45</p>,Height,<p>33</p>,Box Quantity,<p>6</p>,Inner Pack Quantity,<p>1</p>,Country Of Origin,<p>MM</p>,Standards,<ul><li>EN 342   0.454M². K/W (B) 2 X</li></ul>,,,,
CS10,Variant,,The CS10 3/4 length freezer jacket offers unrivalled protection. The heavy-duty two-way zipper allows maximum wearer flexibility and the extra long knitted cuffs with thumb holes provide extra warmth. The jacket includes reflective tape around the chest and back for extra visibility. Features also include a chest pocket with a clear ID pocket for security and personalization.,https://d11ak7fd9ypfb7.cloudfront.net/styles1100px/CS10NAR.jpg,,0.0,TRUE,InStock,1.88,,CS10NAR6XL,,,,Size,DROP_DOWN,6XL,Color,DROP_DOWN,Navy,,,,,,,,,,,,,Fit,<p>R</p>,Length,<p>65</p>,Width,<p>45</p>,Height,<p>33</p>,Box Quantity,<p>6</p>,Inner Pack Quantity,<p>1</p>,Country Of Origin,<p>MM</p>,Standards,<ul><li>EN 342   0.454M². K/W (B) 2 X</li></ul>,,,,
CS10,Variant,,The CS10 3/4 length freezer jacket offers unrivalled protection. The heavy-duty two-way zipper allows maximum wearer flexibility and the extra long knitted cuffs with thumb holes provide extra warmth. The jacket includes reflective tape around the chest and back for extra visibility. Features also include a chest pocket with a clear ID pocket for security and personalization.,https://d11ak7fd9ypfb7.cloudfront.net/styles1100px/CS10NAR.jpg,,0.0,TRUE,InStock,1.5,,CS10NARL,,,,Size,DROP_DOWN,L,Color,DROP_DOWN,Navy,,,,,,,,,,,,,Fit,<p>R</p>,Length,<p>65</p>,Width,<p>45</p>,Height,<p>33</p>,Box Quantity,<p>6</p>,Inner Pack Quantity,<p>1</p>,Country Of Origin,<p>MM</p>,Standards,<ul><li>EN 342   0.454M². K/W (B) 2 X</li></ul>,,,,
CS10,Variant,,The CS10 3/4 length freezer jacket offers unrivalled protection. The heavy-duty two-way zipper allows maximum wearer flexibility and the extra long knitted cuffs with thumb holes provide extra warmth. The jacket includes reflective tape around the chest and back for extra visibility. Features also include a chest pocket with a clear ID pocket for security and personalization.,https://d11ak7fd9ypfb7.cloudfront.net/styles1100px/CS10NAR.jpg,,0.0,TRUE,InStock,1.42,,CS10NARM,,,,Size,DROP_DOWN,M,Color,DROP_DOWN,Navy,,,,,,,,,,,,,Fit,<p>R</p>,Length,<p>65</p>,Width,<p>45</p>,Height,<p>33</p>,Box Quantity,<p>6</p>,Inner Pack Quantity,<p>1</p>,Country Of Origin,<p>MM</p>,Standards,<ul><li>EN 342   0.454M². K/W (B) 2 X</li></ul>,,,,
CS10,Variant,,The CS10 3/4 length freezer jacket offers unrivalled protection. The heavy-duty two-way zipper allows maximum wearer flexibility and the extra long knitted cuffs with thumb holes provide extra warmth. The jacket includes reflective tape around the chest and back for extra visibility. Features also include a chest pocket with a clear ID pocket for security and personalization.,https://d11ak7fd9ypfb7.cloudfront.net/styles1100px/CS10NAR.jpg,,0.0,TRUE,InStock,1.41,,CS10NARS,,,,Size,DROP_DOWN,S,Color,DROP_DOWN,Navy,,,,,,,,,,,,,Fit,<p>R</p>,Length,<p>65</p>,Width,<p>45</p>,Height,<p>33</p>,Box Quantity,<p>6</p>,Inner Pack Quantity,<p>1</p>,Country Of Origin,<p>MM</p>,Standards,<ul><li>EN 342   0.454M². K/W (B) 2 X</li></ul>,,,,
CS10,Variant,,The CS10 3/4 length freezer jacket offers unrivalled protection. The heavy-duty two-way zipper allows maximum wearer flexibility and the extra long knitted cuffs with thumb holes provide extra warmth. The jacket includes reflective tape around the chest and back for extra visibility. Features also include a chest pocket with a clear ID pocket for security and personalization.,https://d11ak7fd9ypfb7.cloudfront.net/styles1100px/CS10NAR.jpg,,0.0,TRUE,InStock,1.52,,CS10NARXL,,,,Size,DROP_DOWN,XL,Color,DROP_DOWN,Navy,,,,,,,,,,,,,Fit,<p>R</p>,Length,<p>65</p>,Width,<p>45</p>,Height,<p>33</p>,Box Quantity,<p>6</p>,Inner Pack Quantity,<p>1</p>,Country Of Origin,<p>MM</p>,Standards,<ul><li>EN 342   0.454M². K/W (B) 2 X</li></ul>,,,,
CS10,Variant,,The CS10 3/4 length freezer jacket offers unrivalled protection. The heavy-duty two-way zipper allows maximum wearer flexibility and the extra long knitted cuffs with thumb holes provide extra warmth. The jacket includes reflective tape around the chest and back for extra visibility. Features also include a chest pocket with a clear ID pocket for security and personalization.,https://d11ak7fd9ypfb7.cloudfront.net/styles1100px/CS10NAR.jpg,,0.0,TRUE,InStock,1.64,,CS10NARXXL,,,,Size,DROP_DOWN,XXL,Color,DROP_DOWN,Navy,,,,,,,,,,,,,Fit,<p>R</p>,Length,<p>65</p>,Width,<p>45</p>,Height,<p>33</p>,Box Quantity,<p>6</p>,Inner Pack Quantity,<p>1</p>,Country Of Origin,<p>MM</p>,Standards,<ul><li>EN 342   0.454M². K/W (B) 2 X</li></ul>,,,,
CS10,Variant,,The CS10 3/4 length freezer jacket offers unrivalled protection. The heavy-duty two-way zipper allows maximum wearer flexibility and the extra long knitted cuffs with thumb holes provide extra warmth. The jacket includes reflective tape around the chest and back for extra visibility. Features also include a chest pocket with a clear ID pocket for security and personalization.,https://d11ak7fd9ypfb7.cloudfront.net/styles1100px/CS10NAR.jpg,,0.0,TRUE,InStock,1.68,,CS10NARXXXL,,,,Size,DROP_DOWN,XXXL,Color,DROP_DOWN,Navy,,,,,,,,,,,,,Fit,<p>R</p>,Length,<p>65</p>,Width,<p>45</p>,Height,<p>33</p>,Box Quantity,<p>6</p>,Inner Pack Quantity,<p>1</p>,Country Of Origin,<p>MM</p>,Standards,<ul><li>EN 342   0.454M². K/W (B) 2 X</li></ul>,,,,
CS11,Product,CS11 - ColdStore Pants,These expertly designed ColdStore Pants come with a high front and back to provide extra warmth around the body. The heavy-duty buckles with wide elastic suspenders are height adjustable to ensure a comfortable fit for the wearer. 5cm reflective tape around the leg increases wearer visibility and safety. Knee patches are reinforced for increased durability. Oversized pockets allow for access without removing gloves.,https://d11ak7fd9ypfb7.cloudfront.net/styles1100px/CS11NAR.jpg,199.5,0.0,TRUE,InStock,1.86,,CS11NAR4XL,,,,Size,DROP_DOWN,S;M;L;XL;XXL;XXXL;4XL;5XL;6XL,Color,DROP_DOWN,Navy,,,,,,,,,,,,,Fit,<p>R</p>,Length,<p>43</p>,Width,<p>28</p>,Height,<p>30</p>,Box Quantity,<p>6</p>,Inner Pack Quantity,<p>1</p>,Country Of Origin,<p>MM</p>,Standards,<ul><li>EN 342   0.454M². K/W (B) 2 X</li></ul>,,,,
CS11,Variant,,These expertly designed ColdStore Pants come with a high front and back to provide extra warmth around the body. The heavy-duty buckles with wide elastic suspenders are height adjustable to ensure a comfortable fit for the wearer. 5cm reflective tape around the leg increases wearer visibility and safety. Knee patches are reinforced for increased durability. Oversized pockets allow for access without removing gloves.,https://d11ak7fd9ypfb7.cloudfront.net/styles1100px/CS11NAR.jpg,,0.0,TRUE,InStock,1.86,,CS11NAR4XL,,,,Size,DROP_DOWN,4XL,Color,DROP_DOWN,Navy,,,,,,,,,,,,,Fit,<p>R</p>,Length,<p>43</p>,Width,<p>28</p>,Height,<p>30</p>,Box Quantity,<p>6</p>,Inner Pack Quantity,<p>1</p>,Country Of Origin,<p>MM</p>,Standards,<ul><li>EN 342   0.454M². K/W (B) 2 X</li></ul>,,,,
CS11,Variant,,These expertly designed ColdStore Pants come with a high front and back to provide extra warmth around the body. The heavy-duty buckles with wide elastic suspenders are height adjustable to ensure a comfortable fit for the wearer. 5cm reflective tape around the leg increases wearer visibility and safety. Knee patches are reinforced for increased durability. Oversized pockets allow for access without removing gloves.,https://d11ak7fd9ypfb7.cloudfront.net/styles1100px/CS11NAR.jpg,,0.0,TRUE,InStock,1.93,,CS11NAR5XL,,,,Size,DROP_DOWN,5XL,Color,DROP_DOWN,Navy,,,,,,,,,,,,,Fit,<p>R</p>,Length,<p>43</p>,Width,<p>28</p>,Height,<p>30</p>,Box Quantity,<p>6</p>,Inner Pack Quantity,<p>1</p>,Country Of Origin,<p>MM</p>,Standards,<ul><li>EN 342   0.454M². K/W (B) 2 X</li></ul>,,,,
CS11,Variant,,These expertly designed ColdStore Pants come with a high front and back to provide extra warmth around the body. The heavy-duty buckles with wide elastic suspenders are height adjustable to ensure a comfortable fit for the wearer. 5cm reflective tape around the leg increases wearer visibility and safety. Knee patches are reinforced for increased durability. Oversized pockets allow for access without removing gloves.,https://d11ak7fd9ypfb7.cloudfront.net/styles1100px/CS11NAR.jpg,,0.0,TRUE,InStock,1.99,,CS11NAR6XL,,,,Size,DROP_DOWN,6XL,Color,DROP_DOWN,Navy,,,,,,,,,,,,,Fit,<p>R</p>,Length,<p>43</p>,Width,<p>28</p>,Height,<p>30</p>,Box Quantity,<p>6</p>,Inner Pack Quantity,<p>1</p>,Country Of Origin,<p>MM</p>,Standards,<ul><li>EN 342   0.454M². K/W (B) 2 X</li></ul>,,,,
CS11,Variant,,These expertly designed ColdStore Pants come with a high front and back to provide extra warmth around the body. The heavy-duty buckles with wide elastic suspenders are height adjustable to ensure a comfortable fit for the wearer. 5cm reflective tape around the leg increases wearer visibility and safety. Knee patches are reinforced for increased durability. Oversized pockets allow for access without removing gloves.,https://d11ak7fd9ypfb7.cloudfront.net/styles1100px/CS11NAR.jpg,,0.0,TRUE,InStock,1.6,,CS11NARL,,,,Size,DROP_DOWN,L,Color,DROP_DOWN,Navy,,,,,,,,,,,,,Fit,<p>R</p>,Length,<p>43</p>,Width,<p>28</p>,Height,<p>30</p>,Box Quantity,<p>6</p>,Inner Pack Quantity,<p>1</p>,Country Of Origin,<p>MM</p>,Standards,<ul><li>EN 342   0.454M². K/W (B) 2 X</li></ul>,,,,
CS11,Variant,,These expertly designed ColdStore Pants come with a high front and back to provide extra warmth around the body. The heavy-duty buckles with wide elastic suspenders are height adjustable to ensure a comfortable fit for the wearer. 5cm reflective tape around the leg increases wearer visibility and safety. Knee patches are reinforced for increased durability. Oversized pockets allow for access without removing gloves.,https://d11ak7fd9ypfb7.cloudfront.net/styles1100px/CS11NAR.jpg,,0.0,TRUE,InStock,1.5,,CS11NARM,,,,Size,DROP_DOWN,M,Color,DROP_DOWN,Navy,,,,,,,,,,,,,Fit,<p>R</p>,Length,<p>43</p>,Width,<p>28</p>,Height,<p>30</p>,Box Quantity,<p>6</p>,Inner Pack Quantity,<p>1</p>,Country Of Origin,<p>MM</p>,Standards,<ul><li>EN 342   0.454M². K/W (B) 2 X</li></ul>,,,,
CS11,Variant,,These expertly designed ColdStore Pants come with a high front and back to provide extra warmth around the body. The heavy-duty buckles with wide elastic suspenders are height adjustable to ensure a comfortable fit for the wearer. 5cm reflective tape around the leg increases wearer visibility and safety. Knee patches are reinforced for increased durability. Oversized pockets allow for access without removing gloves.,https://d11ak7fd9ypfb7.cloudfront.net/styles1100px/CS11NAR.jpg,,0.0,TRUE,InStock,1.48,,CS11NARS,,,,Size,DROP_DOWN,S,Color,DROP_DOWN,Navy,,,,,,,,,,,,,Fit,<p>R</p>,Length,<p>43</p>,Width,<p>28</p>,Height,<p>30</p>,Box Quantity,<p>6</p>,Inner Pack Quantity,<p>1</p>,Country Of Origin,<p>MM</p>,Standards,<ul><li>EN 342   0.454M². K/W (B) 2 X</li></ul>,,,,
CS11,Variant,,These expertly designed ColdStore Pants come with a high front and back to provide extra warmth around the body. The heavy-duty buckles with wide elastic suspenders are height adjustable to ensure a comfortable fit for the wearer. 5cm reflective tape around the leg increases wearer visibility and safety. Knee patches are reinforced for increased durability. Oversized pockets allow for access without removing gloves.,https://d11ak7fd9ypfb7.cloudfront.net/styles1100px/CS11NAR.jpg,,0.0,TRUE,InStock,1.62,,CS11NARXL,,,,Size,DROP_DOWN,XL,Color,DROP_DOWN,Navy,,,,,,,,,,,,,Fit,<p>R</p>,Length,<p>43</p>,Width,<p>28</p>,Height,<p>30</p>,Box Quantity,<p>6</p>,Inner Pack Quantity,<p>1</p>,Country Of Origin,<p>MM</p>,Standards,<ul><li>EN 342   0.454M². K/W (B) 2 X</li></ul>,,,,
CS11,Variant,,These expertly designed ColdStore Pants come with a high front and back to provide extra warmth around the body. The heavy-duty buckles with wide elastic suspenders are height adjustable to ensure a comfortable fit for the wearer. 5cm reflective tape around the leg increases wearer visibility and safety. Knee patches are reinforced for increased durability. Oversized pockets allow for access without removing gloves.,https://d11ak7fd9ypfb7.cloudfront.net/styles1100px/CS11NAR.jpg,,0.0,TRUE,InStock,1.7,,CS11NARXXL,,,,Size,DROP_DOWN,XXL,Color,DROP_DOWN,Navy,,,,,,,,,,,,,Fit,<p>R</p>,Length,<p>43</p>,Width,<p>28</p>,Height,<p>30</p>,Box Quantity,<p>6</p>,Inner Pack Quantity,<p>1</p>,Country Of Origin,<p>MM</p>,Standards,<ul><li>EN 342   0.454M². K/W (B) 2 X</li></ul>,,,,
CS11,Variant,,These expertly designed ColdStore Pants come with a high front and back to provide extra warmth around the body. The heavy-duty buckles with wide elastic suspenders are height adjustable to ensure a comfortable fit for the wearer. 5cm reflective tape around the leg increases wearer visibility and safety. Knee patches are reinforced for increased durability. Oversized pockets allow for access without removing gloves.,https://d11ak7fd9ypfb7.cloudfront.net/styles1100px/CS11NAR.jpg,,0.0,TRUE,InStock,1.78,,CS11NARXXXL,,,,Size,DROP_DOWN,XXXL,Color,DROP_DOWN,Navy,,,,,,,,,,,,,Fit,<p>R</p>,Length,<p>43</p>,Width,<p>28</p>,Height,<p>30</p>,Box Quantity,<p>6</p>,Inner Pack Quantity,<p>1</p>,Country Of Origin,<p>MM</p>,Standards,<ul><li>EN 342   0.454M². K/W (B) 2 X</li></ul>,,,,
CS20,Product,CS20 - Fleece Balaclava,Light and thin design Can be worn under hard hat Soft and stretchable fabric for optimum fit and comfort,https://d11ak7fd9ypfb7.cloudfront.net/styles1100px/CS20BKR.jpg,7.4,0.0,TRUE,InStock,0.06,,CS20BKR,,,,Size,DROP_DOWN,,Color,DROP_DOWN,Navy;Black,,,,,,,,,,,,,Fit,<p>R</p>,Length,<p>43</p>,Width,<p>28</p>,Height,<p>50</p>,Box Quantity,<p>240</p>,Inner Pack Quantity,<p>20</p>,Country Of Origin,<p>BD</p>,Standards,<p></p>,,,,
CS20,Variant,,Light and thin design Can be worn under hard hat Soft and stretchable fabric for optimum fit and comfort,https://d11ak7fd9ypfb7.cloudfront.net/styles1100px/CS20NAR.jpg,,0.0,TRUE,InStock,0.06,,CS20NAR,,,,Size,DROP_DOWN,,Color,DROP_DOWN,Navy,,,,,,,,,,,,,Fit,<p>R</p>,Length,<p>43</p>,Width,<p>28</p>,Height,<p>50</p>,Box Quantity,<p>240</p>,Inner Pack Quantity,<p>20</p>,Country Of Origin,<p>BD</p>,Standards,<p></p>,,,,
CS21,Product,CS21 - Neck Tube,"Soft, durable and breathable fabric Adjustable drawcord and toggle",https://d11ak7fd9ypfb7.cloudfront.net/styles1100px/CS21NAR.jpg,5.7,0.0,TRUE,InStock,0.08,,CS21NAR,,,,Size,DROP_DOWN,,Color,DROP_DOWN,Navy,,,,,,,,,,,,,Fit,<p>R</p>,Length,<p>62</p>,Width,<p>40</p>,Height,<p>50</p>,Box Quantity,<p>240</p>,Inner Pack Quantity,<p>20</p>,Country Of Origin,<p>BD</p>,Standards,<p></p>,,,,
CS24,Product,CS24 - Cooling Multiway Scarf,"Wicking, cooling and drying capabilities Soak in water to activate Keeps wearer cool for up to 8 hours Stretchy polyester elastane fabric allows for it to transform for a number of different uses Lightweight for greater comfort and flexibility",https://d11ak7fd9ypfb7.cloudfront.net/styles1100px/CS24BKR.jpg,12.5,0.0,TRUE,InStock,0.075,,CS24BKR,,,,Size,DROP_DOWN,,Color,DROP_DOWN,Black,,,,,,,,,,,,,Fit,<p>R</p>,Length,<p>65</p>,Width,<p>40</p>,Height,<p>50</p>,Box Quantity,<p>240</p>,Inner Pack Quantity,<p>20</p>,Country Of Origin,<p>CN</p>,Standards,<p></p>,,,,
CS25,Product,CS25 - Anti-Microbial Multiway Scarf,Multiway Scarf with anti-microbial finish. Kills 99.9% of bacteria and controls numerous odour-causing microorganisms that can accumulate in the fibres from skin contact and laundering. It can be worn in a combination of ways. The stretchy cotton elastane fabric allows for it to transform for a number of different uses but still retain its original shape.,https://d11ak7fd9ypfb7.cloudfront.net/styles1100px/CS25BKR.jpg,0.0,0.0,TRUE,InStock,0.061,,CS25BKR,,,,Size,DROP_DOWN,,Color,DROP_DOWN,Black,,,,,,,,,,,,,Fit,<p>R</p>,Length,<p>48</p>,Width,<p>31</p>,Height,<p>48</p>,Box Quantity,<p>240</p>,Inner Pack Quantity,<p>20</p>,Country Of Origin,<p>CN</p>,Standards,<p></p>,,,,
CT32,Product,CT32 - CT MR Micro Foam Nitrile Glove,ANSI cut level A3 Free from glass and steel fibers  Micro foam technology Outstanding dexterity and comfort Knitting gauge 18 100% breathable seamless liner,https://d11ak7fd9ypfb7.cloudfront.net/styles1100px/CT32G8R.jpg,13.8,0.0,TRUE,InStock,0.042,,CT32G8RL,,,,Size,DROP_DOWN,XS;S;M;L;XL;XXL,Color,DROP_DOWN,Grey/Black,,,,,,,,,,,,,Fit,<p>R</p>,Length,<p>52</p>,Width,<p>30</p>,Height,<p>48</p>,Box Quantity,<p>144</p>,Inner Pack Quantity,<p>12</p>,Country Of Origin,<p>CN</p>,Standards,<ul><li>EN 420</li><li>EN388:2016 +A1:2018 -  4.X.3.1.C</li><li>ANSI/ISEA 105: 2016 CUT Level  A3</li></ul>,,,,
CT32,Variant,,ANSI cut level A3 Free from glass and steel fibers  Micro foam technology Outstanding dexterity and comfort Knitting gauge 18 100% breathable seamless liner,https://d11ak7fd9ypfb7.cloudfront.net/styles1100px/CT32G8R.jpg,,0.0,TRUE,InStock,0.042,,CT32G8RL,,,,Size,DROP_DOWN,L,Color,DROP_DOWN,Grey/Black,,,,,,,,,,,,,Fit,<p>R</p>,Length,<p>52</p>,Width,<p>30</p>,Height,<p>48</p>,Box Quantity,<p>144</p>,Inner Pack Quantity,<p>12</p>,Country Of Origin,<p>CN</p>,Standards,<ul><li>EN 420</li><li>EN388:2016 +A1:2018 -  4.X.3.1.C</li><li>ANSI/ISEA 105: 2016 CUT Level  A3</li></ul>,,,,
CT32,Variant,,ANSI cut level A3 Free from glass and steel fibers  Micro foam technology Outstanding dexterity and comfort Knitting gauge 18 100% breathable seamless liner,https://d11ak7fd9ypfb7.cloudfront.net/styles1100px/CT32G8R.jpg,,0.0,TRUE,InStock,0.043,,CT32G8RM,,,,Size,DROP_DOWN,M,Color,DROP_DOWN,Grey/Black,,,,,,,,,,,,,Fit,<p>R</p>,Length,<p>52</p>,Width,<p>30</p>,Height,<p>48</p>,Box Quantity,<p>144</p>,Inner Pack Quantity,<p>12</p>,Country Of Origin,<p>CN</p>,Standards,<ul><li>EN 420</li><li>EN388:2016 +A1:2018 -  4.X.3.1.C</li><li>ANSI/ISEA 105: 2016 CUT Level  A3</li></ul>,,,,
CT32,Variant,,ANSI cut level A3 Free from glass and steel fibers  Micro foam technology Outstanding dexterity and comfort Knitting gauge 18 100% breathable seamless liner,https://d11ak7fd9ypfb7.cloudfront.net/styles1100px/CT32G8R.jpg,,0.0,TRUE,InStock,0.039,,CT32G8RS,,,,Size,DROP_DOWN,S,Color,DROP_DOWN,Grey/Black,,,,,,,,,,,,,Fit,<p>R</p>,Length,<p>52</p>,Width,<p>30</p>,Height,<p>48</p>,Box Quantity,<p>144</p>,Inner Pack Quantity,<p>12</p>,Country Of Origin,<p>CN</p>,Standards,<ul><li>EN 420</li><li>EN388:2016 +A1:2018 -  4.X.3.1.C</li><li>ANSI/ISEA 105: 2016 CUT Level  A3</li></ul>,,,,
CT32,Variant,,ANSI cut level A3 Free from glass and steel fibers  Micro foam technology Outstanding dexterity and comfort Knitting gauge 18 100% breathable seamless liner,https://d11ak7fd9ypfb7.cloudfront.net/styles1100px/CT32G8R.jpg,,0.0,TRUE,InStock,0.047,,CT32G8RXL,,,,Size,DROP_DOWN,XL,Color,DROP_DOWN,Grey/Black,,,,,,,,,,,,,Fit,<p>R</p>,Length,<p>52</p>,Width,<p>30</p>,Height,<p>48</p>,Box Quantity,<p>144</p>,Inner Pack Quantity,<p>12</p>,Country Of Origin,<p>CN</p>,Standards,<ul><li>EN 420</li><li>EN388:2016 +A1:2018 -  4.X.3.1.C</li><li>ANSI/ISEA 105: 2016 CUT Level  A3</li></ul>,,,,
CT32,Variant,,ANSI cut level A3 Free from glass and steel fibers  Micro foam technology Outstanding dexterity and comfort Knitting gauge 18 100% breathable seamless liner,https://d11ak7fd9ypfb7.cloudfront.net/styles1100px/CT32G8R.jpg,,0.0,TRUE,InStock,0.036,,CT32G8RXS,,,,Size,DROP_DOWN,XS,Color,DROP_DOWN,Grey/Black,,,,,,,,,,,,,Fit,<p>R</p>,Length,<p>52</p>,Width,<p>30</p>,Height,<p>48</p>,Box Quantity,<p>144</p>,Inner Pack Quantity,<p>12</p>,Country Of Origin,<p>CN</p>,Standards,<ul><li>EN 420</li><li>EN388:2016 +A1:2018 -  4.X.3.1.C</li><li>ANSI/ISEA 105: 2016 CUT Level  A3</li></ul>,,,,
CT32,Variant,,ANSI cut level A3 Free from glass and steel fibers  Micro foam technology Outstanding dexterity and comfort Knitting gauge 18 100% breathable seamless liner,https://d11ak7fd9ypfb7.cloudfront.net/styles1100px/CT32G8R.jpg,,0.0,TRUE,InStock,0.048,,CT32G8RXXL,,,,Size,DROP_DOWN,XXL,Color,DROP_DOWN,Grey/Black,,,,,,,,,,,,,Fit,<p>R</p>,Length,<p>52</p>,Width,<p>30</p>,Height,<p>48</p>,Box Quantity,<p>144</p>,Inner Pack Quantity,<p>12</p>,Country Of Origin,<p>CN</p>,Standards,<ul><li>EN 420</li><li>EN388:2016 +A1:2018 -  4.X.3.1.C</li><li>ANSI/ISEA 105: 2016 CUT Level  A3</li></ul>,,,,
CT45,Product,CT45 - CT HR Nitrile Foam Glove,ANSI cut level A4 Free from glass and steel fibers  Nitrile foam coating Knitting gauge 18 100% breathable seamless liner,https://d11ak7fd9ypfb7.cloudfront.net/styles1100px/CT45G8R.jpg,11.7,0.0,TRUE,InStock,0.06,,CT45G8RL,,,,Size,DROP_DOWN,XS;S;M;L;XL;XXL,Color,DROP_DOWN,Grey/Black,,,,,,,,,,,,,Fit,<p>R</p>,Length,<p>44</p>,Width,<p>28</p>,Height,<p>42</p>,Box Quantity,<p>144</p>,Inner Pack Quantity,<p>12</p>,Country Of Origin,<p>CN</p>,Standards,<ul><li>EN 420</li><li>ANSI/ISEA 105: 2016 CUT Level  A4</li><li>AS/NZS 2161 .2</li><li>AS/NZS 2161 .3</li><li>EN388:2016 +A1:2018 -  4X42D</li></ul>,,,,
CT45,Variant,,ANSI cut level A4 Free from glass and steel fibers  Nitrile foam coating Knitting gauge 18 100% breathable seamless liner,https://d11ak7fd9ypfb7.cloudfront.net/styles1100px/CT45G8R.jpg,,0.0,TRUE,InStock,0.06,,CT45G8RL,,,,Size,DROP_DOWN,L,Color,DROP_DOWN,Grey/Black,,,,,,,,,,,,,Fit,<p>R</p>,Length,<p>44</p>,Width,<p>28</p>,Height,<p>42</p>,Box Quantity,<p>144</p>,Inner Pack Quantity,<p>12</p>,Country Of Origin,<p>CN</p>,Standards,<ul><li>EN 420</li><li>ANSI/ISEA 105: 2016 CUT Level  A4</li><li>AS/NZS 2161 .2</li><li>AS/NZS 2161 .3</li><li>EN388:2016 +A1:2018 -  4X42D</li></ul>,,,,
CT45,Variant,,ANSI cut level A4 Free from glass and steel fibers  Nitrile foam coating Knitting gauge 18 100% breathable seamless liner,https://d11ak7fd9ypfb7.cloudfront.net/styles1100px/CT45G8R.jpg,,0.0,TRUE,InStock,0.06,,CT45G8RM,,,,Size,DROP_DOWN,M,Color,DROP_DOWN,Grey/Black,,,,,,,,,,,,,Fit,<p>R</p>,Length,<p>44</p>,Width,<p>28</p>,Height,<p>42</p>,Box Quantity,<p>144</p>,Inner Pack Quantity,<p>12</p>,Country Of Origin,<p>CN</p>,Standards,<ul><li>EN 420</li><li>ANSI/ISEA 105: 2016 CUT Level  A4</li><li>AS/NZS 2161 .2</li><li>AS/NZS 2161 .3</li><li>EN388:2016 +A1:2018 -  4X42D</li></ul>,,,,
CT45,Variant,,ANSI cut level A4 Free from glass and steel fibers  Nitrile foam coating Knitting gauge 18 100% breathable seamless liner,https://d11ak7fd9ypfb7.cloudfront.net/styles1100px/CT45G8R.jpg,,0.0,TRUE,InStock,0.04,,CT45G8RS,,,,Size,DROP_DOWN,S,Color,DROP_DOWN,Grey/Black,,,,,,,,,,,,,Fit,<p>R</p>,Length,<p>44</p>,Width,<p>28</p>,Height,<p>42</p>,Box Quantity,<p>144</p>,Inner Pack Quantity,<p>12</p>,Country Of Origin,<p>CN</p>,Standards,<ul><li>EN 420</li><li>ANSI/ISEA 105: 2016 CUT Level  A4</li><li>AS/NZS 2161 .2</li><li>AS/NZS 2161 .3</li><li>EN388:2016 +A1:2018 -  4X42D</li></ul>,,,,
CT45,Variant,,ANSI cut level A4 Free from glass and steel fibers  Nitrile foam coating Knitting gauge 18 100% breathable seamless liner,https://d11ak7fd9ypfb7.cloudfront.net/styles1100px/CT45G8R.jpg,,0.0,TRUE,InStock,0.06,,CT45G8RXL,,,,Size,DROP_DOWN,XL,Color,DROP_DOWN,Grey/Black,,,,,,,,,,,,,Fit,<p>R</p>,Length,<p>44</p>,Width,<p>28</p>,Height,<p>42</p>,Box Quantity,<p>144</p>,Inner Pack Quantity,<p>12</p>,Country Of Origin,<p>CN</p>,Standards,<ul><li>EN 420</li><li>ANSI/ISEA 105: 2016 CUT Level  A4</li><li>AS/NZS 2161 .2</li><li>AS/NZS 2161 .3</li><li>EN388:2016 +A1:2018 -  4X42D</li></ul>,,,,
CT45,Variant,,ANSI cut level A4 Free from glass and steel fibers  Nitrile foam coating Knitting gauge 18 100% breathable seamless liner,https://d11ak7fd9ypfb7.cloudfront.net/styles1100px/CT45G8R.jpg,,0.0,TRUE,InStock,0.04,,CT45G8RXS,,,,Size,DROP_DOWN,XS,Color,DROP_DOWN,Grey/Black,,,,,,,,,,,,,Fit,<p>R</p>,Length,<p>44</p>,Width,<p>28</p>,Height,<p>42</p>,Box Quantity,<p>144</p>,Inner Pack Quantity,<p>12</p>,Country Of Origin,<p>CN</p>,Standards,<ul><li>EN 420</li><li>ANSI/ISEA 105: 2016 CUT Level  A4</li><li>AS/NZS 2161 .2</li><li>AS/NZS 2161 .3</li><li>EN388:2016 +A1:2018 -  4X42D</li></ul>,,,,
CT45,Variant,,ANSI cut level A4 Free from glass and steel fibers  Nitrile foam coating Knitting gauge 18 100% breathable seamless liner,https://d11ak7fd9ypfb7.cloudfront.net/styles1100px/CT45G8R.jpg,,0.0,TRUE,InStock,0.06,,CT45G8RXXL,,,,Size,DROP_DOWN,XXL,Color,DROP_DOWN,Grey/Black,,,,,,,,,,,,,Fit,<p>R</p>,Length,<p>44</p>,Width,<p>28</p>,Height,<p>42</p>,Box Quantity,<p>144</p>,Inner Pack Quantity,<p>12</p>,Country Of Origin,<p>CN</p>,Standards,<ul><li>EN 420</li><li>ANSI/ISEA 105: 2016 CUT Level  A4</li><li>AS/NZS 2161 .2</li><li>AS/NZS 2161 .3</li><li>EN388:2016 +A1:2018 -  4X42D</li></ul>,,,,
CT65,Product,CT65 - CT VHR Nitrile Foam Glove,ANSI cut level A5 Free from glass and steel fibers  Nitrile foam coating Knitting gauge 15 100% breathable seamless liner,https://d11ak7fd9ypfb7.cloudfront.net/styles1100px/CT65G8R.jpg,13.6,0.0,TRUE,InStock,0.067,,CT65G8RL,,,,Size,DROP_DOWN,XS;S;M;L;XL;XXL,Color,DROP_DOWN,Grey/Black,,,,,,,,,,,,,Fit,<p>R</p>,Length,<p>44</p>,Width,<p>28</p>,Height,<p>42</p>,Box Quantity,<p>144</p>,Inner Pack Quantity,<p>12</p>,Country Of Origin,<p>CN</p>,Standards,<ul><li>ANSI/ISEA 105: 2016 CUT Level  A5</li><li>EN388:2016 +A1:2018 -  4.X.4.3.E</li><li>EN 420   Dexterity 5</li></ul>,,,,
CT65,Variant,,ANSI cut level A5 Free from glass and steel fibers  Nitrile foam coating Knitting gauge 15 100% breathable seamless liner,https://d11ak7fd9ypfb7.cloudfront.net/styles1100px/CT65G8R.jpg,,0.0,TRUE,InStock,0.067,,CT65G8RL,,,,Size,DROP_DOWN,L,Color,DROP_DOWN,Grey/Black,,,,,,,,,,,,,Fit,<p>R</p>,Length,<p>44</p>,Width,<p>28</p>,Height,<p>42</p>,Box Quantity,<p>144</p>,Inner Pack Quantity,<p>12</p>,Country Of Origin,<p>CN</p>,Standards,<ul><li>ANSI/ISEA 105: 2016 CUT Level  A5</li><li>EN388:2016 +A1:2018 -  4.X.4.3.E</li><li>EN 420   Dexterity 5</li></ul>,,,,
CT65,Variant,,ANSI cut level A5 Free from glass and steel fibers  Nitrile foam coating Knitting gauge 15 100% breathable seamless liner,https://d11ak7fd9ypfb7.cloudfront.net/styles1100px/CT65G8R.jpg,,0.0,TRUE,InStock,0.06,,CT65G8RM,,,,Size,DROP_DOWN,M,Color,DROP_DOWN,Grey/Black,,,,,,,,,,,,,Fit,<p>R</p>,Length,<p>44</p>,Width,<p>28</p>,Height,<p>42</p>,Box Quantity,<p>144</p>,Inner Pack Quantity,<p>12</p>,Country Of Origin,<p>CN</p>,Standards,<ul><li>ANSI/ISEA 105: 2016 CUT Level  A5</li><li>EN388:2016 +A1:2018 -  4.X.4.3.E</li><li>EN 420   Dexterity 5</li></ul>,,,,
CT65,Variant,,ANSI cut level A5 Free from glass and steel fibers  Nitrile foam coating Knitting gauge 15 100% breathable seamless liner,https://d11ak7fd9ypfb7.cloudfront.net/styles1100px/CT65G8R.jpg,,0.0,TRUE,InStock,0.056,,CT65G8RS,,,,Size,DROP_DOWN,S,Color,DROP_DOWN,Grey/Black,,,,,,,,,,,,,Fit,<p>R</p>,Length,<p>44</p>,Width,<p>28</p>,Height,<p>42</p>,Box Quantity,<p>144</p>,Inner Pack Quantity,<p>12</p>,Country Of Origin,<p>CN</p>,Standards,<ul><li>ANSI/ISEA 105: 2016 CUT Level  A5</li><li>EN388:2016 +A1:2018 -  4.X.4.3.E</li><li>EN 420   Dexterity 5</li></ul>,,,,
CT65,Variant,,ANSI cut level A5 Free from glass and steel fibers  Nitrile foam coating Knitting gauge 15 100% breathable seamless liner,https://d11ak7fd9ypfb7.cloudfront.net/styles1100px/CT65G8R.jpg,,0.0,TRUE,InStock,0.073,,CT65G8RXL,,,,Size,DROP_DOWN,XL,Color,DROP_DOWN,Grey/Black,,,,,,,,,,,,,Fit,<p>R</p>,Length,<p>44</p>,Width,<p>28</p>,Height,<p>42</p>,Box Quantity,<p>144</p>,Inner Pack Quantity,<p>12</p>,Country Of Origin,<p>CN</p>,Standards,<ul><li>ANSI/ISEA 105: 2016 CUT Level  A5</li><li>EN388:2016 +A1:2018 -  4.X.4.3.E</li><li>EN 420   Dexterity 5</li></ul>,,,,
CT65,Variant,,ANSI cut level A5 Free from glass and steel fibers  Nitrile foam coating Knitting gauge 15 100% breathable seamless liner,https://d11ak7fd9ypfb7.cloudfront.net/styles1100px/CT65G8R.jpg,,0.0,TRUE,InStock,0.056,,CT65G8RXS,,,,Size,DROP_DOWN,XS,Color,DROP_DOWN,Grey/Black,,,,,,,,,,,,,Fit,<p>R</p>,Length,<p>44</p>,Width,<p>28</p>,Height,<p>42</p>,Box Quantity,<p>144</p>,Inner Pack Quantity,<p>12</p>,Country Of Origin,<p>CN</p>,Standards,<ul><li>ANSI/ISEA 105: 2016 CUT Level  A5</li><li>EN388:2016 +A1:2018 -  4.X.4.3.E</li><li>EN 420   Dexterity 5</li></ul>,,,,
CT65,Variant,,ANSI cut level A5 Free from glass and steel fibers  Nitrile foam coating Knitting gauge 15 100% breathable seamless liner,https://d11ak7fd9ypfb7.cloudfront.net/styles1100px/CT65G8R.jpg,,0.0,TRUE,InStock,0.077,,CT65G8RXXL,,,,Size,DROP_DOWN,XXL,Color,DROP_DOWN,Grey/Black,,,,,,,,,,,,,Fit,<p>R</p>,Length,<p>44</p>,Width,<p>28</p>,Height,<p>42</p>,Box Quantity,<p>144</p>,Inner Pack Quantity,<p>12</p>,Country Of Origin,<p>CN</p>,Standards,<ul><li>ANSI/ISEA 105: 2016 CUT Level  A5</li><li>EN388:2016 +A1:2018 -  4.X.4.3.E</li><li>EN 420   Dexterity 5</li></ul>,,,,
CT67,Product,CT67 - CT AHR Nitrile Foam Glove,ANSI cut level A6 Free from glass and steel fibers  Nitrile foam coating Knitting gauge 13 100% breathable seamless liner,https://d11ak7fd9ypfb7.cloudfront.net/styles1100px/CT67G8R.jpg,15.0,0.0,TRUE,InStock,0.1,,CT67G8RL,,,,Size,DROP_DOWN,XS;S;M;L;XL;XXL,Color,DROP_DOWN,Grey/Black,,,,,,,,,,,,,Fit,<p>R</p>,Length,<p>52</p>,Width,<p>30</p>,Height,<p>48</p>,Box Quantity,<p>144</p>,Inner Pack Quantity,<p>12</p>,Country Of Origin,<p>CN</p>,Standards,<ul><li>EN 420</li><li>ANSI/ISEA 105: 2016 CUT Level  A6</li><li>EN388:2016 +A1:2018 -  4.X.4.3.F</li><li>EN388:2016 +A1:2018 -  4X43F</li><li>AS/NZS 2161 .2</li><li>AS/NZS 2161 .3</li></ul>,,,,
CT67,Variant,,ANSI cut level A6 Free from glass and steel fibers  Nitrile foam coating Knitting gauge 13 100% breathable seamless liner,https://d11ak7fd9ypfb7.cloudfront.net/styles1100px/CT67G8R.jpg,,0.0,TRUE,InStock,0.1,,CT67G8RL,,,,Size,DROP_DOWN,L,Color,DROP_DOWN,Grey/Black,,,,,,,,,,,,,Fit,<p>R</p>,Length,<p>52</p>,Width,<p>30</p>,Height,<p>48</p>,Box Quantity,<p>144</p>,Inner Pack Quantity,<p>12</p>,Country Of Origin,<p>CN</p>,Standards,<ul><li>EN 420</li><li>ANSI/ISEA 105: 2016 CUT Level  A6</li><li>EN388:2016 +A1:2018 -  4.X.4.3.F</li><li>EN388:2016 +A1:2018 -  4X43F</li><li>AS/NZS 2161 .2</li><li>AS/NZS 2161 .3</li></ul>,,,,
CT67,Variant,,ANSI cut level A6 Free from glass and steel fibers  Nitrile foam coating Knitting gauge 13 100% breathable seamless liner,https://d11ak7fd9ypfb7.cloudfront.net/styles1100px/CT67G8R.jpg,,0.0,TRUE,InStock,0.08,,CT67G8RM,,,,Size,DROP_DOWN,M,Color,DROP_DOWN,Grey/Black,,,,,,,,,,,,,Fit,<p>R</p>,Length,<p>52</p>,Width,<p>30</p>,Height,<p>48</p>,Box Quantity,<p>144</p>,Inner Pack Quantity,<p>12</p>,Country Of Origin,<p>CN</p>,Standards,<ul><li>EN 420</li><li>ANSI/ISEA 105: 2016 CUT Level  A6</li><li>EN388:2016 +A1:2018 -  4.X.4.3.F</li><li>EN388:2016 +A1:2018 -  4X43F</li><li>AS/NZS 2161 .2</li><li>AS/NZS 2161 .3</li></ul>,,,,
CT67,Variant,,ANSI cut level A6 Free from glass and steel fibers  Nitrile foam coating Knitting gauge 13 100% breathable seamless liner,https://d11ak7fd9ypfb7.cloudfront.net/styles1100px/CT67G8R.jpg,,0.0,TRUE,InStock,0.08,,CT67G8RS,,,,Size,DROP_DOWN,S,Color,DROP_DOWN,Grey/Black,,,,,,,,,,,,,Fit,<p>R</p>,Length,<p>52</p>,Width,<p>30</p>,Height,<p>48</p>,Box Quantity,<p>144</p>,Inner Pack Quantity,<p>12</p>,Country Of Origin,<p>CN</p>,Standards,<ul><li>EN 420</li><li>ANSI/ISEA 105: 2016 CUT Level  A6</li><li>EN388:2016 +A1:2018 -  4.X.4.3.F</li><li>EN388:2016 +A1:2018 -  4X43F</li><li>AS/NZS 2161 .2</li><li>AS/NZS 2161 .3</li></ul>,,,,
CT67,Variant,,ANSI cut level A6 Free from glass and steel fibers  Nitrile foam coating Knitting gauge 13 100% breathable seamless liner,https://d11ak7fd9ypfb7.cloudfront.net/styles1100px/CT67G8R.jpg,,0.0,TRUE,InStock,0.1,,CT67G8RXL,,,,Size,DROP_DOWN,XL,Color,DROP_DOWN,Grey/Black,,,,,,,,,,,,,Fit,<p>R</p>,Length,<p>52</p>,Width,<p>30</p>,Height,<p>48</p>,Box Quantity,<p>144</p>,Inner Pack Quantity,<p>12</p>,Country Of Origin,<p>CN</p>,Standards,<ul><li>EN 420</li><li>ANSI/ISEA 105: 2016 CUT Level  A6</li><li>EN388:2016 +A1:2018 -  4.X.4.3.F</li><li>EN388:2016 +A1:2018 -  4X43F</li><li>AS/NZS 2161 .2</li><li>AS/NZS 2161 .3</li></ul>,,,,
CT67,Variant,,ANSI cut level A6 Free from glass and steel fibers  Nitrile foam coating Knitting gauge 13 100% breathable seamless liner,https://d11ak7fd9ypfb7.cloudfront.net/styles1100px/CT67G8R.jpg,,0.0,TRUE,InStock,0.08,,CT67G8RXS,,,,Size,DROP_DOWN,XS,Color,DROP_DOWN,Grey/Black,,,,,,,,,,,,,Fit,<p>R</p>,Length,<p>52</p>,Width,<p>30</p>,Height,<p>48</p>,Box Quantity,<p>144</p>,Inner Pack Quantity,<p>12</p>,Country Of Origin,<p>CN</p>,Standards,<ul><li>EN 420</li><li>ANSI/ISEA 105: 2016 CUT Level  A6</li><li>EN388:2016 +A1:2018 -  4.X.4.3.F</li><li>EN388:2016 +A1:2018 -  4X43F</li><li>AS/NZS 2161 .2</li><li>AS/NZS 2161 .3</li></ul>,,,,
CT67,Variant,,ANSI cut level A6 Free from glass and steel fibers  Nitrile foam coating Knitting gauge 13 100% breathable seamless liner,https://d11ak7fd9ypfb7.cloudfront.net/styles1100px/CT67G8R.jpg,,0.0,TRUE,InStock,0.1,,CT67G8RXXL,,,,Size,DROP_DOWN,XXL,Color,DROP_DOWN,Grey/Black,,,,,,,,,,,,,Fit,<p>R</p>,Length,<p>52</p>,Width,<p>30</p>,Height,<p>48</p>,Box Quantity,<p>144</p>,Inner Pack Quantity,<p>12</p>,Country Of Origin,<p>CN</p>,Standards,<ul><li>EN 420</li><li>ANSI/ISEA 105: 2016 CUT Level  A6</li><li>EN388:2016 +A1:2018 -  4.X.4.3.F</li><li>EN388:2016 +A1:2018 -  4X43F</li><li>AS/NZS 2161 .2</li><li>AS/NZS 2161 .3</li></ul>,,,,
CT69,Product,CT69 - CT AHR+ Nitrile Foam Glove,ANSI cut level A8 Free from glass and steel fibers  Nitrile foam coating Knitting gauge 7 100% breathable seamless liner,https://d11ak7fd9ypfb7.cloudfront.net/styles1100px/CT69G8R.jpg,23.0,0.0,TRUE,InStock,0.137,,CT69G8RL,,,,Size,DROP_DOWN,XS;S;M;L;XL;XXL,Color,DROP_DOWN,Grey/Black,,,,,,,,,,,,,Fit,<p>R</p>,Length,<p>56</p>,Width,<p>30</p>,Height,<p>52</p>,Box Quantity,<p>144</p>,Inner Pack Quantity,<p>12</p>,Country Of Origin,<p>CN</p>,Standards,<ul><li>ANSI/ISEA 105: 2016 CUT Level  A8</li><li>EN 420</li><li>EN388:2016 +A1:2018 -  4.X.4.3.F</li></ul>,,,,
CT69,Variant,,ANSI cut level A8 Free from glass and steel fibers  Nitrile foam coating Knitting gauge 7 100% breathable seamless liner,https://d11ak7fd9ypfb7.cloudfront.net/styles1100px/CT69G8R.jpg,,0.0,TRUE,InStock,0.137,,CT69G8RL,,,,Size,DROP_DOWN,L,Color,DROP_DOWN,Grey/Black,,,,,,,,,,,,,Fit,<p>R</p>,Length,<p>56</p>,Width,<p>30</p>,Height,<p>52</p>,Box Quantity,<p>144</p>,Inner Pack Quantity,<p>12</p>,Country Of Origin,<p>CN</p>,Standards,<ul><li>ANSI/ISEA 105: 2016 CUT Level  A8</li><li>EN 420</li><li>EN388:2016 +A1:2018 -  4.X.4.3.F</li></ul>,,,,
CT69,Variant,,ANSI cut level A8 Free from glass and steel fibers  Nitrile foam coating Knitting gauge 7 100% breathable seamless liner,https://d11ak7fd9ypfb7.cloudfront.net/styles1100px/CT69G8R.jpg,,0.0,TRUE,InStock,0.13,,CT69G8RM,,,,Size,DROP_DOWN,M,Color,DROP_DOWN,Grey/Black,,,,,,,,,,,,,Fit,<p>R</p>,Length,<p>56</p>,Width,<p>30</p>,Height,<p>52</p>,Box Quantity,<p>144</p>,Inner Pack Quantity,<p>12</p>,Country Of Origin,<p>CN</p>,Standards,<ul><li>ANSI/ISEA 105: 2016 CUT Level  A8</li><li>EN 420</li><li>EN388:2016 +A1:2018 -  4.X.4.3.F</li></ul>,,,,
CT69,Variant,,ANSI cut level A8 Free from glass and steel fibers  Nitrile foam coating Knitting gauge 7 100% breathable seamless liner,https://d11ak7fd9ypfb7.cloudfront.net/styles1100px/CT69G8R.jpg,,0.0,TRUE,InStock,0.12,,CT69G8RS,,,,Size,DROP_DOWN,S,Color,DROP_DOWN,Grey/Black,,,,,,,,,,,,,Fit,<p>R</p>,Length,<p>56</p>,Width,<p>30</p>,Height,<p>52</p>,Box Quantity,<p>144</p>,Inner Pack Quantity,<p>12</p>,Country Of Origin,<p>CN</p>,Standards,<ul><li>ANSI/ISEA 105: 2016 CUT Level  A8</li><li>EN 420</li><li>EN388:2016 +A1:2018 -  4.X.4.3.F</li></ul>,,,,
CT69,Variant,,ANSI cut level A8 Free from glass and steel fibers  Nitrile foam coating Knitting gauge 7 100% breathable seamless liner,https://d11ak7fd9ypfb7.cloudfront.net/styles1100px/CT69G8R.jpg,,0.0,TRUE,InStock,0.16,,CT69G8RXL,,,,Size,DROP_DOWN,XL,Color,DROP_DOWN,Grey/Black,,,,,,,,,,,,,Fit,<p>R</p>,Length,<p>56</p>,Width,<p>30</p>,Height,<p>52</p>,Box Quantity,<p>144</p>,Inner Pack Quantity,<p>12</p>,Country Of Origin,<p>CN</p>,Standards,<ul><li>ANSI/ISEA 105: 2016 CUT Level  A8</li><li>EN 420</li><li>EN388:2016 +A1:2018 -  4.X.4.3.F</li></ul>,,,,
CT69,Variant,,ANSI cut level A8 Free from glass and steel fibers  Nitrile foam coating Knitting gauge 7 100% breathable seamless liner,https://d11ak7fd9ypfb7.cloudfront.net/styles1100px/CT69G8R.jpg,,0.0,TRUE,InStock,0.1,,CT69G8RXS,,,,Size,DROP_DOWN,XS,Color,DROP_DOWN,Grey/Black,,,,,,,,,,,,,Fit,<p>R</p>,Length,<p>56</p>,Width,<p>30</p>,Height,<p>52</p>,Box Quantity,<p>144</p>,Inner Pack Quantity,<p>12</p>,Country Of Origin,<p>CN</p>,Standards,<ul><li>ANSI/ISEA 105: 2016 CUT Level  A8</li><li>EN 420</li><li>EN388:2016 +A1:2018 -  4.X.4.3.F</li></ul>,,,,
CT69,Variant,,ANSI cut level A8 Free from glass and steel fibers  Nitrile foam coating Knitting gauge 7 100% breathable seamless liner,https://d11ak7fd9ypfb7.cloudfront.net/styles1100px/CT69G8R.jpg,,0.0,TRUE,InStock,0.16,,CT69G8RXXL,,,,Size,DROP_DOWN,XXL,Color,DROP_DOWN,Grey/Black,,,,,,,,,,,,,Fit,<p>R</p>,Length,<p>56</p>,Width,<p>30</p>,Height,<p>52</p>,Box Quantity,<p>144</p>,Inner Pack Quantity,<p>12</p>,Country Of Origin,<p>CN</p>,Standards,<ul><li>ANSI/ISEA 105: 2016 CUT Level  A8</li><li>EN 420</li><li>EN388:2016 +A1:2018 -  4.X.4.3.F</li></ul>,,,,
CT90,Product,CT90 - CT Sleeve AHR+,"ANSI cut level A8 Free from glass and steel fibers 14"" cut resistant sleeve Knitting gauge 7 100% breathable seamless liner Sold in singles",https://d11ak7fd9ypfb7.cloudfront.net/styles1100px/CT90GRR.jpg,13.9,0.0,TRUE,InStock,0.084,,CT90GRR,,,,Size,DROP_DOWN,,Color,DROP_DOWN,Grey,,,,,,,,,,,,,Fit,<p>R</p>,Length,<p>52</p>,Width,<p>30</p>,Height,<p>48</p>,Box Quantity,<p>144</p>,Inner Pack Quantity,<p>12</p>,Country Of Origin,<p>CN</p>,Standards,<ul><li>ANSI/ISEA 105: 2016 CUT Level  A8</li><li>EN 420</li><li>EN388:2016 +A1:2018 -  3.X.4.X.F</li></ul>,,,,
CV01,Product,CV01 - Cooling Vest,"2"" silver reflective tape Wicking, cooling and drying capabilities Soak in water to activate Keeps wearer cool for up to 8 hours Lightweight for greater comfort and flexibility 50+ UPF rated fabric to block 98% of UV rays Side hook and loop for size adjustment",https://d11ak7fd9ypfb7.cloudfront.net/styles1100px/CV01GRR.jpg,58.9,0.0,TRUE,InStock,0.275,,CV01GRRL/XL,,,,Size,DROP_DOWN,S/M;L/XL;XX/3X,Color,DROP_DOWN,Grey,,,,,,,,,,,,,Fit,<p>R</p>,Length,<p>65</p>,Width,<p>45</p>,Height,<p>44</p>,Box Quantity,<p>48</p>,Inner Pack Quantity,<p>1</p>,Country Of Origin,<p>CN</p>,Standards,<p></p>,,,,
CV01,Variant,,"2"" silver reflective tape Wicking, cooling and drying capabilities Soak in water to activate Keeps wearer cool for up to 8 hours Lightweight for greater comfort and flexibility 50+ UPF rated fabric to block 98% of UV rays Side hook and loop for size adjustment",https://d11ak7fd9ypfb7.cloudfront.net/styles1100px/CV01GRR.jpg,,0.0,TRUE,InStock,0.275,,CV01GRRL/XL,,,,Size,DROP_DOWN,L/XL,Color,DROP_DOWN,Grey,,,,,,,,,,,,,Fit,<p>R</p>,Length,<p>65</p>,Width,<p>45</p>,Height,<p>44</p>,Box Quantity,<p>48</p>,Inner Pack Quantity,<p>1</p>,Country Of Origin,<p>CN</p>,Standards,<p></p>,,,,
CV01,Variant,,"2"" silver reflective tape Wicking, cooling and drying capabilities Soak in water to activate Keeps wearer cool for up to 8 hours Lightweight for greater comfort and flexibility 50+ UPF rated fabric to block 98% of UV rays Side hook and loop for size adjustment",https://d11ak7fd9ypfb7.cloudfront.net/styles1100px/CV01GRR.jpg,,0.0,TRUE,InStock,0.275,,CV01GRRS/M,,,,Size,DROP_DOWN,S/M,Color,DROP_DOWN,Grey,,,,,,,,,,,,,Fit,<p>R</p>,Length,<p>65</p>,Width,<p>45</p>,Height,<p>44</p>,Box Quantity,<p>48</p>,Inner Pack Quantity,<p>1</p>,Country Of Origin,<p>CN</p>,Standards,<p></p>,,,,
CV01,Variant,,"2"" silver reflective tape Wicking, cooling and drying capabilities Soak in water to activate Keeps wearer cool for up to 8 hours Lightweight for greater comfort and flexibility 50+ UPF rated fabric to block 98% of UV rays Side hook and loop for size adjustment",https://d11ak7fd9ypfb7.cloudfront.net/styles1100px/CV01GRR.jpg,,0.0,TRUE,InStock,0.275,,CV01GRRXX/3X,,,,Size,DROP_DOWN,XX/3X,Color,DROP_DOWN,Grey,,,,,,,,,,,,,Fit,<p>R</p>,Length,<p>65</p>,Width,<p>45</p>,Height,<p>44</p>,Box Quantity,<p>48</p>,Inner Pack Quantity,<p>1</p>,Country Of Origin,<p>CN</p>,Standards,<p></p>,,,,
CV02,Product,CV02 - High Vis Cooling Vest,"2"" silver reflective tape Wicking, cooling and drying capabilities Soak in water to activate Keeps wearer cool for up to 8 hours Lightweight for greater comfort and flexibility 50+ UPF rated fabric to block 98% of UV rays",https://d11ak7fd9ypfb7.cloudfront.net/styles1100px/CV02ORR.jpg,71.4,0.0,TRUE,InStock,0.44,,CV02ORRL/XL,,,,Size,DROP_DOWN,S/M;L/XL;XX/3X,Color,DROP_DOWN,Yellow;Orange,,,,,,,,,,,,,Fit,<p>R</p>,Length,<p>65</p>,Width,<p>45</p>,Height,<p>57</p>,Box Quantity,<p>48</p>,Inner Pack Quantity,<p>1</p>,Country Of Origin,<p>CN</p>,Standards,<ul><li>EN ISO 20471 Class 2</li><li>ANSI/ISEA 107 TYPE R CLASS 2</li></ul>,,,,
CV02,Variant,,"2"" silver reflective tape Wicking, cooling and drying capabilities Soak in water to activate Keeps wearer cool for up to 8 hours Lightweight for greater comfort and flexibility 50+ UPF rated fabric to block 98% of UV rays",https://d11ak7fd9ypfb7.cloudfront.net/styles1100px/CV02ORR.jpg,,0.0,TRUE,InStock,0.44,,CV02ORRL/XL,,,,Size,DROP_DOWN,L/XL,Color,DROP_DOWN,Orange,,,,,,,,,,,,,Fit,<p>R</p>,Length,<p>65</p>,Width,<p>45</p>,Height,<p>57</p>,Box Quantity,<p>48</p>,Inner Pack Quantity,<p>1</p>,Country Of Origin,<p>CN</p>,Standards,<ul><li>EN ISO 20471 Class 2</li><li>ANSI/ISEA 107 TYPE R CLASS 2</li></ul>,,,,
CV02,Variant,,"2"" silver reflective tape Wicking, cooling and drying capabilities Soak in water to activate Keeps wearer cool for up to 8 hours Lightweight for greater comfort and flexibility 50+ UPF rated fabric to block 98% of UV rays",https://d11ak7fd9ypfb7.cloudfront.net/styles1100px/CV02ORR.jpg,,0.0,TRUE,InStock,0.399,,CV02ORRS/M,,,,Size,DROP_DOWN,S/M,Color,DROP_DOWN,Orange,,,,,,,,,,,,,Fit,<p>R</p>,Length,<p>65</p>,Width,<p>45</p>,Height,<p>57</p>,Box Quantity,<p>48</p>,Inner Pack Quantity,<p>1</p>,Country Of Origin,<p>CN</p>,Standards,<ul><li>EN ISO 20471 Class 2</li><li>ANSI/ISEA 107 TYPE R CLASS 2</li></ul>,,,,
CV02,Variant,,"2"" silver reflective tape Wicking, cooling and drying capabilities Soak in water to activate Keeps wearer cool for up to 8 hours Lightweight for greater comfort and flexibility 50+ UPF rated fabric to block 98% of UV rays",https://d11ak7fd9ypfb7.cloudfront.net/styles1100px/CV02ORR.jpg,,0.0,TRUE,InStock,0.46,,CV02ORRXX/3X,,,,Size,DROP_DOWN,XX/3X,Color,DROP_DOWN,Orange,,,,,,,,,,,,,Fit,<p>R</p>,Length,<p>65</p>,Width,<p>45</p>,Height,<p>57</p>,Box Quantity,<p>48</p>,Inner Pack Quantity,<p>1</p>,Country Of Origin,<p>CN</p>,Standards,<ul><li>EN ISO 20471 Class 2</li><li>ANSI/ISEA 107 TYPE R CLASS 2</li></ul>,,,,
CV02,Variant,,"2"" silver reflective tape Wicking, cooling and drying capabilities Soak in water to activate Keeps wearer cool for up to 8 hours Lightweight for greater comfort and flexibility 50+ UPF rated fabric to block 98% of UV rays",https://d11ak7fd9ypfb7.cloudfront.net/styles1100px/CV02YER.jpg,,0.0,TRUE,InStock,0.44,,CV02YERL/XL,,,,Size,DROP_DOWN,L/XL,Color,DROP_DOWN,Yellow,,,,,,,,,,,,,Fit,<p>R</p>,Length,<p>65</p>,Width,<p>45</p>,Height,<p>57</p>,Box Quantity,<p>48</p>,Inner Pack Quantity,<p>1</p>,Country Of Origin,<p>CN</p>,Standards,<ul><li>EN ISO 20471 Class 2</li><li>ANSI/ISEA 107 TYPE R CLASS 2</li></ul>,,,,
CV02,Variant,,"2"" silver reflective tape Wicking, cooling and drying capabilities Soak in water to activate Keeps wearer cool for up to 8 hours Lightweight for greater comfort and flexibility 50+ UPF rated fabric to block 98% of UV rays",https://d11ak7fd9ypfb7.cloudfront.net/styles1100px/CV02YER.jpg,,0.0,TRUE,InStock,0.399,,CV02YERS/M,,,,Size,DROP_DOWN,S/M,Color,DROP_DOWN,Yellow,,,,,,,,,,,,,Fit,<p>R</p>,Length,<p>65</p>,Width,<p>45</p>,Height,<p>57</p>,Box Quantity,<p>48</p>,Inner Pack Quantity,<p>1</p>,Country Of Origin,<p>CN</p>,Standards,<ul><li>EN ISO 20471 Class 2</li><li>ANSI/ISEA 107 TYPE R CLASS 2</li></ul>,,,,
CV02,Variant,,"2"" silver reflective tape Wicking, cooling and drying capabilities Soak in water to activate Keeps wearer cool for up to 8 hours Lightweight for greater comfort and flexibility 50+ UPF rated fabric to block 98% of UV rays",https://d11ak7fd9ypfb7.cloudfront.net/styles1100px/CV02YER.jpg,,0.0,TRUE,InStock,0.46,,CV02YERXX/3X,,,,Size,DROP_DOWN,XX/3X,Color,DROP_DOWN,Yellow,,,,,,,,,,,,,Fit,<p>R</p>,Length,<p>65</p>,Width,<p>45</p>,Height,<p>57</p>,Box Quantity,<p>48</p>,Inner Pack Quantity,<p>1</p>,Country Of Origin,<p>CN</p>,Standards,<ul><li>EN ISO 20471 Class 2</li><li>ANSI/ISEA 107 TYPE R CLASS 2</li></ul>,,,,
CV03,Product,CV03 - Cooling Crown with Neck Shade,"Wicking, cooling and drying capabilities Soak in water to activate Keeps wearer cool for up to 8 hours Lightweight for greater comfort and flexibility 50+ UPF rated fabric to block 98% of UV rays Neck shade for added protection against UV rays",https://d11ak7fd9ypfb7.cloudfront.net/styles1100px/CV03OBL.jpg,11.3,0.0,TRUE,InStock,0.06,,CV03OBL,,,,Size,DROP_DOWN,,Color,DROP_DOWN,Yellow/Blue;Orange/Blue,,,,,,,,,,,,,Fit,<p>L</p>,Length,<p>43</p>,Width,<p>28</p>,Height,<p>43</p>,Box Quantity,<p>144</p>,Inner Pack Quantity,<p>12</p>,Country Of Origin,<p>CN</p>,Standards,<p></p>,,,,
CV03,Variant,,"Wicking, cooling and drying capabilities Soak in water to activate Keeps wearer cool for up to 8 hours Lightweight for greater comfort and flexibility 50+ UPF rated fabric to block 98% of UV rays Neck shade for added protection against UV rays",https://d11ak7fd9ypfb7.cloudfront.net/styles1100px/CV03YBL.jpg,,0.0,TRUE,InStock,0.06,,CV03YBL,,,,Size,DROP_DOWN,,Color,DROP_DOWN,Yellow/Blue,,,,,,,,,,,,,Fit,<p>L</p>,Length,<p>43</p>,Width,<p>28</p>,Height,<p>43</p>,Box Quantity,<p>144</p>,Inner Pack Quantity,<p>12</p>,Country Of Origin,<p>CN</p>,Standards,<p></p>,,,,
CV04,Product,CV04 - Cooling Head Band,"Wicking, cooling and drying capabilities Soak in water to activate Keeps wearer cool for up to 8 hours Lightweight for greater comfort and flexibility 50+ UPF rated fabric to block 98% of UV rays Neck shade for added protection against UV rays",https://d11ak7fd9ypfb7.cloudfront.net/styles1100px/CV04BKR.jpg,11.6,0.0,TRUE,InStock,0.04,,CV04BKR,,,,Size,DROP_DOWN,,Color,DROP_DOWN,Black;Blue,,,,,,,,,,,,,Fit,<p>R</p>,Length,<p>43</p>,Width,<p>28</p>,Height,<p>43</p>,Box Quantity,<p>144</p>,Inner Pack Quantity,<p>12</p>,Country Of Origin,<p>CN</p>,Standards,<p></p>,,,,
CV04,Variant,,"Wicking, cooling and drying capabilities Soak in water to activate Keeps wearer cool for up to 8 hours Lightweight for greater comfort and flexibility 50+ UPF rated fabric to block 98% of UV rays Neck shade for added protection against UV rays",https://d11ak7fd9ypfb7.cloudfront.net/styles1100px/CV04BLU.jpg,,0.0,TRUE,InStock,0.04,,CV04BLU,,,,Size,DROP_DOWN,,Color,DROP_DOWN,Blue,,,,,,,,,,,,,Fit,<p>U</p>,Length,<p>43</p>,Width,<p>28</p>,Height,<p>43</p>,Box Quantity,<p>144</p>,Inner Pack Quantity,<p>12</p>,Country Of Origin,<p>CN</p>,Standards,<p></p>,,,,
CV05,Product,CV05 - Cooling Neck Scarf,"Wicking, cooling and drying capabilities Soak in water to activate Keeps wearer cool for up to 8 hours Lightweight for greater comfort and flexibility 50+ UPF rated fabric to block 98% of UV rays Neck shade for added protection against UV rays",https://d11ak7fd9ypfb7.cloudfront.net/styles1100px/CV05BLU.jpg,6.7,0.0,TRUE,InStock,0.03,,CV05BLU,,,,Size,DROP_DOWN,,Color,DROP_DOWN,Blue,,,,,,,,,,,,,Fit,<p>U</p>,Length,<p>43</p>,Width,<p>34</p>,Height,<p>35</p>,Box Quantity,<p>240</p>,Inner Pack Quantity,<p>12</p>,Country Of Origin,<p>CN</p>,Standards,<p></p>,,,,
CV06,Product,CV06 - Cooling Towel,"Wicking, cooling and drying capabilities Soak in water to activate Keeps wearer cool for up to 8 hours Packed in a retail friendly resealable bag",https://d11ak7fd9ypfb7.cloudfront.net/styles1100px/CV06BLU.jpg,6.6,0.0,TRUE,InStock,0.095,,CV06BLU,,,,Size,DROP_DOWN,,Color,DROP_DOWN,Blue,,,,,,,,,,,,,Fit,<p>U</p>,Length,<p>44</p>,Width,<p>39</p>,Height,<p>27</p>,Box Quantity,<p>96</p>,Inner Pack Quantity,<p>12</p>,Country Of Origin,<p>CN</p>,Standards,<p></p>,,,,
CV07,Product,CV07 - Cooling Hard Hat Sweatband,"Wicking, cooling and drying capabilities Soak in water to activate Keeps wearer cool for up to 8 hours Lightweight for greater comfort and flexibility Designed to be attached to most hard hats and bump caps",https://d11ak7fd9ypfb7.cloudfront.net/styles1100px/CV07BLU.jpg,11.7,0.0,TRUE,InStock,0.03,,CV07BLU,,,,Size,DROP_DOWN,,Color,DROP_DOWN,Blue,,,,,,,,,,,,,Fit,<p>U</p>,Length,<p>43</p>,Width,<p>34</p>,Height,<p>35</p>,Box Quantity,<p>240</p>,Inner Pack Quantity,<p>12</p>,Country Of Origin,<p>CN</p>,Standards,<p></p>,,,,
CV08,Product,CV08 - Cooling Sleeves,"Wicking, cooling and drying capabilities Soak in water to activate Keeps wearer cool for up to 8 hours Lightweight for greater comfort and flexibility 50+ UPF rated fabric to block 98% of UV rays",https://d11ak7fd9ypfb7.cloudfront.net/styles1100px/CV08BLU.jpg,15.2,0.0,TRUE,InStock,0.055,,CV08BLU,,,,Size,DROP_DOWN,,Color,DROP_DOWN,Blue,,,,,,,,,,,,,Fit,<p>U</p>,Length,<p>35</p>,Width,<p>28</p>,Height,<p>50</p>,Box Quantity,<p>192</p>,Inner Pack Quantity,<p>12</p>,Country Of Origin,<p>CN</p>,Standards,<p></p>,,,,
CV09,Product,CV09 - Cooling Evaporative Vest,"Wicking, cooling and drying capabilities Soak in water to activate Keeps wearer cool for up to 8 hours Lightweight for greater comfort and flexibility 50+ UPF rated fabric to block 98% of UV rays Bird eye knit side and shoulder panels for increased breathability",https://d11ak7fd9ypfb7.cloudfront.net/styles1100px/CV09YER.jpg,82.5,0.0,TRUE,InStock,0.366,,CV09YERL/XL,,,,Size,DROP_DOWN,S/M;L/XL;XX/3X,Color,DROP_DOWN,Yellow,,,,,,,,,,,,,Fit,<p>R</p>,Length,<p>50</p>,Width,<p>36</p>,Height,<p>51</p>,Box Quantity,<p>48</p>,Inner Pack Quantity,<p>1</p>,Country Of Origin,<p>CN</p>,Standards,<p></p>,,,,
CV09,Variant,,"Wicking, cooling and drying capabilities Soak in water to activate Keeps wearer cool for up to 8 hours Lightweight for greater comfort and flexibility 50+ UPF rated fabric to block 98% of UV rays Bird eye knit side and shoulder panels for increased breathability",https://d11ak7fd9ypfb7.cloudfront.net/styles1100px/CV09YER.jpg,,0.0,TRUE,InStock,0.366,,CV09YERL/XL,,,,Size,DROP_DOWN,L/XL,Color,DROP_DOWN,Yellow,,,,,,,,,,,,,Fit,<p>R</p>,Length,<p>50</p>,Width,<p>36</p>,Height,<p>51</p>,Box Quantity,<p>48</p>,Inner Pack Quantity,<p>1</p>,Country Of Origin,<p>CN</p>,Standards,<p></p>,,,,
CV09,Variant,,"Wicking, cooling and drying capabilities Soak in water to activate Keeps wearer cool for up to 8 hours Lightweight for greater comfort and flexibility 50+ UPF rated fabric to block 98% of UV rays Bird eye knit side and shoulder panels for increased breathability",https://d11ak7fd9ypfb7.cloudfront.net/styles1100px/CV09YER.jpg,,0.0,TRUE,InStock,0.321,,CV09YERS/M,,,,Size,DROP_DOWN,S/M,Color,DROP_DOWN,Yellow,,,,,,,,,,,,,Fit,<p>R</p>,Length,<p>50</p>,Width,<p>36</p>,Height,<p>51</p>,Box Quantity,<p>48</p>,Inner Pack Quantity,<p>1</p>,Country Of Origin,<p>CN</p>,Standards,<p></p>,,,,
CV09,Variant,,"Wicking, cooling and drying capabilities Soak in water to activate Keeps wearer cool for up to 8 hours Lightweight for greater comfort and flexibility 50+ UPF rated fabric to block 98% of UV rays Bird eye knit side and shoulder panels for increased breathability",https://d11ak7fd9ypfb7.cloudfront.net/styles1100px/CV09YER.jpg,,0.0,TRUE,InStock,0.391,,CV09YERXX/3X,,,,Size,DROP_DOWN,XX/3X,Color,DROP_DOWN,Yellow,,,,,,,,,,,,,Fit,<p>R</p>,Length,<p>50</p>,Width,<p>36</p>,Height,<p>51</p>,Box Quantity,<p>48</p>,Inner Pack Quantity,<p>1</p>,Country Of Origin,<p>CN</p>,Standards,<p></p>,,,,
CV10,Product,CV10 - Cooling Shoulder Insert,"Wicking, cooling and drying capabilities Soak in water to activate Keeps wearer cool for up to 8 hours 50+ UPF rated fabric to block 98% of UV rays",https://d11ak7fd9ypfb7.cloudfront.net/styles1100px/CV10YBL.jpg,27.0,0.0,TRUE,InStock,0.13,,CV10YBL,,,,Size,DROP_DOWN,,Color,DROP_DOWN,Yellow/Blue,,,,,,,,,,,,,Fit,<p>L</p>,Length,<p>50</p>,Width,<p>36</p>,Height,<p>51</p>,Box Quantity,<p>144</p>,Inner Pack Quantity,<p>12</p>,Country Of Origin,<p>CN</p>,Standards,<p></p>,,,,
CV11,Product,CV11 - Cooling Crown Beanie,"Wicking, cooling and drying capabilities Soak in water to activate Keeps wearer cool for up to 8 hours Lightweight for greater comfort and flexibility 50+ UPF rated fabric to block 98% of UV rays Elasticated back for improved fit",https://d11ak7fd9ypfb7.cloudfront.net/styles1100px/CV11BLU.jpg,13.3,0.0,TRUE,InStock,0.045,,CV11BLU,,,,Size,DROP_DOWN,,Color,DROP_DOWN,Blue,,,,,,,,,,,,,Fit,<p>U</p>,Length,<p>43</p>,Width,<p>28</p>,Height,<p>43</p>,Box Quantity,<p>144</p>,Inner Pack Quantity,<p>12</p>,Country Of Origin,<p>CN</p>,Standards,<p></p>,,,,
CV380,Product,CV380 - Social Distancing Mesh Vest 6ft,"2'' silver reflective tape Cooling mesh fabric Pockets in solid polyester: 1 right chest patch, 1 two-tiered chest with pen division, 2 large internal patch Zipper closure Washable social distance logo",https://d11ak7fd9ypfb7.cloudfront.net/styles1100px/CV380YER.jpg,0.0,0.0,TRUE,InStock,0.135,,CV380YER5XL,,,,Size,DROP_DOWN,M;5XL;6XL,Color,DROP_DOWN,Yellow,,,,,,,,,,,,,Fit,<p>R</p>,Length,<p>43</p>,Width,<p>28</p>,Height,<p>48</p>,Box Quantity,<p>60</p>,Inner Pack Quantity,<p>1</p>,Country Of Origin,<p>CN</p>,Standards,<ul><li>ANSI/ISEA 107 TYPE R CLASS 2</li></ul>,,,,
CV380,Variant,,"2'' silver reflective tape Cooling mesh fabric Pockets in solid polyester: 1 right chest patch, 1 two-tiered chest with pen division, 2 large internal patch Zipper closure Washable social distance logo",https://d11ak7fd9ypfb7.cloudfront.net/styles1100px/CV380YER.jpg,,0.0,TRUE,InStock,0.135,,CV380YER5XL,,,,Size,DROP_DOWN,5XL,Color,DROP_DOWN,Yellow,,,,,,,,,,,,,Fit,<p>R</p>,Length,<p>43</p>,Width,<p>28</p>,Height,<p>48</p>,Box Quantity,<p>60</p>,Inner Pack Quantity,<p>1</p>,Country Of Origin,<p>CN</p>,Standards,<ul><li>ANSI/ISEA 107 TYPE R CLASS 2</li></ul>,,,,
CV380,Variant,,"2'' silver reflective tape Cooling mesh fabric Pockets in solid polyester: 1 right chest patch, 1 two-tiered chest with pen division, 2 large internal patch Zipper closure Washable social distance logo",https://d11ak7fd9ypfb7.cloudfront.net/styles1100px/CV380YER.jpg,,0.0,TRUE,InStock,0.135,,CV380YER6XL,,,,Size,DROP_DOWN,6XL,Color,DROP_DOWN,Yellow,,,,,,,,,,,,,Fit,<p>R</p>,Length,<p>43</p>,Width,<p>28</p>,Height,<p>48</p>,Box Quantity,<p>60</p>,Inner Pack Quantity,<p>1</p>,Country Of Origin,<p>CN</p>,Standards,<ul><li>ANSI/ISEA 107 TYPE R CLASS 2</li></ul>,,,,
CV380,Variant,,"2'' silver reflective tape Cooling mesh fabric Pockets in solid polyester: 1 right chest patch, 1 two-tiered chest with pen division, 2 large internal patch Zipper closure Washable social distance logo",https://d11ak7fd9ypfb7.cloudfront.net/styles1100px/CV380YER.jpg,,0.0,TRUE,InStock,0.135,,CV380YERM,,,,Size,DROP_DOWN,M,Color,DROP_DOWN,Yellow,,,,,,,,,,,,,Fit,<p>R</p>,Length,<p>43</p>,Width,<p>28</p>,Height,<p>48</p>,Box Quantity,<p>60</p>,Inner Pack Quantity,<p>1</p>,Country Of Origin,<p>CN</p>,Standards,<ul><li>ANSI/ISEA 107 TYPE R CLASS 2</li></ul>,,,,
DC801,Product,DC801 - ,,https://d11ak7fd9ypfb7.cloudfront.net/styles1100px/DC801BKR.jpg,95.0,0.0,TRUE,InStock,0.999,,DC801BKR4XL,,,,Size,DROP_DOWN,S;M;L;XL;XXL;XXXL;4XL;5XL,Color,DROP_DOWN,Black,,,,,,,,,,,,,Fit,<p>R</p>,Length,<p>65</p>,Width,<p>45</p>,Height,<p>33</p>,Box Quantity,<p>12</p>,Inner Pack Quantity,<p>1</p>,Country Of Origin,<p>BD</p>,Standards,<p></p>,,,,
DC801,Variant,,,https://d11ak7fd9ypfb7.cloudfront.net/styles1100px/DC801BKR.jpg,,0.0,TRUE,InStock,0.999,,DC801BKR4XL,,,,Size,DROP_DOWN,4XL,Color,DROP_DOWN,Black,,,,,,,,,,,,,Fit,<p>R</p>,Length,<p>65</p>,Width,<p>45</p>,Height,<p>33</p>,Box Quantity,<p>12</p>,Inner Pack Quantity,<p>1</p>,Country Of Origin,<p>BD</p>,Standards,<p></p>,,,,
DC801,Variant,,,https://d11ak7fd9ypfb7.cloudfront.net/styles1100px/DC801BKR.jpg,,0.0,TRUE,InStock,0.999,,DC801BKR5XL,,,,Size,DROP_DOWN,5XL,Color,DROP_DOWN,Black,,,,,,,,,,,,,Fit,<p>R</p>,Length,<p>65</p>,Width,<p>45</p>,Height,<p>33</p>,Box Quantity,<p>12</p>,Inner Pack Quantity,<p>1</p>,Country Of Origin,<p>BD</p>,Standards,<p></p>,,,,
DC801,Variant,,,https://d11ak7fd9ypfb7.cloudfront.net/styles1100px/DC801BKR.jpg,,0.0,TRUE,InStock,0.999,,DC801BKRL,,,,Size,DROP_DOWN,L,Color,DROP_DOWN,Black,,,,,,,,,,,,,Fit,<p>R</p>,Length,<p>65</p>,Width,<p>45</p>,Height,<p>33</p>,Box Quantity,<p>12</p>,Inner Pack Quantity,<p>1</p>,Country Of Origin,<p>BD</p>,Standards,<p></p>,,,,
DC801,Variant,,,https://d11ak7fd9ypfb7.cloudfront.net/styles1100px/DC801BKR.jpg,,0.0,TRUE,InStock,0.999,,DC801BKRM,,,,Size,DROP_DOWN,M,Color,DROP_DOWN,Black,,,,,,,,,,,,,Fit,<p>R</p>,Length,<p>65</p>,Width,<p>45</p>,Height,<p>33</p>,Box Quantity,<p>12</p>,Inner Pack Quantity,<p>1</p>,Country Of Origin,<p>BD</p>,Standards,<p></p>,,,,
DC801,Variant,,,https://d11ak7fd9ypfb7.cloudfront.net/styles1100px/DC801BKR.jpg,,0.0,TRUE,InStock,0.999,,DC801BKRS,,,,Size,DROP_DOWN,S,Color,DROP_DOWN,Black,,,,,,,,,,,,,Fit,<p>R</p>,Length,<p>65</p>,Width,<p>45</p>,Height,<p>33</p>,Box Quantity,<p>12</p>,Inner Pack Quantity,<p>1</p>,Country Of Origin,<p>BD</p>,Standards,<p></p>,,,,
DC801,Variant,,,https://d11ak7fd9ypfb7.cloudfront.net/styles1100px/DC801BKR.jpg,,0.0,TRUE,InStock,0.999,,DC801BKRXL,,,,Size,DROP_DOWN,XL,Color,DROP_DOWN,Black,,,,,,,,,,,,,Fit,<p>R</p>,Length,<p>65</p>,Width,<p>45</p>,Height,<p>33</p>,Box Quantity,<p>12</p>,Inner Pack Quantity,<p>1</p>,Country Of Origin,<p>BD</p>,Standards,<p></p>,,,,
DC801,Variant,,,https://d11ak7fd9ypfb7.cloudfront.net/styles1100px/DC801BKR.jpg,,0.0,TRUE,InStock,0.999,,DC801BKRXXL,,,,Size,DROP_DOWN,XXL,Color,DROP_DOWN,Black,,,,,,,,,,,,,Fit,<p>R</p>,Length,<p>65</p>,Width,<p>45</p>,Height,<p>33</p>,Box Quantity,<p>12</p>,Inner Pack Quantity,<p>1</p>,Country Of Origin,<p>BD</p>,Standards,<p></p>,,,,
DC801,Variant,,,https://d11ak7fd9ypfb7.cloudfront.net/styles1100px/DC801BKR.jpg,,0.0,TRUE,InStock,0.999,,DC801BKRXXXL,,,,Size,DROP_DOWN,XXXL,Color,DROP_DOWN,Black,,,,,,,,,,,,,Fit,<p>R</p>,Length,<p>65</p>,Width,<p>45</p>,Height,<p>33</p>,Box Quantity,<p>12</p>,Inner Pack Quantity,<p>1</p>,Country Of Origin,<p>BD</p>,Standards,<p></p>,,,,
DC802,Product,DC802 - ,,https://d11ak7fd9ypfb7.cloudfront.net/styles1100px/DC802BKR.jpg,149.9,0.0,TRUE,InStock,0.999,,DC802BKR4XL,,,,Size,DROP_DOWN,S;M;L;XL;XXL;XXXL;4XL;5XL,Color,DROP_DOWN,Black,,,,,,,,,,,,,Fit,<p>R</p>,Length,<p>65</p>,Width,<p>45</p>,Height,<p>33</p>,Box Quantity,<p>10</p>,Inner Pack Quantity,<p>1</p>,Country Of Origin,<p>BD</p>,Standards,<p></p>,,,,
DC802,Variant,,,https://d11ak7fd9ypfb7.cloudfront.net/styles1100px/DC802BKR.jpg,,0.0,TRUE,InStock,0.999,,DC802BKR4XL,,,,Size,DROP_DOWN,4XL,Color,DROP_DOWN,Black,,,,,,,,,,,,,Fit,<p>R</p>,Length,<p>65</p>,Width,<p>45</p>,Height,<p>33</p>,Box Quantity,<p>10</p>,Inner Pack Quantity,<p>1</p>,Country Of Origin,<p>BD</p>,Standards,<p></p>,,,,
DC802,Variant,,,https://d11ak7fd9ypfb7.cloudfront.net/styles1100px/DC802BKR.jpg,,0.0,TRUE,InStock,0.999,,DC802BKR5XL,,,,Size,DROP_DOWN,5XL,Color,DROP_DOWN,Black,,,,,,,,,,,,,Fit,<p>R</p>,Length,<p>65</p>,Width,<p>45</p>,Height,<p>33</p>,Box Quantity,<p>10</p>,Inner Pack Quantity,<p>1</p>,Country Of Origin,<p>BD</p>,Standards,<p></p>,,,,
DC802,Variant,,,https://d11ak7fd9ypfb7.cloudfront.net/styles1100px/DC802BKR.jpg,,0.0,TRUE,InStock,0.999,,DC802BKRL,,,,Size,DROP_DOWN,L,Color,DROP_DOWN,Black,,,,,,,,,,,,,Fit,<p>R</p>,Length,<p>65</p>,Width,<p>45</p>,Height,<p>33</p>,Box Quantity,<p>10</p>,Inner Pack Quantity,<p>1</p>,Country Of Origin,<p>BD</p>,Standards,<p></p>,,,,
DC802,Variant,,,https://d11ak7fd9ypfb7.cloudfront.net/styles1100px/DC802BKR.jpg,,0.0,TRUE,InStock,0.999,,DC802BKRM,,,,Size,DROP_DOWN,M,Color,DROP_DOWN,Black,,,,,,,,,,,,,Fit,<p>R</p>,Length,<p>65</p>,Width,<p>45</p>,Height,<p>33</p>,Box Quantity,<p>10</p>,Inner Pack Quantity,<p>1</p>,Country Of Origin,<p>BD</p>,Standards,<p></p>,,,,
DC802,Variant,,,https://d11ak7fd9ypfb7.cloudfront.net/styles1100px/DC802BKR.jpg,,0.0,TRUE,InStock,0.999,,DC802BKRS,,,,Size,DROP_DOWN,S,Color,DROP_DOWN,Black,,,,,,,,,,,,,Fit,<p>R</p>,Length,<p>65</p>,Width,<p>45</p>,Height,<p>33</p>,Box Quantity,<p>10</p>,Inner Pack Quantity,<p>1</p>,Country Of Origin,<p>BD</p>,Standards,<p></p>,,,,
DC802,Variant,,,https://d11ak7fd9ypfb7.cloudfront.net/styles1100px/DC802BKR.jpg,,0.0,TRUE,InStock,0.999,,DC802BKRXL,,,,Size,DROP_DOWN,XL,Color,DROP_DOWN,Black,,,,,,,,,,,,,Fit,<p>R</p>,Length,<p>65</p>,Width,<p>45</p>,Height,<p>33</p>,Box Quantity,<p>10</p>,Inner Pack Quantity,<p>1</p>,Country Of Origin,<p>BD</p>,Standards,<p></p>,,,,
DC802,Variant,,,https://d11ak7fd9ypfb7.cloudfront.net/styles1100px/DC802BKR.jpg,,0.0,TRUE,InStock,0.999,,DC802BKRXXL,,,,Size,DROP_DOWN,XXL,Color,DROP_DOWN,Black,,,,,,,,,,,,,Fit,<p>R</p>,Length,<p>65</p>,Width,<p>45</p>,Height,<p>33</p>,Box Quantity,<p>10</p>,Inner Pack Quantity,<p>1</p>,Country Of Origin,<p>BD</p>,Standards,<p></p>,,,,
DC802,Variant,,,https://d11ak7fd9ypfb7.cloudfront.net/styles1100px/DC802BKR.jpg,,0.0,TRUE,InStock,0.999,,DC802BKRXXXL,,,,Size,DROP_DOWN,XXXL,Color,DROP_DOWN,Black,,,,,,,,,,,,,Fit,<p>R</p>,Length,<p>65</p>,Width,<p>45</p>,Height,<p>33</p>,Box Quantity,<p>10</p>,Inner Pack Quantity,<p>1</p>,Country Of Origin,<p>BD</p>,Standards,<p></p>,,,,
E041,Product,E041 - Hi-Vis Polycotton Pants,"2” silver reflective tape Back elasticated waist 8oz polyester/cotton tough durable fabric Texpel dirt release finish Pockets: 2 side, 1 back",https://d11ak7fd9ypfb7.cloudfront.net/styles1100px/E041YER.jpg,45.9,0.0,TRUE,InStock,0.62,,E041YERL,,,,Size,DROP_DOWN,S;M;L;XL;XXL;XXXL,Color,DROP_DOWN,Yellow,,,,,,,,,,,,,Fit,<p>R</p>,Length,<p>43</p>,Width,<p>28</p>,Height,<p>35</p>,Box Quantity,<p>24</p>,Inner Pack Quantity,<p>1</p>,Country Of Origin,<p>BD</p>,Standards,<ul><li>EN ISO 20471 Class 1</li><li>RIS-3279-TOM  ISSUE 1 (ORANGE ONLY)</li><li>ANSI/ISEA 107 SUPPLEMENTAL CLASS E</li></ul>,,,,
E041,Variant,,"2” silver reflective tape Back elasticated waist 8oz polyester/cotton tough durable fabric Texpel dirt release finish Pockets: 2 side, 1 back",https://d11ak7fd9ypfb7.cloudfront.net/styles1100px/E041YER.jpg,,0.0,TRUE,InStock,0.62,,E041YERL,,,,Size,DROP_DOWN,L,Color,DROP_DOWN,Yellow,,,,,,,,,,,,,Fit,<p>R</p>,Length,<p>43</p>,Width,<p>28</p>,Height,<p>35</p>,Box Quantity,<p>24</p>,Inner Pack Quantity,<p>1</p>,Country Of Origin,<p>BD</p>,Standards,<ul><li>EN ISO 20471 Class 1</li><li>RIS-3279-TOM  ISSUE 1 (ORANGE ONLY)</li><li>ANSI/ISEA 107 SUPPLEMENTAL CLASS E</li></ul>,,,,
E041,Variant,,"2” silver reflective tape Back elasticated waist 8oz polyester/cotton tough durable fabric Texpel dirt release finish Pockets: 2 side, 1 back",https://d11ak7fd9ypfb7.cloudfront.net/styles1100px/E041YER.jpg,,0.0,TRUE,InStock,0.58,,E041YERM,,,,Size,DROP_DOWN,M,Color,DROP_DOWN,Yellow,,,,,,,,,,,,,Fit,<p>R</p>,Length,<p>43</p>,Width,<p>28</p>,Height,<p>35</p>,Box Quantity,<p>24</p>,Inner Pack Quantity,<p>1</p>,Country Of Origin,<p>BD</p>,Standards,<ul><li>EN ISO 20471 Class 1</li><li>RIS-3279-TOM  ISSUE 1 (ORANGE ONLY)</li><li>ANSI/ISEA 107 SUPPLEMENTAL CLASS E</li></ul>,,,,
E041,Variant,,"2” silver reflective tape Back elasticated waist 8oz polyester/cotton tough durable fabric Texpel dirt release finish Pockets: 2 side, 1 back",https://d11ak7fd9ypfb7.cloudfront.net/styles1100px/E041YER.jpg,,0.0,TRUE,InStock,0.58,,E041YERS,,,,Size,DROP_DOWN,S,Color,DROP_DOWN,Yellow,,,,,,,,,,,,,Fit,<p>R</p>,Length,<p>43</p>,Width,<p>28</p>,Height,<p>35</p>,Box Quantity,<p>24</p>,Inner Pack Quantity,<p>1</p>,Country Of Origin,<p>BD</p>,Standards,<ul><li>EN ISO 20471 Class 1</li><li>RIS-3279-TOM  ISSUE 1 (ORANGE ONLY)</li><li>ANSI/ISEA 107 SUPPLEMENTAL CLASS E</li></ul>,,,,
E041,Variant,,"2” silver reflective tape Back elasticated waist 8oz polyester/cotton tough durable fabric Texpel dirt release finish Pockets: 2 side, 1 back",https://d11ak7fd9ypfb7.cloudfront.net/styles1100px/E041YER.jpg,,0.0,TRUE,InStock,0.64,,E041YERXL,,,,Size,DROP_DOWN,XL,Color,DROP_DOWN,Yellow,,,,,,,,,,,,,Fit,<p>R</p>,Length,<p>43</p>,Width,<p>28</p>,Height,<p>35</p>,Box Quantity,<p>24</p>,Inner Pack Quantity,<p>1</p>,Country Of Origin,<p>BD</p>,Standards,<ul><li>EN ISO 20471 Class 1</li><li>RIS-3279-TOM  ISSUE 1 (ORANGE ONLY)</li><li>ANSI/ISEA 107 SUPPLEMENTAL CLASS E</li></ul>,,,,
E041,Variant,,"2” silver reflective tape Back elasticated waist 8oz polyester/cotton tough durable fabric Texpel dirt release finish Pockets: 2 side, 1 back",https://d11ak7fd9ypfb7.cloudfront.net/styles1100px/E041YER.jpg,,0.0,TRUE,InStock,0.66,,E041YERXXL,,,,Size,DROP_DOWN,XXL,Color,DROP_DOWN,Yellow,,,,,,,,,,,,,Fit,<p>R</p>,Length,<p>43</p>,Width,<p>28</p>,Height,<p>35</p>,Box Quantity,<p>24</p>,Inner Pack Quantity,<p>1</p>,Country Of Origin,<p>BD</p>,Standards,<ul><li>EN ISO 20471 Class 1</li><li>RIS-3279-TOM  ISSUE 1 (ORANGE ONLY)</li><li>ANSI/ISEA 107 SUPPLEMENTAL CLASS E</li></ul>,,,,
E041,Variant,,"2” silver reflective tape Back elasticated waist 8oz polyester/cotton tough durable fabric Texpel dirt release finish Pockets: 2 side, 1 back",https://d11ak7fd9ypfb7.cloudfront.net/styles1100px/E041YER.jpg,,0.0,TRUE,InStock,0.66,,E041YERXXXL,,,,Size,DROP_DOWN,XXXL,Color,DROP_DOWN,Yellow,,,,,,,,,,,,,Fit,<p>R</p>,Length,<p>43</p>,Width,<p>28</p>,Height,<p>35</p>,Box Quantity,<p>24</p>,Inner Pack Quantity,<p>1</p>,Country Of Origin,<p>BD</p>,Standards,<ul><li>EN ISO 20471 Class 1</li><li>RIS-3279-TOM  ISSUE 1 (ORANGE ONLY)</li><li>ANSI/ISEA 107 SUPPLEMENTAL CLASS E</li></ul>,,,,
E043,Product,E043 - Hi-Vis Polycotton Shorts,"Stylish summer shorts, the modern knee-length style and contrasting trims have made these shorts a favorite for hot days. Featuring a convenient thigh pocket and mobile phone pocket, with half elasticated waist for comfortable fit.",https://d11ak7fd9ypfb7.cloudfront.net/styles1100px/E043ONR.jpg,47.4,0.0,TRUE,InStock,0.52,,E043ONRL,,,,Size,DROP_DOWN,S;M;L;XL;XXL,Color,DROP_DOWN,Orange/Navy;Yellow/Grey,,,,,,,,,,,,,Fit,<p>R</p>,Length,<p>43</p>,Width,<p>28</p>,Height,<p>55</p>,Box Quantity,<p>36</p>,Inner Pack Quantity,<p>1</p>,Country Of Origin,<p>BD</p>,Standards,<ul><li>EN ISO 20471 Class 1</li><li>ANSI/ISEA 107 SUPPLEMENTAL CLASS E</li></ul>,,,,
E043,Variant,,"Stylish summer shorts, the modern knee-length style and contrasting trims have made these shorts a favorite for hot days. Featuring a convenient thigh pocket and mobile phone pocket, with half elasticated waist for comfortable fit.",https://d11ak7fd9ypfb7.cloudfront.net/styles1100px/E043ONR.jpg,,0.0,TRUE,InStock,0.52,,E043ONRL,,,,Size,DROP_DOWN,L,Color,DROP_DOWN,Orange/Navy,,,,,,,,,,,,,Fit,<p>R</p>,Length,<p>43</p>,Width,<p>28</p>,Height,<p>55</p>,Box Quantity,<p>36</p>,Inner Pack Quantity,<p>1</p>,Country Of Origin,<p>BD</p>,Standards,<ul><li>EN ISO 20471 Class 1</li><li>ANSI/ISEA 107 SUPPLEMENTAL CLASS E</li></ul>,,,,
E043,Variant,,"Stylish summer shorts, the modern knee-length style and contrasting trims have made these shorts a favorite for hot days. Featuring a convenient thigh pocket and mobile phone pocket, with half elasticated waist for comfortable fit.",https://d11ak7fd9ypfb7.cloudfront.net/styles1100px/E043ONR.jpg,,0.0,TRUE,InStock,0.5,,E043ONRM,,,,Size,DROP_DOWN,M,Color,DROP_DOWN,Orange/Navy,,,,,,,,,,,,,Fit,<p>R</p>,Length,<p>43</p>,Width,<p>28</p>,Height,<p>55</p>,Box Quantity,<p>36</p>,Inner Pack Quantity,<p>1</p>,Country Of Origin,<p>BD</p>,Standards,<ul><li>EN ISO 20471 Class 1</li><li>ANSI/ISEA 107 SUPPLEMENTAL CLASS E</li></ul>,,,,
E043,Variant,,"Stylish summer shorts, the modern knee-length style and contrasting trims have made these shorts a favorite for hot days. Featuring a convenient thigh pocket and mobile phone pocket, with half elasticated waist for comfortable fit.",https://d11ak7fd9ypfb7.cloudfront.net/styles1100px/E043ONR.jpg,,0.0,TRUE,InStock,0.48,,E043ONRS,,,,Size,DROP_DOWN,S,Color,DROP_DOWN,Orange/Navy,,,,,,,,,,,,,Fit,<p>R</p>,Length,<p>43</p>,Width,<p>28</p>,Height,<p>52</p>,Box Quantity,<p>36</p>,Inner Pack Quantity,<p>1</p>,Country Of Origin,<p>BD</p>,Standards,<ul><li>EN ISO 20471 Class 1</li><li>ANSI/ISEA 107 SUPPLEMENTAL CLASS E</li></ul>,,,,
E043,Variant,,"Stylish summer shorts, the modern knee-length style and contrasting trims have made these shorts a favorite for hot days. Featuring a convenient thigh pocket and mobile phone pocket, with half elasticated waist for comfortable fit.",https://d11ak7fd9ypfb7.cloudfront.net/styles1100px/E043ONR.jpg,,0.0,TRUE,InStock,0.54,,E043ONRXL,,,,Size,DROP_DOWN,XL,Color,DROP_DOWN,Orange/Navy,,,,,,,,,,,,,Fit,<p>R</p>,Length,<p>43</p>,Width,<p>28</p>,Height,<p>58</p>,Box Quantity,<p>36</p>,Inner Pack Quantity,<p>1</p>,Country Of Origin,<p>BD</p>,Standards,<ul><li>EN ISO 20471 Class 1</li><li>ANSI/ISEA 107 SUPPLEMENTAL CLASS E</li></ul>,,,,
E043,Variant,,"Stylish summer shorts, the modern knee-length style and contrasting trims have made these shorts a favorite for hot days. Featuring a convenient thigh pocket and mobile phone pocket, with half elasticated waist for comfortable fit.",https://d11ak7fd9ypfb7.cloudfront.net/styles1100px/E043ONR.jpg,,0.0,TRUE,InStock,0.56,,E043ONRXXL,,,,Size,DROP_DOWN,XXL,Color,DROP_DOWN,Orange/Navy,,,,,,,,,,,,,Fit,<p>R</p>,Length,<p>43</p>,Width,<p>28</p>,Height,<p>58</p>,Box Quantity,<p>36</p>,Inner Pack Quantity,<p>1</p>,Country Of Origin,<p>BD</p>,Standards,<ul><li>EN ISO 20471 Class 1</li><li>ANSI/ISEA 107 SUPPLEMENTAL CLASS E</li></ul>,,,,
E043,Variant,,"Stylish summer shorts, the modern knee-length style and contrasting trims have made these shorts a favorite for hot days. Featuring a convenient thigh pocket and mobile phone pocket, with half elasticated waist for comfortable fit.",https://d11ak7fd9ypfb7.cloudfront.net/styles1100px/E043YGY.jpg,,0.0,TRUE,InStock,0.52,,E043YGYL,,,,Size,DROP_DOWN,L,Color,DROP_DOWN,Yellow/Grey,,,,,,,,,,,,,Fit,<p>Y</p>,Length,<p>43</p>,Width,<p>28</p>,Height,<p>55</p>,Box Quantity,<p>36</p>,Inner Pack Quantity,<p>1</p>,Country Of Origin,<p>BD</p>,Standards,<ul><li>EN ISO 20471 Class 1</li><li>ANSI/ISEA 107 SUPPLEMENTAL CLASS E</li></ul>,,,,
E043,Variant,,"Stylish summer shorts, the modern knee-length style and contrasting trims have made these shorts a favorite for hot days. Featuring a convenient thigh pocket and mobile phone pocket, with half elasticated waist for comfortable fit.",https://d11ak7fd9ypfb7.cloudfront.net/styles1100px/E043YGY.jpg,,0.0,TRUE,InStock,0.5,,E043YGYM,,,,Size,DROP_DOWN,M,Color,DROP_DOWN,Yellow/Grey,,,,,,,,,,,,,Fit,<p>Y</p>,Length,<p>43</p>,Width,<p>28</p>,Height,<p>55</p>,Box Quantity,<p>36</p>,Inner Pack Quantity,<p>1</p>,Country Of Origin,<p>BD</p>,Standards,<ul><li>EN ISO 20471 Class 1</li><li>ANSI/ISEA 107 SUPPLEMENTAL CLASS E</li></ul>,,,,
E043,Variant,,"Stylish summer shorts, the modern knee-length style and contrasting trims have made these shorts a favorite for hot days. Featuring a convenient thigh pocket and mobile phone pocket, with half elasticated waist for comfortable fit.",https://d11ak7fd9ypfb7.cloudfront.net/styles1100px/E043YGY.jpg,,0.0,TRUE,InStock,0.48,,E043YGYS,,,,Size,DROP_DOWN,S,Color,DROP_DOWN,Yellow/Grey,,,,,,,,,,,,,Fit,<p>Y</p>,Length,<p>43</p>,Width,<p>28</p>,Height,<p>52</p>,Box Quantity,<p>36</p>,Inner Pack Quantity,<p>1</p>,Country Of Origin,<p>BD</p>,Standards,<ul><li>EN ISO 20471 Class 1</li><li>ANSI/ISEA 107 SUPPLEMENTAL CLASS E</li></ul>,,,,
E043,Variant,,"Stylish summer shorts, the modern knee-length style and contrasting trims have made these shorts a favorite for hot days. Featuring a convenient thigh pocket and mobile phone pocket, with half elasticated waist for comfortable fit.",https://d11ak7fd9ypfb7.cloudfront.net/styles1100px/E043YGY.jpg,,0.0,TRUE,InStock,0.54,,E043YGYXL,,,,Size,DROP_DOWN,XL,Color,DROP_DOWN,Yellow/Grey,,,,,,,,,,,,,Fit,<p>Y</p>,Length,<p>43</p>,Width,<p>28</p>,Height,<p>58</p>,Box Quantity,<p>36</p>,Inner Pack Quantity,<p>1</p>,Country Of Origin,<p>BD</p>,Standards,<ul><li>EN ISO 20471 Class 1</li><li>ANSI/ISEA 107 SUPPLEMENTAL CLASS E</li></ul>,,,,
E043,Variant,,"Stylish summer shorts, the modern knee-length style and contrasting trims have made these shorts a favorite for hot days. Featuring a convenient thigh pocket and mobile phone pocket, with half elasticated waist for comfortable fit.",https://d11ak7fd9ypfb7.cloudfront.net/styles1100px/E043YGY.jpg,,0.0,TRUE,InStock,0.56,,E043YGYXXL,,,,Size,DROP_DOWN,XXL,Color,DROP_DOWN,Yellow/Grey,,,,,,,,,,,,,Fit,<p>Y</p>,Length,<p>43</p>,Width,<p>28</p>,Height,<p>58</p>,Box Quantity,<p>36</p>,Inner Pack Quantity,<p>1</p>,Country Of Origin,<p>BD</p>,Standards,<ul><li>EN ISO 20471 Class 1</li><li>ANSI/ISEA 107 SUPPLEMENTAL CLASS E</li></ul>,,,,
E046,Product,E046 - Hi-Vis Cargo Pants,"Conforming to the latest ANSI 107-2015 Class E standard, these modern pants feature a combat thigh pocket with cell phone pocket, kneepad pockets and back waist elastic for superior wearer comfort.",https://d11ak7fd9ypfb7.cloudfront.net/styles1100px/E046YER.jpg,48.5,0.0,TRUE,InStock,0.78,,E046YER4XL,,,,Size,DROP_DOWN,XS;S;M;L;XL;XXL;XXXL;4XL;5XL,Color,DROP_DOWN,Yellow;Yellow Tall,,,,,,,,,,,,,Fit,<p>R</p>,Length,<p>43</p>,Width,<p>28</p>,Height,<p>46</p>,Box Quantity,<p>24</p>,Inner Pack Quantity,<p>1</p>,Country Of Origin,<p>BD</p>,Standards,<ul><li>ANSI/ISEA 107 SUPPLEMENTAL CLASS E</li><li>EN ISO 20471 Class 1</li></ul>,,,,
E046,Variant,,"Conforming to the latest ANSI 107-2015 Class E standard, these modern pants feature a combat thigh pocket with cell phone pocket, kneepad pockets and back waist elastic for superior wearer comfort.",https://d11ak7fd9ypfb7.cloudfront.net/styles1100px/E046YER.jpg,,0.0,TRUE,InStock,0.78,,E046YER4XL,,,,Size,DROP_DOWN,4XL,Color,DROP_DOWN,Yellow,,,,,,,,,,,,,Fit,<p>R</p>,Length,<p>43</p>,Width,<p>28</p>,Height,<p>46</p>,Box Quantity,<p>24</p>,Inner Pack Quantity,<p>1</p>,Country Of Origin,<p>BD</p>,Standards,<ul><li>ANSI/ISEA 107 SUPPLEMENTAL CLASS E</li><li>EN ISO 20471 Class 1</li></ul>,,,,
E046,Variant,,"Conforming to the latest ANSI 107-2015 Class E standard, these modern pants feature a combat thigh pocket with cell phone pocket, kneepad pockets and back waist elastic for superior wearer comfort.",https://d11ak7fd9ypfb7.cloudfront.net/styles1100px/E046YER.jpg,,0.0,TRUE,InStock,0.79,,E046YER5XL,,,,Size,DROP_DOWN,5XL,Color,DROP_DOWN,Yellow,,,,,,,,,,,,,Fit,<p>R</p>,Length,<p>43</p>,Width,<p>28</p>,Height,<p>43</p>,Box Quantity,<p>24</p>,Inner Pack Quantity,<p>1</p>,Country Of Origin,<p>BD</p>,Standards,<ul><li>ANSI/ISEA 107 SUPPLEMENTAL CLASS E</li><li>EN ISO 20471 Class 1</li></ul>,,,,
E046,Variant,,"Conforming to the latest ANSI 107-2015 Class E standard, these modern pants feature a combat thigh pocket with cell phone pocket, kneepad pockets and back waist elastic for superior wearer comfort.",https://d11ak7fd9ypfb7.cloudfront.net/styles1100px/E046YER.jpg,,0.0,TRUE,InStock,0.7,,E046YERL,,,,Size,DROP_DOWN,L,Color,DROP_DOWN,Yellow,,,,,,,,,,,,,Fit,<p>R</p>,Length,<p>43</p>,Width,<p>28</p>,Height,<p>43</p>,Box Quantity,<p>24</p>,Inner Pack Quantity,<p>1</p>,Country Of Origin,<p>BD</p>,Standards,<ul><li>ANSI/ISEA 107 SUPPLEMENTAL CLASS E</li><li>EN ISO 20471 Class 1</li></ul>,,,,
E046,Variant,,"Conforming to the latest ANSI 107-2015 Class E standard, these modern pants feature a combat thigh pocket with cell phone pocket, kneepad pockets and back waist elastic for superior wearer comfort.",https://d11ak7fd9ypfb7.cloudfront.net/styles1100px/E046YER.jpg,,0.0,TRUE,InStock,0.66,,E046YERM,,,,Size,DROP_DOWN,M,Color,DROP_DOWN,Yellow,,,,,,,,,,,,,Fit,<p>R</p>,Length,<p>43</p>,Width,<p>28</p>,Height,<p>43</p>,Box Quantity,<p>24</p>,Inner Pack Quantity,<p>1</p>,Country Of Origin,<p>BD</p>,Standards,<ul><li>ANSI/ISEA 107 SUPPLEMENTAL CLASS E</li><li>EN ISO 20471 Class 1</li></ul>,,,,
E046,Variant,,"Conforming to the latest ANSI 107-2015 Class E standard, these modern pants feature a combat thigh pocket with cell phone pocket, kneepad pockets and back waist elastic for superior wearer comfort.",https://d11ak7fd9ypfb7.cloudfront.net/styles1100px/E046YER.jpg,,0.0,TRUE,InStock,0.64,,E046YERS,,,,Size,DROP_DOWN,S,Color,DROP_DOWN,Yellow,,,,,,,,,,,,,Fit,<p>R</p>,Length,<p>43</p>,Width,<p>28</p>,Height,<p>43</p>,Box Quantity,<p>24</p>,Inner Pack Quantity,<p>1</p>,Country Of Origin,<p>BD</p>,Standards,<ul><li>ANSI/ISEA 107 SUPPLEMENTAL CLASS E</li><li>EN ISO 20471 Class 1</li></ul>,,,,
E046,Variant,,"Conforming to the latest ANSI 107-2015 Class E standard, these modern pants feature a combat thigh pocket with cell phone pocket, kneepad pockets and back waist elastic for superior wearer comfort.",https://d11ak7fd9ypfb7.cloudfront.net/styles1100px/E046YER.jpg,,0.0,TRUE,InStock,0.72,,E046YERXL,,,,Size,DROP_DOWN,XL,Color,DROP_DOWN,Yellow,,,,,,,,,,,,,Fit,<p>R</p>,Length,<p>43</p>,Width,<p>28</p>,Height,<p>43</p>,Box Quantity,<p>24</p>,Inner Pack Quantity,<p>1</p>,Country Of Origin,<p>BD</p>,Standards,<ul><li>ANSI/ISEA 107 SUPPLEMENTAL CLASS E</li><li>EN ISO 20471 Class 1</li></ul>,,,,
E046,Variant,,"Conforming to the latest ANSI 107-2015 Class E standard, these modern pants feature a combat thigh pocket with cell phone pocket, kneepad pockets and back waist elastic for superior wearer comfort.",https://d11ak7fd9ypfb7.cloudfront.net/styles1100px/E046YER.jpg,,0.0,TRUE,InStock,0.64,,E046YERXS,,,,Size,DROP_DOWN,XS,Color,DROP_DOWN,Yellow,,,,,,,,,,,,,Fit,<p>R</p>,Length,<p>43</p>,Width,<p>28</p>,Height,<p>43</p>,Box Quantity,<p>24</p>,Inner Pack Quantity,<p>1</p>,Country Of Origin,<p>BD</p>,Standards,<ul><li>ANSI/ISEA 107 SUPPLEMENTAL CLASS E</li><li>EN ISO 20471 Class 1</li></ul>,,,,
E046,Variant,,"Conforming to the latest ANSI 107-2015 Class E standard, these modern pants feature a combat thigh pocket with cell phone pocket, kneepad pockets and back waist elastic for superior wearer comfort.",https://d11ak7fd9ypfb7.cloudfront.net/styles1100px/E046YER.jpg,,0.0,TRUE,InStock,0.72,,E046YERXXL,,,,Size,DROP_DOWN,XXL,Color,DROP_DOWN,Yellow,,,,,,,,,,,,,Fit,<p>R</p>,Length,<p>43</p>,Width,<p>28</p>,Height,<p>46</p>,Box Quantity,<p>24</p>,Inner Pack Quantity,<p>1</p>,Country Of Origin,<p>BD</p>,Standards,<ul><li>ANSI/ISEA 107 SUPPLEMENTAL CLASS E</li><li>EN ISO 20471 Class 1</li></ul>,,,,
E046,Variant,,"Conforming to the latest ANSI 107-2015 Class E standard, these modern pants feature a combat thigh pocket with cell phone pocket, kneepad pockets and back waist elastic for superior wearer comfort.",https://d11ak7fd9ypfb7.cloudfront.net/styles1100px/E046YER.jpg,,0.0,TRUE,InStock,0.76,,E046YERXXXL,,,,Size,DROP_DOWN,XXXL,Color,DROP_DOWN,Yellow,,,,,,,,,,,,,Fit,<p>R</p>,Length,<p>43</p>,Width,<p>28</p>,Height,<p>46</p>,Box Quantity,<p>24</p>,Inner Pack Quantity,<p>1</p>,Country Of Origin,<p>BD</p>,Standards,<ul><li>ANSI/ISEA 107 SUPPLEMENTAL CLASS E</li><li>EN ISO 20471 Class 1</li></ul>,,,,
E046,Variant,,"Conforming to the latest ANSI 107-2015 Class E standard, these modern pants feature a combat thigh pocket with cell phone pocket, kneepad pockets and back waist elastic for superior wearer comfort.",https://d11ak7fd9ypfb7.cloudfront.net/styles1100px/E046YET.jpg,,0.0,TRUE,InStock,0.715,,E046YETL,,,,Size,DROP_DOWN,L,Color,DROP_DOWN,Yellow Tall,,,,,,,,,,,,,Fit,<p>T</p>,Length,<p>43</p>,Width,<p>28</p>,Height,<p>43</p>,Box Quantity,<p>24</p>,Inner Pack Quantity,<p>1</p>,Country Of Origin,<p>BD</p>,Standards,<ul><li>ANSI/ISEA 107 SUPPLEMENTAL CLASS E</li><li>EN ISO 20471 Class 1</li></ul>,,,,
E046,Variant,,"Conforming to the latest ANSI 107-2015 Class E standard, these modern pants feature a combat thigh pocket with cell phone pocket, kneepad pockets and back waist elastic for superior wearer comfort.",https://d11ak7fd9ypfb7.cloudfront.net/styles1100px/E046YET.jpg,,0.0,TRUE,InStock,0.675,,E046YETM,,,,Size,DROP_DOWN,M,Color,DROP_DOWN,Yellow Tall,,,,,,,,,,,,,Fit,<p>T</p>,Length,<p>43</p>,Width,<p>28</p>,Height,<p>43</p>,Box Quantity,<p>24</p>,Inner Pack Quantity,<p>1</p>,Country Of Origin,<p>BD</p>,Standards,<ul><li>ANSI/ISEA 107 SUPPLEMENTAL CLASS E</li><li>EN ISO 20471 Class 1</li></ul>,,,,
E046,Variant,,"Conforming to the latest ANSI 107-2015 Class E standard, these modern pants feature a combat thigh pocket with cell phone pocket, kneepad pockets and back waist elastic for superior wearer comfort.",https://d11ak7fd9ypfb7.cloudfront.net/styles1100px/E046YET.jpg,,0.0,TRUE,InStock,0.76,,E046YETXL,,,,Size,DROP_DOWN,XL,Color,DROP_DOWN,Yellow Tall,,,,,,,,,,,,,Fit,<p>T</p>,Length,<p>43</p>,Width,<p>28</p>,Height,<p>43</p>,Box Quantity,<p>24</p>,Inner Pack Quantity,<p>1</p>,Country Of Origin,<p>BD</p>,Standards,<ul><li>ANSI/ISEA 107 SUPPLEMENTAL CLASS E</li><li>EN ISO 20471 Class 1</li></ul>,,,,
E046,Variant,,"Conforming to the latest ANSI 107-2015 Class E standard, these modern pants feature a combat thigh pocket with cell phone pocket, kneepad pockets and back waist elastic for superior wearer comfort.",https://d11ak7fd9ypfb7.cloudfront.net/styles1100px/E046YET.jpg,,0.0,TRUE,InStock,0.805,,E046YETXXL,,,,Size,DROP_DOWN,XXL,Color,DROP_DOWN,Yellow Tall,,,,,,,,,,,,,Fit,<p>T</p>,Length,<p>43</p>,Width,<p>28</p>,Height,<p>46</p>,Box Quantity,<p>24</p>,Inner Pack Quantity,<p>1</p>,Country Of Origin,<p>BD</p>,Standards,<ul><li>ANSI/ISEA 107 SUPPLEMENTAL CLASS E</li><li>EN ISO 20471 Class 1</li></ul>,,,,
E046,Variant,,"Conforming to the latest ANSI 107-2015 Class E standard, these modern pants feature a combat thigh pocket with cell phone pocket, kneepad pockets and back waist elastic for superior wearer comfort.",https://d11ak7fd9ypfb7.cloudfront.net/styles1100px/E046YET.jpg,,0.0,TRUE,InStock,0.845,,E046YETXXXL,,,,Size,DROP_DOWN,XXXL,Color,DROP_DOWN,Yellow Tall,,,,,,,,,,,,,Fit,<p>T</p>,Length,<p>43</p>,Width,<p>28</p>,Height,<p>46</p>,Box Quantity,<p>24</p>,Inner Pack Quantity,<p>1</p>,Country Of Origin,<p>BD</p>,Standards,<ul><li>ANSI/ISEA 107 SUPPLEMENTAL CLASS E</li><li>EN ISO 20471 Class 1</li></ul>,,,,
E049,Product,E049 - Hi-Vis Two-Tone Pants,This fully certified combat pant in a contrast navy or black colourway has a multitude of clever features. The predominantly Navy and Black colourway ensures that your pants look great and keep clean for longer.,https://d11ak7fd9ypfb7.cloudfront.net/styles1100px/E049YBR.jpg,50.6,0.0,TRUE,InStock,0.598,,E049YBRL,,,,Size,DROP_DOWN,S;M;L;XL;XXL;XXXL,Color,DROP_DOWN,Yellow/Navy;Yellow/Black,,,,,,,,,,,,,Fit,<p>R</p>,Length,<p>43</p>,Width,<p>28</p>,Height,<p>43</p>,Box Quantity,<p>24</p>,Inner Pack Quantity,<p>1</p>,Country Of Origin,<p>BD</p>,Standards,<ul><li>ANSI/ISEA 107 SUPPLEMENTAL CLASS E</li><li>EN ISO 20471 Class 1</li></ul>,,,,
E049,Variant,,This fully certified combat pant in a contrast navy or black colourway has a multitude of clever features. The predominantly Navy and Black colourway ensures that your pants look great and keep clean for longer.,https://d11ak7fd9ypfb7.cloudfront.net/styles1100px/E049YBR.jpg,,0.0,TRUE,InStock,0.598,,E049YBRL,,,,Size,DROP_DOWN,L,Color,DROP_DOWN,Yellow/Black,,,,,,,,,,,,,Fit,<p>R</p>,Length,<p>43</p>,Width,<p>28</p>,Height,<p>43</p>,Box Quantity,<p>24</p>,Inner Pack Quantity,<p>1</p>,Country Of Origin,<p>BD</p>,Standards,<ul><li>ANSI/ISEA 107 SUPPLEMENTAL CLASS E</li><li>EN ISO 20471 Class 1</li></ul>,,,,
E049,Variant,,This fully certified combat pant in a contrast navy or black colourway has a multitude of clever features. The predominantly Navy and Black colourway ensures that your pants look great and keep clean for longer.,https://d11ak7fd9ypfb7.cloudfront.net/styles1100px/E049YBR.jpg,,0.0,TRUE,InStock,0.575,,E049YBRM,,,,Size,DROP_DOWN,M,Color,DROP_DOWN,Yellow/Black,,,,,,,,,,,,,Fit,<p>R</p>,Length,<p>43</p>,Width,<p>28</p>,Height,<p>43</p>,Box Quantity,<p>24</p>,Inner Pack Quantity,<p>1</p>,Country Of Origin,<p>BD</p>,Standards,<ul><li>ANSI/ISEA 107 SUPPLEMENTAL CLASS E</li><li>EN ISO 20471 Class 1</li></ul>,,,,
E049,Variant,,This fully certified combat pant in a contrast navy or black colourway has a multitude of clever features. The predominantly Navy and Black colourway ensures that your pants look great and keep clean for longer.,https://d11ak7fd9ypfb7.cloudfront.net/styles1100px/E049YBR.jpg,,0.0,TRUE,InStock,0.56,,E049YBRS,,,,Size,DROP_DOWN,S,Color,DROP_DOWN,Yellow/Black,,,,,,,,,,,,,Fit,<p>R</p>,Length,<p>43</p>,Width,<p>28</p>,Height,<p>43</p>,Box Quantity,<p>24</p>,Inner Pack Quantity,<p>1</p>,Country Of Origin,<p>BD</p>,Standards,<ul><li>ANSI/ISEA 107 SUPPLEMENTAL CLASS E</li><li>EN ISO 20471 Class 1</li></ul>,,,,
E049,Variant,,This fully certified combat pant in a contrast navy or black colourway has a multitude of clever features. The predominantly Navy and Black colourway ensures that your pants look great and keep clean for longer.,https://d11ak7fd9ypfb7.cloudfront.net/styles1100px/E049YBR.jpg,,0.0,TRUE,InStock,0.629,,E049YBRXL,,,,Size,DROP_DOWN,XL,Color,DROP_DOWN,Yellow/Black,,,,,,,,,,,,,Fit,<p>R</p>,Length,<p>43</p>,Width,<p>28</p>,Height,<p>43</p>,Box Quantity,<p>24</p>,Inner Pack Quantity,<p>1</p>,Country Of Origin,<p>BD</p>,Standards,<ul><li>ANSI/ISEA 107 SUPPLEMENTAL CLASS E</li><li>EN ISO 20471 Class 1</li></ul>,,,,
E049,Variant,,This fully certified combat pant in a contrast navy or black colourway has a multitude of clever features. The predominantly Navy and Black colourway ensures that your pants look great and keep clean for longer.,https://d11ak7fd9ypfb7.cloudfront.net/styles1100px/E049YBR.jpg,,0.0,TRUE,InStock,0.655,,E049YBRXXL,,,,Size,DROP_DOWN,XXL,Color,DROP_DOWN,Yellow/Black,,,,,,,,,,,,,Fit,<p>R</p>,Length,<p>43</p>,Width,<p>28</p>,Height,<p>43</p>,Box Quantity,<p>24</p>,Inner Pack Quantity,<p>1</p>,Country Of Origin,<p>BD</p>,Standards,<ul><li>ANSI/ISEA 107 SUPPLEMENTAL CLASS E</li><li>EN ISO 20471 Class 1</li></ul>,,,,
E049,Variant,,This fully certified combat pant in a contrast navy or black colourway has a multitude of clever features. The predominantly Navy and Black colourway ensures that your pants look great and keep clean for longer.,https://d11ak7fd9ypfb7.cloudfront.net/styles1100px/E049YBR.jpg,,0.0,TRUE,InStock,0.679,,E049YBRXXXL,,,,Size,DROP_DOWN,XXXL,Color,DROP_DOWN,Yellow/Black,,,,,,,,,,,,,Fit,<p>R</p>,Length,<p>43</p>,Width,<p>28</p>,Height,<p>43</p>,Box Quantity,<p>24</p>,Inner Pack Quantity,<p>1</p>,Country Of Origin,<p>BD</p>,Standards,<ul><li>ANSI/ISEA 107 SUPPLEMENTAL CLASS E</li><li>EN ISO 20471 Class 1</li></ul>,,,,
E049,Variant,,This fully certified combat pant in a contrast navy or black colourway has a multitude of clever features. The predominantly Navy and Black colourway ensures that your pants look great and keep clean for longer.,https://d11ak7fd9ypfb7.cloudfront.net/styles1100px/E049YNR.jpg,,0.0,TRUE,InStock,0.598,,E049YNRL,,,,Size,DROP_DOWN,L,Color,DROP_DOWN,Yellow/Navy,,,,,,,,,,,,,Fit,<p>R</p>,Length,<p>43</p>,Width,<p>28</p>,Height,<p>43</p>,Box Quantity,<p>24</p>,Inner Pack Quantity,<p>1</p>,Country Of Origin,<p>BD</p>,Standards,<ul><li>ANSI/ISEA 107 SUPPLEMENTAL CLASS E</li><li>EN ISO 20471 Class 1</li></ul>,,,,
E049,Variant,,This fully certified combat pant in a contrast navy or black colourway has a multitude of clever features. The predominantly Navy and Black colourway ensures that your pants look great and keep clean for longer.,https://d11ak7fd9ypfb7.cloudfront.net/styles1100px/E049YNR.jpg,,0.0,TRUE,InStock,0.575,,E049YNRM,,,,Size,DROP_DOWN,M,Color,DROP_DOWN,Yellow/Navy,,,,,,,,,,,,,Fit,<p>R</p>,Length,<p>43</p>,Width,<p>28</p>,Height,<p>43</p>,Box Quantity,<p>24</p>,Inner Pack Quantity,<p>1</p>,Country Of Origin,<p>BD</p>,Standards,<ul><li>ANSI/ISEA 107 SUPPLEMENTAL CLASS E</li><li>EN ISO 20471 Class 1</li></ul>,,,,
E049,Variant,,This fully certified combat pant in a contrast navy or black colourway has a multitude of clever features. The predominantly Navy and Black colourway ensures that your pants look great and keep clean for longer.,https://d11ak7fd9ypfb7.cloudfront.net/styles1100px/E049YNR.jpg,,0.0,TRUE,InStock,0.56,,E049YNRS,,,,Size,DROP_DOWN,S,Color,DROP_DOWN,Yellow/Navy,,,,,,,,,,,,,Fit,<p>R</p>,Length,<p>43</p>,Width,<p>28</p>,Height,<p>43</p>,Box Quantity,<p>24</p>,Inner Pack Quantity,<p>1</p>,Country Of Origin,<p>BD</p>,Standards,<ul><li>ANSI/ISEA 107 SUPPLEMENTAL CLASS E</li><li>EN ISO 20471 Class 1</li></ul>,,,,
E049,Variant,,This fully certified combat pant in a contrast navy or black colourway has a multitude of clever features. The predominantly Navy and Black colourway ensures that your pants look great and keep clean for longer.,https://d11ak7fd9ypfb7.cloudfront.net/styles1100px/E049YNR.jpg,,0.0,TRUE,InStock,0.629,,E049YNRXL,,,,Size,DROP_DOWN,XL,Color,DROP_DOWN,Yellow/Navy,,,,,,,,,,,,,Fit,<p>R</p>,Length,<p>43</p>,Width,<p>28</p>,Height,<p>43</p>,Box Quantity,<p>24</p>,Inner Pack Quantity,<p>1</p>,Country Of Origin,<p>BD</p>,Standards,<ul><li>ANSI/ISEA 107 SUPPLEMENTAL CLASS E</li><li>EN ISO 20471 Class 1</li></ul>,,,,
E049,Variant,,This fully certified combat pant in a contrast navy or black colourway has a multitude of clever features. The predominantly Navy and Black colourway ensures that your pants look great and keep clean for longer.,https://d11ak7fd9ypfb7.cloudfront.net/styles1100px/E049YNR.jpg,,0.0,TRUE,InStock,0.655,,E049YNRXXL,,,,Size,DROP_DOWN,XXL,Color,DROP_DOWN,Yellow/Navy,,,,,,,,,,,,,Fit,<p>R</p>,Length,<p>43</p>,Width,<p>28</p>,Height,<p>43</p>,Box Quantity,<p>24</p>,Inner Pack Quantity,<p>1</p>,Country Of Origin,<p>BD</p>,Standards,<ul><li>ANSI/ISEA 107 SUPPLEMENTAL CLASS E</li><li>EN ISO 20471 Class 1</li></ul>,,,,
E049,Variant,,This fully certified combat pant in a contrast navy or black colourway has a multitude of clever features. The predominantly Navy and Black colourway ensures that your pants look great and keep clean for longer.,https://d11ak7fd9ypfb7.cloudfront.net/styles1100px/E049YNR.jpg,,0.0,TRUE,InStock,0.679,,E049YNRXXXL,,,,Size,DROP_DOWN,XXXL,Color,DROP_DOWN,Yellow/Navy,,,,,,,,,,,,,Fit,<p>R</p>,Length,<p>43</p>,Width,<p>28</p>,Height,<p>43</p>,Box Quantity,<p>24</p>,Inner Pack Quantity,<p>1</p>,Country Of Origin,<p>BD</p>,Standards,<ul><li>ANSI/ISEA 107 SUPPLEMENTAL CLASS E</li><li>EN ISO 20471 Class 1</li></ul>,,,,
E066,Product,E066 - Two Tone ANSI Long Sleeve Work Shirt,"Long sleeve hi-Vis Shirt with 2"" sewn on reflective tape. Smart look while complying with ANSI. Button front and two chest pockets.",https://d11ak7fd9ypfb7.cloudfront.net/styles1100px/E066YBR.jpg,40.5,0.0,TRUE,InStock,0.999,,E066YBR4XL,,,,Size,DROP_DOWN,S;M;L;XL;XXL;XXXL;4XL,Color,DROP_DOWN,Yellow/Black,,,,,,,,,,,,,Fit,<p>R</p>,Length,<p>43</p>,Width,<p>28</p>,Height,<p>40</p>,Box Quantity,<p>24</p>,Inner Pack Quantity,<p>1</p>,Country Of Origin,<p>BD</p>,Standards,<ul><li>ANSI/ISEA 107 TYPE R CLASS 2</li></ul>,,,,
E066,Variant,,"Long sleeve hi-Vis Shirt with 2"" sewn on reflective tape. Smart look while complying with ANSI. Button front and two chest pockets.",https://d11ak7fd9ypfb7.cloudfront.net/styles1100px/E066YBR.jpg,,0.0,TRUE,InStock,0.999,,E066YBR4XL,,,,Size,DROP_DOWN,4XL,Color,DROP_DOWN,Yellow/Black,,,,,,,,,,,,,Fit,<p>R</p>,Length,<p>43</p>,Width,<p>28</p>,Height,<p>40</p>,Box Quantity,<p>24</p>,Inner Pack Quantity,<p>1</p>,Country Of Origin,<p>BD</p>,Standards,<ul><li>ANSI/ISEA 107 TYPE R CLASS 2</li></ul>,,,,
E066,Variant,,"Long sleeve hi-Vis Shirt with 2"" sewn on reflective tape. Smart look while complying with ANSI. Button front and two chest pockets.",https://d11ak7fd9ypfb7.cloudfront.net/styles1100px/E066YBR.jpg,,0.0,TRUE,InStock,0.999,,E066YBRL,,,,Size,DROP_DOWN,L,Color,DROP_DOWN,Yellow/Black,,,,,,,,,,,,,Fit,<p>R</p>,Length,<p>43</p>,Width,<p>28</p>,Height,<p>35</p>,Box Quantity,<p>24</p>,Inner Pack Quantity,<p>1</p>,Country Of Origin,<p>BD</p>,Standards,<ul><li>ANSI/ISEA 107 TYPE R CLASS 2</li></ul>,,,,
E066,Variant,,"Long sleeve hi-Vis Shirt with 2"" sewn on reflective tape. Smart look while complying with ANSI. Button front and two chest pockets.",https://d11ak7fd9ypfb7.cloudfront.net/styles1100px/E066YBR.jpg,,0.0,TRUE,InStock,0.999,,E066YBRM,,,,Size,DROP_DOWN,M,Color,DROP_DOWN,Yellow/Black,,,,,,,,,,,,,Fit,<p>R</p>,Length,<p>43</p>,Width,<p>28</p>,Height,<p>35</p>,Box Quantity,<p>24</p>,Inner Pack Quantity,<p>1</p>,Country Of Origin,<p>BD</p>,Standards,<ul><li>ANSI/ISEA 107 TYPE R CLASS 2</li></ul>,,,,
E066,Variant,,"Long sleeve hi-Vis Shirt with 2"" sewn on reflective tape. Smart look while complying with ANSI. Button front and two chest pockets.",https://d11ak7fd9ypfb7.cloudfront.net/styles1100px/E066YBR.jpg,,0.0,TRUE,InStock,0.999,,E066YBRS,,,,Size,DROP_DOWN,S,Color,DROP_DOWN,Yellow/Black,,,,,,,,,,,,,Fit,<p>R</p>,Length,<p>43</p>,Width,<p>28</p>,Height,<p>35</p>,Box Quantity,<p>24</p>,Inner Pack Quantity,<p>1</p>,Country Of Origin,<p>BD</p>,Standards,<ul><li>ANSI/ISEA 107 TYPE R CLASS 2</li></ul>,,,,
E066,Variant,,"Long sleeve hi-Vis Shirt with 2"" sewn on reflective tape. Smart look while complying with ANSI. Button front and two chest pockets.",https://d11ak7fd9ypfb7.cloudfront.net/styles1100px/E066YBR.jpg,,0.0,TRUE,InStock,0.999,,E066YBRXL,,,,Size,DROP_DOWN,XL,Color,DROP_DOWN,Yellow/Black,,,,,,,,,,,,,Fit,<p>R</p>,Length,<p>43</p>,Width,<p>28</p>,Height,<p>35</p>,Box Quantity,<p>24</p>,Inner Pack Quantity,<p>1</p>,Country Of Origin,<p>BD</p>,Standards,<ul><li>ANSI/ISEA 107 TYPE R CLASS 2</li></ul>,,,,
E066,Variant,,"Long sleeve hi-Vis Shirt with 2"" sewn on reflective tape. Smart look while complying with ANSI. Button front and two chest pockets.",https://d11ak7fd9ypfb7.cloudfront.net/styles1100px/E066YBR.jpg,,0.0,TRUE,InStock,0.999,,E066YBRXXL,,,,Size,DROP_DOWN,XXL,Color,DROP_DOWN,Yellow/Black,,,,,,,,,,,,,Fit,<p>R</p>,Length,<p>43</p>,Width,<p>28</p>,Height,<p>35</p>,Box Quantity,<p>24</p>,Inner Pack Quantity,<p>1</p>,Country Of Origin,<p>BD</p>,Standards,<ul><li>ANSI/ISEA 107 TYPE R CLASS 2</li></ul>,,,,
E066,Variant,,"Long sleeve hi-Vis Shirt with 2"" sewn on reflective tape. Smart look while complying with ANSI. Button front and two chest pockets.",https://d11ak7fd9ypfb7.cloudfront.net/styles1100px/E066YBR.jpg,,0.0,TRUE,InStock,0.999,,E066YBRXXXL,,,,Size,DROP_DOWN,XXXL,Color,DROP_DOWN,Yellow/Black,,,,,,,,,,,,,Fit,<p>R</p>,Length,<p>43</p>,Width,<p>28</p>,Height,<p>40</p>,Box Quantity,<p>24</p>,Inner Pack Quantity,<p>1</p>,Country Of Origin,<p>BD</p>,Standards,<ul><li>ANSI/ISEA 107 TYPE R CLASS 2</li></ul>,,,,
E067,Product,E067 - Two Tone Short Sleeve ANSI Work Shirt,"Short sleeve hi-Vis Shirt with 2"" sewn on reflective tape. Smart look while complying with ANSI. Button front and two chest pockets.",https://d11ak7fd9ypfb7.cloudfront.net/styles1100px/E067YBR.jpg,38.2,0.0,TRUE,InStock,0.999,,E067YBR4XL,,,,Size,DROP_DOWN,S;M;L;XL;XXL;XXXL;4XL,Color,DROP_DOWN,Yellow/Black,,,,,,,,,,,,,Fit,<p>R</p>,Length,<p>43</p>,Width,<p>28</p>,Height,<p>35</p>,Box Quantity,<p>24</p>,Inner Pack Quantity,<p>1</p>,Country Of Origin,<p>BD</p>,Standards,<ul><li>ANSI/ISEA 107 TYPE R CLASS 2</li></ul>,,,,
E067,Variant,,"Short sleeve hi-Vis Shirt with 2"" sewn on reflective tape. Smart look while complying with ANSI. Button front and two chest pockets.",https://d11ak7fd9ypfb7.cloudfront.net/styles1100px/E067YBR.jpg,,0.0,TRUE,InStock,0.999,,E067YBR4XL,,,,Size,DROP_DOWN,4XL,Color,DROP_DOWN,Yellow/Black,,,,,,,,,,,,,Fit,<p>R</p>,Length,<p>43</p>,Width,<p>28</p>,Height,<p>35</p>,Box Quantity,<p>24</p>,Inner Pack Quantity,<p>1</p>,Country Of Origin,<p>BD</p>,Standards,<ul><li>ANSI/ISEA 107 TYPE R CLASS 2</li></ul>,,,,
E067,Variant,,"Short sleeve hi-Vis Shirt with 2"" sewn on reflective tape. Smart look while complying with ANSI. Button front and two chest pockets.",https://d11ak7fd9ypfb7.cloudfront.net/styles1100px/E067YBR.jpg,,0.0,TRUE,InStock,0.999,,E067YBRL,,,,Size,DROP_DOWN,L,Color,DROP_DOWN,Yellow/Black,,,,,,,,,,,,,Fit,<p>R</p>,Length,<p>43</p>,Width,<p>28</p>,Height,<p>28</p>,Box Quantity,<p>24</p>,Inner Pack Quantity,<p>1</p>,Country Of Origin,<p>BD</p>,Standards,<ul><li>ANSI/ISEA 107 TYPE R CLASS 2</li></ul>,,,,
E067,Variant,,"Short sleeve hi-Vis Shirt with 2"" sewn on reflective tape. Smart look while complying with ANSI. Button front and two chest pockets.",https://d11ak7fd9ypfb7.cloudfront.net/styles1100px/E067YBR.jpg,,0.0,TRUE,InStock,0.999,,E067YBRM,,,,Size,DROP_DOWN,M,Color,DROP_DOWN,Yellow/Black,,,,,,,,,,,,,Fit,<p>R</p>,Length,<p>43</p>,Width,<p>28</p>,Height,<p>28</p>,Box Quantity,<p>24</p>,Inner Pack Quantity,<p>1</p>,Country Of Origin,<p>BD</p>,Standards,<ul><li>ANSI/ISEA 107 TYPE R CLASS 2</li></ul>,,,,
E067,Variant,,"Short sleeve hi-Vis Shirt with 2"" sewn on reflective tape. Smart look while complying with ANSI. Button front and two chest pockets.",https://d11ak7fd9ypfb7.cloudfront.net/styles1100px/E067YBR.jpg,,0.0,TRUE,InStock,0.999,,E067YBRS,,,,Size,DROP_DOWN,S,Color,DROP_DOWN,Yellow/Black,,,,,,,,,,,,,Fit,<p>R</p>,Length,<p>43</p>,Width,<p>28</p>,Height,<p>28</p>,Box Quantity,<p>24</p>,Inner Pack Quantity,<p>1</p>,Country Of Origin,<p>BD</p>,Standards,<ul><li>ANSI/ISEA 107 TYPE R CLASS 2</li></ul>,,,,
E067,Variant,,"Short sleeve hi-Vis Shirt with 2"" sewn on reflective tape. Smart look while complying with ANSI. Button front and two chest pockets.",https://d11ak7fd9ypfb7.cloudfront.net/styles1100px/E067YBR.jpg,,0.0,TRUE,InStock,0.999,,E067YBRXL,,,,Size,DROP_DOWN,XL,Color,DROP_DOWN,Yellow/Black,,,,,,,,,,,,,Fit,<p>R</p>,Length,<p>43</p>,Width,<p>28</p>,Height,<p>28</p>,Box Quantity,<p>24</p>,Inner Pack Quantity,<p>1</p>,Country Of Origin,<p>BD</p>,Standards,<ul><li>ANSI/ISEA 107 TYPE R CLASS 2</li></ul>,,,,
E067,Variant,,"Short sleeve hi-Vis Shirt with 2"" sewn on reflective tape. Smart look while complying with ANSI. Button front and two chest pockets.",https://d11ak7fd9ypfb7.cloudfront.net/styles1100px/E067YBR.jpg,,0.0,TRUE,InStock,0.999,,E067YBRXXL,,,,Size,DROP_DOWN,XXL,Color,DROP_DOWN,Yellow/Black,,,,,,,,,,,,,Fit,<p>R</p>,Length,<p>43</p>,Width,<p>28</p>,Height,<p>35</p>,Box Quantity,<p>24</p>,Inner Pack Quantity,<p>1</p>,Country Of Origin,<p>BD</p>,Standards,<ul><li>ANSI/ISEA 107 TYPE R CLASS 2</li></ul>,,,,
E067,Variant,,"Short sleeve hi-Vis Shirt with 2"" sewn on reflective tape. Smart look while complying with ANSI. Button front and two chest pockets.",https://d11ak7fd9ypfb7.cloudfront.net/styles1100px/E067YBR.jpg,,0.0,TRUE,InStock,0.999,,E067YBRXXXL,,,,Size,DROP_DOWN,XXXL,Color,DROP_DOWN,Yellow/Black,,,,,,,,,,,,,Fit,<p>R</p>,Length,<p>43</p>,Width,<p>28</p>,Height,<p>35</p>,Box Quantity,<p>24</p>,Inner Pack Quantity,<p>1</p>,Country Of Origin,<p>BD</p>,Standards,<ul><li>ANSI/ISEA 107 TYPE R CLASS 2</li></ul>,,,,
EC12,Product,EC12 - Sustainable High Vis T-Shirt,"Hi-Vis T-Shirt made in 100% Recycled Polyester fabric. Lightweight, with improved slim fit and 4cm tape gap on side seams, allowing garment stretch and providing maximum comfort for the wearer.",https://d11ak7fd9ypfb7.cloudfront.net/styles1100px/EC12YER.jpg,0.0,0.0,TRUE,InStock,0.999,,EC12YER4XL,,,,Size,DROP_DOWN,S;M;L;XL;XXL;XXXL;4XL,Color,DROP_DOWN,Yellow,,,,,,,,,,,,,Fit,<p>R</p>,Length,<p>55</p>,Width,<p>36</p>,Height,<p>34</p>,Box Quantity,<p>8</p>,Inner Pack Quantity,<p>6</p>,Country Of Origin,<p>BD</p>,Standards,<p></p>,,,,
EC12,Variant,,"Hi-Vis T-Shirt made in 100% Recycled Polyester fabric. Lightweight, with improved slim fit and 4cm tape gap on side seams, allowing garment stretch and providing maximum comfort for the wearer.",https://d11ak7fd9ypfb7.cloudfront.net/styles1100px/EC12YER.jpg,,0.0,TRUE,InStock,0.999,,EC12YER4XL,,,,Size,DROP_DOWN,4XL,Color,DROP_DOWN,Yellow,,,,,,,,,,,,,Fit,<p>R</p>,Length,<p>55</p>,Width,<p>36</p>,Height,<p>34</p>,Box Quantity,<p>8</p>,Inner Pack Quantity,<p>6</p>,Country Of Origin,<p>BD</p>,Standards,<p></p>,,,,
EC12,Variant,,"Hi-Vis T-Shirt made in 100% Recycled Polyester fabric. Lightweight, with improved slim fit and 4cm tape gap on side seams, allowing garment stretch and providing maximum comfort for the wearer.",https://d11ak7fd9ypfb7.cloudfront.net/styles1100px/EC12YER.jpg,,0.0,TRUE,InStock,0.999,,EC12YERL,,,,Size,DROP_DOWN,L,Color,DROP_DOWN,Yellow,,,,,,,,,,,,,Fit,<p>R</p>,Length,<p>55</p>,Width,<p>36</p>,Height,<p>34</p>,Box Quantity,<p>8</p>,Inner Pack Quantity,<p>6</p>,Country Of Origin,<p>BD</p>,Standards,<p></p>,,,,
EC12,Variant,,"Hi-Vis T-Shirt made in 100% Recycled Polyester fabric. Lightweight, with improved slim fit and 4cm tape gap on side seams, allowing garment stretch and providing maximum comfort for the wearer.",https://d11ak7fd9ypfb7.cloudfront.net/styles1100px/EC12YER.jpg,,0.0,TRUE,InStock,0.999,,EC12YERM,,,,Size,DROP_DOWN,M,Color,DROP_DOWN,Yellow,,,,,,,,,,,,,Fit,<p>R</p>,Length,<p>55</p>,Width,<p>36</p>,Height,<p>34</p>,Box Quantity,<p>8</p>,Inner Pack Quantity,<p>6</p>,Country Of Origin,<p>BD</p>,Standards,<p></p>,,,,
EC12,Variant,,"Hi-Vis T-Shirt made in 100% Recycled Polyester fabric. Lightweight, with improved slim fit and 4cm tape gap on side seams, allowing garment stretch and providing maximum comfort for the wearer.",https://d11ak7fd9ypfb7.cloudfront.net/styles1100px/EC12YER.jpg,,0.0,TRUE,InStock,0.999,,EC12YERS,,,,Size,DROP_DOWN,S,Color,DROP_DOWN,Yellow,,,,,,,,,,,,,Fit,<p>R</p>,Length,<p>55</p>,Width,<p>36</p>,Height,<p>34</p>,Box Quantity,<p>8</p>,Inner Pack Quantity,<p>6</p>,Country Of Origin,<p>BD</p>,Standards,<p></p>,,,,
EC12,Variant,,"Hi-Vis T-Shirt made in 100% Recycled Polyester fabric. Lightweight, with improved slim fit and 4cm tape gap on side seams, allowing garment stretch and providing maximum comfort for the wearer.",https://d11ak7fd9ypfb7.cloudfront.net/styles1100px/EC12YER.jpg,,0.0,TRUE,InStock,0.999,,EC12YERXL,,,,Size,DROP_DOWN,XL,Color,DROP_DOWN,Yellow,,,,,,,,,,,,,Fit,<p>R</p>,Length,<p>55</p>,Width,<p>36</p>,Height,<p>34</p>,Box Quantity,<p>8</p>,Inner Pack Quantity,<p>6</p>,Country Of Origin,<p>BD</p>,Standards,<p></p>,,,,
EC12,Variant,,"Hi-Vis T-Shirt made in 100% Recycled Polyester fabric. Lightweight, with improved slim fit and 4cm tape gap on side seams, allowing garment stretch and providing maximum comfort for the wearer.",https://d11ak7fd9ypfb7.cloudfront.net/styles1100px/EC12YER.jpg,,0.0,TRUE,InStock,0.999,,EC12YERXXL,,,,Size,DROP_DOWN,XXL,Color,DROP_DOWN,Yellow,,,,,,,,,,,,,Fit,<p>R</p>,Length,<p>55</p>,Width,<p>36</p>,Height,<p>34</p>,Box Quantity,<p>8</p>,Inner Pack Quantity,<p>6</p>,Country Of Origin,<p>BD</p>,Standards,<p></p>,,,,
EC12,Variant,,"Hi-Vis T-Shirt made in 100% Recycled Polyester fabric. Lightweight, with improved slim fit and 4cm tape gap on side seams, allowing garment stretch and providing maximum comfort for the wearer.",https://d11ak7fd9ypfb7.cloudfront.net/styles1100px/EC12YER.jpg,,0.0,TRUE,InStock,0.999,,EC12YERXXXL,,,,Size,DROP_DOWN,XXXL,Color,DROP_DOWN,Yellow,,,,,,,,,,,,,Fit,<p>R</p>,Length,<p>55</p>,Width,<p>36</p>,Height,<p>34</p>,Box Quantity,<p>8</p>,Inner Pack Quantity,<p>6</p>,Country Of Origin,<p>BD</p>,Standards,<p></p>,,,,
EC13,Product,EC13 - Eco High Visibility Sweatshirt,"The EC13 sweatshirt is ideal when it’s too cool for a T-shirt but not cold enough for a jacket. Made in 100% Recycled Polyester fabric, with improved slim fit and 4cm tape gap on side seams, allowing garment stretch and providing maximum comfort for the wearer.",https://d11ak7fd9ypfb7.cloudfront.net/styles1100px/EC13YER.jpg,0.0,0.0,TRUE,InStock,0.999,,EC13YER4XL,,,,Size,DROP_DOWN,S;M;L;XL;XXL;XXXL;4XL,Color,DROP_DOWN,Yellow,,,,,,,,,,,,,Fit,<p>R</p>,Length,<p>55</p>,Width,<p>41</p>,Height,<p>45</p>,Box Quantity,<p>24</p>,Inner Pack Quantity,<p>1</p>,Country Of Origin,<p>BD</p>,Standards,<p></p>,,,,
EC13,Variant,,"The EC13 sweatshirt is ideal when it’s too cool for a T-shirt but not cold enough for a jacket. Made in 100% Recycled Polyester fabric, with improved slim fit and 4cm tape gap on side seams, allowing garment stretch and providing maximum comfort for the wearer.",https://d11ak7fd9ypfb7.cloudfront.net/styles1100px/EC13YER.jpg,,0.0,TRUE,InStock,0.999,,EC13YER4XL,,,,Size,DROP_DOWN,4XL,Color,DROP_DOWN,Yellow,,,,,,,,,,,,,Fit,<p>R</p>,Length,<p>55</p>,Width,<p>41</p>,Height,<p>45</p>,Box Quantity,<p>24</p>,Inner Pack Quantity,<p>1</p>,Country Of Origin,<p>BD</p>,Standards,<p></p>,,,,
EC13,Variant,,"The EC13 sweatshirt is ideal when it’s too cool for a T-shirt but not cold enough for a jacket. Made in 100% Recycled Polyester fabric, with improved slim fit and 4cm tape gap on side seams, allowing garment stretch and providing maximum comfort for the wearer.",https://d11ak7fd9ypfb7.cloudfront.net/styles1100px/EC13YER.jpg,,0.0,TRUE,InStock,0.999,,EC13YERL,,,,Size,DROP_DOWN,L,Color,DROP_DOWN,Yellow,,,,,,,,,,,,,Fit,<p>R</p>,Length,<p>55</p>,Width,<p>41</p>,Height,<p>45</p>,Box Quantity,<p>24</p>,Inner Pack Quantity,<p>1</p>,Country Of Origin,<p>BD</p>,Standards,<p></p>,,,,
EC13,Variant,,"The EC13 sweatshirt is ideal when it’s too cool for a T-shirt but not cold enough for a jacket. Made in 100% Recycled Polyester fabric, with improved slim fit and 4cm tape gap on side seams, allowing garment stretch and providing maximum comfort for the wearer.",https://d11ak7fd9ypfb7.cloudfront.net/styles1100px/EC13YER.jpg,,0.0,TRUE,InStock,0.999,,EC13YERM,,,,Size,DROP_DOWN,M,Color,DROP_DOWN,Yellow,,,,,,,,,,,,,Fit,<p>R</p>,Length,<p>55</p>,Width,<p>41</p>,Height,<p>45</p>,Box Quantity,<p>24</p>,Inner Pack Quantity,<p>1</p>,Country Of Origin,<p>BD</p>,Standards,<p></p>,,,,
EC13,Variant,,"The EC13 sweatshirt is ideal when it’s too cool for a T-shirt but not cold enough for a jacket. Made in 100% Recycled Polyester fabric, with improved slim fit and 4cm tape gap on side seams, allowing garment stretch and providing maximum comfort for the wearer.",https://d11ak7fd9ypfb7.cloudfront.net/styles1100px/EC13YER.jpg,,0.0,TRUE,InStock,0.999,,EC13YERS,,,,Size,DROP_DOWN,S,Color,DROP_DOWN,Yellow,,,,,,,,,,,,,Fit,<p>R</p>,Length,<p>55</p>,Width,<p>41</p>,Height,<p>45</p>,Box Quantity,<p>24</p>,Inner Pack Quantity,<p>1</p>,Country Of Origin,<p>BD</p>,Standards,<p></p>,,,,
EC13,Variant,,"The EC13 sweatshirt is ideal when it’s too cool for a T-shirt but not cold enough for a jacket. Made in 100% Recycled Polyester fabric, with improved slim fit and 4cm tape gap on side seams, allowing garment stretch and providing maximum comfort for the wearer.",https://d11ak7fd9ypfb7.cloudfront.net/styles1100px/EC13YER.jpg,,0.0,TRUE,InStock,0.999,,EC13YERXL,,,,Size,DROP_DOWN,XL,Color,DROP_DOWN,Yellow,,,,,,,,,,,,,Fit,<p>R</p>,Length,<p>55</p>,Width,<p>41</p>,Height,<p>45</p>,Box Quantity,<p>24</p>,Inner Pack Quantity,<p>1</p>,Country Of Origin,<p>BD</p>,Standards,<p></p>,,,,
EC13,Variant,,"The EC13 sweatshirt is ideal when it’s too cool for a T-shirt but not cold enough for a jacket. Made in 100% Recycled Polyester fabric, with improved slim fit and 4cm tape gap on side seams, allowing garment stretch and providing maximum comfort for the wearer.",https://d11ak7fd9ypfb7.cloudfront.net/styles1100px/EC13YER.jpg,,0.0,TRUE,InStock,0.999,,EC13YERXXL,,,,Size,DROP_DOWN,XXL,Color,DROP_DOWN,Yellow,,,,,,,,,,,,,Fit,<p>R</p>,Length,<p>55</p>,Width,<p>41</p>,Height,<p>45</p>,Box Quantity,<p>24</p>,Inner Pack Quantity,<p>1</p>,Country Of Origin,<p>BD</p>,Standards,<p></p>,,,,
EC13,Variant,,"The EC13 sweatshirt is ideal when it’s too cool for a T-shirt but not cold enough for a jacket. Made in 100% Recycled Polyester fabric, with improved slim fit and 4cm tape gap on side seams, allowing garment stretch and providing maximum comfort for the wearer.",https://d11ak7fd9ypfb7.cloudfront.net/styles1100px/EC13YER.jpg,,0.0,TRUE,InStock,0.999,,EC13YERXXXL,,,,Size,DROP_DOWN,XXXL,Color,DROP_DOWN,Yellow,,,,,,,,,,,,,Fit,<p>R</p>,Length,<p>55</p>,Width,<p>41</p>,Height,<p>45</p>,Box Quantity,<p>24</p>,Inner Pack Quantity,<p>1</p>,Country Of Origin,<p>BD</p>,Standards,<p></p>,,,,
EC60,Product,EC60 - Sustainable Hi-Vis Winter Jacket,"This jacket offers all weather protection, comfort and warmth while utilizing the latest innovations in recycled fabrics. The outer shell, lining and wadding are certified recycled polyester, and the packaging is derived from sugarcane, allowing the wearer to champion sustainability without compromising on performance.",https://d11ak7fd9ypfb7.cloudfront.net/styles1100px/EC60YER.jpg,75.9,0.0,TRUE,InStock,0.999,,EC60YERL,,,,Size,DROP_DOWN,S;M;L;XL;XXL;XXXL,Color,DROP_DOWN,Yellow,,,,,,,,,,,,,Fit,<p>R</p>,Length,<p>65</p>,Width,<p>45</p>,Height,<p>40</p>,Box Quantity,<p>12</p>,Inner Pack Quantity,<p>1</p>,Country Of Origin,<p>CN</p>,Standards,<p></p>,,,,
EC60,Variant,,"This jacket offers all weather protection, comfort and warmth while utilizing the latest innovations in recycled fabrics. The outer shell, lining and wadding are certified recycled polyester, and the packaging is derived from sugarcane, allowing the wearer to champion sustainability without compromising on performance.",https://d11ak7fd9ypfb7.cloudfront.net/styles1100px/EC60YER.jpg,,0.0,TRUE,InStock,0.999,,EC60YERL,,,,Size,DROP_DOWN,L,Color,DROP_DOWN,Yellow,,,,,,,,,,,,,Fit,<p>R</p>,Length,<p>65</p>,Width,<p>45</p>,Height,<p>40</p>,Box Quantity,<p>12</p>,Inner Pack Quantity,<p>1</p>,Country Of Origin,<p>CN</p>,Standards,<p></p>,,,,
EC60,Variant,,"This jacket offers all weather protection, comfort and warmth while utilizing the latest innovations in recycled fabrics. The outer shell, lining and wadding are certified recycled polyester, and the packaging is derived from sugarcane, allowing the wearer to champion sustainability without compromising on performance.",https://d11ak7fd9ypfb7.cloudfront.net/styles1100px/EC60YER.jpg,,0.0,TRUE,InStock,0.999,,EC60YERM,,,,Size,DROP_DOWN,M,Color,DROP_DOWN,Yellow,,,,,,,,,,,,,Fit,<p>R</p>,Length,<p>65</p>,Width,<p>45</p>,Height,<p>40</p>,Box Quantity,<p>12</p>,Inner Pack Quantity,<p>1</p>,Country Of Origin,<p>CN</p>,Standards,<p></p>,,,,
EC60,Variant,,"This jacket offers all weather protection, comfort and warmth while utilizing the latest innovations in recycled fabrics. The outer shell, lining and wadding are certified recycled polyester, and the packaging is derived from sugarcane, allowing the wearer to champion sustainability without compromising on performance.",https://d11ak7fd9ypfb7.cloudfront.net/styles1100px/EC60YER.jpg,,0.0,TRUE,InStock,0.999,,EC60YERS,,,,Size,DROP_DOWN,S,Color,DROP_DOWN,Yellow,,,,,,,,,,,,,Fit,<p>R</p>,Length,<p>65</p>,Width,<p>45</p>,Height,<p>40</p>,Box Quantity,<p>12</p>,Inner Pack Quantity,<p>1</p>,Country Of Origin,<p>CN</p>,Standards,<p></p>,,,,
EC60,Variant,,"This jacket offers all weather protection, comfort and warmth while utilizing the latest innovations in recycled fabrics. The outer shell, lining and wadding are certified recycled polyester, and the packaging is derived from sugarcane, allowing the wearer to champion sustainability without compromising on performance.",https://d11ak7fd9ypfb7.cloudfront.net/styles1100px/EC60YER.jpg,,0.0,TRUE,InStock,0.999,,EC60YERXL,,,,Size,DROP_DOWN,XL,Color,DROP_DOWN,Yellow,,,,,,,,,,,,,Fit,<p>R</p>,Length,<p>65</p>,Width,<p>45</p>,Height,<p>44</p>,Box Quantity,<p>12</p>,Inner Pack Quantity,<p>1</p>,Country Of Origin,<p>CN</p>,Standards,<p></p>,,,,
EC60,Variant,,"This jacket offers all weather protection, comfort and warmth while utilizing the latest innovations in recycled fabrics. The outer shell, lining and wadding are certified recycled polyester, and the packaging is derived from sugarcane, allowing the wearer to champion sustainability without compromising on performance.",https://d11ak7fd9ypfb7.cloudfront.net/styles1100px/EC60YER.jpg,,0.0,TRUE,InStock,0.999,,EC60YERXXL,,,,Size,DROP_DOWN,XXL,Color,DROP_DOWN,Yellow,,,,,,,,,,,,,Fit,<p>R</p>,Length,<p>65</p>,Width,<p>45</p>,Height,<p>44</p>,Box Quantity,<p>12</p>,Inner Pack Quantity,<p>1</p>,Country Of Origin,<p>CN</p>,Standards,<p></p>,,,,
EC60,Variant,,"This jacket offers all weather protection, comfort and warmth while utilizing the latest innovations in recycled fabrics. The outer shell, lining and wadding are certified recycled polyester, and the packaging is derived from sugarcane, allowing the wearer to champion sustainability without compromising on performance.",https://d11ak7fd9ypfb7.cloudfront.net/styles1100px/EC60YER.jpg,,0.0,TRUE,InStock,0.999,,EC60YERXXXL,,,,Size,DROP_DOWN,XXXL,Color,DROP_DOWN,Yellow,,,,,,,,,,,,,Fit,<p>R</p>,Length,<p>65</p>,Width,<p>45</p>,Height,<p>44</p>,Box Quantity,<p>12</p>,Inner Pack Quantity,<p>1</p>,Country Of Origin,<p>CN</p>,Standards,<p></p>,,,,
EC76,Product,EC76 - Sustainable Hi Vis Vest,"This version is a sustainable option for our best selling basic vest, using 100% Recycled Polyester. The classic reflective tape configuration will ensure you are seen.",https://d11ak7fd9ypfb7.cloudfront.net/styles1100px/EC76YER.jpg,0.0,0.0,TRUE,InStock,0.999,,EC76YER4X/5X,,,,Size,DROP_DOWN,S/M;L/XL;XX/3X;4X/5X,Color,DROP_DOWN,Yellow,,,,,,,,,,,,,Fit,<p>R</p>,Length,<p>43</p>,Width,<p>28</p>,Height,<p>55</p>,Box Quantity,<p>10</p>,Inner Pack Quantity,<p>10</p>,Country Of Origin,<p>CN</p>,Standards,<p></p>,,,,
EC76,Variant,,"This version is a sustainable option for our best selling basic vest, using 100% Recycled Polyester. The classic reflective tape configuration will ensure you are seen.",https://d11ak7fd9ypfb7.cloudfront.net/styles1100px/EC76YER.jpg,,0.0,TRUE,InStock,0.999,,EC76YER4X/5X,,,,Size,DROP_DOWN,4X/5X,Color,DROP_DOWN,Yellow,,,,,,,,,,,,,Fit,<p>R</p>,Length,<p>43</p>,Width,<p>28</p>,Height,<p>55</p>,Box Quantity,<p>10</p>,Inner Pack Quantity,<p>10</p>,Country Of Origin,<p>CN</p>,Standards,<p></p>,,,,
EC76,Variant,,"This version is a sustainable option for our best selling basic vest, using 100% Recycled Polyester. The classic reflective tape configuration will ensure you are seen.",https://d11ak7fd9ypfb7.cloudfront.net/styles1100px/EC76YER.jpg,,0.0,TRUE,InStock,0.999,,EC76YERL/XL,,,,Size,DROP_DOWN,L/XL,Color,DROP_DOWN,Yellow,,,,,,,,,,,,,Fit,<p>R</p>,Length,<p>43</p>,Width,<p>28</p>,Height,<p>55</p>,Box Quantity,<p>10</p>,Inner Pack Quantity,<p>10</p>,Country Of Origin,<p>CN</p>,Standards,<p></p>,,,,
EC76,Variant,,"This version is a sustainable option for our best selling basic vest, using 100% Recycled Polyester. The classic reflective tape configuration will ensure you are seen.",https://d11ak7fd9ypfb7.cloudfront.net/styles1100px/EC76YER.jpg,,0.0,TRUE,InStock,0.999,,EC76YERS/M,,,,Size,DROP_DOWN,S/M,Color,DROP_DOWN,Yellow,,,,,,,,,,,,,Fit,<p>R</p>,Length,<p>43</p>,Width,<p>28</p>,Height,<p>52</p>,Box Quantity,<p>10</p>,Inner Pack Quantity,<p>10</p>,Country Of Origin,<p>CN</p>,Standards,<p></p>,,,,
EC76,Variant,,"This version is a sustainable option for our best selling basic vest, using 100% Recycled Polyester. The classic reflective tape configuration will ensure you are seen.",https://d11ak7fd9ypfb7.cloudfront.net/styles1100px/EC76YER.jpg,,0.0,TRUE,InStock,0.999,,EC76YERXX/3X,,,,Size,DROP_DOWN,XX/3X,Color,DROP_DOWN,Yellow,,,,,,,,,,,,,Fit,<p>R</p>,Length,<p>43</p>,Width,<p>28</p>,Height,<p>55</p>,Box Quantity,<p>10</p>,Inner Pack Quantity,<p>10</p>,Country Of Origin,<p>CN</p>,Standards,<p></p>,,,,
EP02,Product,EP02 - PU Foam Ear Plugs (200 pairs),PU foam disposable ear plugs made with soft and durable foam. Easy to insert and remove. Excellent attenuation level and a comfortable fit for long periods of use. Each pair comes inside an individual hygienic polybag with fitting instructions.,https://d11ak7fd9ypfb7.cloudfront.net/styles1100px/EP02ORR.jpg,43.8,0.0,TRUE,InStock,0.49,,EP02ORR,,,,Size,DROP_DOWN,,Color,DROP_DOWN,Orange,,,,,,,,,,,,,Fit,<p>R</p>,Length,<p>60</p>,Width,<p>35</p>,Height,<p>33</p>,Box Quantity,<p>10</p>,Inner Pack Quantity,<p>200</p>,Country Of Origin,<p>TW</p>,Standards,"<ul><li>Q1441A,2754/1246/159/06/18/0288</li><li>ANSI S3.19   32dB</li><li>EN 352-2   SNR 36dB</li></ul>",,,,
EP04,Product,EP04 - Reusable Corded TPR Ear Plugs (50 pairs),Reusable ear plugs. The TPR (thermo-plastic rubber) material molds to the ear canal after a few minutes by reacting to the warmth meaning the product fits almost every wearer. Featuring an improved shape for increased comfort and better attenuation performances. Each pair comes inside an individual hygienic polybag with fitting instructions.,https://d11ak7fd9ypfb7.cloudfront.net/styles1100px/EP04ORR.jpg,41.5,0.0,TRUE,InStock,0.3,,EP04ORR,,,,Size,DROP_DOWN,,Color,DROP_DOWN,Orange,,,,,,,,,,,,,Fit,<p>R</p>,Length,<p>51</p>,Width,<p>40</p>,Height,<p>34</p>,Box Quantity,<p>36</p>,Inner Pack Quantity,<p>50</p>,Country Of Origin,<p>TW</p>,Standards,<ul><li>EN 352-2   SNR 30dB</li><li>ANSI S3.19   NRR 24dB</li></ul>,,,,
EP07,Product,EP07 - Detectable TPR Corded Ear Plugs (50 pairs),"Detectable and reusable ear plugs in TPR (thermo plastic rubber) material. The detectable feature is manufactured with an advanced technique by adding metal shaving into the TPR material during the injection process, without the need to add the metal detectable ball. Recommended for use in food industry environments. Each pair comes inside a hygienic polybag with fitting instructions.",https://d11ak7fd9ypfb7.cloudfront.net/styles1100px/EP07BLU.jpg,62.4,0.0,TRUE,InStock,0.28,,EP07BLU,,,,Size,DROP_DOWN,,Color,DROP_DOWN,Blue,,,,,,,,,,,,,Fit,<p>U</p>,Length,<p>51</p>,Width,<p>40</p>,Height,<p>34</p>,Box Quantity,<p>36</p>,Inner Pack Quantity,<p>50</p>,Country Of Origin,<p>TW</p>,Standards,<ul><li>ANSI S3.19   NRR 24dB</li><li>EN 352-2   SNR 30dB</li></ul>,,,,
EP08,Product,EP08 - Corded PU Foam Ear Plugs (200 pairs),Disposable PU ear plugs. The tapered shape ensures a comfortable fit inside the ear canal. Corded for extra comfort and easy storage around the neck when not in use. Each pair comes inside a hygienic polybag with fitting instructions.,https://d11ak7fd9ypfb7.cloudfront.net/styles1100px/EP08ORR.jpg,73.0,0.0,TRUE,InStock,0.76,,EP08ORR,,,,Size,DROP_DOWN,,Color,DROP_DOWN,Orange,,,,,,,,,,,,,Fit,<p>R</p>,Length,<p>65</p>,Width,<p>35</p>,Height,<p>33</p>,Box Quantity,<p>10</p>,Inner Pack Quantity,<p>200</p>,Country Of Origin,<p>TW</p>,Standards,"<ul><li>Q1441A,2754/1246/159/06/18/0288</li><li>ANSI S3.19   32dB</li><li>EN 352-2   SNR 36dB</li></ul>",,,,
EP20,Product,EP20 - Ear Plug Dispenser,Dispenser container with PU disposable plugs. One gentle turn delivers a pair of uncorded foam earplugs. It can be used on a horizontal surface or be hung on the wall. Sold with 500 pairs of PU plugs included.,https://d11ak7fd9ypfb7.cloudfront.net/styles1100px/EP20BKR.jpg,156.5,0.0,TRUE,InStock,2.14,Hearing Protection;Ear Plugs,EP20BKR,,,,Size,DROP_DOWN,,Color,DROP_DOWN,Black,,,,,,,,,,,,,Fit,<p>R</p>,Length,<p>70</p>,Width,<p>47</p>,Height,<p>35</p>,Box Quantity,<p>4</p>,Inner Pack Quantity,<p>1</p>,Country Of Origin,<p>TW</p>,Standards,<ul><li>ANSI S3.19   32dB</li><li>EN 352-2   SNR 34dB</li></ul>,,,,
EP21,Product,EP21 - Ear Plug Dispenser Refill Pack (500 pairs),"500 pairs of disposable PU foam ear plugs. Can be used to refill dispenser EP20. These soft ear plugs seal the ear canal with soft, slow-recovery foam for excellent noise reduction and comfort.",https://d11ak7fd9ypfb7.cloudfront.net/styles1100px/EP21ORR.jpg,77.5,0.0,TRUE,InStock,0.68,Hearing Protection;Ear Plugs,EP21ORR,,,,Size,DROP_DOWN,,Color,DROP_DOWN,Orange,,,,,,,,,,,,,Fit,<p>R</p>,Length,<p>43</p>,Width,<p>28</p>,Height,<p>28</p>,Box Quantity,<p>8</p>,Inner Pack Quantity,<p>500</p>,Country Of Origin,<p>TW</p>,Standards,<ul><li>ANSI S3.19   32dB</li><li>EN 352-2   SNR 34dB</li></ul>,,,,
F124,Product,F124 - Iona Xtra Short Sleeve Shirt,Short sleeve shirt with 6 button fron closure. Reflective tape for increased visibility. 2 chest pockets with button closure for storage.,https://d11ak7fd9ypfb7.cloudfront.net/styles1100px/F124NAR.jpg,36.5,0.0,TRUE,InStock,0.32,,F124NAR4XL,,,,Size,DROP_DOWN,M;L;XL;XXL;XXXL;4XL;5XL,Color,DROP_DOWN,Navy,,,,,,,,,,,,,Fit,<p>R</p>,Length,<p>43</p>,Width,<p>28</p>,Height,<p>28</p>,Box Quantity,<p>24</p>,Inner Pack Quantity,<p>1</p>,Country Of Origin,<p>BD</p>,Standards,<p></p>,,,,
F124,Variant,,Short sleeve shirt with 6 button fron closure. Reflective tape for increased visibility. 2 chest pockets with button closure for storage.,https://d11ak7fd9ypfb7.cloudfront.net/styles1100px/F124NAR.jpg,,0.0,TRUE,InStock,0.32,,F124NAR4XL,,,,Size,DROP_DOWN,4XL,Color,DROP_DOWN,Navy,,,,,,,,,,,,,Fit,<p>R</p>,Length,<p>43</p>,Width,<p>28</p>,Height,<p>28</p>,Box Quantity,<p>24</p>,Inner Pack Quantity,<p>1</p>,Country Of Origin,<p>BD</p>,Standards,<p></p>,,,,
F124,Variant,,Short sleeve shirt with 6 button fron closure. Reflective tape for increased visibility. 2 chest pockets with button closure for storage.,https://d11ak7fd9ypfb7.cloudfront.net/styles1100px/F124NAR.jpg,,0.0,TRUE,InStock,0.32,,F124NAR5XL,,,,Size,DROP_DOWN,5XL,Color,DROP_DOWN,Navy,,,,,,,,,,,,,Fit,<p>R</p>,Length,<p>43</p>,Width,<p>28</p>,Height,<p>28</p>,Box Quantity,<p>24</p>,Inner Pack Quantity,<p>1</p>,Country Of Origin,<p>BD</p>,Standards,<p></p>,,,,
F124,Variant,,Short sleeve shirt with 6 button fron closure. Reflective tape for increased visibility. 2 chest pockets with button closure for storage.,https://d11ak7fd9ypfb7.cloudfront.net/styles1100px/F124NAR.jpg,,0.0,TRUE,InStock,0.32,,F124NARL,,,,Size,DROP_DOWN,L,Color,DROP_DOWN,Navy,,,,,,,,,,,,,Fit,<p>R</p>,Length,<p>43</p>,Width,<p>28</p>,Height,<p>28</p>,Box Quantity,<p>24</p>,Inner Pack Quantity,<p>1</p>,Country Of Origin,<p>BD</p>,Standards,<p></p>,,,,
F124,Variant,,Short sleeve shirt with 6 button fron closure. Reflective tape for increased visibility. 2 chest pockets with button closure for storage.,https://d11ak7fd9ypfb7.cloudfront.net/styles1100px/F124NAR.jpg,,0.0,TRUE,InStock,0.32,,F124NARM,,,,Size,DROP_DOWN,M,Color,DROP_DOWN,Navy,,,,,,,,,,,,,Fit,<p>R</p>,Length,<p>43</p>,Width,<p>28</p>,Height,<p>28</p>,Box Quantity,<p>24</p>,Inner Pack Quantity,<p>1</p>,Country Of Origin,<p>BD</p>,Standards,<p></p>,,,,
F124,Variant,,Short sleeve shirt with 6 button fron closure. Reflective tape for increased visibility. 2 chest pockets with button closure for storage.,https://d11ak7fd9ypfb7.cloudfront.net/styles1100px/F124NAR.jpg,,0.0,TRUE,InStock,0.32,,F124NARXL,,,,Size,DROP_DOWN,XL,Color,DROP_DOWN,Navy,,,,,,,,,,,,,Fit,<p>R</p>,Length,<p>43</p>,Width,<p>28</p>,Height,<p>28</p>,Box Quantity,<p>24</p>,Inner Pack Quantity,<p>1</p>,Country Of Origin,<p>BD</p>,Standards,<p></p>,,,,
F124,Variant,,Short sleeve shirt with 6 button fron closure. Reflective tape for increased visibility. 2 chest pockets with button closure for storage.,https://d11ak7fd9ypfb7.cloudfront.net/styles1100px/F124NAR.jpg,,0.0,TRUE,InStock,0.32,,F124NARXXL,,,,Size,DROP_DOWN,XXL,Color,DROP_DOWN,Navy,,,,,,,,,,,,,Fit,<p>R</p>,Length,<p>43</p>,Width,<p>28</p>,Height,<p>28</p>,Box Quantity,<p>24</p>,Inner Pack Quantity,<p>1</p>,Country Of Origin,<p>BD</p>,Standards,<p></p>,,,,
F124,Variant,,Short sleeve shirt with 6 button fron closure. Reflective tape for increased visibility. 2 chest pockets with button closure for storage.,https://d11ak7fd9ypfb7.cloudfront.net/styles1100px/F124NAR.jpg,,0.0,TRUE,InStock,0.32,,F124NARXXXL,,,,Size,DROP_DOWN,XXXL,Color,DROP_DOWN,Navy,,,,,,,,,,,,,Fit,<p>R</p>,Length,<p>43</p>,Width,<p>28</p>,Height,<p>28</p>,Box Quantity,<p>24</p>,Inner Pack Quantity,<p>1</p>,Country Of Origin,<p>BD</p>,Standards,<p></p>,,,,
F125,Product,F125 - Iona Xtra Long Sleeve Shirt,Long sleeve shirt with 6 button front closure. Reflective tape for increased visibility. 2 chest pockets with button closure for storage. Adhutstable cuffs for comfort.,https://d11ak7fd9ypfb7.cloudfront.net/styles1100px/F125NAR.jpg,39.0,0.0,TRUE,InStock,0.32,,F125NAR4XL,,,,Size,DROP_DOWN,M;L;XL;XXL;XXXL;4XL;5XL,Color,DROP_DOWN,Navy,,,,,,,,,,,,,Fit,<p>R</p>,Length,<p>43</p>,Width,<p>28</p>,Height,<p>35</p>,Box Quantity,<p>24</p>,Inner Pack Quantity,<p>1</p>,Country Of Origin,<p>BD</p>,Standards,<p></p>,,,,
F125,Variant,,Long sleeve shirt with 6 button front closure. Reflective tape for increased visibility. 2 chest pockets with button closure for storage. Adhutstable cuffs for comfort.,https://d11ak7fd9ypfb7.cloudfront.net/styles1100px/F125NAR.jpg,,0.0,TRUE,InStock,0.32,,F125NAR4XL,,,,Size,DROP_DOWN,4XL,Color,DROP_DOWN,Navy,,,,,,,,,,,,,Fit,<p>R</p>,Length,<p>43</p>,Width,<p>28</p>,Height,<p>35</p>,Box Quantity,<p>24</p>,Inner Pack Quantity,<p>1</p>,Country Of Origin,<p>BD</p>,Standards,<p></p>,,,,
F125,Variant,,Long sleeve shirt with 6 button front closure. Reflective tape for increased visibility. 2 chest pockets with button closure for storage. Adhutstable cuffs for comfort.,https://d11ak7fd9ypfb7.cloudfront.net/styles1100px/F125NAR.jpg,,0.0,TRUE,InStock,0.32,,F125NAR5XL,,,,Size,DROP_DOWN,5XL,Color,DROP_DOWN,Navy,,,,,,,,,,,,,Fit,<p>R</p>,Length,<p>43</p>,Width,<p>28</p>,Height,<p>35</p>,Box Quantity,<p>24</p>,Inner Pack Quantity,<p>1</p>,Country Of Origin,<p>BD</p>,Standards,<p></p>,,,,
F125,Variant,,Long sleeve shirt with 6 button front closure. Reflective tape for increased visibility. 2 chest pockets with button closure for storage. Adhutstable cuffs for comfort.,https://d11ak7fd9ypfb7.cloudfront.net/styles1100px/F125NAR.jpg,,0.0,TRUE,InStock,0.32,,F125NARL,,,,Size,DROP_DOWN,L,Color,DROP_DOWN,Navy,,,,,,,,,,,,,Fit,<p>R</p>,Length,<p>43</p>,Width,<p>28</p>,Height,<p>28</p>,Box Quantity,<p>24</p>,Inner Pack Quantity,<p>1</p>,Country Of Origin,<p>BD</p>,Standards,<p></p>,,,,
F125,Variant,,Long sleeve shirt with 6 button front closure. Reflective tape for increased visibility. 2 chest pockets with button closure for storage. Adhutstable cuffs for comfort.,https://d11ak7fd9ypfb7.cloudfront.net/styles1100px/F125NAR.jpg,,0.0,TRUE,InStock,0.32,,F125NARM,,,,Size,DROP_DOWN,M,Color,DROP_DOWN,Navy,,,,,,,,,,,,,Fit,<p>R</p>,Length,<p>43</p>,Width,<p>28</p>,Height,<p>28</p>,Box Quantity,<p>24</p>,Inner Pack Quantity,<p>1</p>,Country Of Origin,<p>BD</p>,Standards,<p></p>,,,,
F125,Variant,,Long sleeve shirt with 6 button front closure. Reflective tape for increased visibility. 2 chest pockets with button closure for storage. Adhutstable cuffs for comfort.,https://d11ak7fd9ypfb7.cloudfront.net/styles1100px/F125NAR.jpg,,0.0,TRUE,InStock,0.32,,F125NARXL,,,,Size,DROP_DOWN,XL,Color,DROP_DOWN,Navy,,,,,,,,,,,,,Fit,<p>R</p>,Length,<p>43</p>,Width,<p>28</p>,Height,<p>35</p>,Box Quantity,<p>24</p>,Inner Pack Quantity,<p>1</p>,Country Of Origin,<p>BD</p>,Standards,<p></p>,,,,
F125,Variant,,Long sleeve shirt with 6 button front closure. Reflective tape for increased visibility. 2 chest pockets with button closure for storage. Adhutstable cuffs for comfort.,https://d11ak7fd9ypfb7.cloudfront.net/styles1100px/F125NAR.jpg,,0.0,TRUE,InStock,0.32,,F125NARXXL,,,,Size,DROP_DOWN,XXL,Color,DROP_DOWN,Navy,,,,,,,,,,,,,Fit,<p>R</p>,Length,<p>43</p>,Width,<p>28</p>,Height,<p>35</p>,Box Quantity,<p>24</p>,Inner Pack Quantity,<p>1</p>,Country Of Origin,<p>BD</p>,Standards,<p></p>,,,,
F125,Variant,,Long sleeve shirt with 6 button front closure. Reflective tape for increased visibility. 2 chest pockets with button closure for storage. Adhutstable cuffs for comfort.,https://d11ak7fd9ypfb7.cloudfront.net/styles1100px/F125NAR.jpg,,0.0,TRUE,InStock,0.32,,F125NARXXXL,,,,Size,DROP_DOWN,XXXL,Color,DROP_DOWN,Navy,,,,,,,,,,,,,Fit,<p>R</p>,Length,<p>43</p>,Width,<p>28</p>,Height,<p>35</p>,Box Quantity,<p>24</p>,Inner Pack Quantity,<p>1</p>,Country Of Origin,<p>BD</p>,Standards,<p></p>,,,,
F126,Product,F126 - Iona Xtra 3-in-1 Bomber Jacket,"This outstanding waterproof jacket provides Enhanced visibility whilst keeping you warm and dry. The fleece lined collar and knitted cuffs ensure that heat is trapped inside the garment. The cleverly designed zipper-out ID pocket can also be used as an additional pocket for carrying or storing tools and personal belongings. The stylish design boasts a concealed hood, sealed waterproof seams and print access.",https://d11ak7fd9ypfb7.cloudfront.net/styles1100px/F126NAR.jpg,93.8,0.0,TRUE,InStock,0.999,,F126NAR4XL,,,,Size,DROP_DOWN,S;M;L;XL;XXL;XXXL;4XL;5XL,Color,DROP_DOWN,Navy,,,,,,,,,,,,,Fit,<p>R</p>,Length,<p>65</p>,Width,<p>40</p>,Height,<p>56</p>,Box Quantity,<p>12</p>,Inner Pack Quantity,<p>1</p>,Country Of Origin,<p>CN</p>,Standards,<ul><li>EN 343 Class 3:1  WP: 15000MM</li></ul>,,,,
F126,Variant,,"This outstanding waterproof jacket provides Enhanced visibility whilst keeping you warm and dry. The fleece lined collar and knitted cuffs ensure that heat is trapped inside the garment. The cleverly designed zipper-out ID pocket can also be used as an additional pocket for carrying or storing tools and personal belongings. The stylish design boasts a concealed hood, sealed waterproof seams and print access.",https://d11ak7fd9ypfb7.cloudfront.net/styles1100px/F126NAR.jpg,,0.0,TRUE,InStock,0.999,,F126NAR4XL,,,,Size,DROP_DOWN,4XL,Color,DROP_DOWN,Navy,,,,,,,,,,,,,Fit,<p>R</p>,Length,<p>65</p>,Width,<p>40</p>,Height,<p>56</p>,Box Quantity,<p>12</p>,Inner Pack Quantity,<p>1</p>,Country Of Origin,<p>CN</p>,Standards,<ul><li>EN 343 Class 3:1  WP: 15000MM</li></ul>,,,,
F126,Variant,,"This outstanding waterproof jacket provides Enhanced visibility whilst keeping you warm and dry. The fleece lined collar and knitted cuffs ensure that heat is trapped inside the garment. The cleverly designed zipper-out ID pocket can also be used as an additional pocket for carrying or storing tools and personal belongings. The stylish design boasts a concealed hood, sealed waterproof seams and print access.",https://d11ak7fd9ypfb7.cloudfront.net/styles1100px/F126NAR.jpg,,0.0,TRUE,InStock,0.999,,F126NAR5XL,,,,Size,DROP_DOWN,5XL,Color,DROP_DOWN,Navy,,,,,,,,,,,,,Fit,<p>R</p>,Length,<p>65</p>,Width,<p>40</p>,Height,<p>56</p>,Box Quantity,<p>12</p>,Inner Pack Quantity,<p>1</p>,Country Of Origin,<p>CN</p>,Standards,<ul><li>EN 343 Class 3:1  WP: 15000MM</li></ul>,,,,
F126,Variant,,"This outstanding waterproof jacket provides Enhanced visibility whilst keeping you warm and dry. The fleece lined collar and knitted cuffs ensure that heat is trapped inside the garment. The cleverly designed zipper-out ID pocket can also be used as an additional pocket for carrying or storing tools and personal belongings. The stylish design boasts a concealed hood, sealed waterproof seams and print access.",https://d11ak7fd9ypfb7.cloudfront.net/styles1100px/F126NAR.jpg,,0.0,TRUE,InStock,0.999,,F126NARL,,,,Size,DROP_DOWN,L,Color,DROP_DOWN,Navy,,,,,,,,,,,,,Fit,<p>R</p>,Length,<p>65</p>,Width,<p>40</p>,Height,<p>56</p>,Box Quantity,<p>12</p>,Inner Pack Quantity,<p>1</p>,Country Of Origin,<p>CN</p>,Standards,<ul><li>EN 343 Class 3:1  WP: 15000MM</li></ul>,,,,
F126,Variant,,"This outstanding waterproof jacket provides Enhanced visibility whilst keeping you warm and dry. The fleece lined collar and knitted cuffs ensure that heat is trapped inside the garment. The cleverly designed zipper-out ID pocket can also be used as an additional pocket for carrying or storing tools and personal belongings. The stylish design boasts a concealed hood, sealed waterproof seams and print access.",https://d11ak7fd9ypfb7.cloudfront.net/styles1100px/F126NAR.jpg,,0.0,TRUE,InStock,0.999,,F126NARM,,,,Size,DROP_DOWN,M,Color,DROP_DOWN,Navy,,,,,,,,,,,,,Fit,<p>R</p>,Length,<p>65</p>,Width,<p>40</p>,Height,<p>56</p>,Box Quantity,<p>12</p>,Inner Pack Quantity,<p>1</p>,Country Of Origin,<p>CN</p>,Standards,<ul><li>EN 343 Class 3:1  WP: 15000MM</li></ul>,,,,
F126,Variant,,"This outstanding waterproof jacket provides Enhanced visibility whilst keeping you warm and dry. The fleece lined collar and knitted cuffs ensure that heat is trapped inside the garment. The cleverly designed zipper-out ID pocket can also be used as an additional pocket for carrying or storing tools and personal belongings. The stylish design boasts a concealed hood, sealed waterproof seams and print access.",https://d11ak7fd9ypfb7.cloudfront.net/styles1100px/F126NAR.jpg,,0.0,TRUE,InStock,0.999,,F126NARS,,,,Size,DROP_DOWN,S,Color,DROP_DOWN,Navy,,,,,,,,,,,,,Fit,<p>R</p>,Length,<p>65</p>,Width,<p>40</p>,Height,<p>56</p>,Box Quantity,<p>12</p>,Inner Pack Quantity,<p>1</p>,Country Of Origin,<p>CN</p>,Standards,<ul><li>EN 343 Class 3:1  WP: 15000MM</li></ul>,,,,
F126,Variant,,"This outstanding waterproof jacket provides Enhanced visibility whilst keeping you warm and dry. The fleece lined collar and knitted cuffs ensure that heat is trapped inside the garment. The cleverly designed zipper-out ID pocket can also be used as an additional pocket for carrying or storing tools and personal belongings. The stylish design boasts a concealed hood, sealed waterproof seams and print access.",https://d11ak7fd9ypfb7.cloudfront.net/styles1100px/F126NAR.jpg,,0.0,TRUE,InStock,0.999,,F126NARXL,,,,Size,DROP_DOWN,XL,Color,DROP_DOWN,Navy,,,,,,,,,,,,,Fit,<p>R</p>,Length,<p>65</p>,Width,<p>40</p>,Height,<p>56</p>,Box Quantity,<p>12</p>,Inner Pack Quantity,<p>1</p>,Country Of Origin,<p>CN</p>,Standards,<ul><li>EN 343 Class 3:1  WP: 15000MM</li></ul>,,,,
F126,Variant,,"This outstanding waterproof jacket provides Enhanced visibility whilst keeping you warm and dry. The fleece lined collar and knitted cuffs ensure that heat is trapped inside the garment. The cleverly designed zipper-out ID pocket can also be used as an additional pocket for carrying or storing tools and personal belongings. The stylish design boasts a concealed hood, sealed waterproof seams and print access.",https://d11ak7fd9ypfb7.cloudfront.net/styles1100px/F126NAR.jpg,,0.0,TRUE,InStock,0.999,,F126NARXXL,,,,Size,DROP_DOWN,XXL,Color,DROP_DOWN,Navy,,,,,,,,,,,,,Fit,<p>R</p>,Length,<p>65</p>,Width,<p>40</p>,Height,<p>56</p>,Box Quantity,<p>12</p>,Inner Pack Quantity,<p>1</p>,Country Of Origin,<p>CN</p>,Standards,<ul><li>EN 343 Class 3:1  WP: 15000MM</li></ul>,,,,
F126,Variant,,"This outstanding waterproof jacket provides Enhanced visibility whilst keeping you warm and dry. The fleece lined collar and knitted cuffs ensure that heat is trapped inside the garment. The cleverly designed zipper-out ID pocket can also be used as an additional pocket for carrying or storing tools and personal belongings. The stylish design boasts a concealed hood, sealed waterproof seams and print access.",https://d11ak7fd9ypfb7.cloudfront.net/styles1100px/F126NAR.jpg,,0.0,TRUE,InStock,0.999,,F126NARXXXL,,,,Size,DROP_DOWN,XXXL,Color,DROP_DOWN,Navy,,,,,,,,,,,,,Fit,<p>R</p>,Length,<p>65</p>,Width,<p>40</p>,Height,<p>56</p>,Box Quantity,<p>12</p>,Inner Pack Quantity,<p>1</p>,Country Of Origin,<p>CN</p>,Standards,<ul><li>EN 343 Class 3:1  WP: 15000MM</li></ul>,,,,
F127,Product,F127 - Iona Xtra Work Pants,"This pant has all the original styling of the modern-day work pant. Plus our Yellow/Sliver enhanced reflective tape for all day visibility. Constructed from our rugged, pre-shrunk Kingsmill fabric, the combat pant is built to take on the toughest of jobs. Multiple utility pockets are featured with Hook and Loop flaps for added security.",https://d11ak7fd9ypfb7.cloudfront.net/styles1100px/F127NAR.jpg,35.7,0.0,TRUE,InStock,0.999,,F127NAR28,,,,Size,DROP_DOWN,28;30;32;34;36;38;40;42;44;46;48;50;52,Color,DROP_DOWN,Navy,,,,,,,,,,,,,Fit,<p>R</p>,Length,<p>43</p>,Width,<p>28</p>,Height,<p>52</p>,Box Quantity,<p>36</p>,Inner Pack Quantity,<p>1</p>,Country Of Origin,<p>BD</p>,Standards,<p></p>,,,,
F127,Variant,,"This pant has all the original styling of the modern-day work pant. Plus our Yellow/Sliver enhanced reflective tape for all day visibility. Constructed from our rugged, pre-shrunk Kingsmill fabric, the combat pant is built to take on the toughest of jobs. Multiple utility pockets are featured with Hook and Loop flaps for added security.",https://d11ak7fd9ypfb7.cloudfront.net/styles1100px/F127NAR.jpg,,0.0,TRUE,InStock,0.999,,F127NAR28,,,,Size,DROP_DOWN,28,Color,DROP_DOWN,Navy,,,,,,,,,,,,,Fit,<p>R</p>,Length,<p>43</p>,Width,<p>28</p>,Height,<p>52</p>,Box Quantity,<p>36</p>,Inner Pack Quantity,<p>1</p>,Country Of Origin,<p>BD</p>,Standards,<p></p>,,,,
F127,Variant,,"This pant has all the original styling of the modern-day work pant. Plus our Yellow/Sliver enhanced reflective tape for all day visibility. Constructed from our rugged, pre-shrunk Kingsmill fabric, the combat pant is built to take on the toughest of jobs. Multiple utility pockets are featured with Hook and Loop flaps for added security.",https://d11ak7fd9ypfb7.cloudfront.net/styles1100px/F127NAR.jpg,,0.0,TRUE,InStock,0.999,,F127NAR30,,,,Size,DROP_DOWN,30,Color,DROP_DOWN,Navy,,,,,,,,,,,,,Fit,<p>R</p>,Length,<p>43</p>,Width,<p>28</p>,Height,<p>52</p>,Box Quantity,<p>36</p>,Inner Pack Quantity,<p>1</p>,Country Of Origin,<p>BD</p>,Standards,<p></p>,,,,
F127,Variant,,"This pant has all the original styling of the modern-day work pant. Plus our Yellow/Sliver enhanced reflective tape for all day visibility. Constructed from our rugged, pre-shrunk Kingsmill fabric, the combat pant is built to take on the toughest of jobs. Multiple utility pockets are featured with Hook and Loop flaps for added security.",https://d11ak7fd9ypfb7.cloudfront.net/styles1100px/F127NAR.jpg,,0.0,TRUE,InStock,0.999,,F127NAR32,,,,Size,DROP_DOWN,32,Color,DROP_DOWN,Navy,,,,,,,,,,,,,Fit,<p>R</p>,Length,<p>43</p>,Width,<p>28</p>,Height,<p>52</p>,Box Quantity,<p>36</p>,Inner Pack Quantity,<p>1</p>,Country Of Origin,<p>BD</p>,Standards,<p></p>,,,,
F127,Variant,,"This pant has all the original styling of the modern-day work pant. Plus our Yellow/Sliver enhanced reflective tape for all day visibility. Constructed from our rugged, pre-shrunk Kingsmill fabric, the combat pant is built to take on the toughest of jobs. Multiple utility pockets are featured with Hook and Loop flaps for added security.",https://d11ak7fd9ypfb7.cloudfront.net/styles1100px/F127NAR.jpg,,0.0,TRUE,InStock,0.999,,F127NAR34,,,,Size,DROP_DOWN,34,Color,DROP_DOWN,Navy,,,,,,,,,,,,,Fit,<p>R</p>,Length,<p>43</p>,Width,<p>28</p>,Height,<p>52</p>,Box Quantity,<p>36</p>,Inner Pack Quantity,<p>1</p>,Country Of Origin,<p>BD</p>,Standards,<p></p>,,,,
F127,Variant,,"This pant has all the original styling of the modern-day work pant. Plus our Yellow/Sliver enhanced reflective tape for all day visibility. Constructed from our rugged, pre-shrunk Kingsmill fabric, the combat pant is built to take on the toughest of jobs. Multiple utility pockets are featured with Hook and Loop flaps for added security.",https://d11ak7fd9ypfb7.cloudfront.net/styles1100px/F127NAR.jpg,,0.0,TRUE,InStock,0.999,,F127NAR36,,,,Size,DROP_DOWN,36,Color,DROP_DOWN,Navy,,,,,,,,,,,,,Fit,<p>R</p>,Length,<p>43</p>,Width,<p>28</p>,Height,<p>52</p>,Box Quantity,<p>36</p>,Inner Pack Quantity,<p>1</p>,Country Of Origin,<p>BD</p>,Standards,<p></p>,,,,
F127,Variant,,"This pant has all the original styling of the modern-day work pant. Plus our Yellow/Sliver enhanced reflective tape for all day visibility. Constructed from our rugged, pre-shrunk Kingsmill fabric, the combat pant is built to take on the toughest of jobs. Multiple utility pockets are featured with Hook and Loop flaps for added security.",https://d11ak7fd9ypfb7.cloudfront.net/styles1100px/F127NAR.jpg,,0.0,TRUE,InStock,0.999,,F127NAR38,,,,Size,DROP_DOWN,38,Color,DROP_DOWN,Navy,,,,,,,,,,,,,Fit,<p>R</p>,Length,<p>43</p>,Width,<p>28</p>,Height,<p>52</p>,Box Quantity,<p>36</p>,Inner Pack Quantity,<p>1</p>,Country Of Origin,<p>BD</p>,Standards,<p></p>,,,,
F127,Variant,,"This pant has all the original styling of the modern-day work pant. Plus our Yellow/Sliver enhanced reflective tape for all day visibility. Constructed from our rugged, pre-shrunk Kingsmill fabric, the combat pant is built to take on the toughest of jobs. Multiple utility pockets are featured with Hook and Loop flaps for added security.",https://d11ak7fd9ypfb7.cloudfront.net/styles1100px/F127NAR.jpg,,0.0,TRUE,InStock,0.999,,F127NAR40,,,,Size,DROP_DOWN,40,Color,DROP_DOWN,Navy,,,,,,,,,,,,,Fit,<p>R</p>,Length,<p>43</p>,Width,<p>28</p>,Height,<p>52</p>,Box Quantity,<p>36</p>,Inner Pack Quantity,<p>1</p>,Country Of Origin,<p>BD</p>,Standards,<p></p>,,,,
F127,Variant,,"This pant has all the original styling of the modern-day work pant. Plus our Yellow/Sliver enhanced reflective tape for all day visibility. Constructed from our rugged, pre-shrunk Kingsmill fabric, the combat pant is built to take on the toughest of jobs. Multiple utility pockets are featured with Hook and Loop flaps for added security.",https://d11ak7fd9ypfb7.cloudfront.net/styles1100px/F127NAR.jpg,,0.0,TRUE,InStock,0.999,,F127NAR42,,,,Size,DROP_DOWN,42,Color,DROP_DOWN,Navy,,,,,,,,,,,,,Fit,<p>R</p>,Length,<p>43</p>,Width,<p>28</p>,Height,<p>52</p>,Box Quantity,<p>36</p>,Inner Pack Quantity,<p>1</p>,Country Of Origin,<p>BD</p>,Standards,<p></p>,,,,
F127,Variant,,"This pant has all the original styling of the modern-day work pant. Plus our Yellow/Sliver enhanced reflective tape for all day visibility. Constructed from our rugged, pre-shrunk Kingsmill fabric, the combat pant is built to take on the toughest of jobs. Multiple utility pockets are featured with Hook and Loop flaps for added security.",https://d11ak7fd9ypfb7.cloudfront.net/styles1100px/F127NAR.jpg,,0.0,TRUE,InStock,0.999,,F127NAR44,,,,Size,DROP_DOWN,44,Color,DROP_DOWN,Navy,,,,,,,,,,,,,Fit,<p>R</p>,Length,<p>43</p>,Width,<p>28</p>,Height,<p>52</p>,Box Quantity,<p>36</p>,Inner Pack Quantity,<p>1</p>,Country Of Origin,<p>BD</p>,Standards,<p></p>,,,,
F127,Variant,,"This pant has all the original styling of the modern-day work pant. Plus our Yellow/Sliver enhanced reflective tape for all day visibility. Constructed from our rugged, pre-shrunk Kingsmill fabric, the combat pant is built to take on the toughest of jobs. Multiple utility pockets are featured with Hook and Loop flaps for added security.",https://d11ak7fd9ypfb7.cloudfront.net/styles1100px/F127NAR.jpg,,0.0,TRUE,InStock,0.999,,F127NAR46,,,,Size,DROP_DOWN,46,Color,DROP_DOWN,Navy,,,,,,,,,,,,,Fit,<p>R</p>,Length,<p>43</p>,Width,<p>28</p>,Height,<p>52</p>,Box Quantity,<p>36</p>,Inner Pack Quantity,<p>1</p>,Country Of Origin,<p>BD</p>,Standards,<p></p>,,,,
F127,Variant,,"This pant has all the original styling of the modern-day work pant. Plus our Yellow/Sliver enhanced reflective tape for all day visibility. Constructed from our rugged, pre-shrunk Kingsmill fabric, the combat pant is built to take on the toughest of jobs. Multiple utility pockets are featured with Hook and Loop flaps for added security.",https://d11ak7fd9ypfb7.cloudfront.net/styles1100px/F127NAR.jpg,,0.0,TRUE,InStock,0.999,,F127NAR48,,,,Size,DROP_DOWN,48,Color,DROP_DOWN,Navy,,,,,,,,,,,,,Fit,<p>R</p>,Length,<p>43</p>,Width,<p>28</p>,Height,<p>52</p>,Box Quantity,<p>36</p>,Inner Pack Quantity,<p>1</p>,Country Of Origin,<p>BD</p>,Standards,<p></p>,,,,
F127,Variant,,"This pant has all the original styling of the modern-day work pant. Plus our Yellow/Sliver enhanced reflective tape for all day visibility. Constructed from our rugged, pre-shrunk Kingsmill fabric, the combat pant is built to take on the toughest of jobs. Multiple utility pockets are featured with Hook and Loop flaps for added security.",https://d11ak7fd9ypfb7.cloudfront.net/styles1100px/F127NAR.jpg,,0.0,TRUE,InStock,0.999,,F127NAR50,,,,Size,DROP_DOWN,50,Color,DROP_DOWN,Navy,,,,,,,,,,,,,Fit,<p>R</p>,Length,<p>43</p>,Width,<p>28</p>,Height,<p>52</p>,Box Quantity,<p>36</p>,Inner Pack Quantity,<p>1</p>,Country Of Origin,<p>BD</p>,Standards,<p></p>,,,,
F127,Variant,,"This pant has all the original styling of the modern-day work pant. Plus our Yellow/Sliver enhanced reflective tape for all day visibility. Constructed from our rugged, pre-shrunk Kingsmill fabric, the combat pant is built to take on the toughest of jobs. Multiple utility pockets are featured with Hook and Loop flaps for added security.",https://d11ak7fd9ypfb7.cloudfront.net/styles1100px/F127NAR.jpg,,0.0,TRUE,InStock,0.999,,F127NAR52,,,,Size,DROP_DOWN,52,Color,DROP_DOWN,Navy,,,,,,,,,,,,,Fit,<p>R</p>,Length,<p>43</p>,Width,<p>28</p>,Height,<p>52</p>,Box Quantity,<p>36</p>,Inner Pack Quantity,<p>1</p>,Country Of Origin,<p>BD</p>,Standards,<p></p>,,,,
F128,Product,F128 - Iona Xtra Coverall,"Designed for comfort with safety in mind. Features include kneepad pockets, action back, stud adjustable cuffs, functional pockets and a hammer loop with enhanced yellow and reflective tape on arms, legs and shoulders.",https://d11ak7fd9ypfb7.cloudfront.net/styles1100px/F128NAR.jpg,59.0,0.0,TRUE,InStock,0.999,,F128NAR4XL,,,,Size,DROP_DOWN,S;M;L;XL;XXL;XXXL;4XL;5XL;6XL,Color,DROP_DOWN,Navy,,,,,,,,,,,,,Fit,<p>R</p>,Length,<p>43</p>,Width,<p>28</p>,Height,<p>52</p>,Box Quantity,<p>18</p>,Inner Pack Quantity,<p>1</p>,Country Of Origin,<p>BD</p>,Standards,<p></p>,,,,
F128,Variant,,"Designed for comfort with safety in mind. Features include kneepad pockets, action back, stud adjustable cuffs, functional pockets and a hammer loop with enhanced yellow and reflective tape on arms, legs and shoulders.",https://d11ak7fd9ypfb7.cloudfront.net/styles1100px/F128NAR.jpg,,0.0,TRUE,InStock,0.999,,F128NAR4XL,,,,Size,DROP_DOWN,4XL,Color,DROP_DOWN,Navy,,,,,,,,,,,,,Fit,<p>R</p>,Length,<p>43</p>,Width,<p>28</p>,Height,<p>52</p>,Box Quantity,<p>18</p>,Inner Pack Quantity,<p>1</p>,Country Of Origin,<p>BD</p>,Standards,<p></p>,,,,
F128,Variant,,"Designed for comfort with safety in mind. Features include kneepad pockets, action back, stud adjustable cuffs, functional pockets and a hammer loop with enhanced yellow and reflective tape on arms, legs and shoulders.",https://d11ak7fd9ypfb7.cloudfront.net/styles1100px/F128NAR.jpg,,0.0,TRUE,InStock,0.999,,F128NAR5XL,,,,Size,DROP_DOWN,5XL,Color,DROP_DOWN,Navy,,,,,,,,,,,,,Fit,<p>R</p>,Length,<p>43</p>,Width,<p>28</p>,Height,<p>52</p>,Box Quantity,<p>18</p>,Inner Pack Quantity,<p>1</p>,Country Of Origin,<p>BD</p>,Standards,<p></p>,,,,
F128,Variant,,"Designed for comfort with safety in mind. Features include kneepad pockets, action back, stud adjustable cuffs, functional pockets and a hammer loop with enhanced yellow and reflective tape on arms, legs and shoulders.",https://d11ak7fd9ypfb7.cloudfront.net/styles1100px/F128NAR.jpg,,0.0,TRUE,InStock,0.999,,F128NAR6XL,,,,Size,DROP_DOWN,6XL,Color,DROP_DOWN,Navy,,,,,,,,,,,,,Fit,<p>R</p>,Length,<p>43</p>,Width,<p>28</p>,Height,<p>52</p>,Box Quantity,<p>18</p>,Inner Pack Quantity,<p>1</p>,Country Of Origin,<p>BD</p>,Standards,<p></p>,,,,
F128,Variant,,"Designed for comfort with safety in mind. Features include kneepad pockets, action back, stud adjustable cuffs, functional pockets and a hammer loop with enhanced yellow and reflective tape on arms, legs and shoulders.",https://d11ak7fd9ypfb7.cloudfront.net/styles1100px/F128NAR.jpg,,0.0,TRUE,InStock,0.999,,F128NARL,,,,Size,DROP_DOWN,L,Color,DROP_DOWN,Navy,,,,,,,,,,,,,Fit,<p>R</p>,Length,<p>43</p>,Width,<p>28</p>,Height,<p>52</p>,Box Quantity,<p>18</p>,Inner Pack Quantity,<p>1</p>,Country Of Origin,<p>BD</p>,Standards,<p></p>,,,,
F128,Variant,,"Designed for comfort with safety in mind. Features include kneepad pockets, action back, stud adjustable cuffs, functional pockets and a hammer loop with enhanced yellow and reflective tape on arms, legs and shoulders.",https://d11ak7fd9ypfb7.cloudfront.net/styles1100px/F128NAR.jpg,,0.0,TRUE,InStock,0.999,,F128NARM,,,,Size,DROP_DOWN,M,Color,DROP_DOWN,Navy,,,,,,,,,,,,,Fit,<p>R</p>,Length,<p>43</p>,Width,<p>28</p>,Height,<p>52</p>,Box Quantity,<p>18</p>,Inner Pack Quantity,<p>1</p>,Country Of Origin,<p>BD</p>,Standards,<p></p>,,,,
F128,Variant,,"Designed for comfort with safety in mind. Features include kneepad pockets, action back, stud adjustable cuffs, functional pockets and a hammer loop with enhanced yellow and reflective tape on arms, legs and shoulders.",https://d11ak7fd9ypfb7.cloudfront.net/styles1100px/F128NAR.jpg,,0.0,TRUE,InStock,0.999,,F128NARS,,,,Size,DROP_DOWN,S,Color,DROP_DOWN,Navy,,,,,,,,,,,,,Fit,<p>R</p>,Length,<p>43</p>,Width,<p>28</p>,Height,<p>52</p>,Box Quantity,<p>18</p>,Inner Pack Quantity,<p>1</p>,Country Of Origin,<p>BD</p>,Standards,<p></p>,,,,
F128,Variant,,"Designed for comfort with safety in mind. Features include kneepad pockets, action back, stud adjustable cuffs, functional pockets and a hammer loop with enhanced yellow and reflective tape on arms, legs and shoulders.",https://d11ak7fd9ypfb7.cloudfront.net/styles1100px/F128NAR.jpg,,0.0,TRUE,InStock,0.999,,F128NARXL,,,,Size,DROP_DOWN,XL,Color,DROP_DOWN,Navy,,,,,,,,,,,,,Fit,<p>R</p>,Length,<p>43</p>,Width,<p>28</p>,Height,<p>52</p>,Box Quantity,<p>18</p>,Inner Pack Quantity,<p>1</p>,Country Of Origin,<p>BD</p>,Standards,<p></p>,,,,
F128,Variant,,"Designed for comfort with safety in mind. Features include kneepad pockets, action back, stud adjustable cuffs, functional pockets and a hammer loop with enhanced yellow and reflective tape on arms, legs and shoulders.",https://d11ak7fd9ypfb7.cloudfront.net/styles1100px/F128NAR.jpg,,0.0,TRUE,InStock,0.999,,F128NARXXL,,,,Size,DROP_DOWN,XXL,Color,DROP_DOWN,Navy,,,,,,,,,,,,,Fit,<p>R</p>,Length,<p>43</p>,Width,<p>28</p>,Height,<p>52</p>,Box Quantity,<p>18</p>,Inner Pack Quantity,<p>1</p>,Country Of Origin,<p>BD</p>,Standards,<p></p>,,,,
F128,Variant,,"Designed for comfort with safety in mind. Features include kneepad pockets, action back, stud adjustable cuffs, functional pockets and a hammer loop with enhanced yellow and reflective tape on arms, legs and shoulders.",https://d11ak7fd9ypfb7.cloudfront.net/styles1100px/F128NAR.jpg,,0.0,TRUE,InStock,0.999,,F128NARXXXL,,,,Size,DROP_DOWN,XXXL,Color,DROP_DOWN,Navy,,,,,,,,,,,,,Fit,<p>R</p>,Length,<p>43</p>,Width,<p>28</p>,Height,<p>52</p>,Box Quantity,<p>18</p>,Inner Pack Quantity,<p>1</p>,Country Of Origin,<p>BD</p>,Standards,<p></p>,,,,
F129,Product,F129 - Iona Xtra Cotton Coverall,This coverall is 100% cotton for ultimate comfort in heat. Along with our Iona enhanced viability tape it makes it ideal for safety in the work place.,https://d11ak7fd9ypfb7.cloudfront.net/styles1100px/F129NAR.jpg,55.9,0.0,TRUE,InStock,0.999,,F129NAR4XL,,,,Size,DROP_DOWN,S;M;L;XL;XXL;XXXL;4XL;5XL;6XL,Color,DROP_DOWN,Navy,,,,,,,,,,,,,Fit,<p>R</p>,Length,<p>43</p>,Width,<p>28</p>,Height,<p>58</p>,Box Quantity,<p>24</p>,Inner Pack Quantity,<p>1</p>,Country Of Origin,<p>BD</p>,Standards,<p></p>,,,,
F129,Variant,,This coverall is 100% cotton for ultimate comfort in heat. Along with our Iona enhanced viability tape it makes it ideal for safety in the work place.,https://d11ak7fd9ypfb7.cloudfront.net/styles1100px/F129NAR.jpg,,0.0,TRUE,InStock,0.999,,F129NAR4XL,,,,Size,DROP_DOWN,4XL,Color,DROP_DOWN,Navy,,,,,,,,,,,,,Fit,<p>R</p>,Length,<p>43</p>,Width,<p>28</p>,Height,<p>58</p>,Box Quantity,<p>24</p>,Inner Pack Quantity,<p>1</p>,Country Of Origin,<p>BD</p>,Standards,<p></p>,,,,
F129,Variant,,This coverall is 100% cotton for ultimate comfort in heat. Along with our Iona enhanced viability tape it makes it ideal for safety in the work place.,https://d11ak7fd9ypfb7.cloudfront.net/styles1100px/F129NAR.jpg,,0.0,TRUE,InStock,0.999,,F129NAR5XL,,,,Size,DROP_DOWN,5XL,Color,DROP_DOWN,Navy,,,,,,,,,,,,,Fit,<p>R</p>,Length,<p>43</p>,Width,<p>28</p>,Height,<p>58</p>,Box Quantity,<p>24</p>,Inner Pack Quantity,<p>1</p>,Country Of Origin,<p>BD</p>,Standards,<p></p>,,,,
F129,Variant,,This coverall is 100% cotton for ultimate comfort in heat. Along with our Iona enhanced viability tape it makes it ideal for safety in the work place.,https://d11ak7fd9ypfb7.cloudfront.net/styles1100px/F129NAR.jpg,,0.0,TRUE,InStock,0.999,,F129NAR6XL,,,,Size,DROP_DOWN,6XL,Color,DROP_DOWN,Navy,,,,,,,,,,,,,Fit,<p>R</p>,Length,<p>43</p>,Width,<p>28</p>,Height,<p>58</p>,Box Quantity,<p>24</p>,Inner Pack Quantity,<p>1</p>,Country Of Origin,<p>BD</p>,Standards,<p></p>,,,,
F129,Variant,,This coverall is 100% cotton for ultimate comfort in heat. Along with our Iona enhanced viability tape it makes it ideal for safety in the work place.,https://d11ak7fd9ypfb7.cloudfront.net/styles1100px/F129NAR.jpg,,0.0,TRUE,InStock,0.999,,F129NARL,,,,Size,DROP_DOWN,L,Color,DROP_DOWN,Navy,,,,,,,,,,,,,Fit,<p>R</p>,Length,<p>43</p>,Width,<p>28</p>,Height,<p>55</p>,Box Quantity,<p>24</p>,Inner Pack Quantity,<p>1</p>,Country Of Origin,<p>BD</p>,Standards,<p></p>,,,,
F129,Variant,,This coverall is 100% cotton for ultimate comfort in heat. Along with our Iona enhanced viability tape it makes it ideal for safety in the work place.,https://d11ak7fd9ypfb7.cloudfront.net/styles1100px/F129NAR.jpg,,0.0,TRUE,InStock,0.999,,F129NARM,,,,Size,DROP_DOWN,M,Color,DROP_DOWN,Navy,,,,,,,,,,,,,Fit,<p>R</p>,Length,<p>43</p>,Width,<p>28</p>,Height,<p>55</p>,Box Quantity,<p>24</p>,Inner Pack Quantity,<p>1</p>,Country Of Origin,<p>BD</p>,Standards,<p></p>,,,,
F129,Variant,,This coverall is 100% cotton for ultimate comfort in heat. Along with our Iona enhanced viability tape it makes it ideal for safety in the work place.,https://d11ak7fd9ypfb7.cloudfront.net/styles1100px/F129NAR.jpg,,0.0,TRUE,InStock,0.999,,F129NARS,,,,Size,DROP_DOWN,S,Color,DROP_DOWN,Navy,,,,,,,,,,,,,Fit,<p>R</p>,Length,<p>43</p>,Width,<p>28</p>,Height,<p>55</p>,Box Quantity,<p>24</p>,Inner Pack Quantity,<p>1</p>,Country Of Origin,<p>BD</p>,Standards,<p></p>,,,,
F129,Variant,,This coverall is 100% cotton for ultimate comfort in heat. Along with our Iona enhanced viability tape it makes it ideal for safety in the work place.,https://d11ak7fd9ypfb7.cloudfront.net/styles1100px/F129NAR.jpg,,0.0,TRUE,InStock,0.999,,F129NARXL,,,,Size,DROP_DOWN,XL,Color,DROP_DOWN,Navy,,,,,,,,,,,,,Fit,<p>R</p>,Length,<p>43</p>,Width,<p>28</p>,Height,<p>55</p>,Box Quantity,<p>24</p>,Inner Pack Quantity,<p>1</p>,Country Of Origin,<p>BD</p>,Standards,<p></p>,,,,
F129,Variant,,This coverall is 100% cotton for ultimate comfort in heat. Along with our Iona enhanced viability tape it makes it ideal for safety in the work place.,https://d11ak7fd9ypfb7.cloudfront.net/styles1100px/F129NAR.jpg,,0.0,TRUE,InStock,0.999,,F129NARXXL,,,,Size,DROP_DOWN,XXL,Color,DROP_DOWN,Navy,,,,,,,,,,,,,Fit,<p>R</p>,Length,<p>43</p>,Width,<p>28</p>,Height,<p>58</p>,Box Quantity,<p>24</p>,Inner Pack Quantity,<p>1</p>,Country Of Origin,<p>BD</p>,Standards,<p></p>,,,,
F129,Variant,,This coverall is 100% cotton for ultimate comfort in heat. Along with our Iona enhanced viability tape it makes it ideal for safety in the work place.,https://d11ak7fd9ypfb7.cloudfront.net/styles1100px/F129NAR.jpg,,0.0,TRUE,InStock,0.999,,F129NARXXXL,,,,Size,DROP_DOWN,XXXL,Color,DROP_DOWN,Navy,,,,,,,,,,,,,Fit,<p>R</p>,Length,<p>43</p>,Width,<p>28</p>,Height,<p>58</p>,Box Quantity,<p>24</p>,Inner Pack Quantity,<p>1</p>,Country Of Origin,<p>BD</p>,Standards,<p></p>,,,,
F130,Product,F130 - Iona Xtra Enhanced Hoodie,"Stylish and practical, this hoodie combines comfort and safety in the working environment. The Iona enhance visibility tape ensures the wearer is more visible, while the fabric combining polyester and cotton provides comfort, warmth and durability.",https://d11ak7fd9ypfb7.cloudfront.net/styles1100px/F130NAR.jpg,57.4,0.0,TRUE,InStock,0.999,,F130NAR4XL,,,,Size,DROP_DOWN,S;M;L;XL;XXL;XXXL;4XL;5XL;6XL,Color,DROP_DOWN,Navy,,,,,,,,,,,,,Fit,<p>R</p>,Length,<p>65</p>,Width,<p>40</p>,Height,<p>43</p>,Box Quantity,<p>24</p>,Inner Pack Quantity,<p>1</p>,Country Of Origin,<p>BD</p>,Standards,<p></p>,,,,
F130,Variant,,"Stylish and practical, this hoodie combines comfort and safety in the working environment. The Iona enhance visibility tape ensures the wearer is more visible, while the fabric combining polyester and cotton provides comfort, warmth and durability.",https://d11ak7fd9ypfb7.cloudfront.net/styles1100px/F130NAR.jpg,,0.0,TRUE,InStock,0.999,,F130NAR4XL,,,,Size,DROP_DOWN,4XL,Color,DROP_DOWN,Navy,,,,,,,,,,,,,Fit,<p>R</p>,Length,<p>65</p>,Width,<p>40</p>,Height,<p>43</p>,Box Quantity,<p>24</p>,Inner Pack Quantity,<p>1</p>,Country Of Origin,<p>BD</p>,Standards,<p></p>,,,,
F130,Variant,,"Stylish and practical, this hoodie combines comfort and safety in the working environment. The Iona enhance visibility tape ensures the wearer is more visible, while the fabric combining polyester and cotton provides comfort, warmth and durability.",https://d11ak7fd9ypfb7.cloudfront.net/styles1100px/F130NAR.jpg,,0.0,TRUE,InStock,0.999,,F130NAR5XL,,,,Size,DROP_DOWN,5XL,Color,DROP_DOWN,Navy,,,,,,,,,,,,,Fit,<p>R</p>,Length,<p>65</p>,Width,<p>40</p>,Height,<p>43</p>,Box Quantity,<p>24</p>,Inner Pack Quantity,<p>1</p>,Country Of Origin,<p>BD</p>,Standards,<p></p>,,,,
F130,Variant,,"Stylish and practical, this hoodie combines comfort and safety in the working environment. The Iona enhance visibility tape ensures the wearer is more visible, while the fabric combining polyester and cotton provides comfort, warmth and durability.",https://d11ak7fd9ypfb7.cloudfront.net/styles1100px/F130NAR.jpg,,0.0,TRUE,InStock,0.999,,F130NAR6XL,,,,Size,DROP_DOWN,6XL,Color,DROP_DOWN,Navy,,,,,,,,,,,,,Fit,<p>R</p>,Length,<p>65</p>,Width,<p>40</p>,Height,<p>43</p>,Box Quantity,<p>24</p>,Inner Pack Quantity,<p>1</p>,Country Of Origin,<p>BD</p>,Standards,<p></p>,,,,
F130,Variant,,"Stylish and practical, this hoodie combines comfort and safety in the working environment. The Iona enhance visibility tape ensures the wearer is more visible, while the fabric combining polyester and cotton provides comfort, warmth and durability.",https://d11ak7fd9ypfb7.cloudfront.net/styles1100px/F130NAR.jpg,,0.0,TRUE,InStock,0.999,,F130NARL,,,,Size,DROP_DOWN,L,Color,DROP_DOWN,Navy,,,,,,,,,,,,,Fit,<p>R</p>,Length,<p>65</p>,Width,<p>40</p>,Height,<p>43</p>,Box Quantity,<p>24</p>,Inner Pack Quantity,<p>1</p>,Country Of Origin,<p>BD</p>,Standards,<p></p>,,,,
F130,Variant,,"Stylish and practical, this hoodie combines comfort and safety in the working environment. The Iona enhance visibility tape ensures the wearer is more visible, while the fabric combining polyester and cotton provides comfort, warmth and durability.",https://d11ak7fd9ypfb7.cloudfront.net/styles1100px/F130NAR.jpg,,0.0,TRUE,InStock,0.999,,F130NARM,,,,Size,DROP_DOWN,M,Color,DROP_DOWN,Navy,,,,,,,,,,,,,Fit,<p>R</p>,Length,<p>65</p>,Width,<p>40</p>,Height,<p>43</p>,Box Quantity,<p>24</p>,Inner Pack Quantity,<p>1</p>,Country Of Origin,<p>BD</p>,Standards,<p></p>,,,,
F130,Variant,,"Stylish and practical, this hoodie combines comfort and safety in the working environment. The Iona enhance visibility tape ensures the wearer is more visible, while the fabric combining polyester and cotton provides comfort, warmth and durability.",https://d11ak7fd9ypfb7.cloudfront.net/styles1100px/F130NAR.jpg,,0.0,TRUE,InStock,0.999,,F130NARS,,,,Size,DROP_DOWN,S,Color,DROP_DOWN,Navy,,,,,,,,,,,,,Fit,<p>R</p>,Length,<p>65</p>,Width,<p>40</p>,Height,<p>43</p>,Box Quantity,<p>24</p>,Inner Pack Quantity,<p>1</p>,Country Of Origin,<p>BD</p>,Standards,<p></p>,,,,
F130,Variant,,"Stylish and practical, this hoodie combines comfort and safety in the working environment. The Iona enhance visibility tape ensures the wearer is more visible, while the fabric combining polyester and cotton provides comfort, warmth and durability.",https://d11ak7fd9ypfb7.cloudfront.net/styles1100px/F130NAR.jpg,,0.0,TRUE,InStock,0.999,,F130NARXL,,,,Size,DROP_DOWN,XL,Color,DROP_DOWN,Navy,,,,,,,,,,,,,Fit,<p>R</p>,Length,<p>65</p>,Width,<p>40</p>,Height,<p>43</p>,Box Quantity,<p>24</p>,Inner Pack Quantity,<p>1</p>,Country Of Origin,<p>BD</p>,Standards,<p></p>,,,,
F130,Variant,,"Stylish and practical, this hoodie combines comfort and safety in the working environment. The Iona enhance visibility tape ensures the wearer is more visible, while the fabric combining polyester and cotton provides comfort, warmth and durability.",https://d11ak7fd9ypfb7.cloudfront.net/styles1100px/F130NAR.jpg,,0.0,TRUE,InStock,0.999,,F130NARXXL,,,,Size,DROP_DOWN,XXL,Color,DROP_DOWN,Navy,,,,,,,,,,,,,Fit,<p>R</p>,Length,<p>65</p>,Width,<p>40</p>,Height,<p>43</p>,Box Quantity,<p>24</p>,Inner Pack Quantity,<p>1</p>,Country Of Origin,<p>BD</p>,Standards,<p></p>,,,,
F130,Variant,,"Stylish and practical, this hoodie combines comfort and safety in the working environment. The Iona enhance visibility tape ensures the wearer is more visible, while the fabric combining polyester and cotton provides comfort, warmth and durability.",https://d11ak7fd9ypfb7.cloudfront.net/styles1100px/F130NAR.jpg,,0.0,TRUE,InStock,0.999,,F130NARXXXL,,,,Size,DROP_DOWN,XXXL,Color,DROP_DOWN,Navy,,,,,,,,,,,,,Fit,<p>R</p>,Length,<p>65</p>,Width,<p>40</p>,Height,<p>43</p>,Box Quantity,<p>24</p>,Inner Pack Quantity,<p>1</p>,Country Of Origin,<p>BD</p>,Standards,<p></p>,,,,
F131,Product,F131 - Iona Xtra Enhanced T-Shirt,Our Iona Xtra polo shirt incorporates the Iona enhanced visibility tape to make the wearer more visible. The fabric has superior wicking properties so moisture is drawn quickly away from the body - ideal for warm conditions.,https://d11ak7fd9ypfb7.cloudfront.net/styles1100px/F131NAR.jpg,19.8,0.0,TRUE,InStock,0.999,,F131NAR4XL,,,,Size,DROP_DOWN,S;M;L;XL;XXL;XXXL;4XL;5XL;6XL,Color,DROP_DOWN,Navy,,,,,,,,,,,,,Fit,<p>R</p>,Length,<p>55</p>,Width,<p>36</p>,Height,<p>34</p>,Box Quantity,<p>48</p>,Inner Pack Quantity,<p>1</p>,Country Of Origin,<p>BD</p>,Standards,<p></p>,,,,
F131,Variant,,Our Iona Xtra polo shirt incorporates the Iona enhanced visibility tape to make the wearer more visible. The fabric has superior wicking properties so moisture is drawn quickly away from the body - ideal for warm conditions.,https://d11ak7fd9ypfb7.cloudfront.net/styles1100px/F131NAR.jpg,,0.0,TRUE,InStock,0.999,,F131NAR4XL,,,,Size,DROP_DOWN,4XL,Color,DROP_DOWN,Navy,,,,,,,,,,,,,Fit,<p>R</p>,Length,<p>55</p>,Width,<p>36</p>,Height,<p>34</p>,Box Quantity,<p>48</p>,Inner Pack Quantity,<p>1</p>,Country Of Origin,<p>BD</p>,Standards,<p></p>,,,,
F131,Variant,,Our Iona Xtra polo shirt incorporates the Iona enhanced visibility tape to make the wearer more visible. The fabric has superior wicking properties so moisture is drawn quickly away from the body - ideal for warm conditions.,https://d11ak7fd9ypfb7.cloudfront.net/styles1100px/F131NAR.jpg,,0.0,TRUE,InStock,0.999,,F131NAR5XL,,,,Size,DROP_DOWN,5XL,Color,DROP_DOWN,Navy,,,,,,,,,,,,,Fit,<p>R</p>,Length,<p>55</p>,Width,<p>36</p>,Height,<p>34</p>,Box Quantity,<p>48</p>,Inner Pack Quantity,<p>1</p>,Country Of Origin,<p>BD</p>,Standards,<p></p>,,,,
F131,Variant,,Our Iona Xtra polo shirt incorporates the Iona enhanced visibility tape to make the wearer more visible. The fabric has superior wicking properties so moisture is drawn quickly away from the body - ideal for warm conditions.,https://d11ak7fd9ypfb7.cloudfront.net/styles1100px/F131NAR.jpg,,0.0,TRUE,InStock,0.999,,F131NAR6XL,,,,Size,DROP_DOWN,6XL,Color,DROP_DOWN,Navy,,,,,,,,,,,,,Fit,<p>R</p>,Length,<p>55</p>,Width,<p>36</p>,Height,<p>34</p>,Box Quantity,<p>48</p>,Inner Pack Quantity,<p>1</p>,Country Of Origin,<p>BD</p>,Standards,<p></p>,,,,
F131,Variant,,Our Iona Xtra polo shirt incorporates the Iona enhanced visibility tape to make the wearer more visible. The fabric has superior wicking properties so moisture is drawn quickly away from the body - ideal for warm conditions.,https://d11ak7fd9ypfb7.cloudfront.net/styles1100px/F131NAR.jpg,,0.0,TRUE,InStock,0.999,,F131NARL,,,,Size,DROP_DOWN,L,Color,DROP_DOWN,Navy,,,,,,,,,,,,,Fit,<p>R</p>,Length,<p>55</p>,Width,<p>36</p>,Height,<p>34</p>,Box Quantity,<p>48</p>,Inner Pack Quantity,<p>1</p>,Country Of Origin,<p>BD</p>,Standards,<p></p>,,,,
F131,Variant,,Our Iona Xtra polo shirt incorporates the Iona enhanced visibility tape to make the wearer more visible. The fabric has superior wicking properties so moisture is drawn quickly away from the body - ideal for warm conditions.,https://d11ak7fd9ypfb7.cloudfront.net/styles1100px/F131NAR.jpg,,0.0,TRUE,InStock,0.999,,F131NARM,,,,Size,DROP_DOWN,M,Color,DROP_DOWN,Navy,,,,,,,,,,,,,Fit,<p>R</p>,Length,<p>55</p>,Width,<p>36</p>,Height,<p>34</p>,Box Quantity,<p>48</p>,Inner Pack Quantity,<p>1</p>,Country Of Origin,<p>BD</p>,Standards,<p></p>,,,,
F131,Variant,,Our Iona Xtra polo shirt incorporates the Iona enhanced visibility tape to make the wearer more visible. The fabric has superior wicking properties so moisture is drawn quickly away from the body - ideal for warm conditions.,https://d11ak7fd9ypfb7.cloudfront.net/styles1100px/F131NAR.jpg,,0.0,TRUE,InStock,0.999,,F131NARS,,,,Size,DROP_DOWN,S,Color,DROP_DOWN,Navy,,,,,,,,,,,,,Fit,<p>R</p>,Length,<p>55</p>,Width,<p>36</p>,Height,<p>34</p>,Box Quantity,<p>48</p>,Inner Pack Quantity,<p>1</p>,Country Of Origin,<p>BD</p>,Standards,<p></p>,,,,
F131,Variant,,Our Iona Xtra polo shirt incorporates the Iona enhanced visibility tape to make the wearer more visible. The fabric has superior wicking properties so moisture is drawn quickly away from the body - ideal for warm conditions.,https://d11ak7fd9ypfb7.cloudfront.net/styles1100px/F131NAR.jpg,,0.0,TRUE,InStock,0.999,,F131NARXL,,,,Size,DROP_DOWN,XL,Color,DROP_DOWN,Navy,,,,,,,,,,,,,Fit,<p>R</p>,Length,<p>55</p>,Width,<p>36</p>,Height,<p>34</p>,Box Quantity,<p>48</p>,Inner Pack Quantity,<p>1</p>,Country Of Origin,<p>BD</p>,Standards,<p></p>,,,,
F131,Variant,,Our Iona Xtra polo shirt incorporates the Iona enhanced visibility tape to make the wearer more visible. The fabric has superior wicking properties so moisture is drawn quickly away from the body - ideal for warm conditions.,https://d11ak7fd9ypfb7.cloudfront.net/styles1100px/F131NAR.jpg,,0.0,TRUE,InStock,0.999,,F131NARXXL,,,,Size,DROP_DOWN,XXL,Color,DROP_DOWN,Navy,,,,,,,,,,,,,Fit,<p>R</p>,Length,<p>55</p>,Width,<p>36</p>,Height,<p>34</p>,Box Quantity,<p>48</p>,Inner Pack Quantity,<p>1</p>,Country Of Origin,<p>BD</p>,Standards,<p></p>,,,,
F131,Variant,,Our Iona Xtra polo shirt incorporates the Iona enhanced visibility tape to make the wearer more visible. The fabric has superior wicking properties so moisture is drawn quickly away from the body - ideal for warm conditions.,https://d11ak7fd9ypfb7.cloudfront.net/styles1100px/F131NAR.jpg,,0.0,TRUE,InStock,0.999,,F131NARXXXL,,,,Size,DROP_DOWN,XXXL,Color,DROP_DOWN,Navy,,,,,,,,,,,,,Fit,<p>R</p>,Length,<p>55</p>,Width,<p>36</p>,Height,<p>34</p>,Box Quantity,<p>48</p>,Inner Pack Quantity,<p>1</p>,Country Of Origin,<p>BD</p>,Standards,<p></p>,,,,
F140,Product,F140 - Iona Plus Polo Shirt,"This product does not comply with ANSI/ISEA 107-2015 2"" silver HiVisTex Pro reflective tape with contrast material 100% polyester moisture wicking fabric Ribbed collar Side vents Loop at placket ideal for attaching glasses/pens",https://d11ak7fd9ypfb7.cloudfront.net/styles1100px/F140BKR.jpg,30.4,0.0,TRUE,InStock,0.999,,F140BKR4XL,,,,Size,DROP_DOWN,S;M;L;XL;XXL;XXXL;4XL;5XL,Color,DROP_DOWN,Black,,,,,,,,,,,,,Fit,<p>R</p>,Length,<p>55</p>,Width,<p>36</p>,Height,<p>40</p>,Box Quantity,<p>48</p>,Inner Pack Quantity,<p>1</p>,Country Of Origin,<p>BD</p>,Standards,<p></p>,,,,
F140,Variant,,"This product does not comply with ANSI/ISEA 107-2015 2"" silver HiVisTex Pro reflective tape with contrast material 100% polyester moisture wicking fabric Ribbed collar Side vents Loop at placket ideal for attaching glasses/pens",https://d11ak7fd9ypfb7.cloudfront.net/styles1100px/F140BKR.jpg,,0.0,TRUE,InStock,0.999,,F140BKR4XL,,,,Size,DROP_DOWN,4XL,Color,DROP_DOWN,Black,,,,,,,,,,,,,Fit,<p>R</p>,Length,<p>55</p>,Width,<p>36</p>,Height,<p>40</p>,Box Quantity,<p>48</p>,Inner Pack Quantity,<p>1</p>,Country Of Origin,<p>BD</p>,Standards,<p></p>,,,,
F140,Variant,,"This product does not comply with ANSI/ISEA 107-2015 2"" silver HiVisTex Pro reflective tape with contrast material 100% polyester moisture wicking fabric Ribbed collar Side vents Loop at placket ideal for attaching glasses/pens",https://d11ak7fd9ypfb7.cloudfront.net/styles1100px/F140BKR.jpg,,0.0,TRUE,InStock,0.999,,F140BKR5XL,,,,Size,DROP_DOWN,5XL,Color,DROP_DOWN,Black,,,,,,,,,,,,,Fit,<p>R</p>,Length,<p>55</p>,Width,<p>36</p>,Height,<p>40</p>,Box Quantity,<p>48</p>,Inner Pack Quantity,<p>1</p>,Country Of Origin,<p>BD</p>,Standards,<p></p>,,,,
F140,Variant,,"This product does not comply with ANSI/ISEA 107-2015 2"" silver HiVisTex Pro reflective tape with contrast material 100% polyester moisture wicking fabric Ribbed collar Side vents Loop at placket ideal for attaching glasses/pens",https://d11ak7fd9ypfb7.cloudfront.net/styles1100px/F140BKR.jpg,,0.0,TRUE,InStock,0.999,,F140BKRL,,,,Size,DROP_DOWN,L,Color,DROP_DOWN,Black,,,,,,,,,,,,,Fit,<p>R</p>,Length,<p>55</p>,Width,<p>36</p>,Height,<p>40</p>,Box Quantity,<p>48</p>,Inner Pack Quantity,<p>1</p>,Country Of Origin,<p>BD</p>,Standards,<p></p>,,,,
F140,Variant,,"This product does not comply with ANSI/ISEA 107-2015 2"" silver HiVisTex Pro reflective tape with contrast material 100% polyester moisture wicking fabric Ribbed collar Side vents Loop at placket ideal for attaching glasses/pens",https://d11ak7fd9ypfb7.cloudfront.net/styles1100px/F140BKR.jpg,,0.0,TRUE,InStock,0.999,,F140BKRM,,,,Size,DROP_DOWN,M,Color,DROP_DOWN,Black,,,,,,,,,,,,,Fit,<p>R</p>,Length,<p>55</p>,Width,<p>36</p>,Height,<p>40</p>,Box Quantity,<p>48</p>,Inner Pack Quantity,<p>1</p>,Country Of Origin,<p>BD</p>,Standards,<p></p>,,,,
F140,Variant,,"This product does not comply with ANSI/ISEA 107-2015 2"" silver HiVisTex Pro reflective tape with contrast material 100% polyester moisture wicking fabric Ribbed collar Side vents Loop at placket ideal for attaching glasses/pens",https://d11ak7fd9ypfb7.cloudfront.net/styles1100px/F140BKR.jpg,,0.0,TRUE,InStock,0.999,,F140BKRS,,,,Size,DROP_DOWN,S,Color,DROP_DOWN,Black,,,,,,,,,,,,,Fit,<p>R</p>,Length,<p>55</p>,Width,<p>36</p>,Height,<p>40</p>,Box Quantity,<p>48</p>,Inner Pack Quantity,<p>1</p>,Country Of Origin,<p>BD</p>,Standards,<p></p>,,,,
F140,Variant,,"This product does not comply with ANSI/ISEA 107-2015 2"" silver HiVisTex Pro reflective tape with contrast material 100% polyester moisture wicking fabric Ribbed collar Side vents Loop at placket ideal for attaching glasses/pens",https://d11ak7fd9ypfb7.cloudfront.net/styles1100px/F140BKR.jpg,,0.0,TRUE,InStock,0.999,,F140BKRXL,,,,Size,DROP_DOWN,XL,Color,DROP_DOWN,Black,,,,,,,,,,,,,Fit,<p>R</p>,Length,<p>55</p>,Width,<p>36</p>,Height,<p>40</p>,Box Quantity,<p>48</p>,Inner Pack Quantity,<p>1</p>,Country Of Origin,<p>BD</p>,Standards,<p></p>,,,,
F140,Variant,,"This product does not comply with ANSI/ISEA 107-2015 2"" silver HiVisTex Pro reflective tape with contrast material 100% polyester moisture wicking fabric Ribbed collar Side vents Loop at placket ideal for attaching glasses/pens",https://d11ak7fd9ypfb7.cloudfront.net/styles1100px/F140BKR.jpg,,0.0,TRUE,InStock,0.999,,F140BKRXXL,,,,Size,DROP_DOWN,XXL,Color,DROP_DOWN,Black,,,,,,,,,,,,,Fit,<p>R</p>,Length,<p>55</p>,Width,<p>36</p>,Height,<p>40</p>,Box Quantity,<p>48</p>,Inner Pack Quantity,<p>1</p>,Country Of Origin,<p>BD</p>,Standards,<p></p>,,,,
F140,Variant,,"This product does not comply with ANSI/ISEA 107-2015 2"" silver HiVisTex Pro reflective tape with contrast material 100% polyester moisture wicking fabric Ribbed collar Side vents Loop at placket ideal for attaching glasses/pens",https://d11ak7fd9ypfb7.cloudfront.net/styles1100px/F140BKR.jpg,,0.0,TRUE,InStock,0.999,,F140BKRXXXL,,,,Size,DROP_DOWN,XXXL,Color,DROP_DOWN,Black,,,,,,,,,,,,,Fit,<p>R</p>,Length,<p>55</p>,Width,<p>36</p>,Height,<p>40</p>,Box Quantity,<p>48</p>,Inner Pack Quantity,<p>1</p>,Country Of Origin,<p>BD</p>,Standards,<p></p>,,,,
F142,Product,F142 - Iona Plus Work Pants,"This product does not comply with ANSI/ISEA 107-2015 2"" silver HiVisTex Pro reflective tape with contrast material Hammer loop Triple stitched seams Elasticated waist Pockets: 2 side, 2 back,2 leg, 2 ruler and 2 knee Adjustable leg lengths",https://d11ak7fd9ypfb7.cloudfront.net/styles1100px/F142BKR.jpg,63.6,0.0,TRUE,InStock,0.999,,F142BKR28,,,,Size,DROP_DOWN,28;30;32;34;36;38;40;42;44;46;48,Color,DROP_DOWN,Black,,,,,,,,,,,,,Fit,<p>R</p>,Length,<p>43</p>,Width,<p>28</p>,Height,<p>50</p>,Box Quantity,<p>24</p>,Inner Pack Quantity,<p>1</p>,Country Of Origin,<p>BD</p>,Standards,<p></p>,,,,
F142,Variant,,"This product does not comply with ANSI/ISEA 107-2015 2"" silver HiVisTex Pro reflective tape with contrast material Hammer loop Triple stitched seams Elasticated waist Pockets: 2 side, 2 back,2 leg, 2 ruler and 2 knee Adjustable leg lengths",https://d11ak7fd9ypfb7.cloudfront.net/styles1100px/F142BKR.jpg,,0.0,TRUE,InStock,0.999,,F142BKR28,,,,Size,DROP_DOWN,28,Color,DROP_DOWN,Black,,,,,,,,,,,,,Fit,<p>R</p>,Length,<p>43</p>,Width,<p>28</p>,Height,<p>50</p>,Box Quantity,<p>24</p>,Inner Pack Quantity,<p>1</p>,Country Of Origin,<p>BD</p>,Standards,<p></p>,,,,
F142,Variant,,"This product does not comply with ANSI/ISEA 107-2015 2"" silver HiVisTex Pro reflective tape with contrast material Hammer loop Triple stitched seams Elasticated waist Pockets: 2 side, 2 back,2 leg, 2 ruler and 2 knee Adjustable leg lengths",https://d11ak7fd9ypfb7.cloudfront.net/styles1100px/F142BKR.jpg,,0.0,TRUE,InStock,0.999,,F142BKR30,,,,Size,DROP_DOWN,30,Color,DROP_DOWN,Black,,,,,,,,,,,,,Fit,<p>R</p>,Length,<p>43</p>,Width,<p>28</p>,Height,<p>50</p>,Box Quantity,<p>24</p>,Inner Pack Quantity,<p>1</p>,Country Of Origin,<p>BD</p>,Standards,<p></p>,,,,
F142,Variant,,"This product does not comply with ANSI/ISEA 107-2015 2"" silver HiVisTex Pro reflective tape with contrast material Hammer loop Triple stitched seams Elasticated waist Pockets: 2 side, 2 back,2 leg, 2 ruler and 2 knee Adjustable leg lengths",https://d11ak7fd9ypfb7.cloudfront.net/styles1100px/F142BKR.jpg,,0.0,TRUE,InStock,0.999,,F142BKR32,,,,Size,DROP_DOWN,32,Color,DROP_DOWN,Black,,,,,,,,,,,,,Fit,<p>R</p>,Length,<p>43</p>,Width,<p>28</p>,Height,<p>50</p>,Box Quantity,<p>24</p>,Inner Pack Quantity,<p>1</p>,Country Of Origin,<p>BD</p>,Standards,<p></p>,,,,
F142,Variant,,"This product does not comply with ANSI/ISEA 107-2015 2"" silver HiVisTex Pro reflective tape with contrast material Hammer loop Triple stitched seams Elasticated waist Pockets: 2 side, 2 back,2 leg, 2 ruler and 2 knee Adjustable leg lengths",https://d11ak7fd9ypfb7.cloudfront.net/styles1100px/F142BKR.jpg,,0.0,TRUE,InStock,0.999,,F142BKR34,,,,Size,DROP_DOWN,34,Color,DROP_DOWN,Black,,,,,,,,,,,,,Fit,<p>R</p>,Length,<p>43</p>,Width,<p>28</p>,Height,<p>50</p>,Box Quantity,<p>24</p>,Inner Pack Quantity,<p>1</p>,Country Of Origin,<p>BD</p>,Standards,<p></p>,,,,
F142,Variant,,"This product does not comply with ANSI/ISEA 107-2015 2"" silver HiVisTex Pro reflective tape with contrast material Hammer loop Triple stitched seams Elasticated waist Pockets: 2 side, 2 back,2 leg, 2 ruler and 2 knee Adjustable leg lengths",https://d11ak7fd9ypfb7.cloudfront.net/styles1100px/F142BKR.jpg,,0.0,TRUE,InStock,0.999,,F142BKR36,,,,Size,DROP_DOWN,36,Color,DROP_DOWN,Black,,,,,,,,,,,,,Fit,<p>R</p>,Length,<p>43</p>,Width,<p>28</p>,Height,<p>50</p>,Box Quantity,<p>24</p>,Inner Pack Quantity,<p>1</p>,Country Of Origin,<p>BD</p>,Standards,<p></p>,,,,
F142,Variant,,"This product does not comply with ANSI/ISEA 107-2015 2"" silver HiVisTex Pro reflective tape with contrast material Hammer loop Triple stitched seams Elasticated waist Pockets: 2 side, 2 back,2 leg, 2 ruler and 2 knee Adjustable leg lengths",https://d11ak7fd9ypfb7.cloudfront.net/styles1100px/F142BKR.jpg,,0.0,TRUE,InStock,0.999,,F142BKR38,,,,Size,DROP_DOWN,38,Color,DROP_DOWN,Black,,,,,,,,,,,,,Fit,<p>R</p>,Length,<p>43</p>,Width,<p>28</p>,Height,<p>50</p>,Box Quantity,<p>24</p>,Inner Pack Quantity,<p>1</p>,Country Of Origin,<p>BD</p>,Standards,<p></p>,,,,
F142,Variant,,"This product does not comply with ANSI/ISEA 107-2015 2"" silver HiVisTex Pro reflective tape with contrast material Hammer loop Triple stitched seams Elasticated waist Pockets: 2 side, 2 back,2 leg, 2 ruler and 2 knee Adjustable leg lengths",https://d11ak7fd9ypfb7.cloudfront.net/styles1100px/F142BKR.jpg,,0.0,TRUE,InStock,0.999,,F142BKR40,,,,Size,DROP_DOWN,40,Color,DROP_DOWN,Black,,,,,,,,,,,,,Fit,<p>R</p>,Length,<p>43</p>,Width,<p>28</p>,Height,<p>50</p>,Box Quantity,<p>24</p>,Inner Pack Quantity,<p>1</p>,Country Of Origin,<p>BD</p>,Standards,<p></p>,,,,
F142,Variant,,"This product does not comply with ANSI/ISEA 107-2015 2"" silver HiVisTex Pro reflective tape with contrast material Hammer loop Triple stitched seams Elasticated waist Pockets: 2 side, 2 back,2 leg, 2 ruler and 2 knee Adjustable leg lengths",https://d11ak7fd9ypfb7.cloudfront.net/styles1100px/F142BKR.jpg,,0.0,TRUE,InStock,0.999,,F142BKR42,,,,Size,DROP_DOWN,42,Color,DROP_DOWN,Black,,,,,,,,,,,,,Fit,<p>R</p>,Length,<p>43</p>,Width,<p>28</p>,Height,<p>50</p>,Box Quantity,<p>24</p>,Inner Pack Quantity,<p>1</p>,Country Of Origin,<p>BD</p>,Standards,<p></p>,,,,
F142,Variant,,"This product does not comply with ANSI/ISEA 107-2015 2"" silver HiVisTex Pro reflective tape with contrast material Hammer loop Triple stitched seams Elasticated waist Pockets: 2 side, 2 back,2 leg, 2 ruler and 2 knee Adjustable leg lengths",https://d11ak7fd9ypfb7.cloudfront.net/styles1100px/F142BKR.jpg,,0.0,TRUE,InStock,0.999,,F142BKR44,,,,Size,DROP_DOWN,44,Color,DROP_DOWN,Black,,,,,,,,,,,,,Fit,<p>R</p>,Length,<p>43</p>,Width,<p>28</p>,Height,<p>50</p>,Box Quantity,<p>24</p>,Inner Pack Quantity,<p>1</p>,Country Of Origin,<p>BD</p>,Standards,<p></p>,,,,
F142,Variant,,"This product does not comply with ANSI/ISEA 107-2015 2"" silver HiVisTex Pro reflective tape with contrast material Hammer loop Triple stitched seams Elasticated waist Pockets: 2 side, 2 back,2 leg, 2 ruler and 2 knee Adjustable leg lengths",https://d11ak7fd9ypfb7.cloudfront.net/styles1100px/F142BKR.jpg,,0.0,TRUE,InStock,0.999,,F142BKR46,,,,Size,DROP_DOWN,46,Color,DROP_DOWN,Black,,,,,,,,,,,,,Fit,<p>R</p>,Length,<p>43</p>,Width,<p>28</p>,Height,<p>50</p>,Box Quantity,<p>24</p>,Inner Pack Quantity,<p>1</p>,Country Of Origin,<p>BD</p>,Standards,<p></p>,,,,
F142,Variant,,"This product does not comply with ANSI/ISEA 107-2015 2"" silver HiVisTex Pro reflective tape with contrast material Hammer loop Triple stitched seams Elasticated waist Pockets: 2 side, 2 back,2 leg, 2 ruler and 2 knee Adjustable leg lengths",https://d11ak7fd9ypfb7.cloudfront.net/styles1100px/F142BKR.jpg,,0.0,TRUE,InStock,0.999,,F142BKR48,,,,Size,DROP_DOWN,48,Color,DROP_DOWN,Black,,,,,,,,,,,,,Fit,<p>R</p>,Length,<p>43</p>,Width,<p>28</p>,Height,<p>50</p>,Box Quantity,<p>24</p>,Inner Pack Quantity,<p>1</p>,Country Of Origin,<p>BD</p>,Standards,<p></p>,,,,
F143,Product,F143 - Iona Plus Hoodie,"This product does not comply with ANSI/ISEA 107-2015 2"" silver HiVisTex Pro reflective tape with contrast material Polycotton fabric for extra comfort Pockets: 2 front pockets Adjustable hood for varied weather conditions Elasticated rib waistband and cuffs Generous fit Elasticated rib waistband and cuffs",https://d11ak7fd9ypfb7.cloudfront.net/styles1100px/F143BKR.jpg,63.4,0.0,TRUE,InStock,0.999,,F143BKR4XL,,,,Size,DROP_DOWN,S;M;L;XL;XXL;XXXL;4XL;5XL;6XL,Color,DROP_DOWN,Black,,,,,,,,,,,,,Fit,<p>R</p>,Length,<p>65</p>,Width,<p>40</p>,Height,<p>47</p>,Box Quantity,<p>24</p>,Inner Pack Quantity,<p>1</p>,Country Of Origin,<p>BD</p>,Standards,<p></p>,,,,
F143,Variant,,"This product does not comply with ANSI/ISEA 107-2015 2"" silver HiVisTex Pro reflective tape with contrast material Polycotton fabric for extra comfort Pockets: 2 front pockets Adjustable hood for varied weather conditions Elasticated rib waistband and cuffs Generous fit Elasticated rib waistband and cuffs",https://d11ak7fd9ypfb7.cloudfront.net/styles1100px/F143BKR.jpg,,0.0,TRUE,InStock,0.999,,F143BKR4XL,,,,Size,DROP_DOWN,4XL,Color,DROP_DOWN,Black,,,,,,,,,,,,,Fit,<p>R</p>,Length,<p>65</p>,Width,<p>40</p>,Height,<p>47</p>,Box Quantity,<p>24</p>,Inner Pack Quantity,<p>1</p>,Country Of Origin,<p>BD</p>,Standards,<p></p>,,,,
F143,Variant,,"This product does not comply with ANSI/ISEA 107-2015 2"" silver HiVisTex Pro reflective tape with contrast material Polycotton fabric for extra comfort Pockets: 2 front pockets Adjustable hood for varied weather conditions Elasticated rib waistband and cuffs Generous fit Elasticated rib waistband and cuffs",https://d11ak7fd9ypfb7.cloudfront.net/styles1100px/F143BKR.jpg,,0.0,TRUE,InStock,0.999,,F143BKR5XL,,,,Size,DROP_DOWN,5XL,Color,DROP_DOWN,Black,,,,,,,,,,,,,Fit,<p>R</p>,Length,<p>65</p>,Width,<p>40</p>,Height,<p>47</p>,Box Quantity,<p>24</p>,Inner Pack Quantity,<p>1</p>,Country Of Origin,<p>BD</p>,Standards,<p></p>,,,,
F143,Variant,,"This product does not comply with ANSI/ISEA 107-2015 2"" silver HiVisTex Pro reflective tape with contrast material Polycotton fabric for extra comfort Pockets: 2 front pockets Adjustable hood for varied weather conditions Elasticated rib waistband and cuffs Generous fit Elasticated rib waistband and cuffs",https://d11ak7fd9ypfb7.cloudfront.net/styles1100px/F143BKR.jpg,,0.0,TRUE,InStock,0.999,,F143BKR6XL,,,,Size,DROP_DOWN,6XL,Color,DROP_DOWN,Black,,,,,,,,,,,,,Fit,<p>R</p>,Length,<p>65</p>,Width,<p>40</p>,Height,<p>47</p>,Box Quantity,<p>24</p>,Inner Pack Quantity,<p>1</p>,Country Of Origin,<p>BD</p>,Standards,<p></p>,,,,
F143,Variant,,"This product does not comply with ANSI/ISEA 107-2015 2"" silver HiVisTex Pro reflective tape with contrast material Polycotton fabric for extra comfort Pockets: 2 front pockets Adjustable hood for varied weather conditions Elasticated rib waistband and cuffs Generous fit Elasticated rib waistband and cuffs",https://d11ak7fd9ypfb7.cloudfront.net/styles1100px/F143BKR.jpg,,0.0,TRUE,InStock,0.999,,F143BKRL,,,,Size,DROP_DOWN,L,Color,DROP_DOWN,Black,,,,,,,,,,,,,Fit,<p>R</p>,Length,<p>65</p>,Width,<p>40</p>,Height,<p>43</p>,Box Quantity,<p>24</p>,Inner Pack Quantity,<p>1</p>,Country Of Origin,<p>BD</p>,Standards,<p></p>,,,,
F143,Variant,,"This product does not comply with ANSI/ISEA 107-2015 2"" silver HiVisTex Pro reflective tape with contrast material Polycotton fabric for extra comfort Pockets: 2 front pockets Adjustable hood for varied weather conditions Elasticated rib waistband and cuffs Generous fit Elasticated rib waistband and cuffs",https://d11ak7fd9ypfb7.cloudfront.net/styles1100px/F143BKR.jpg,,0.0,TRUE,InStock,0.999,,F143BKRM,,,,Size,DROP_DOWN,M,Color,DROP_DOWN,Black,,,,,,,,,,,,,Fit,<p>R</p>,Length,<p>65</p>,Width,<p>40</p>,Height,<p>43</p>,Box Quantity,<p>24</p>,Inner Pack Quantity,<p>1</p>,Country Of Origin,<p>BD</p>,Standards,<p></p>,,,,
F143,Variant,,"This product does not comply with ANSI/ISEA 107-2015 2"" silver HiVisTex Pro reflective tape with contrast material Polycotton fabric for extra comfort Pockets: 2 front pockets Adjustable hood for varied weather conditions Elasticated rib waistband and cuffs Generous fit Elasticated rib waistband and cuffs",https://d11ak7fd9ypfb7.cloudfront.net/styles1100px/F143BKR.jpg,,0.0,TRUE,InStock,0.999,,F143BKRS,,,,Size,DROP_DOWN,S,Color,DROP_DOWN,Black,,,,,,,,,,,,,Fit,<p>R</p>,Length,<p>65</p>,Width,<p>40</p>,Height,<p>43</p>,Box Quantity,<p>24</p>,Inner Pack Quantity,<p>1</p>,Country Of Origin,<p>BD</p>,Standards,<p></p>,,,,
F143,Variant,,"This product does not comply with ANSI/ISEA 107-2015 2"" silver HiVisTex Pro reflective tape with contrast material Polycotton fabric for extra comfort Pockets: 2 front pockets Adjustable hood for varied weather conditions Elasticated rib waistband and cuffs Generous fit Elasticated rib waistband and cuffs",https://d11ak7fd9ypfb7.cloudfront.net/styles1100px/F143BKR.jpg,,0.0,TRUE,InStock,0.999,,F143BKRXL,,,,Size,DROP_DOWN,XL,Color,DROP_DOWN,Black,,,,,,,,,,,,,Fit,<p>R</p>,Length,<p>65</p>,Width,<p>40</p>,Height,<p>43</p>,Box Quantity,<p>24</p>,Inner Pack Quantity,<p>1</p>,Country Of Origin,<p>BD</p>,Standards,<p></p>,,,,
F143,Variant,,"This product does not comply with ANSI/ISEA 107-2015 2"" silver HiVisTex Pro reflective tape with contrast material Polycotton fabric for extra comfort Pockets: 2 front pockets Adjustable hood for varied weather conditions Elasticated rib waistband and cuffs Generous fit Elasticated rib waistband and cuffs",https://d11ak7fd9ypfb7.cloudfront.net/styles1100px/F143BKR.jpg,,0.0,TRUE,InStock,0.999,,F143BKRXXL,,,,Size,DROP_DOWN,XXL,Color,DROP_DOWN,Black,,,,,,,,,,,,,Fit,<p>R</p>,Length,<p>65</p>,Width,<p>40</p>,Height,<p>47</p>,Box Quantity,<p>24</p>,Inner Pack Quantity,<p>1</p>,Country Of Origin,<p>BD</p>,Standards,<p></p>,,,,
F143,Variant,,"This product does not comply with ANSI/ISEA 107-2015 2"" silver HiVisTex Pro reflective tape with contrast material Polycotton fabric for extra comfort Pockets: 2 front pockets Adjustable hood for varied weather conditions Elasticated rib waistband and cuffs Generous fit Elasticated rib waistband and cuffs",https://d11ak7fd9ypfb7.cloudfront.net/styles1100px/F143BKR.jpg,,0.0,TRUE,InStock,0.999,,F143BKRXXXL,,,,Size,DROP_DOWN,XXXL,Color,DROP_DOWN,Black,,,,,,,,,,,,,Fit,<p>R</p>,Length,<p>65</p>,Width,<p>40</p>,Height,<p>47</p>,Box Quantity,<p>24</p>,Inner Pack Quantity,<p>1</p>,Country Of Origin,<p>BD</p>,Standards,<p></p>,,,,
F144,Product,F144 - Iona Plus Winter Jacket,"Stylish, functional and durable, the F144 offers protection and warmth in extreme weather conditions. Featuring all the best elements including the Insulatex heat reflective lining panel, silver HiVisTex™ Pro reflective tape, zipper front closure and ergonomic shaping.",https://d11ak7fd9ypfb7.cloudfront.net/styles1100px/F144BKR.jpg,107.8,0.0,TRUE,InStock,0.999,,F144BKR4XL,,,,Size,DROP_DOWN,S;M;L;XL;XXL;XXXL;4XL;5XL,Color,DROP_DOWN,Black,,,,,,,,,,,,,Fit,<p>R</p>,Length,<p>65</p>,Width,<p>40</p>,Height,<p>46</p>,Box Quantity,<p>12</p>,Inner Pack Quantity,<p>1</p>,Country Of Origin,<p>CN</p>,Standards,<ul><li>EN 343 Class 3:1</li></ul>,,,,
F144,Variant,,"Stylish, functional and durable, the F144 offers protection and warmth in extreme weather conditions. Featuring all the best elements including the Insulatex heat reflective lining panel, silver HiVisTex™ Pro reflective tape, zipper front closure and ergonomic shaping.",https://d11ak7fd9ypfb7.cloudfront.net/styles1100px/F144BKR.jpg,,0.0,TRUE,InStock,0.999,,F144BKR4XL,,,,Size,DROP_DOWN,4XL,Color,DROP_DOWN,Black,,,,,,,,,,,,,Fit,<p>R</p>,Length,<p>65</p>,Width,<p>40</p>,Height,<p>46</p>,Box Quantity,<p>12</p>,Inner Pack Quantity,<p>1</p>,Country Of Origin,<p>CN</p>,Standards,<ul><li>EN 343 Class 3:1</li></ul>,,,,
F144,Variant,,"Stylish, functional and durable, the F144 offers protection and warmth in extreme weather conditions. Featuring all the best elements including the Insulatex heat reflective lining panel, silver HiVisTex™ Pro reflective tape, zipper front closure and ergonomic shaping.",https://d11ak7fd9ypfb7.cloudfront.net/styles1100px/F144BKR.jpg,,0.0,TRUE,InStock,0.999,,F144BKR5XL,,,,Size,DROP_DOWN,5XL,Color,DROP_DOWN,Black,,,,,,,,,,,,,Fit,<p>R</p>,Length,<p>65</p>,Width,<p>40</p>,Height,<p>46</p>,Box Quantity,<p>12</p>,Inner Pack Quantity,<p>1</p>,Country Of Origin,<p>CN</p>,Standards,<ul><li>EN 343 Class 3:1</li></ul>,,,,
F144,Variant,,"Stylish, functional and durable, the F144 offers protection and warmth in extreme weather conditions. Featuring all the best elements including the Insulatex heat reflective lining panel, silver HiVisTex™ Pro reflective tape, zipper front closure and ergonomic shaping.",https://d11ak7fd9ypfb7.cloudfront.net/styles1100px/F144BKR.jpg,,0.0,TRUE,InStock,0.999,,F144BKRL,,,,Size,DROP_DOWN,L,Color,DROP_DOWN,Black,,,,,,,,,,,,,Fit,<p>R</p>,Length,<p>65</p>,Width,<p>40</p>,Height,<p>46</p>,Box Quantity,<p>12</p>,Inner Pack Quantity,<p>1</p>,Country Of Origin,<p>CN</p>,Standards,<ul><li>EN 343 Class 3:1</li></ul>,,,,
F144,Variant,,"Stylish, functional and durable, the F144 offers protection and warmth in extreme weather conditions. Featuring all the best elements including the Insulatex heat reflective lining panel, silver HiVisTex™ Pro reflective tape, zipper front closure and ergonomic shaping.",https://d11ak7fd9ypfb7.cloudfront.net/styles1100px/F144BKR.jpg,,0.0,TRUE,InStock,0.999,,F144BKRM,,,,Size,DROP_DOWN,M,Color,DROP_DOWN,Black,,,,,,,,,,,,,Fit,<p>R</p>,Length,<p>65</p>,Width,<p>40</p>,Height,<p>46</p>,Box Quantity,<p>12</p>,Inner Pack Quantity,<p>1</p>,Country Of Origin,<p>CN</p>,Standards,<ul><li>EN 343 Class 3:1</li></ul>,,,,
F144,Variant,,"Stylish, functional and durable, the F144 offers protection and warmth in extreme weather conditions. Featuring all the best elements including the Insulatex heat reflective lining panel, silver HiVisTex™ Pro reflective tape, zipper front closure and ergonomic shaping.",https://d11ak7fd9ypfb7.cloudfront.net/styles1100px/F144BKR.jpg,,0.0,TRUE,InStock,0.999,,F144BKRS,,,,Size,DROP_DOWN,S,Color,DROP_DOWN,Black,,,,,,,,,,,,,Fit,<p>R</p>,Length,<p>65</p>,Width,<p>40</p>,Height,<p>46</p>,Box Quantity,<p>12</p>,Inner Pack Quantity,<p>1</p>,Country Of Origin,<p>CN</p>,Standards,<ul><li>EN 343 Class 3:1</li></ul>,,,,
F144,Variant,,"Stylish, functional and durable, the F144 offers protection and warmth in extreme weather conditions. Featuring all the best elements including the Insulatex heat reflective lining panel, silver HiVisTex™ Pro reflective tape, zipper front closure and ergonomic shaping.",https://d11ak7fd9ypfb7.cloudfront.net/styles1100px/F144BKR.jpg,,0.0,TRUE,InStock,0.999,,F144BKRXL,,,,Size,DROP_DOWN,XL,Color,DROP_DOWN,Black,,,,,,,,,,,,,Fit,<p>R</p>,Length,<p>65</p>,Width,<p>40</p>,Height,<p>46</p>,Box Quantity,<p>12</p>,Inner Pack Quantity,<p>1</p>,Country Of Origin,<p>CN</p>,Standards,<ul><li>EN 343 Class 3:1</li></ul>,,,,
F144,Variant,,"Stylish, functional and durable, the F144 offers protection and warmth in extreme weather conditions. Featuring all the best elements including the Insulatex heat reflective lining panel, silver HiVisTex™ Pro reflective tape, zipper front closure and ergonomic shaping.",https://d11ak7fd9ypfb7.cloudfront.net/styles1100px/F144BKR.jpg,,0.0,TRUE,InStock,0.999,,F144BKRXXL,,,,Size,DROP_DOWN,XXL,Color,DROP_DOWN,Black,,,,,,,,,,,,,Fit,<p>R</p>,Length,<p>65</p>,Width,<p>40</p>,Height,<p>46</p>,Box Quantity,<p>12</p>,Inner Pack Quantity,<p>1</p>,Country Of Origin,<p>CN</p>,Standards,<ul><li>EN 343 Class 3:1</li></ul>,,,,
F144,Variant,,"Stylish, functional and durable, the F144 offers protection and warmth in extreme weather conditions. Featuring all the best elements including the Insulatex heat reflective lining panel, silver HiVisTex™ Pro reflective tape, zipper front closure and ergonomic shaping.",https://d11ak7fd9ypfb7.cloudfront.net/styles1100px/F144BKR.jpg,,0.0,TRUE,InStock,0.999,,F144BKRXXXL,,,,Size,DROP_DOWN,XXXL,Color,DROP_DOWN,Black,,,,,,,,,,,,,Fit,<p>R</p>,Length,<p>65</p>,Width,<p>40</p>,Height,<p>46</p>,Box Quantity,<p>12</p>,Inner Pack Quantity,<p>1</p>,Country Of Origin,<p>CN</p>,Standards,<ul><li>EN 343 Class 3:1</li></ul>,,,,
F145,Product,F145 - ,,https://d11ak7fd9ypfb7.cloudfront.net/styles1100px/F145YNR.jpg,0.0,0.0,TRUE,InStock,0.999,,F145YNR4XL,,,,Size,DROP_DOWN,S;M;L;XL;XXL;XXXL;4XL;5XL,Color,DROP_DOWN,Yellow/Navy,,,,,,,,,,,,,Fit,<p>R</p>,Length,<p>43</p>,Width,<p>28</p>,Height,<p>32</p>,Box Quantity,<p>30</p>,Inner Pack Quantity,<p>1</p>,Country Of Origin,<p>CN</p>,Standards,<p></p>,,,,
F145,Variant,,,https://d11ak7fd9ypfb7.cloudfront.net/styles1100px/F145YNR.jpg,,0.0,TRUE,InStock,0.999,,F145YNR4XL,,,,Size,DROP_DOWN,4XL,Color,DROP_DOWN,Yellow/Navy,,,,,,,,,,,,,Fit,<p>R</p>,Length,<p>43</p>,Width,<p>28</p>,Height,<p>32</p>,Box Quantity,<p>30</p>,Inner Pack Quantity,<p>1</p>,Country Of Origin,<p>CN</p>,Standards,<p></p>,,,,
F145,Variant,,,https://d11ak7fd9ypfb7.cloudfront.net/styles1100px/F145YNR.jpg,,0.0,TRUE,InStock,0.999,,F145YNR5XL,,,,Size,DROP_DOWN,5XL,Color,DROP_DOWN,Yellow/Navy,,,,,,,,,,,,,Fit,<p>R</p>,Length,<p>43</p>,Width,<p>28</p>,Height,<p>32</p>,Box Quantity,<p>30</p>,Inner Pack Quantity,<p>1</p>,Country Of Origin,<p>CN</p>,Standards,<p></p>,,,,
F145,Variant,,,https://d11ak7fd9ypfb7.cloudfront.net/styles1100px/F145YNR.jpg,,0.0,TRUE,InStock,0.999,,F145YNRL,,,,Size,DROP_DOWN,L,Color,DROP_DOWN,Yellow/Navy,,,,,,,,,,,,,Fit,<p>R</p>,Length,<p>43</p>,Width,<p>28</p>,Height,<p>32</p>,Box Quantity,<p>30</p>,Inner Pack Quantity,<p>1</p>,Country Of Origin,<p>CN</p>,Standards,<p></p>,,,,
F145,Variant,,,https://d11ak7fd9ypfb7.cloudfront.net/styles1100px/F145YNR.jpg,,0.0,TRUE,InStock,0.999,,F145YNRM,,,,Size,DROP_DOWN,M,Color,DROP_DOWN,Yellow/Navy,,,,,,,,,,,,,Fit,<p>R</p>,Length,<p>43</p>,Width,<p>28</p>,Height,<p>32</p>,Box Quantity,<p>30</p>,Inner Pack Quantity,<p>1</p>,Country Of Origin,<p>CN</p>,Standards,<p></p>,,,,
F145,Variant,,,https://d11ak7fd9ypfb7.cloudfront.net/styles1100px/F145YNR.jpg,,0.0,TRUE,InStock,0.999,,F145YNRS,,,,Size,DROP_DOWN,S,Color,DROP_DOWN,Yellow/Navy,,,,,,,,,,,,,Fit,<p>R</p>,Length,<p>43</p>,Width,<p>28</p>,Height,<p>32</p>,Box Quantity,<p>30</p>,Inner Pack Quantity,<p>1</p>,Country Of Origin,<p>CN</p>,Standards,<p></p>,,,,
F145,Variant,,,https://d11ak7fd9ypfb7.cloudfront.net/styles1100px/F145YNR.jpg,,0.0,TRUE,InStock,0.999,,F145YNRXL,,,,Size,DROP_DOWN,XL,Color,DROP_DOWN,Yellow/Navy,,,,,,,,,,,,,Fit,<p>R</p>,Length,<p>43</p>,Width,<p>28</p>,Height,<p>32</p>,Box Quantity,<p>30</p>,Inner Pack Quantity,<p>1</p>,Country Of Origin,<p>CN</p>,Standards,<p></p>,,,,
F145,Variant,,,https://d11ak7fd9ypfb7.cloudfront.net/styles1100px/F145YNR.jpg,,0.0,TRUE,InStock,0.999,,F145YNRXXL,,,,Size,DROP_DOWN,XXL,Color,DROP_DOWN,Yellow/Navy,,,,,,,,,,,,,Fit,<p>R</p>,Length,<p>43</p>,Width,<p>28</p>,Height,<p>32</p>,Box Quantity,<p>30</p>,Inner Pack Quantity,<p>1</p>,Country Of Origin,<p>CN</p>,Standards,<p></p>,,,,
F145,Variant,,,https://d11ak7fd9ypfb7.cloudfront.net/styles1100px/F145YNR.jpg,,0.0,TRUE,InStock,0.999,,F145YNRXXXL,,,,Size,DROP_DOWN,XXXL,Color,DROP_DOWN,Yellow/Navy,,,,,,,,,,,,,Fit,<p>R</p>,Length,<p>43</p>,Width,<p>28</p>,Height,<p>32</p>,Box Quantity,<p>30</p>,Inner Pack Quantity,<p>1</p>,Country Of Origin,<p>CN</p>,Standards,<p></p>,,,,
F374,Product,F374 - MeshAir Iona Vest,The MeshAir Iona Vest uses advanced MeshAir fabric to keep the wearer cool and comfortable. Reflective tape ensures maximum visibility in low light conditions. Perfect for warmer weather.,https://d11ak7fd9ypfb7.cloudfront.net/styles1100px/F374BGR.jpg,0.0,0.0,TRUE,InStock,0.16,,F374BGRL/XL,,,,Size,DROP_DOWN,S/M;L/XL;XX/3X,Color,DROP_DOWN,Red;Royal Blue;Bottle Green,,,,,,,,,,,,,Fit,<p>R</p>,Length,<p>43</p>,Width,<p>28</p>,Height,<p>52</p>,Box Quantity,<p>100</p>,Inner Pack Quantity,<p>10</p>,Country Of Origin,<p>CN</p>,Standards,<p></p>,,,,
F374,Variant,,The MeshAir Iona Vest uses advanced MeshAir fabric to keep the wearer cool and comfortable. Reflective tape ensures maximum visibility in low light conditions. Perfect for warmer weather.,https://d11ak7fd9ypfb7.cloudfront.net/styles1100px/F374BGR.jpg,,0.0,TRUE,InStock,0.16,,F374BGRL/XL,,,,Size,DROP_DOWN,L/XL,Color,DROP_DOWN,Bottle Green,,,,,,,,,,,,,Fit,<p>R</p>,Length,<p>43</p>,Width,<p>28</p>,Height,<p>52</p>,Box Quantity,<p>100</p>,Inner Pack Quantity,<p>10</p>,Country Of Origin,<p>CN</p>,Standards,<p></p>,,,,
F374,Variant,,The MeshAir Iona Vest uses advanced MeshAir fabric to keep the wearer cool and comfortable. Reflective tape ensures maximum visibility in low light conditions. Perfect for warmer weather.,https://d11ak7fd9ypfb7.cloudfront.net/styles1100px/F374BGR.jpg,,0.0,TRUE,InStock,0.16,,F374BGRS/M,,,,Size,DROP_DOWN,S/M,Color,DROP_DOWN,Bottle Green,,,,,,,,,,,,,Fit,<p>R</p>,Length,<p>43</p>,Width,<p>28</p>,Height,<p>52</p>,Box Quantity,<p>100</p>,Inner Pack Quantity,<p>10</p>,Country Of Origin,<p>CN</p>,Standards,<p></p>,,,,
F374,Variant,,The MeshAir Iona Vest uses advanced MeshAir fabric to keep the wearer cool and comfortable. Reflective tape ensures maximum visibility in low light conditions. Perfect for warmer weather.,https://d11ak7fd9ypfb7.cloudfront.net/styles1100px/F374BGR.jpg,,0.0,TRUE,InStock,0.18,,F374BGRXX/3X,,,,Size,DROP_DOWN,XX/3X,Color,DROP_DOWN,Bottle Green,,,,,,,,,,,,,Fit,<p>R</p>,Length,<p>43</p>,Width,<p>28</p>,Height,<p>52</p>,Box Quantity,<p>100</p>,Inner Pack Quantity,<p>10</p>,Country Of Origin,<p>CN</p>,Standards,<p></p>,,,,
F374,Variant,,The MeshAir Iona Vest uses advanced MeshAir fabric to keep the wearer cool and comfortable. Reflective tape ensures maximum visibility in low light conditions. Perfect for warmer weather.,https://d11ak7fd9ypfb7.cloudfront.net/styles1100px/F374RBR.jpg,,0.0,TRUE,InStock,0.16,,F374RBRL/XL,,,,Size,DROP_DOWN,L/XL,Color,DROP_DOWN,Royal Blue,,,,,,,,,,,,,Fit,<p>R</p>,Length,<p>43</p>,Width,<p>28</p>,Height,<p>52</p>,Box Quantity,<p>100</p>,Inner Pack Quantity,<p>10</p>,Country Of Origin,<p>CN</p>,Standards,<p></p>,,,,
F374,Variant,,The MeshAir Iona Vest uses advanced MeshAir fabric to keep the wearer cool and comfortable. Reflective tape ensures maximum visibility in low light conditions. Perfect for warmer weather.,https://d11ak7fd9ypfb7.cloudfront.net/styles1100px/F374RBR.jpg,,0.0,TRUE,InStock,0.16,,F374RBRS/M,,,,Size,DROP_DOWN,S/M,Color,DROP_DOWN,Royal Blue,,,,,,,,,,,,,Fit,<p>R</p>,Length,<p>43</p>,Width,<p>28</p>,Height,<p>52</p>,Box Quantity,<p>100</p>,Inner Pack Quantity,<p>10</p>,Country Of Origin,<p>CN</p>,Standards,<p></p>,,,,
F374,Variant,,The MeshAir Iona Vest uses advanced MeshAir fabric to keep the wearer cool and comfortable. Reflective tape ensures maximum visibility in low light conditions. Perfect for warmer weather.,https://d11ak7fd9ypfb7.cloudfront.net/styles1100px/F374RBR.jpg,,0.0,TRUE,InStock,0.18,,F374RBRXX/3X,,,,Size,DROP_DOWN,XX/3X,Color,DROP_DOWN,Royal Blue,,,,,,,,,,,,,Fit,<p>R</p>,Length,<p>43</p>,Width,<p>28</p>,Height,<p>52</p>,Box Quantity,<p>100</p>,Inner Pack Quantity,<p>10</p>,Country Of Origin,<p>CN</p>,Standards,<p></p>,,,,
F374,Variant,,The MeshAir Iona Vest uses advanced MeshAir fabric to keep the wearer cool and comfortable. Reflective tape ensures maximum visibility in low light conditions. Perfect for warmer weather.,https://d11ak7fd9ypfb7.cloudfront.net/styles1100px/F374RER.jpg,,0.0,TRUE,InStock,0.16,,F374RERL/XL,,,,Size,DROP_DOWN,L/XL,Color,DROP_DOWN,Red,,,,,,,,,,,,,Fit,<p>R</p>,Length,<p>43</p>,Width,<p>28</p>,Height,<p>52</p>,Box Quantity,<p>100</p>,Inner Pack Quantity,<p>10</p>,Country Of Origin,<p>CN</p>,Standards,<p></p>,,,,
F374,Variant,,The MeshAir Iona Vest uses advanced MeshAir fabric to keep the wearer cool and comfortable. Reflective tape ensures maximum visibility in low light conditions. Perfect for warmer weather.,https://d11ak7fd9ypfb7.cloudfront.net/styles1100px/F374RER.jpg,,0.0,TRUE,InStock,0.16,,F374RERS/M,,,,Size,DROP_DOWN,S/M,Color,DROP_DOWN,Red,,,,,,,,,,,,,Fit,<p>R</p>,Length,<p>43</p>,Width,<p>28</p>,Height,<p>52</p>,Box Quantity,<p>100</p>,Inner Pack Quantity,<p>10</p>,Country Of Origin,<p>CN</p>,Standards,<p></p>,,,,
F374,Variant,,The MeshAir Iona Vest uses advanced MeshAir fabric to keep the wearer cool and comfortable. Reflective tape ensures maximum visibility in low light conditions. Perfect for warmer weather.,https://d11ak7fd9ypfb7.cloudfront.net/styles1100px/F374RER.jpg,,0.0,TRUE,InStock,0.18,,F374RERXX/3X,,,,Size,DROP_DOWN,XX/3X,Color,DROP_DOWN,Red,,,,,,,,,,,,,Fit,<p>R</p>,Length,<p>43</p>,Width,<p>28</p>,Height,<p>52</p>,Box Quantity,<p>100</p>,Inner Pack Quantity,<p>10</p>,Country Of Origin,<p>CN</p>,Standards,<p></p>,,,,
F438,Product,F438 - Classic Iona Rain Coat,"The Classic Iona™ Rain Coat gives increased visibility with added coverage due to its longer length. Using lightweight fabric, this coat is fully waterproof. The F438 also features a packaway hood, pockets for secure storage as well as eyelets and back vent for added breathability.",https://d11ak7fd9ypfb7.cloudfront.net/styles1100px/F438NAR.jpg,23.2,0.0,TRUE,InStock,0.86,,F438NAR4XL,,,,Size,DROP_DOWN,S;M;L;XL;XXL;XXXL;4XL,Color,DROP_DOWN,Navy,,,,,,,,,,,,,Fit,<p>R</p>,Length,<p>43</p>,Width,<p>28</p>,Height,<p>43</p>,Box Quantity,<p>24</p>,Inner Pack Quantity,<p>1</p>,Country Of Origin,<p>CN</p>,Standards,<ul><li>EN 343:2019 Class 3:1 X  WP 5000mm</li></ul>,,,,
F438,Variant,,"The Classic Iona™ Rain Coat gives increased visibility with added coverage due to its longer length. Using lightweight fabric, this coat is fully waterproof. The F438 also features a packaway hood, pockets for secure storage as well as eyelets and back vent for added breathability.",https://d11ak7fd9ypfb7.cloudfront.net/styles1100px/F438NAR.jpg,,0.0,TRUE,InStock,0.86,,F438NAR4XL,,,,Size,DROP_DOWN,4XL,Color,DROP_DOWN,Navy,,,,,,,,,,,,,Fit,<p>R</p>,Length,<p>43</p>,Width,<p>28</p>,Height,<p>43</p>,Box Quantity,<p>24</p>,Inner Pack Quantity,<p>1</p>,Country Of Origin,<p>CN</p>,Standards,<ul><li>EN 343:2019 Class 3:1 X  WP 5000mm</li></ul>,,,,
F438,Variant,,"The Classic Iona™ Rain Coat gives increased visibility with added coverage due to its longer length. Using lightweight fabric, this coat is fully waterproof. The F438 also features a packaway hood, pockets for secure storage as well as eyelets and back vent for added breathability.",https://d11ak7fd9ypfb7.cloudfront.net/styles1100px/F438NAR.jpg,,0.0,TRUE,InStock,0.78,,F438NARL,,,,Size,DROP_DOWN,L,Color,DROP_DOWN,Navy,,,,,,,,,,,,,Fit,<p>R</p>,Length,<p>43</p>,Width,<p>28</p>,Height,<p>43</p>,Box Quantity,<p>24</p>,Inner Pack Quantity,<p>1</p>,Country Of Origin,<p>CN</p>,Standards,<ul><li>EN 343:2019 Class 3:1 X  WP 5000mm</li></ul>,,,,
F438,Variant,,"The Classic Iona™ Rain Coat gives increased visibility with added coverage due to its longer length. Using lightweight fabric, this coat is fully waterproof. The F438 also features a packaway hood, pockets for secure storage as well as eyelets and back vent for added breathability.",https://d11ak7fd9ypfb7.cloudfront.net/styles1100px/F438NAR.jpg,,0.0,TRUE,InStock,0.76,,F438NARM,,,,Size,DROP_DOWN,M,Color,DROP_DOWN,Navy,,,,,,,,,,,,,Fit,<p>R</p>,Length,<p>43</p>,Width,<p>28</p>,Height,<p>43</p>,Box Quantity,<p>24</p>,Inner Pack Quantity,<p>1</p>,Country Of Origin,<p>CN</p>,Standards,<ul><li>EN 343:2019 Class 3:1 X  WP 5000mm</li></ul>,,,,
F438,Variant,,"The Classic Iona™ Rain Coat gives increased visibility with added coverage due to its longer length. Using lightweight fabric, this coat is fully waterproof. The F438 also features a packaway hood, pockets for secure storage as well as eyelets and back vent for added breathability.",https://d11ak7fd9ypfb7.cloudfront.net/styles1100px/F438NAR.jpg,,0.0,TRUE,InStock,0.74,,F438NARS,,,,Size,DROP_DOWN,S,Color,DROP_DOWN,Navy,,,,,,,,,,,,,Fit,<p>R</p>,Length,<p>43</p>,Width,<p>28</p>,Height,<p>43</p>,Box Quantity,<p>24</p>,Inner Pack Quantity,<p>1</p>,Country Of Origin,<p>CN</p>,Standards,<ul><li>EN 343:2019 Class 3:1 X  WP 5000mm</li></ul>,,,,
F438,Variant,,"The Classic Iona™ Rain Coat gives increased visibility with added coverage due to its longer length. Using lightweight fabric, this coat is fully waterproof. The F438 also features a packaway hood, pockets for secure storage as well as eyelets and back vent for added breathability.",https://d11ak7fd9ypfb7.cloudfront.net/styles1100px/F438NAR.jpg,,0.0,TRUE,InStock,0.8,,F438NARXL,,,,Size,DROP_DOWN,XL,Color,DROP_DOWN,Navy,,,,,,,,,,,,,Fit,<p>R</p>,Length,<p>43</p>,Width,<p>28</p>,Height,<p>43</p>,Box Quantity,<p>24</p>,Inner Pack Quantity,<p>1</p>,Country Of Origin,<p>CN</p>,Standards,<ul><li>EN 343:2019 Class 3:1 X  WP 5000mm</li></ul>,,,,
F438,Variant,,"The Classic Iona™ Rain Coat gives increased visibility with added coverage due to its longer length. Using lightweight fabric, this coat is fully waterproof. The F438 also features a packaway hood, pockets for secure storage as well as eyelets and back vent for added breathability.",https://d11ak7fd9ypfb7.cloudfront.net/styles1100px/F438NAR.jpg,,0.0,TRUE,InStock,0.82,,F438NARXXL,,,,Size,DROP_DOWN,XXL,Color,DROP_DOWN,Navy,,,,,,,,,,,,,Fit,<p>R</p>,Length,<p>43</p>,Width,<p>28</p>,Height,<p>43</p>,Box Quantity,<p>24</p>,Inner Pack Quantity,<p>1</p>,Country Of Origin,<p>CN</p>,Standards,<ul><li>EN 343:2019 Class 3:1 X  WP 5000mm</li></ul>,,,,
F438,Variant,,"The Classic Iona™ Rain Coat gives increased visibility with added coverage due to its longer length. Using lightweight fabric, this coat is fully waterproof. The F438 also features a packaway hood, pockets for secure storage as well as eyelets and back vent for added breathability.",https://d11ak7fd9ypfb7.cloudfront.net/styles1100px/F438NAR.jpg,,0.0,TRUE,InStock,0.84,,F438NARXXXL,,,,Size,DROP_DOWN,XXXL,Color,DROP_DOWN,Navy,,,,,,,,,,,,,Fit,<p>R</p>,Length,<p>43</p>,Width,<p>28</p>,Height,<p>43</p>,Box Quantity,<p>24</p>,Inner Pack Quantity,<p>1</p>,Country Of Origin,<p>CN</p>,Standards,<ul><li>EN 343:2019 Class 3:1 X  WP 5000mm</li></ul>,,,,
F440,Product,F440 - Classic Iona Rain Jacket,"Lightweight and practical the Classic Iona™ Rain Jacket offers waterproof protection and increased visibility. Features include pack-away hood, adjustable drawcord hem, large storage pockets and vented back yoke and eyelets for ventilation.",https://d11ak7fd9ypfb7.cloudfront.net/styles1100px/F440BKR.jpg,24.0,0.0,TRUE,InStock,0.999,,F440BKR4XL,,,,Size,DROP_DOWN,S;M;L;XL;XXL;XXXL;4XL;5XL;6XL,Color,DROP_DOWN,Navy;Black,,,,,,,,,,,,,Fit,<p>R</p>,Length,<p>56</p>,Width,<p>30</p>,Height,<p>28</p>,Box Quantity,<p>24</p>,Inner Pack Quantity,<p>1</p>,Country Of Origin,<p>MM</p>,Standards,<ul><li>EN 343:2019 Class 3:1 X  WP 5000mm</li></ul>,,,,
F440,Variant,,"Lightweight and practical the Classic Iona™ Rain Jacket offers waterproof protection and increased visibility. Features include pack-away hood, adjustable drawcord hem, large storage pockets and vented back yoke and eyelets for ventilation.",https://d11ak7fd9ypfb7.cloudfront.net/styles1100px/F440BKR.jpg,,0.0,TRUE,InStock,0.999,,F440BKR4XL,,,,Size,DROP_DOWN,4XL,Color,DROP_DOWN,Black,,,,,,,,,,,,,Fit,<p>R</p>,Length,<p>56</p>,Width,<p>30</p>,Height,<p>28</p>,Box Quantity,<p>24</p>,Inner Pack Quantity,<p>1</p>,Country Of Origin,<p>MM</p>,Standards,<ul><li>EN 343:2019 Class 3:1 X  WP 5000mm</li></ul>,,,,
F440,Variant,,"Lightweight and practical the Classic Iona™ Rain Jacket offers waterproof protection and increased visibility. Features include pack-away hood, adjustable drawcord hem, large storage pockets and vented back yoke and eyelets for ventilation.",https://d11ak7fd9ypfb7.cloudfront.net/styles1100px/F440BKR.jpg,,0.0,TRUE,InStock,0.999,,F440BKR5XL,,,,Size,DROP_DOWN,5XL,Color,DROP_DOWN,Black,,,,,,,,,,,,,Fit,<p>R</p>,Length,<p>56</p>,Width,<p>30</p>,Height,<p>28</p>,Box Quantity,<p>24</p>,Inner Pack Quantity,<p>1</p>,Country Of Origin,<p>MM</p>,Standards,<ul><li>EN 343:2019 Class 3:1 X  WP 5000mm</li></ul>,,,,
F440,Variant,,"Lightweight and practical the Classic Iona™ Rain Jacket offers waterproof protection and increased visibility. Features include pack-away hood, adjustable drawcord hem, large storage pockets and vented back yoke and eyelets for ventilation.",https://d11ak7fd9ypfb7.cloudfront.net/styles1100px/F440BKR.jpg,,0.0,TRUE,InStock,0.999,,F440BKR6XL,,,,Size,DROP_DOWN,6XL,Color,DROP_DOWN,Black,,,,,,,,,,,,,Fit,<p>R</p>,Length,<p>56</p>,Width,<p>30</p>,Height,<p>28</p>,Box Quantity,<p>24</p>,Inner Pack Quantity,<p>1</p>,Country Of Origin,<p>MM</p>,Standards,<ul><li>EN 343:2019 Class 3:1 X  WP 5000mm</li></ul>,,,,
F440,Variant,,"Lightweight and practical the Classic Iona™ Rain Jacket offers waterproof protection and increased visibility. Features include pack-away hood, adjustable drawcord hem, large storage pockets and vented back yoke and eyelets for ventilation.",https://d11ak7fd9ypfb7.cloudfront.net/styles1100px/F440BKR.jpg,,0.0,TRUE,InStock,0.76,,F440BKRL,,,,Size,DROP_DOWN,L,Color,DROP_DOWN,Black,,,,,,,,,,,,,Fit,<p>R</p>,Length,<p>56</p>,Width,<p>30</p>,Height,<p>28</p>,Box Quantity,<p>24</p>,Inner Pack Quantity,<p>1</p>,Country Of Origin,<p>MM</p>,Standards,<ul><li>EN 343:2019 Class 3:1 X  WP 5000mm</li></ul>,,,,
F440,Variant,,"Lightweight and practical the Classic Iona™ Rain Jacket offers waterproof protection and increased visibility. Features include pack-away hood, adjustable drawcord hem, large storage pockets and vented back yoke and eyelets for ventilation.",https://d11ak7fd9ypfb7.cloudfront.net/styles1100px/F440BKR.jpg,,0.0,TRUE,InStock,0.68,,F440BKRM,,,,Size,DROP_DOWN,M,Color,DROP_DOWN,Black,,,,,,,,,,,,,Fit,<p>R</p>,Length,<p>56</p>,Width,<p>30</p>,Height,<p>28</p>,Box Quantity,<p>24</p>,Inner Pack Quantity,<p>1</p>,Country Of Origin,<p>MM</p>,Standards,<ul><li>EN 343:2019 Class 3:1 X  WP 5000mm</li></ul>,,,,
F440,Variant,,"Lightweight and practical the Classic Iona™ Rain Jacket offers waterproof protection and increased visibility. Features include pack-away hood, adjustable drawcord hem, large storage pockets and vented back yoke and eyelets for ventilation.",https://d11ak7fd9ypfb7.cloudfront.net/styles1100px/F440BKR.jpg,,0.0,TRUE,InStock,0.66,,F440BKRS,,,,Size,DROP_DOWN,S,Color,DROP_DOWN,Black,,,,,,,,,,,,,Fit,<p>R</p>,Length,<p>56</p>,Width,<p>30</p>,Height,<p>28</p>,Box Quantity,<p>24</p>,Inner Pack Quantity,<p>1</p>,Country Of Origin,<p>MM</p>,Standards,<ul><li>EN 343:2019 Class 3:1 X  WP 5000mm</li></ul>,,,,
F440,Variant,,"Lightweight and practical the Classic Iona™ Rain Jacket offers waterproof protection and increased visibility. Features include pack-away hood, adjustable drawcord hem, large storage pockets and vented back yoke and eyelets for ventilation.",https://d11ak7fd9ypfb7.cloudfront.net/styles1100px/F440BKR.jpg,,0.0,TRUE,InStock,0.77,,F440BKRXL,,,,Size,DROP_DOWN,XL,Color,DROP_DOWN,Black,,,,,,,,,,,,,Fit,<p>R</p>,Length,<p>56</p>,Width,<p>30</p>,Height,<p>28</p>,Box Quantity,<p>24</p>,Inner Pack Quantity,<p>1</p>,Country Of Origin,<p>MM</p>,Standards,<ul><li>EN 343:2019 Class 3:1 X  WP 5000mm</li></ul>,,,,
F440,Variant,,"Lightweight and practical the Classic Iona™ Rain Jacket offers waterproof protection and increased visibility. Features include pack-away hood, adjustable drawcord hem, large storage pockets and vented back yoke and eyelets for ventilation.",https://d11ak7fd9ypfb7.cloudfront.net/styles1100px/F440BKR.jpg,,0.0,TRUE,InStock,0.78,,F440BKRXXL,,,,Size,DROP_DOWN,XXL,Color,DROP_DOWN,Black,,,,,,,,,,,,,Fit,<p>R</p>,Length,<p>56</p>,Width,<p>30</p>,Height,<p>35</p>,Box Quantity,<p>24</p>,Inner Pack Quantity,<p>1</p>,Country Of Origin,<p>MM</p>,Standards,<ul><li>EN 343:2019 Class 3:1 X  WP 5000mm</li></ul>,,,,
F440,Variant,,"Lightweight and practical the Classic Iona™ Rain Jacket offers waterproof protection and increased visibility. Features include pack-away hood, adjustable drawcord hem, large storage pockets and vented back yoke and eyelets for ventilation.",https://d11ak7fd9ypfb7.cloudfront.net/styles1100px/F440BKR.jpg,,0.0,TRUE,InStock,0.82,,F440BKRXXXL,,,,Size,DROP_DOWN,XXXL,Color,DROP_DOWN,Black,,,,,,,,,,,,,Fit,<p>R</p>,Length,<p>56</p>,Width,<p>30</p>,Height,<p>35</p>,Box Quantity,<p>24</p>,Inner Pack Quantity,<p>1</p>,Country Of Origin,<p>MM</p>,Standards,<ul><li>EN 343:2019 Class 3:1 X  WP 5000mm</li></ul>,,,,
F440,Variant,,"Lightweight and practical the Classic Iona™ Rain Jacket offers waterproof protection and increased visibility. Features include pack-away hood, adjustable drawcord hem, large storage pockets and vented back yoke and eyelets for ventilation.",https://d11ak7fd9ypfb7.cloudfront.net/styles1100px/F440NAR.jpg,,0.0,TRUE,InStock,0.999,,F440NAR4XL,,,,Size,DROP_DOWN,4XL,Color,DROP_DOWN,Navy,,,,,,,,,,,,,Fit,<p>R</p>,Length,<p>56</p>,Width,<p>30</p>,Height,<p>28</p>,Box Quantity,<p>24</p>,Inner Pack Quantity,<p>1</p>,Country Of Origin,<p>MM</p>,Standards,<ul><li>EN 343:2019 Class 3:1 X  WP 5000mm</li></ul>,,,,
F440,Variant,,"Lightweight and practical the Classic Iona™ Rain Jacket offers waterproof protection and increased visibility. Features include pack-away hood, adjustable drawcord hem, large storage pockets and vented back yoke and eyelets for ventilation.",https://d11ak7fd9ypfb7.cloudfront.net/styles1100px/F440NAR.jpg,,0.0,TRUE,InStock,0.999,,F440NAR5XL,,,,Size,DROP_DOWN,5XL,Color,DROP_DOWN,Navy,,,,,,,,,,,,,Fit,<p>R</p>,Length,<p>56</p>,Width,<p>30</p>,Height,<p>28</p>,Box Quantity,<p>24</p>,Inner Pack Quantity,<p>1</p>,Country Of Origin,<p>MM</p>,Standards,<ul><li>EN 343:2019 Class 3:1 X  WP 5000mm</li></ul>,,,,
F440,Variant,,"Lightweight and practical the Classic Iona™ Rain Jacket offers waterproof protection and increased visibility. Features include pack-away hood, adjustable drawcord hem, large storage pockets and vented back yoke and eyelets for ventilation.",https://d11ak7fd9ypfb7.cloudfront.net/styles1100px/F440NAR.jpg,,0.0,TRUE,InStock,0.999,,F440NAR6XL,,,,Size,DROP_DOWN,6XL,Color,DROP_DOWN,Navy,,,,,,,,,,,,,Fit,<p>R</p>,Length,<p>56</p>,Width,<p>30</p>,Height,<p>28</p>,Box Quantity,<p>24</p>,Inner Pack Quantity,<p>1</p>,Country Of Origin,<p>MM</p>,Standards,<ul><li>EN 343:2019 Class 3:1 X  WP 5000mm</li></ul>,,,,
F440,Variant,,"Lightweight and practical the Classic Iona™ Rain Jacket offers waterproof protection and increased visibility. Features include pack-away hood, adjustable drawcord hem, large storage pockets and vented back yoke and eyelets for ventilation.",https://d11ak7fd9ypfb7.cloudfront.net/styles1100px/F440NAR.jpg,,0.0,TRUE,InStock,0.76,,F440NARL,,,,Size,DROP_DOWN,L,Color,DROP_DOWN,Navy,,,,,,,,,,,,,Fit,<p>R</p>,Length,<p>56</p>,Width,<p>30</p>,Height,<p>28</p>,Box Quantity,<p>24</p>,Inner Pack Quantity,<p>1</p>,Country Of Origin,<p>MM</p>,Standards,<ul><li>EN 343:2019 Class 3:1 X  WP 5000mm</li></ul>,,,,
F440,Variant,,"Lightweight and practical the Classic Iona™ Rain Jacket offers waterproof protection and increased visibility. Features include pack-away hood, adjustable drawcord hem, large storage pockets and vented back yoke and eyelets for ventilation.",https://d11ak7fd9ypfb7.cloudfront.net/styles1100px/F440NAR.jpg,,0.0,TRUE,InStock,0.68,,F440NARM,,,,Size,DROP_DOWN,M,Color,DROP_DOWN,Navy,,,,,,,,,,,,,Fit,<p>R</p>,Length,<p>56</p>,Width,<p>30</p>,Height,<p>28</p>,Box Quantity,<p>24</p>,Inner Pack Quantity,<p>1</p>,Country Of Origin,<p>MM</p>,Standards,<ul><li>EN 343:2019 Class 3:1 X  WP 5000mm</li></ul>,,,,
F440,Variant,,"Lightweight and practical the Classic Iona™ Rain Jacket offers waterproof protection and increased visibility. Features include pack-away hood, adjustable drawcord hem, large storage pockets and vented back yoke and eyelets for ventilation.",https://d11ak7fd9ypfb7.cloudfront.net/styles1100px/F440NAR.jpg,,0.0,TRUE,InStock,0.66,,F440NARS,,,,Size,DROP_DOWN,S,Color,DROP_DOWN,Navy,,,,,,,,,,,,,Fit,<p>R</p>,Length,<p>56</p>,Width,<p>30</p>,Height,<p>28</p>,Box Quantity,<p>24</p>,Inner Pack Quantity,<p>1</p>,Country Of Origin,<p>MM</p>,Standards,<ul><li>EN 343:2019 Class 3:1 X  WP 5000mm</li></ul>,,,,
F440,Variant,,"Lightweight and practical the Classic Iona™ Rain Jacket offers waterproof protection and increased visibility. Features include pack-away hood, adjustable drawcord hem, large storage pockets and vented back yoke and eyelets for ventilation.",https://d11ak7fd9ypfb7.cloudfront.net/styles1100px/F440NAR.jpg,,0.0,TRUE,InStock,0.76,,F440NARXL,,,,Size,DROP_DOWN,XL,Color,DROP_DOWN,Navy,,,,,,,,,,,,,Fit,<p>R</p>,Length,<p>56</p>,Width,<p>30</p>,Height,<p>28</p>,Box Quantity,<p>24</p>,Inner Pack Quantity,<p>1</p>,Country Of Origin,<p>MM</p>,Standards,<ul><li>EN 343:2019 Class 3:1 X  WP 5000mm</li></ul>,,,,
F440,Variant,,"Lightweight and practical the Classic Iona™ Rain Jacket offers waterproof protection and increased visibility. Features include pack-away hood, adjustable drawcord hem, large storage pockets and vented back yoke and eyelets for ventilation.",https://d11ak7fd9ypfb7.cloudfront.net/styles1100px/F440NAR.jpg,,0.0,TRUE,InStock,0.78,,F440NARXXL,,,,Size,DROP_DOWN,XXL,Color,DROP_DOWN,Navy,,,,,,,,,,,,,Fit,<p>R</p>,Length,<p>56</p>,Width,<p>30</p>,Height,<p>35</p>,Box Quantity,<p>24</p>,Inner Pack Quantity,<p>1</p>,Country Of Origin,<p>MM</p>,Standards,<ul><li>EN 343:2019 Class 3:1 X  WP 5000mm</li></ul>,,,,
F440,Variant,,"Lightweight and practical the Classic Iona™ Rain Jacket offers waterproof protection and increased visibility. Features include pack-away hood, adjustable drawcord hem, large storage pockets and vented back yoke and eyelets for ventilation.",https://d11ak7fd9ypfb7.cloudfront.net/styles1100px/F440NAR.jpg,,0.0,TRUE,InStock,0.82,,F440NARXXXL,,,,Size,DROP_DOWN,XXXL,Color,DROP_DOWN,Navy,,,,,,,,,,,,,Fit,<p>R</p>,Length,<p>56</p>,Width,<p>30</p>,Height,<p>35</p>,Box Quantity,<p>24</p>,Inner Pack Quantity,<p>1</p>,Country Of Origin,<p>MM</p>,Standards,<ul><li>EN 343:2019 Class 3:1 X  WP 5000mm</li></ul>,,,,
F441,Product,F441 - Classic Iona Rain Pants,"The Classic Iona™ Rain Pants offers added visibility in dull conditions. Features include elasticated waist, pass through pockets, and snap adjustable hem for a secure fit.",https://d11ak7fd9ypfb7.cloudfront.net/styles1100px/F441BKR.jpg,12.84,0.0,TRUE,InStock,0.52,,F441BKR4XL,,,,Size,DROP_DOWN,S;M;L;XL;XXL;XXXL;4XL;5XL;6XL,Color,DROP_DOWN,Navy;Black,,,,,,,,,,,,,Fit,<p>R</p>,Length,<p>56</p>,Width,<p>30</p>,Height,<p>20</p>,Box Quantity,<p>24</p>,Inner Pack Quantity,<p>1</p>,Country Of Origin,<p>MM</p>,Standards,<ul><li>EN 343:2019 Class 3:1 X  WP 5000mm</li></ul>,,,,
F441,Variant,,"The Classic Iona™ Rain Pants offers added visibility in dull conditions. Features include elasticated waist, pass through pockets, and snap adjustable hem for a secure fit.",https://d11ak7fd9ypfb7.cloudfront.net/styles1100px/F441BKR.jpg,,0.0,TRUE,InStock,0.52,,F441BKR4XL,,,,Size,DROP_DOWN,4XL,Color,DROP_DOWN,Black,,,,,,,,,,,,,Fit,<p>R</p>,Length,<p>56</p>,Width,<p>30</p>,Height,<p>20</p>,Box Quantity,<p>24</p>,Inner Pack Quantity,<p>1</p>,Country Of Origin,<p>MM</p>,Standards,<ul><li>EN 343:2019 Class 3:1 X  WP 5000mm</li></ul>,,,,
F441,Variant,,"The Classic Iona™ Rain Pants offers added visibility in dull conditions. Features include elasticated waist, pass through pockets, and snap adjustable hem for a secure fit.",https://d11ak7fd9ypfb7.cloudfront.net/styles1100px/F441BKR.jpg,,0.0,TRUE,InStock,0.52,,F441BKR5XL,,,,Size,DROP_DOWN,5XL,Color,DROP_DOWN,Black,,,,,,,,,,,,,Fit,<p>R</p>,Length,<p>56</p>,Width,<p>30</p>,Height,<p>20</p>,Box Quantity,<p>24</p>,Inner Pack Quantity,<p>1</p>,Country Of Origin,<p>MM</p>,Standards,<ul><li>EN 343:2019 Class 3:1 X  WP 5000mm</li></ul>,,,,
F441,Variant,,"The Classic Iona™ Rain Pants offers added visibility in dull conditions. Features include elasticated waist, pass through pockets, and snap adjustable hem for a secure fit.",https://d11ak7fd9ypfb7.cloudfront.net/styles1100px/F441BKR.jpg,,0.0,TRUE,InStock,0.52,,F441BKR6XL,,,,Size,DROP_DOWN,6XL,Color,DROP_DOWN,Black,,,,,,,,,,,,,Fit,<p>R</p>,Length,<p>56</p>,Width,<p>30</p>,Height,<p>20</p>,Box Quantity,<p>24</p>,Inner Pack Quantity,<p>1</p>,Country Of Origin,<p>MM</p>,Standards,<ul><li>EN 343:2019 Class 3:1 X  WP 5000mm</li></ul>,,,,
F441,Variant,,"The Classic Iona™ Rain Pants offers added visibility in dull conditions. Features include elasticated waist, pass through pockets, and snap adjustable hem for a secure fit.",https://d11ak7fd9ypfb7.cloudfront.net/styles1100px/F441BKR.jpg,,0.0,TRUE,InStock,0.52,,F441BKRL,,,,Size,DROP_DOWN,L,Color,DROP_DOWN,Black,,,,,,,,,,,,,Fit,<p>R</p>,Length,<p>56</p>,Width,<p>30</p>,Height,<p>20</p>,Box Quantity,<p>24</p>,Inner Pack Quantity,<p>1</p>,Country Of Origin,<p>MM</p>,Standards,<ul><li>EN 343:2019 Class 3:1 X  WP 5000mm</li></ul>,,,,
F441,Variant,,"The Classic Iona™ Rain Pants offers added visibility in dull conditions. Features include elasticated waist, pass through pockets, and snap adjustable hem for a secure fit.",https://d11ak7fd9ypfb7.cloudfront.net/styles1100px/F441BKR.jpg,,0.0,TRUE,InStock,0.5,,F441BKRM,,,,Size,DROP_DOWN,M,Color,DROP_DOWN,Black,,,,,,,,,,,,,Fit,<p>R</p>,Length,<p>56</p>,Width,<p>30</p>,Height,<p>20</p>,Box Quantity,<p>24</p>,Inner Pack Quantity,<p>1</p>,Country Of Origin,<p>MM</p>,Standards,<ul><li>EN 343:2019 Class 3:1 X  WP 5000mm</li></ul>,,,,
F441,Variant,,"The Classic Iona™ Rain Pants offers added visibility in dull conditions. Features include elasticated waist, pass through pockets, and snap adjustable hem for a secure fit.",https://d11ak7fd9ypfb7.cloudfront.net/styles1100px/F441BKR.jpg,,0.0,TRUE,InStock,0.39,,F441BKRS,,,,Size,DROP_DOWN,S,Color,DROP_DOWN,Black,,,,,,,,,,,,,Fit,<p>R</p>,Length,<p>56</p>,Width,<p>30</p>,Height,<p>20</p>,Box Quantity,<p>24</p>,Inner Pack Quantity,<p>1</p>,Country Of Origin,<p>MM</p>,Standards,<ul><li>EN 343:2019 Class 3:1 X  WP 5000mm</li></ul>,,,,
F441,Variant,,"The Classic Iona™ Rain Pants offers added visibility in dull conditions. Features include elasticated waist, pass through pockets, and snap adjustable hem for a secure fit.",https://d11ak7fd9ypfb7.cloudfront.net/styles1100px/F441BKR.jpg,,0.0,TRUE,InStock,0.56,,F441BKRXL,,,,Size,DROP_DOWN,XL,Color,DROP_DOWN,Black,,,,,,,,,,,,,Fit,<p>R</p>,Length,<p>56</p>,Width,<p>30</p>,Height,<p>20</p>,Box Quantity,<p>24</p>,Inner Pack Quantity,<p>1</p>,Country Of Origin,<p>MM</p>,Standards,<ul><li>EN 343:2019 Class 3:1 X  WP 5000mm</li></ul>,,,,
F441,Variant,,"The Classic Iona™ Rain Pants offers added visibility in dull conditions. Features include elasticated waist, pass through pockets, and snap adjustable hem for a secure fit.",https://d11ak7fd9ypfb7.cloudfront.net/styles1100px/F441BKR.jpg,,0.0,TRUE,InStock,0.56,,F441BKRXXL,,,,Size,DROP_DOWN,XXL,Color,DROP_DOWN,Black,,,,,,,,,,,,,Fit,<p>R</p>,Length,<p>56</p>,Width,<p>30</p>,Height,<p>20</p>,Box Quantity,<p>24</p>,Inner Pack Quantity,<p>1</p>,Country Of Origin,<p>MM</p>,Standards,<ul><li>EN 343:2019 Class 3:1 X  WP 5000mm</li></ul>,,,,
F441,Variant,,"The Classic Iona™ Rain Pants offers added visibility in dull conditions. Features include elasticated waist, pass through pockets, and snap adjustable hem for a secure fit.",https://d11ak7fd9ypfb7.cloudfront.net/styles1100px/F441BKR.jpg,,0.0,TRUE,InStock,0.58,,F441BKRXXXL,,,,Size,DROP_DOWN,XXXL,Color,DROP_DOWN,Black,,,,,,,,,,,,,Fit,<p>R</p>,Length,<p>56</p>,Width,<p>30</p>,Height,<p>20</p>,Box Quantity,<p>24</p>,Inner Pack Quantity,<p>1</p>,Country Of Origin,<p>MM</p>,Standards,<ul><li>EN 343:2019 Class 3:1 X  WP 5000mm</li></ul>,,,,
F441,Variant,,"The Classic Iona™ Rain Pants offers added visibility in dull conditions. Features include elasticated waist, pass through pockets, and snap adjustable hem for a secure fit.",https://d11ak7fd9ypfb7.cloudfront.net/styles1100px/F441NAR.jpg,,0.0,TRUE,InStock,0.52,,F441NAR4XL,,,,Size,DROP_DOWN,4XL,Color,DROP_DOWN,Navy,,,,,,,,,,,,,Fit,<p>R</p>,Length,<p>56</p>,Width,<p>30</p>,Height,<p>20</p>,Box Quantity,<p>24</p>,Inner Pack Quantity,<p>1</p>,Country Of Origin,<p>MM</p>,Standards,<ul><li>EN 343:2019 Class 3:1 X  WP 5000mm</li></ul>,,,,
F441,Variant,,"The Classic Iona™ Rain Pants offers added visibility in dull conditions. Features include elasticated waist, pass through pockets, and snap adjustable hem for a secure fit.",https://d11ak7fd9ypfb7.cloudfront.net/styles1100px/F441NAR.jpg,,0.0,TRUE,InStock,0.52,,F441NAR5XL,,,,Size,DROP_DOWN,5XL,Color,DROP_DOWN,Navy,,,,,,,,,,,,,Fit,<p>R</p>,Length,<p>56</p>,Width,<p>30</p>,Height,<p>20</p>,Box Quantity,<p>24</p>,Inner Pack Quantity,<p>1</p>,Country Of Origin,<p>MM</p>,Standards,<ul><li>EN 343:2019 Class 3:1 X  WP 5000mm</li></ul>,,,,
F441,Variant,,"The Classic Iona™ Rain Pants offers added visibility in dull conditions. Features include elasticated waist, pass through pockets, and snap adjustable hem for a secure fit.",https://d11ak7fd9ypfb7.cloudfront.net/styles1100px/F441NAR.jpg,,0.0,TRUE,InStock,0.52,,F441NAR6XL,,,,Size,DROP_DOWN,6XL,Color,DROP_DOWN,Navy,,,,,,,,,,,,,Fit,<p>R</p>,Length,<p>56</p>,Width,<p>30</p>,Height,<p>20</p>,Box Quantity,<p>24</p>,Inner Pack Quantity,<p>1</p>,Country Of Origin,<p>MM</p>,Standards,<ul><li>EN 343:2019 Class 3:1 X  WP 5000mm</li></ul>,,,,
F441,Variant,,"The Classic Iona™ Rain Pants offers added visibility in dull conditions. Features include elasticated waist, pass through pockets, and snap adjustable hem for a secure fit.",https://d11ak7fd9ypfb7.cloudfront.net/styles1100px/F441NAR.jpg,,0.0,TRUE,InStock,0.52,,F441NARL,,,,Size,DROP_DOWN,L,Color,DROP_DOWN,Navy,,,,,,,,,,,,,Fit,<p>R</p>,Length,<p>56</p>,Width,<p>30</p>,Height,<p>20</p>,Box Quantity,<p>24</p>,Inner Pack Quantity,<p>1</p>,Country Of Origin,<p>MM</p>,Standards,<ul><li>EN 343:2019 Class 3:1 X  WP 5000mm</li></ul>,,,,
F441,Variant,,"The Classic Iona™ Rain Pants offers added visibility in dull conditions. Features include elasticated waist, pass through pockets, and snap adjustable hem for a secure fit.",https://d11ak7fd9ypfb7.cloudfront.net/styles1100px/F441NAR.jpg,,0.0,TRUE,InStock,0.5,,F441NARM,,,,Size,DROP_DOWN,M,Color,DROP_DOWN,Navy,,,,,,,,,,,,,Fit,<p>R</p>,Length,<p>56</p>,Width,<p>30</p>,Height,<p>20</p>,Box Quantity,<p>24</p>,Inner Pack Quantity,<p>1</p>,Country Of Origin,<p>MM</p>,Standards,<ul><li>EN 343:2019 Class 3:1 X  WP 5000mm</li></ul>,,,,
F441,Variant,,"The Classic Iona™ Rain Pants offers added visibility in dull conditions. Features include elasticated waist, pass through pockets, and snap adjustable hem for a secure fit.",https://d11ak7fd9ypfb7.cloudfront.net/styles1100px/F441NAR.jpg,,0.0,TRUE,InStock,0.39,,F441NARS,,,,Size,DROP_DOWN,S,Color,DROP_DOWN,Navy,,,,,,,,,,,,,Fit,<p>R</p>,Length,<p>56</p>,Width,<p>30</p>,Height,<p>20</p>,Box Quantity,<p>24</p>,Inner Pack Quantity,<p>1</p>,Country Of Origin,<p>MM</p>,Standards,<ul><li>EN 343:2019 Class 3:1 X  WP 5000mm</li></ul>,,,,
F441,Variant,,"The Classic Iona™ Rain Pants offers added visibility in dull conditions. Features include elasticated waist, pass through pockets, and snap adjustable hem for a secure fit.",https://d11ak7fd9ypfb7.cloudfront.net/styles1100px/F441NAR.jpg,,0.0,TRUE,InStock,0.56,,F441NARXL,,,,Size,DROP_DOWN,XL,Color,DROP_DOWN,Navy,,,,,,,,,,,,,Fit,<p>R</p>,Length,<p>56</p>,Width,<p>30</p>,Height,<p>20</p>,Box Quantity,<p>24</p>,Inner Pack Quantity,<p>1</p>,Country Of Origin,<p>MM</p>,Standards,<ul><li>EN 343:2019 Class 3:1 X  WP 5000mm</li></ul>,,,,
F441,Variant,,"The Classic Iona™ Rain Pants offers added visibility in dull conditions. Features include elasticated waist, pass through pockets, and snap adjustable hem for a secure fit.",https://d11ak7fd9ypfb7.cloudfront.net/styles1100px/F441NAR.jpg,,0.0,TRUE,InStock,0.56,,F441NARXXL,,,,Size,DROP_DOWN,XXL,Color,DROP_DOWN,Navy,,,,,,,,,,,,,Fit,<p>R</p>,Length,<p>56</p>,Width,<p>30</p>,Height,<p>20</p>,Box Quantity,<p>24</p>,Inner Pack Quantity,<p>1</p>,Country Of Origin,<p>MM</p>,Standards,<ul><li>EN 343:2019 Class 3:1 X  WP 5000mm</li></ul>,,,,
F441,Variant,,"The Classic Iona™ Rain Pants offers added visibility in dull conditions. Features include elasticated waist, pass through pockets, and snap adjustable hem for a secure fit.",https://d11ak7fd9ypfb7.cloudfront.net/styles1100px/F441NAR.jpg,,0.0,TRUE,InStock,0.58,,F441NARXXXL,,,,Size,DROP_DOWN,XXXL,Color,DROP_DOWN,Navy,,,,,,,,,,,,,Fit,<p>R</p>,Length,<p>56</p>,Width,<p>30</p>,Height,<p>20</p>,Box Quantity,<p>24</p>,Inner Pack Quantity,<p>1</p>,Country Of Origin,<p>MM</p>,Standards,<ul><li>EN 343:2019 Class 3:1 X  WP 5000mm</li></ul>,,,,
F474,Product,F474 - Iona Vest,"This safety vest offers visibility with function. A practical addition to any workplace, it offers enhanced visibility at all times. Available in a wide range of colors.",https://d11ak7fd9ypfb7.cloudfront.net/styles1100px/F474BGR.jpg,6.7,0.0,TRUE,InStock,0.17,,F474BGR4X/5X,,,,Size,DROP_DOWN,S/M;L/XL;XX/3X;4X/5X,Color,DROP_DOWN,Royal Blue;Bottle Green;Purple;Navy;Red;Black,,,,,,,,,,,,,Fit,<p>R</p>,Length,<p>43</p>,Width,<p>28</p>,Height,<p>55</p>,Box Quantity,<p>100</p>,Inner Pack Quantity,<p>10</p>,Country Of Origin,<p>CN</p>,Standards,<p></p>,,,,
F474,Variant,,"This safety vest offers visibility with function. A practical addition to any workplace, it offers enhanced visibility at all times. Available in a wide range of colors.",https://d11ak7fd9ypfb7.cloudfront.net/styles1100px/F474BGR.jpg,,0.0,TRUE,InStock,0.17,,F474BGR4X/5X,,,,Size,DROP_DOWN,4X/5X,Color,DROP_DOWN,Bottle Green,,,,,,,,,,,,,Fit,<p>R</p>,Length,<p>43</p>,Width,<p>28</p>,Height,<p>55</p>,Box Quantity,<p>100</p>,Inner Pack Quantity,<p>10</p>,Country Of Origin,<p>CN</p>,Standards,<p></p>,,,,
F474,Variant,,"This safety vest offers visibility with function. A practical addition to any workplace, it offers enhanced visibility at all times. Available in a wide range of colors.",https://d11ak7fd9ypfb7.cloudfront.net/styles1100px/F474BGR.jpg,,0.0,TRUE,InStock,0.14,,F474BGRL/XL,,,,Size,DROP_DOWN,L/XL,Color,DROP_DOWN,Bottle Green,,,,,,,,,,,,,Fit,<p>R</p>,Length,<p>43</p>,Width,<p>28</p>,Height,<p>55</p>,Box Quantity,<p>100</p>,Inner Pack Quantity,<p>10</p>,Country Of Origin,<p>CN</p>,Standards,<p></p>,,,,
F474,Variant,,"This safety vest offers visibility with function. A practical addition to any workplace, it offers enhanced visibility at all times. Available in a wide range of colors.",https://d11ak7fd9ypfb7.cloudfront.net/styles1100px/F474BGR.jpg,,0.0,TRUE,InStock,0.14,,F474BGRS/M,,,,Size,DROP_DOWN,S/M,Color,DROP_DOWN,Bottle Green,,,,,,,,,,,,,Fit,<p>R</p>,Length,<p>43</p>,Width,<p>28</p>,Height,<p>55</p>,Box Quantity,<p>100</p>,Inner Pack Quantity,<p>10</p>,Country Of Origin,<p>CN</p>,Standards,<p></p>,,,,
F474,Variant,,"This safety vest offers visibility with function. A practical addition to any workplace, it offers enhanced visibility at all times. Available in a wide range of colors.",https://d11ak7fd9ypfb7.cloudfront.net/styles1100px/F474BGR.jpg,,0.0,TRUE,InStock,0.16,,F474BGRXX/3X,,,,Size,DROP_DOWN,XX/3X,Color,DROP_DOWN,Bottle Green,,,,,,,,,,,,,Fit,<p>R</p>,Length,<p>43</p>,Width,<p>28</p>,Height,<p>55</p>,Box Quantity,<p>100</p>,Inner Pack Quantity,<p>10</p>,Country Of Origin,<p>CN</p>,Standards,<p></p>,,,,
F474,Variant,,"This safety vest offers visibility with function. A practical addition to any workplace, it offers enhanced visibility at all times. Available in a wide range of colors.",https://d11ak7fd9ypfb7.cloudfront.net/styles1100px/F474BKR.jpg,,0.0,TRUE,InStock,0.14,,F474BKRL/XL,,,,Size,DROP_DOWN,L/XL,Color,DROP_DOWN,Black,,,,,,,,,,,,,Fit,<p>R</p>,Length,<p>43</p>,Width,<p>28</p>,Height,<p>55</p>,Box Quantity,<p>100</p>,Inner Pack Quantity,<p>10</p>,Country Of Origin,<p>CN</p>,Standards,<p></p>,,,,
F474,Variant,,"This safety vest offers visibility with function. A practical addition to any workplace, it offers enhanced visibility at all times. Available in a wide range of colors.",https://d11ak7fd9ypfb7.cloudfront.net/styles1100px/F474BKR.jpg,,0.0,TRUE,InStock,0.14,,F474BKRS/M,,,,Size,DROP_DOWN,S/M,Color,DROP_DOWN,Black,,,,,,,,,,,,,Fit,<p>R</p>,Length,<p>43</p>,Width,<p>28</p>,Height,<p>55</p>,Box Quantity,<p>100</p>,Inner Pack Quantity,<p>10</p>,Country Of Origin,<p>CN</p>,Standards,<p></p>,,,,
F474,Variant,,"This safety vest offers visibility with function. A practical addition to any workplace, it offers enhanced visibility at all times. Available in a wide range of colors.",https://d11ak7fd9ypfb7.cloudfront.net/styles1100px/F474BKR.jpg,,0.0,TRUE,InStock,0.16,,F474BKRXX/3X,,,,Size,DROP_DOWN,XX/3X,Color,DROP_DOWN,Black,,,,,,,,,,,,,Fit,<p>R</p>,Length,<p>43</p>,Width,<p>28</p>,Height,<p>55</p>,Box Quantity,<p>100</p>,Inner Pack Quantity,<p>10</p>,Country Of Origin,<p>CN</p>,Standards,<p></p>,,,,
F474,Variant,,"This safety vest offers visibility with function. A practical addition to any workplace, it offers enhanced visibility at all times. Available in a wide range of colors.",https://d11ak7fd9ypfb7.cloudfront.net/styles1100px/F474NAR.jpg,,0.0,TRUE,InStock,0.145,,F474NARL/XL,,,,Size,DROP_DOWN,L/XL,Color,DROP_DOWN,Navy,,,,,,,,,,,,,Fit,<p>R</p>,Length,<p>43</p>,Width,<p>28</p>,Height,<p>55</p>,Box Quantity,<p>100</p>,Inner Pack Quantity,<p>10</p>,Country Of Origin,<p>CN</p>,Standards,<p></p>,,,,
F474,Variant,,"This safety vest offers visibility with function. A practical addition to any workplace, it offers enhanced visibility at all times. Available in a wide range of colors.",https://d11ak7fd9ypfb7.cloudfront.net/styles1100px/F474NAR.jpg,,0.0,TRUE,InStock,0.14,,F474NARS/M,,,,Size,DROP_DOWN,S/M,Color,DROP_DOWN,Navy,,,,,,,,,,,,,Fit,<p>R</p>,Length,<p>43</p>,Width,<p>28</p>,Height,<p>55</p>,Box Quantity,<p>100</p>,Inner Pack Quantity,<p>10</p>,Country Of Origin,<p>CN</p>,Standards,<p></p>,,,,
F474,Variant,,"This safety vest offers visibility with function. A practical addition to any workplace, it offers enhanced visibility at all times. Available in a wide range of colors.",https://d11ak7fd9ypfb7.cloudfront.net/styles1100px/F474NAR.jpg,,0.0,TRUE,InStock,0.16,,F474NARXX/3X,,,,Size,DROP_DOWN,XX/3X,Color,DROP_DOWN,Navy,,,,,,,,,,,,,Fit,<p>R</p>,Length,<p>43</p>,Width,<p>28</p>,Height,<p>55</p>,Box Quantity,<p>100</p>,Inner Pack Quantity,<p>10</p>,Country Of Origin,<p>CN</p>,Standards,<p></p>,,,,
F474,Variant,,"This safety vest offers visibility with function. A practical addition to any workplace, it offers enhanced visibility at all times. Available in a wide range of colors.",https://d11ak7fd9ypfb7.cloudfront.net/styles1100px/F474PUR.jpg,,0.0,TRUE,InStock,0.145,,F474PURL/XL,,,,Size,DROP_DOWN,L/XL,Color,DROP_DOWN,Purple,,,,,,,,,,,,,Fit,<p>R</p>,Length,<p>43</p>,Width,<p>28</p>,Height,<p>55</p>,Box Quantity,<p>100</p>,Inner Pack Quantity,<p>10</p>,Country Of Origin,<p>CN</p>,Standards,<p></p>,,,,
F474,Variant,,"This safety vest offers visibility with function. A practical addition to any workplace, it offers enhanced visibility at all times. Available in a wide range of colors.",https://d11ak7fd9ypfb7.cloudfront.net/styles1100px/F474PUR.jpg,,0.0,TRUE,InStock,0.14,,F474PURS/M,,,,Size,DROP_DOWN,S/M,Color,DROP_DOWN,Purple,,,,,,,,,,,,,Fit,<p>R</p>,Length,<p>43</p>,Width,<p>28</p>,Height,<p>55</p>,Box Quantity,<p>100</p>,Inner Pack Quantity,<p>10</p>,Country Of Origin,<p>CN</p>,Standards,<p></p>,,,,
F474,Variant,,"This safety vest offers visibility with function. A practical addition to any workplace, it offers enhanced visibility at all times. Available in a wide range of colors.",https://d11ak7fd9ypfb7.cloudfront.net/styles1100px/F474PUR.jpg,,0.0,TRUE,InStock,0.16,,F474PURXX/3X,,,,Size,DROP_DOWN,XX/3X,Color,DROP_DOWN,Purple,,,,,,,,,,,,,Fit,<p>R</p>,Length,<p>43</p>,Width,<p>28</p>,Height,<p>55</p>,Box Quantity,<p>100</p>,Inner Pack Quantity,<p>10</p>,Country Of Origin,<p>CN</p>,Standards,<p></p>,,,,
F474,Variant,,"This safety vest offers visibility with function. A practical addition to any workplace, it offers enhanced visibility at all times. Available in a wide range of colors.",https://d11ak7fd9ypfb7.cloudfront.net/styles1100px/F474RBR.jpg,,0.0,TRUE,InStock,0.17,,F474RBR4X/5X,,,,Size,DROP_DOWN,4X/5X,Color,DROP_DOWN,Royal Blue,,,,,,,,,,,,,Fit,<p>R</p>,Length,<p>43</p>,Width,<p>28</p>,Height,<p>55</p>,Box Quantity,<p>100</p>,Inner Pack Quantity,<p>10</p>,Country Of Origin,<p>CN</p>,Standards,<p></p>,,,,
F474,Variant,,"This safety vest offers visibility with function. A practical addition to any workplace, it offers enhanced visibility at all times. Available in a wide range of colors.",https://d11ak7fd9ypfb7.cloudfront.net/styles1100px/F474RBR.jpg,,0.0,TRUE,InStock,0.14,,F474RBRL/XL,,,,Size,DROP_DOWN,L/XL,Color,DROP_DOWN,Royal Blue,,,,,,,,,,,,,Fit,<p>R</p>,Length,<p>43</p>,Width,<p>28</p>,Height,<p>55</p>,Box Quantity,<p>100</p>,Inner Pack Quantity,<p>10</p>,Country Of Origin,<p>CN</p>,Standards,<p></p>,,,,
F474,Variant,,"This safety vest offers visibility with function. A practical addition to any workplace, it offers enhanced visibility at all times. Available in a wide range of colors.",https://d11ak7fd9ypfb7.cloudfront.net/styles1100px/F474RBR.jpg,,0.0,TRUE,InStock,0.14,,F474RBRS/M,,,,Size,DROP_DOWN,S/M,Color,DROP_DOWN,Royal Blue,,,,,,,,,,,,,Fit,<p>R</p>,Length,<p>43</p>,Width,<p>28</p>,Height,<p>55</p>,Box Quantity,<p>100</p>,Inner Pack Quantity,<p>10</p>,Country Of Origin,<p>CN</p>,Standards,<p></p>,,,,
F474,Variant,,"This safety vest offers visibility with function. A practical addition to any workplace, it offers enhanced visibility at all times. Available in a wide range of colors.",https://d11ak7fd9ypfb7.cloudfront.net/styles1100px/F474RBR.jpg,,0.0,TRUE,InStock,0.16,,F474RBRXX/3X,,,,Size,DROP_DOWN,XX/3X,Color,DROP_DOWN,Royal Blue,,,,,,,,,,,,,Fit,<p>R</p>,Length,<p>43</p>,Width,<p>28</p>,Height,<p>55</p>,Box Quantity,<p>100</p>,Inner Pack Quantity,<p>10</p>,Country Of Origin,<p>CN</p>,Standards,<p></p>,,,,
F474,Variant,,"This safety vest offers visibility with function. A practical addition to any workplace, it offers enhanced visibility at all times. Available in a wide range of colors.",https://d11ak7fd9ypfb7.cloudfront.net/styles1100px/F474RER.jpg,,0.0,TRUE,InStock,0.144,,F474RERL/XL,,,,Size,DROP_DOWN,L/XL,Color,DROP_DOWN,Red,,,,,,,,,,,,,Fit,<p>R</p>,Length,<p>43</p>,Width,<p>28</p>,Height,<p>55</p>,Box Quantity,<p>100</p>,Inner Pack Quantity,<p>10</p>,Country Of Origin,<p>CN</p>,Standards,<p></p>,,,,
F474,Variant,,"This safety vest offers visibility with function. A practical addition to any workplace, it offers enhanced visibility at all times. Available in a wide range of colors.",https://d11ak7fd9ypfb7.cloudfront.net/styles1100px/F474RER.jpg,,0.0,TRUE,InStock,0.14,,F474RERS/M,,,,Size,DROP_DOWN,S/M,Color,DROP_DOWN,Red,,,,,,,,,,,,,Fit,<p>R</p>,Length,<p>43</p>,Width,<p>28</p>,Height,<p>55</p>,Box Quantity,<p>100</p>,Inner Pack Quantity,<p>10</p>,Country Of Origin,<p>CN</p>,Standards,<p></p>,,,,
F474,Variant,,"This safety vest offers visibility with function. A practical addition to any workplace, it offers enhanced visibility at all times. Available in a wide range of colors.",https://d11ak7fd9ypfb7.cloudfront.net/styles1100px/F474RER.jpg,,0.0,TRUE,InStock,0.16,,F474RERXX/3X,,,,Size,DROP_DOWN,XX/3X,Color,DROP_DOWN,Red,,,,,,,,,,,,,Fit,<p>R</p>,Length,<p>43</p>,Width,<p>28</p>,Height,<p>55</p>,Box Quantity,<p>100</p>,Inner Pack Quantity,<p>10</p>,Country Of Origin,<p>CN</p>,Standards,<p></p>,,,,
F476,Product,F476 - Iona Executive Vest,"In a range of four great colours, this superior vest option offers a Dual ID window, radio loop and multi-functional pockets as standard. Perfect for corporate branding.",https://d11ak7fd9ypfb7.cloudfront.net/styles1100px/F476BGR.jpg,0.0,0.0,TRUE,InStock,0.241,,F476BGRL,,,,Size,DROP_DOWN,S;M;L;XL;XXL;XXXL,Color,DROP_DOWN,Navy;Red;Royal Blue;Bottle Green,,,,,,,,,,,,,Fit,<p>R</p>,Length,<p>43</p>,Width,<p>28</p>,Height,<p>48</p>,Box Quantity,<p>60</p>,Inner Pack Quantity,<p>10</p>,Country Of Origin,<p>CN</p>,Standards,<ul><li>AS 4602.1 Class N</li></ul>,,,,
F476,Variant,,"In a range of four great colours, this superior vest option offers a Dual ID window, radio loop and multi-functional pockets as standard. Perfect for corporate branding.",https://d11ak7fd9ypfb7.cloudfront.net/styles1100px/F476BGR.jpg,,0.0,TRUE,InStock,0.241,,F476BGRL,,,,Size,DROP_DOWN,L,Color,DROP_DOWN,Bottle Green,,,,,,,,,,,,,Fit,<p>R</p>,Length,<p>43</p>,Width,<p>28</p>,Height,<p>48</p>,Box Quantity,<p>60</p>,Inner Pack Quantity,<p>10</p>,Country Of Origin,<p>CN</p>,Standards,<ul><li>AS 4602.1 Class N</li></ul>,,,,
F476,Variant,,"In a range of four great colours, this superior vest option offers a Dual ID window, radio loop and multi-functional pockets as standard. Perfect for corporate branding.",https://d11ak7fd9ypfb7.cloudfront.net/styles1100px/F476BGR.jpg,,0.0,TRUE,InStock,0.232,,F476BGRM,,,,Size,DROP_DOWN,M,Color,DROP_DOWN,Bottle Green,,,,,,,,,,,,,Fit,<p>R</p>,Length,<p>43</p>,Width,<p>28</p>,Height,<p>48</p>,Box Quantity,<p>60</p>,Inner Pack Quantity,<p>10</p>,Country Of Origin,<p>CN</p>,Standards,<ul><li>AS 4602.1 Class N</li></ul>,,,,
F476,Variant,,"In a range of four great colours, this superior vest option offers a Dual ID window, radio loop and multi-functional pockets as standard. Perfect for corporate branding.",https://d11ak7fd9ypfb7.cloudfront.net/styles1100px/F476BGR.jpg,,0.0,TRUE,InStock,0.225,,F476BGRS,,,,Size,DROP_DOWN,S,Color,DROP_DOWN,Bottle Green,,,,,,,,,,,,,Fit,<p>R</p>,Length,<p>43</p>,Width,<p>28</p>,Height,<p>48</p>,Box Quantity,<p>60</p>,Inner Pack Quantity,<p>10</p>,Country Of Origin,<p>CN</p>,Standards,<ul><li>AS 4602.1 Class N</li></ul>,,,,
F476,Variant,,"In a range of four great colours, this superior vest option offers a Dual ID window, radio loop and multi-functional pockets as standard. Perfect for corporate branding.",https://d11ak7fd9ypfb7.cloudfront.net/styles1100px/F476BGR.jpg,,0.0,TRUE,InStock,0.247,,F476BGRXL,,,,Size,DROP_DOWN,XL,Color,DROP_DOWN,Bottle Green,,,,,,,,,,,,,Fit,<p>R</p>,Length,<p>43</p>,Width,<p>28</p>,Height,<p>48</p>,Box Quantity,<p>60</p>,Inner Pack Quantity,<p>10</p>,Country Of Origin,<p>CN</p>,Standards,<ul><li>AS 4602.1 Class N</li></ul>,,,,
F476,Variant,,"In a range of four great colours, this superior vest option offers a Dual ID window, radio loop and multi-functional pockets as standard. Perfect for corporate branding.",https://d11ak7fd9ypfb7.cloudfront.net/styles1100px/F476BGR.jpg,,0.0,TRUE,InStock,0.259,,F476BGRXXL,,,,Size,DROP_DOWN,XXL,Color,DROP_DOWN,Bottle Green,,,,,,,,,,,,,Fit,<p>R</p>,Length,<p>43</p>,Width,<p>28</p>,Height,<p>48</p>,Box Quantity,<p>60</p>,Inner Pack Quantity,<p>10</p>,Country Of Origin,<p>CN</p>,Standards,<ul><li>AS 4602.1 Class N</li></ul>,,,,
F476,Variant,,"In a range of four great colours, this superior vest option offers a Dual ID window, radio loop and multi-functional pockets as standard. Perfect for corporate branding.",https://d11ak7fd9ypfb7.cloudfront.net/styles1100px/F476BGR.jpg,,0.0,TRUE,InStock,0.262,,F476BGRXXXL,,,,Size,DROP_DOWN,XXXL,Color,DROP_DOWN,Bottle Green,,,,,,,,,,,,,Fit,<p>R</p>,Length,<p>43</p>,Width,<p>28</p>,Height,<p>48</p>,Box Quantity,<p>60</p>,Inner Pack Quantity,<p>10</p>,Country Of Origin,<p>CN</p>,Standards,<ul><li>AS 4602.1 Class N</li></ul>,,,,
F476,Variant,,"In a range of four great colours, this superior vest option offers a Dual ID window, radio loop and multi-functional pockets as standard. Perfect for corporate branding.",https://d11ak7fd9ypfb7.cloudfront.net/styles1100px/F476NAR.jpg,,0.0,TRUE,InStock,0.232,,F476NARM,,,,Size,DROP_DOWN,M,Color,DROP_DOWN,Navy,,,,,,,,,,,,,Fit,<p>R</p>,Length,<p>43</p>,Width,<p>28</p>,Height,<p>48</p>,Box Quantity,<p>60</p>,Inner Pack Quantity,<p>10</p>,Country Of Origin,<p>CN</p>,Standards,<ul><li>AS 4602.1 Class N</li></ul>,,,,
F476,Variant,,"In a range of four great colours, this superior vest option offers a Dual ID window, radio loop and multi-functional pockets as standard. Perfect for corporate branding.",https://d11ak7fd9ypfb7.cloudfront.net/styles1100px/F476NAR.jpg,,0.0,TRUE,InStock,0.225,,F476NARS,,,,Size,DROP_DOWN,S,Color,DROP_DOWN,Navy,,,,,,,,,,,,,Fit,<p>R</p>,Length,<p>43</p>,Width,<p>28</p>,Height,<p>48</p>,Box Quantity,<p>60</p>,Inner Pack Quantity,<p>10</p>,Country Of Origin,<p>CN</p>,Standards,<ul><li>AS 4602.1 Class N</li></ul>,,,,
F476,Variant,,"In a range of four great colours, this superior vest option offers a Dual ID window, radio loop and multi-functional pockets as standard. Perfect for corporate branding.",https://d11ak7fd9ypfb7.cloudfront.net/styles1100px/F476NAR.jpg,,0.0,TRUE,InStock,0.247,,F476NARXL,,,,Size,DROP_DOWN,XL,Color,DROP_DOWN,Navy,,,,,,,,,,,,,Fit,<p>R</p>,Length,<p>43</p>,Width,<p>28</p>,Height,<p>48</p>,Box Quantity,<p>60</p>,Inner Pack Quantity,<p>10</p>,Country Of Origin,<p>CN</p>,Standards,<ul><li>AS 4602.1 Class N</li></ul>,,,,
F476,Variant,,"In a range of four great colours, this superior vest option offers a Dual ID window, radio loop and multi-functional pockets as standard. Perfect for corporate branding.",https://d11ak7fd9ypfb7.cloudfront.net/styles1100px/F476NAR.jpg,,0.0,TRUE,InStock,0.259,,F476NARXXL,,,,Size,DROP_DOWN,XXL,Color,DROP_DOWN,Navy,,,,,,,,,,,,,Fit,<p>R</p>,Length,<p>43</p>,Width,<p>28</p>,Height,<p>48</p>,Box Quantity,<p>60</p>,Inner Pack Quantity,<p>10</p>,Country Of Origin,<p>CN</p>,Standards,<ul><li>AS 4602.1 Class N</li></ul>,,,,
F476,Variant,,"In a range of four great colours, this superior vest option offers a Dual ID window, radio loop and multi-functional pockets as standard. Perfect for corporate branding.",https://d11ak7fd9ypfb7.cloudfront.net/styles1100px/F476RBR.jpg,,0.0,TRUE,InStock,0.232,,F476RBRM,,,,Size,DROP_DOWN,M,Color,DROP_DOWN,Royal Blue,,,,,,,,,,,,,Fit,<p>R</p>,Length,<p>43</p>,Width,<p>28</p>,Height,<p>48</p>,Box Quantity,<p>60</p>,Inner Pack Quantity,<p>10</p>,Country Of Origin,<p>CN</p>,Standards,<ul><li>AS 4602.1 Class N</li></ul>,,,,
F476,Variant,,"In a range of four great colours, this superior vest option offers a Dual ID window, radio loop and multi-functional pockets as standard. Perfect for corporate branding.",https://d11ak7fd9ypfb7.cloudfront.net/styles1100px/F476RBR.jpg,,0.0,TRUE,InStock,0.225,,F476RBRS,,,,Size,DROP_DOWN,S,Color,DROP_DOWN,Royal Blue,,,,,,,,,,,,,Fit,<p>R</p>,Length,<p>43</p>,Width,<p>28</p>,Height,<p>48</p>,Box Quantity,<p>60</p>,Inner Pack Quantity,<p>10</p>,Country Of Origin,<p>CN</p>,Standards,<ul><li>AS 4602.1 Class N</li></ul>,,,,
F476,Variant,,"In a range of four great colours, this superior vest option offers a Dual ID window, radio loop and multi-functional pockets as standard. Perfect for corporate branding.",https://d11ak7fd9ypfb7.cloudfront.net/styles1100px/F476RBR.jpg,,0.0,TRUE,InStock,0.247,,F476RBRXL,,,,Size,DROP_DOWN,XL,Color,DROP_DOWN,Royal Blue,,,,,,,,,,,,,Fit,<p>R</p>,Length,<p>43</p>,Width,<p>28</p>,Height,<p>48</p>,Box Quantity,<p>60</p>,Inner Pack Quantity,<p>10</p>,Country Of Origin,<p>CN</p>,Standards,<ul><li>AS 4602.1 Class N</li></ul>,,,,
F476,Variant,,"In a range of four great colours, this superior vest option offers a Dual ID window, radio loop and multi-functional pockets as standard. Perfect for corporate branding.",https://d11ak7fd9ypfb7.cloudfront.net/styles1100px/F476RBR.jpg,,0.0,TRUE,InStock,0.262,,F476RBRXXXL,,,,Size,DROP_DOWN,XXXL,Color,DROP_DOWN,Royal Blue,,,,,,,,,,,,,Fit,<p>R</p>,Length,<p>43</p>,Width,<p>28</p>,Height,<p>48</p>,Box Quantity,<p>60</p>,Inner Pack Quantity,<p>10</p>,Country Of Origin,<p>CN</p>,Standards,<ul><li>AS 4602.1 Class N</li></ul>,,,,
F476,Variant,,"In a range of four great colours, this superior vest option offers a Dual ID window, radio loop and multi-functional pockets as standard. Perfect for corporate branding.",https://d11ak7fd9ypfb7.cloudfront.net/styles1100px/F476RER.jpg,,0.0,TRUE,InStock,0.241,,F476RERL,,,,Size,DROP_DOWN,L,Color,DROP_DOWN,Red,,,,,,,,,,,,,Fit,<p>R</p>,Length,<p>43</p>,Width,<p>28</p>,Height,<p>48</p>,Box Quantity,<p>60</p>,Inner Pack Quantity,<p>10</p>,Country Of Origin,<p>CN</p>,Standards,<ul><li>AS 4602.1 Class N</li></ul>,,,,
F476,Variant,,"In a range of four great colours, this superior vest option offers a Dual ID window, radio loop and multi-functional pockets as standard. Perfect for corporate branding.",https://d11ak7fd9ypfb7.cloudfront.net/styles1100px/F476RER.jpg,,0.0,TRUE,InStock,0.232,,F476RERM,,,,Size,DROP_DOWN,M,Color,DROP_DOWN,Red,,,,,,,,,,,,,Fit,<p>R</p>,Length,<p>43</p>,Width,<p>28</p>,Height,<p>48</p>,Box Quantity,<p>60</p>,Inner Pack Quantity,<p>10</p>,Country Of Origin,<p>CN</p>,Standards,<ul><li>AS 4602.1 Class N</li></ul>,,,,
F476,Variant,,"In a range of four great colours, this superior vest option offers a Dual ID window, radio loop and multi-functional pockets as standard. Perfect for corporate branding.",https://d11ak7fd9ypfb7.cloudfront.net/styles1100px/F476RER.jpg,,0.0,TRUE,InStock,0.225,,F476RERS,,,,Size,DROP_DOWN,S,Color,DROP_DOWN,Red,,,,,,,,,,,,,Fit,<p>R</p>,Length,<p>43</p>,Width,<p>28</p>,Height,<p>48</p>,Box Quantity,<p>60</p>,Inner Pack Quantity,<p>10</p>,Country Of Origin,<p>CN</p>,Standards,<ul><li>AS 4602.1 Class N</li></ul>,,,,
F476,Variant,,"In a range of four great colours, this superior vest option offers a Dual ID window, radio loop and multi-functional pockets as standard. Perfect for corporate branding.",https://d11ak7fd9ypfb7.cloudfront.net/styles1100px/F476RER.jpg,,0.0,TRUE,InStock,0.247,,F476RERXL,,,,Size,DROP_DOWN,XL,Color,DROP_DOWN,Red,,,,,,,,,,,,,Fit,<p>R</p>,Length,<p>43</p>,Width,<p>28</p>,Height,<p>48</p>,Box Quantity,<p>60</p>,Inner Pack Quantity,<p>10</p>,Country Of Origin,<p>CN</p>,Standards,<ul><li>AS 4602.1 Class N</li></ul>,,,,
F476,Variant,,"In a range of four great colours, this superior vest option offers a Dual ID window, radio loop and multi-functional pockets as standard. Perfect for corporate branding.",https://d11ak7fd9ypfb7.cloudfront.net/styles1100px/F476RER.jpg,,0.0,TRUE,InStock,0.259,,F476RERXXL,,,,Size,DROP_DOWN,XXL,Color,DROP_DOWN,Red,,,,,,,,,,,,,Fit,<p>R</p>,Length,<p>43</p>,Width,<p>28</p>,Height,<p>48</p>,Box Quantity,<p>60</p>,Inner Pack Quantity,<p>10</p>,Country Of Origin,<p>CN</p>,Standards,<ul><li>AS 4602.1 Class N</li></ul>,,,,
F476,Variant,,"In a range of four great colours, this superior vest option offers a Dual ID window, radio loop and multi-functional pockets as standard. Perfect for corporate branding.",https://d11ak7fd9ypfb7.cloudfront.net/styles1100px/F476RER.jpg,,0.0,TRUE,InStock,0.262,,F476RERXXXL,,,,Size,DROP_DOWN,XXXL,Color,DROP_DOWN,Red,,,,,,,,,,,,,Fit,<p>R</p>,Length,<p>43</p>,Width,<p>28</p>,Height,<p>48</p>,Box Quantity,<p>60</p>,Inner Pack Quantity,<p>10</p>,Country Of Origin,<p>CN</p>,Standards,<ul><li>AS 4602.1 Class N</li></ul>,,,,
F477,Product,F477 - Iona Polo Shirt,This stylish polo shirt incorporates hi-vis reflective tape to make the wearer more visible. The comfortable fabric has superior wicking properties so moisture is drawn quickly away from the body - ideal for warm conditions.,https://d11ak7fd9ypfb7.cloudfront.net/styles1100px/F477BKR.jpg,19.5,0.0,TRUE,InStock,0.35,,F477BKR4XL,,,,Size,DROP_DOWN,S;M;L;XL;XXL;XXXL;4XL;5XL;6XL,Color,DROP_DOWN,Navy;Black,,,,,,,,,,,,,Fit,<p>R</p>,Length,<p>55</p>,Width,<p>36</p>,Height,<p>40</p>,Box Quantity,<p>48</p>,Inner Pack Quantity,<p>1</p>,Country Of Origin,<p>BD</p>,Standards,<p></p>,,,,
F477,Variant,,This stylish polo shirt incorporates hi-vis reflective tape to make the wearer more visible. The comfortable fabric has superior wicking properties so moisture is drawn quickly away from the body - ideal for warm conditions.,https://d11ak7fd9ypfb7.cloudfront.net/styles1100px/F477BKR.jpg,,0.0,TRUE,InStock,0.35,,F477BKR4XL,,,,Size,DROP_DOWN,4XL,Color,DROP_DOWN,Black,,,,,,,,,,,,,Fit,<p>R</p>,Length,<p>55</p>,Width,<p>36</p>,Height,<p>40</p>,Box Quantity,<p>48</p>,Inner Pack Quantity,<p>1</p>,Country Of Origin,<p>BD</p>,Standards,<p></p>,,,,
F477,Variant,,This stylish polo shirt incorporates hi-vis reflective tape to make the wearer more visible. The comfortable fabric has superior wicking properties so moisture is drawn quickly away from the body - ideal for warm conditions.,https://d11ak7fd9ypfb7.cloudfront.net/styles1100px/F477BKR.jpg,,0.0,TRUE,InStock,0.36,,F477BKR5XL,,,,Size,DROP_DOWN,5XL,Color,DROP_DOWN,Black,,,,,,,,,,,,,Fit,<p>R</p>,Length,<p>55</p>,Width,<p>36</p>,Height,<p>40</p>,Box Quantity,<p>48</p>,Inner Pack Quantity,<p>1</p>,Country Of Origin,<p>BD</p>,Standards,<p></p>,,,,
F477,Variant,,This stylish polo shirt incorporates hi-vis reflective tape to make the wearer more visible. The comfortable fabric has superior wicking properties so moisture is drawn quickly away from the body - ideal for warm conditions.,https://d11ak7fd9ypfb7.cloudfront.net/styles1100px/F477BKR.jpg,,0.0,TRUE,InStock,0.37,,F477BKR6XL,,,,Size,DROP_DOWN,6XL,Color,DROP_DOWN,Black,,,,,,,,,,,,,Fit,<p>R</p>,Length,<p>55</p>,Width,<p>36</p>,Height,<p>40</p>,Box Quantity,<p>48</p>,Inner Pack Quantity,<p>1</p>,Country Of Origin,<p>BD</p>,Standards,<p></p>,,,,
F477,Variant,,This stylish polo shirt incorporates hi-vis reflective tape to make the wearer more visible. The comfortable fabric has superior wicking properties so moisture is drawn quickly away from the body - ideal for warm conditions.,https://d11ak7fd9ypfb7.cloudfront.net/styles1100px/F477BKR.jpg,,0.0,TRUE,InStock,0.3,,F477BKRL,,,,Size,DROP_DOWN,L,Color,DROP_DOWN,Black,,,,,,,,,,,,,Fit,<p>R</p>,Length,<p>55</p>,Width,<p>36</p>,Height,<p>40</p>,Box Quantity,<p>48</p>,Inner Pack Quantity,<p>1</p>,Country Of Origin,<p>BD</p>,Standards,<p></p>,,,,
F477,Variant,,This stylish polo shirt incorporates hi-vis reflective tape to make the wearer more visible. The comfortable fabric has superior wicking properties so moisture is drawn quickly away from the body - ideal for warm conditions.,https://d11ak7fd9ypfb7.cloudfront.net/styles1100px/F477BKR.jpg,,0.0,TRUE,InStock,0.28,,F477BKRM,,,,Size,DROP_DOWN,M,Color,DROP_DOWN,Black,,,,,,,,,,,,,Fit,<p>R</p>,Length,<p>55</p>,Width,<p>36</p>,Height,<p>40</p>,Box Quantity,<p>48</p>,Inner Pack Quantity,<p>1</p>,Country Of Origin,<p>BD</p>,Standards,<p></p>,,,,
F477,Variant,,This stylish polo shirt incorporates hi-vis reflective tape to make the wearer more visible. The comfortable fabric has superior wicking properties so moisture is drawn quickly away from the body - ideal for warm conditions.,https://d11ak7fd9ypfb7.cloudfront.net/styles1100px/F477BKR.jpg,,0.0,TRUE,InStock,0.32,,F477BKRXL,,,,Size,DROP_DOWN,XL,Color,DROP_DOWN,Black,,,,,,,,,,,,,Fit,<p>R</p>,Length,<p>55</p>,Width,<p>36</p>,Height,<p>40</p>,Box Quantity,<p>48</p>,Inner Pack Quantity,<p>1</p>,Country Of Origin,<p>BD</p>,Standards,<p></p>,,,,
F477,Variant,,This stylish polo shirt incorporates hi-vis reflective tape to make the wearer more visible. The comfortable fabric has superior wicking properties so moisture is drawn quickly away from the body - ideal for warm conditions.,https://d11ak7fd9ypfb7.cloudfront.net/styles1100px/F477BKR.jpg,,0.0,TRUE,InStock,0.33,,F477BKRXXL,,,,Size,DROP_DOWN,XXL,Color,DROP_DOWN,Black,,,,,,,,,,,,,Fit,<p>R</p>,Length,<p>55</p>,Width,<p>36</p>,Height,<p>40</p>,Box Quantity,<p>48</p>,Inner Pack Quantity,<p>1</p>,Country Of Origin,<p>BD</p>,Standards,<p></p>,,,,
F477,Variant,,This stylish polo shirt incorporates hi-vis reflective tape to make the wearer more visible. The comfortable fabric has superior wicking properties so moisture is drawn quickly away from the body - ideal for warm conditions.,https://d11ak7fd9ypfb7.cloudfront.net/styles1100px/F477BKR.jpg,,0.0,TRUE,InStock,0.34,,F477BKRXXXL,,,,Size,DROP_DOWN,XXXL,Color,DROP_DOWN,Black,,,,,,,,,,,,,Fit,<p>R</p>,Length,<p>55</p>,Width,<p>36</p>,Height,<p>40</p>,Box Quantity,<p>48</p>,Inner Pack Quantity,<p>1</p>,Country Of Origin,<p>BD</p>,Standards,<p></p>,,,,
F477,Variant,,This stylish polo shirt incorporates hi-vis reflective tape to make the wearer more visible. The comfortable fabric has superior wicking properties so moisture is drawn quickly away from the body - ideal for warm conditions.,https://d11ak7fd9ypfb7.cloudfront.net/styles1100px/F477NAR.jpg,,0.0,TRUE,InStock,0.35,,F477NAR4XL,,,,Size,DROP_DOWN,4XL,Color,DROP_DOWN,Navy,,,,,,,,,,,,,Fit,<p>R</p>,Length,<p>55</p>,Width,<p>36</p>,Height,<p>40</p>,Box Quantity,<p>48</p>,Inner Pack Quantity,<p>1</p>,Country Of Origin,<p>BD</p>,Standards,<p></p>,,,,
F477,Variant,,This stylish polo shirt incorporates hi-vis reflective tape to make the wearer more visible. The comfortable fabric has superior wicking properties so moisture is drawn quickly away from the body - ideal for warm conditions.,https://d11ak7fd9ypfb7.cloudfront.net/styles1100px/F477NAR.jpg,,0.0,TRUE,InStock,0.36,,F477NAR5XL,,,,Size,DROP_DOWN,5XL,Color,DROP_DOWN,Navy,,,,,,,,,,,,,Fit,<p>R</p>,Length,<p>55</p>,Width,<p>36</p>,Height,<p>40</p>,Box Quantity,<p>48</p>,Inner Pack Quantity,<p>1</p>,Country Of Origin,<p>BD</p>,Standards,<p></p>,,,,
F477,Variant,,This stylish polo shirt incorporates hi-vis reflective tape to make the wearer more visible. The comfortable fabric has superior wicking properties so moisture is drawn quickly away from the body - ideal for warm conditions.,https://d11ak7fd9ypfb7.cloudfront.net/styles1100px/F477NAR.jpg,,0.0,TRUE,InStock,0.37,,F477NAR6XL,,,,Size,DROP_DOWN,6XL,Color,DROP_DOWN,Navy,,,,,,,,,,,,,Fit,<p>R</p>,Length,<p>55</p>,Width,<p>36</p>,Height,<p>40</p>,Box Quantity,<p>48</p>,Inner Pack Quantity,<p>1</p>,Country Of Origin,<p>BD</p>,Standards,<p></p>,,,,
F477,Variant,,This stylish polo shirt incorporates hi-vis reflective tape to make the wearer more visible. The comfortable fabric has superior wicking properties so moisture is drawn quickly away from the body - ideal for warm conditions.,https://d11ak7fd9ypfb7.cloudfront.net/styles1100px/F477NAR.jpg,,0.0,TRUE,InStock,0.3,,F477NARL,,,,Size,DROP_DOWN,L,Color,DROP_DOWN,Navy,,,,,,,,,,,,,Fit,<p>R</p>,Length,<p>55</p>,Width,<p>36</p>,Height,<p>40</p>,Box Quantity,<p>48</p>,Inner Pack Quantity,<p>1</p>,Country Of Origin,<p>BD</p>,Standards,<p></p>,,,,
F477,Variant,,This stylish polo shirt incorporates hi-vis reflective tape to make the wearer more visible. The comfortable fabric has superior wicking properties so moisture is drawn quickly away from the body - ideal for warm conditions.,https://d11ak7fd9ypfb7.cloudfront.net/styles1100px/F477NAR.jpg,,0.0,TRUE,InStock,0.28,,F477NARM,,,,Size,DROP_DOWN,M,Color,DROP_DOWN,Navy,,,,,,,,,,,,,Fit,<p>R</p>,Length,<p>55</p>,Width,<p>36</p>,Height,<p>40</p>,Box Quantity,<p>48</p>,Inner Pack Quantity,<p>1</p>,Country Of Origin,<p>BD</p>,Standards,<p></p>,,,,
F477,Variant,,This stylish polo shirt incorporates hi-vis reflective tape to make the wearer more visible. The comfortable fabric has superior wicking properties so moisture is drawn quickly away from the body - ideal for warm conditions.,https://d11ak7fd9ypfb7.cloudfront.net/styles1100px/F477NAR.jpg,,0.0,TRUE,InStock,0.26,,F477NARS,,,,Size,DROP_DOWN,S,Color,DROP_DOWN,Navy,,,,,,,,,,,,,Fit,<p>R</p>,Length,<p>55</p>,Width,<p>36</p>,Height,<p>40</p>,Box Quantity,<p>48</p>,Inner Pack Quantity,<p>1</p>,Country Of Origin,<p>BD</p>,Standards,<p></p>,,,,
F477,Variant,,This stylish polo shirt incorporates hi-vis reflective tape to make the wearer more visible. The comfortable fabric has superior wicking properties so moisture is drawn quickly away from the body - ideal for warm conditions.,https://d11ak7fd9ypfb7.cloudfront.net/styles1100px/F477NAR.jpg,,0.0,TRUE,InStock,0.32,,F477NARXL,,,,Size,DROP_DOWN,XL,Color,DROP_DOWN,Navy,,,,,,,,,,,,,Fit,<p>R</p>,Length,<p>55</p>,Width,<p>36</p>,Height,<p>40</p>,Box Quantity,<p>48</p>,Inner Pack Quantity,<p>1</p>,Country Of Origin,<p>BD</p>,Standards,<p></p>,,,,
F477,Variant,,This stylish polo shirt incorporates hi-vis reflective tape to make the wearer more visible. The comfortable fabric has superior wicking properties so moisture is drawn quickly away from the body - ideal for warm conditions.,https://d11ak7fd9ypfb7.cloudfront.net/styles1100px/F477NAR.jpg,,0.0,TRUE,InStock,0.32,,F477NARXXL,,,,Size,DROP_DOWN,XXL,Color,DROP_DOWN,Navy,,,,,,,,,,,,,Fit,<p>R</p>,Length,<p>55</p>,Width,<p>36</p>,Height,<p>40</p>,Box Quantity,<p>48</p>,Inner Pack Quantity,<p>1</p>,Country Of Origin,<p>BD</p>,Standards,<p></p>,,,,
F477,Variant,,This stylish polo shirt incorporates hi-vis reflective tape to make the wearer more visible. The comfortable fabric has superior wicking properties so moisture is drawn quickly away from the body - ideal for warm conditions.,https://d11ak7fd9ypfb7.cloudfront.net/styles1100px/F477NAR.jpg,,0.0,TRUE,InStock,0.34,,F477NARXXXL,,,,Size,DROP_DOWN,XXXL,Color,DROP_DOWN,Navy,,,,,,,,,,,,,Fit,<p>R</p>,Length,<p>55</p>,Width,<p>36</p>,Height,<p>40</p>,Box Quantity,<p>48</p>,Inner Pack Quantity,<p>1</p>,Country Of Origin,<p>BD</p>,Standards,<p></p>,,,,
F813,Product,F813 - Iona Polycotton Coverall,"Safety and comfort are the hallmarks of this coverall. Features include kneepad pockets, action back, stud adjustable cuffs, functional pockets and a hammer loop. Hi-Vis reflective tape to shoulder, arms and legs for ultimate visibility.",https://d11ak7fd9ypfb7.cloudfront.net/styles1100px/F813NAR.jpg,59.0,0.0,TRUE,InStock,0.95,,F813NAR4XL,,,,Size,DROP_DOWN,S;M;L;XL;XXL;XXXL;4XL,Color,DROP_DOWN,Navy,,,,,,,,,,,,,Fit,<p>R</p>,Length,<p>43</p>,Width,<p>28</p>,Height,<p>60</p>,Box Quantity,<p>18</p>,Inner Pack Quantity,<p>1</p>,Country Of Origin,<p>BD</p>,Standards,<p></p>,,,,
F813,Variant,,"Safety and comfort are the hallmarks of this coverall. Features include kneepad pockets, action back, stud adjustable cuffs, functional pockets and a hammer loop. Hi-Vis reflective tape to shoulder, arms and legs for ultimate visibility.",https://d11ak7fd9ypfb7.cloudfront.net/styles1100px/F813NAR.jpg,,0.0,TRUE,InStock,0.95,,F813NAR4XL,,,,Size,DROP_DOWN,4XL,Color,DROP_DOWN,Navy,,,,,,,,,,,,,Fit,<p>R</p>,Length,<p>43</p>,Width,<p>28</p>,Height,<p>60</p>,Box Quantity,<p>18</p>,Inner Pack Quantity,<p>1</p>,Country Of Origin,<p>BD</p>,Standards,<p></p>,,,,
F813,Variant,,"Safety and comfort are the hallmarks of this coverall. Features include kneepad pockets, action back, stud adjustable cuffs, functional pockets and a hammer loop. Hi-Vis reflective tape to shoulder, arms and legs for ultimate visibility.",https://d11ak7fd9ypfb7.cloudfront.net/styles1100px/F813NAR.jpg,,0.0,TRUE,InStock,1.04,,F813NARL,,,,Size,DROP_DOWN,L,Color,DROP_DOWN,Navy,,,,,,,,,,,,,Fit,<p>R</p>,Length,<p>43</p>,Width,<p>28</p>,Height,<p>55</p>,Box Quantity,<p>18</p>,Inner Pack Quantity,<p>1</p>,Country Of Origin,<p>BD</p>,Standards,<p></p>,,,,
F813,Variant,,"Safety and comfort are the hallmarks of this coverall. Features include kneepad pockets, action back, stud adjustable cuffs, functional pockets and a hammer loop. Hi-Vis reflective tape to shoulder, arms and legs for ultimate visibility.",https://d11ak7fd9ypfb7.cloudfront.net/styles1100px/F813NAR.jpg,,0.0,TRUE,InStock,1.02,,F813NARM,,,,Size,DROP_DOWN,M,Color,DROP_DOWN,Navy,,,,,,,,,,,,,Fit,<p>R</p>,Length,<p>43</p>,Width,<p>28</p>,Height,<p>55</p>,Box Quantity,<p>18</p>,Inner Pack Quantity,<p>1</p>,Country Of Origin,<p>BD</p>,Standards,<p></p>,,,,
F813,Variant,,"Safety and comfort are the hallmarks of this coverall. Features include kneepad pockets, action back, stud adjustable cuffs, functional pockets and a hammer loop. Hi-Vis reflective tape to shoulder, arms and legs for ultimate visibility.",https://d11ak7fd9ypfb7.cloudfront.net/styles1100px/F813NAR.jpg,,0.0,TRUE,InStock,0.98,,F813NARS,,,,Size,DROP_DOWN,S,Color,DROP_DOWN,Navy,,,,,,,,,,,,,Fit,<p>R</p>,Length,<p>43</p>,Width,<p>28</p>,Height,<p>55</p>,Box Quantity,<p>18</p>,Inner Pack Quantity,<p>1</p>,Country Of Origin,<p>BD</p>,Standards,<p></p>,,,,
F813,Variant,,"Safety and comfort are the hallmarks of this coverall. Features include kneepad pockets, action back, stud adjustable cuffs, functional pockets and a hammer loop. Hi-Vis reflective tape to shoulder, arms and legs for ultimate visibility.",https://d11ak7fd9ypfb7.cloudfront.net/styles1100px/F813NAR.jpg,,0.0,TRUE,InStock,1.08,,F813NARXL,,,,Size,DROP_DOWN,XL,Color,DROP_DOWN,Navy,,,,,,,,,,,,,Fit,<p>R</p>,Length,<p>43</p>,Width,<p>28</p>,Height,<p>55</p>,Box Quantity,<p>18</p>,Inner Pack Quantity,<p>1</p>,Country Of Origin,<p>BD</p>,Standards,<p></p>,,,,
F813,Variant,,"Safety and comfort are the hallmarks of this coverall. Features include kneepad pockets, action back, stud adjustable cuffs, functional pockets and a hammer loop. Hi-Vis reflective tape to shoulder, arms and legs for ultimate visibility.",https://d11ak7fd9ypfb7.cloudfront.net/styles1100px/F813NAR.jpg,,0.0,TRUE,InStock,1.1,,F813NARXXL,,,,Size,DROP_DOWN,XXL,Color,DROP_DOWN,Navy,,,,,,,,,,,,,Fit,<p>R</p>,Length,<p>43</p>,Width,<p>28</p>,Height,<p>60</p>,Box Quantity,<p>18</p>,Inner Pack Quantity,<p>1</p>,Country Of Origin,<p>BD</p>,Standards,<p></p>,,,,
F813,Variant,,"Safety and comfort are the hallmarks of this coverall. Features include kneepad pockets, action back, stud adjustable cuffs, functional pockets and a hammer loop. Hi-Vis reflective tape to shoulder, arms and legs for ultimate visibility.",https://d11ak7fd9ypfb7.cloudfront.net/styles1100px/F813NAR.jpg,,0.0,TRUE,InStock,1.14,,F813NARXXXL,,,,Size,DROP_DOWN,XXXL,Color,DROP_DOWN,Navy,,,,,,,,,,,,,Fit,<p>R</p>,Length,<p>43</p>,Width,<p>28</p>,Height,<p>60</p>,Box Quantity,<p>18</p>,Inner Pack Quantity,<p>1</p>,Country Of Origin,<p>BD</p>,Standards,<p></p>,,,,
FC08,Product,FC08 - Compositelite Rush Safety Trainer ,We pride ourselves on our eco-friendly responsibility and sustainable ethos. The FC08 Compositelite Eco Safety Runner is an exciting new addition to our Portwest Planet range. The knitted upper has been engineered using PET recycled bottles and the design links to our apparel range. This model includes a super comfort gel footbed and is presented in a recyclable green-thinking packaging.,https://d11ak7fd9ypfb7.cloudfront.net/styles1100px/FC08BKY.jpg,0.0,0.0,TRUE,InStock,0.999,,FC08BKY36,,,,Size,DROP_DOWN,36;37;38;39;40;41;42;43;44;45;46;47;48,Color,DROP_DOWN,Black/Yellow,,,,,,,,,,,,,Fit,<p>Y</p>,Length,<p>60</p>,Width,<p>38</p>,Height,<p>34</p>,Box Quantity,<p>12</p>,Inner Pack Quantity,<p>1</p>,Country Of Origin,<p>CN</p>,Standards,<p></p>,,,,
FC08,Variant,,We pride ourselves on our eco-friendly responsibility and sustainable ethos. The FC08 Compositelite Eco Safety Runner is an exciting new addition to our Portwest Planet range. The knitted upper has been engineered using PET recycled bottles and the design links to our apparel range. This model includes a super comfort gel footbed and is presented in a recyclable green-thinking packaging.,https://d11ak7fd9ypfb7.cloudfront.net/styles1100px/FC08BKY.jpg,,0.0,TRUE,InStock,0.999,,FC08BKY36,,,,Size,DROP_DOWN,36,Color,DROP_DOWN,Black/Yellow,,,,,,,,,,,,,Fit,<p>Y</p>,Length,<p>60</p>,Width,<p>38</p>,Height,<p>34</p>,Box Quantity,<p>12</p>,Inner Pack Quantity,<p>1</p>,Country Of Origin,<p>CN</p>,Standards,<p></p>,,,,
FC08,Variant,,We pride ourselves on our eco-friendly responsibility and sustainable ethos. The FC08 Compositelite Eco Safety Runner is an exciting new addition to our Portwest Planet range. The knitted upper has been engineered using PET recycled bottles and the design links to our apparel range. This model includes a super comfort gel footbed and is presented in a recyclable green-thinking packaging.,https://d11ak7fd9ypfb7.cloudfront.net/styles1100px/FC08BKY.jpg,,0.0,TRUE,InStock,0.999,,FC08BKY37,,,,Size,DROP_DOWN,37,Color,DROP_DOWN,Black/Yellow,,,,,,,,,,,,,Fit,<p>Y</p>,Length,<p>60</p>,Width,<p>38</p>,Height,<p>36</p>,Box Quantity,<p>12</p>,Inner Pack Quantity,<p>1</p>,Country Of Origin,<p>CN</p>,Standards,<p></p>,,,,
FC08,Variant,,We pride ourselves on our eco-friendly responsibility and sustainable ethos. The FC08 Compositelite Eco Safety Runner is an exciting new addition to our Portwest Planet range. The knitted upper has been engineered using PET recycled bottles and the design links to our apparel range. This model includes a super comfort gel footbed and is presented in a recyclable green-thinking packaging.,https://d11ak7fd9ypfb7.cloudfront.net/styles1100px/FC08BKY.jpg,,0.0,TRUE,InStock,0.999,,FC08BKY38,,,,Size,DROP_DOWN,38,Color,DROP_DOWN,Black/Yellow,,,,,,,,,,,,,Fit,<p>Y</p>,Length,<p>60</p>,Width,<p>38</p>,Height,<p>36</p>,Box Quantity,<p>12</p>,Inner Pack Quantity,<p>1</p>,Country Of Origin,<p>CN</p>,Standards,<p></p>,,,,
FC08,Variant,,We pride ourselves on our eco-friendly responsibility and sustainable ethos. The FC08 Compositelite Eco Safety Runner is an exciting new addition to our Portwest Planet range. The knitted upper has been engineered using PET recycled bottles and the design links to our apparel range. This model includes a super comfort gel footbed and is presented in a recyclable green-thinking packaging.,https://d11ak7fd9ypfb7.cloudfront.net/styles1100px/FC08BKY.jpg,,0.0,TRUE,InStock,0.999,,FC08BKY39,,,,Size,DROP_DOWN,39,Color,DROP_DOWN,Black/Yellow,,,,,,,,,,,,,Fit,<p>Y</p>,Length,<p>60</p>,Width,<p>38</p>,Height,<p>36</p>,Box Quantity,<p>12</p>,Inner Pack Quantity,<p>1</p>,Country Of Origin,<p>CN</p>,Standards,<p></p>,,,,
FC08,Variant,,We pride ourselves on our eco-friendly responsibility and sustainable ethos. The FC08 Compositelite Eco Safety Runner is an exciting new addition to our Portwest Planet range. The knitted upper has been engineered using PET recycled bottles and the design links to our apparel range. This model includes a super comfort gel footbed and is presented in a recyclable green-thinking packaging.,https://d11ak7fd9ypfb7.cloudfront.net/styles1100px/FC08BKY.jpg,,0.0,TRUE,InStock,0.999,,FC08BKY40,,,,Size,DROP_DOWN,40,Color,DROP_DOWN,Black/Yellow,,,,,,,,,,,,,Fit,<p>Y</p>,Length,<p>60</p>,Width,<p>38</p>,Height,<p>36</p>,Box Quantity,<p>12</p>,Inner Pack Quantity,<p>1</p>,Country Of Origin,<p>CN</p>,Standards,<p></p>,,,,
FC08,Variant,,We pride ourselves on our eco-friendly responsibility and sustainable ethos. The FC08 Compositelite Eco Safety Runner is an exciting new addition to our Portwest Planet range. The knitted upper has been engineered using PET recycled bottles and the design links to our apparel range. This model includes a super comfort gel footbed and is presented in a recyclable green-thinking packaging.,https://d11ak7fd9ypfb7.cloudfront.net/styles1100px/FC08BKY.jpg,,0.0,TRUE,InStock,0.999,,FC08BKY41,,,,Size,DROP_DOWN,41,Color,DROP_DOWN,Black/Yellow,,,,,,,,,,,,,Fit,<p>Y</p>,Length,<p>60</p>,Width,<p>38</p>,Height,<p>36</p>,Box Quantity,<p>12</p>,Inner Pack Quantity,<p>1</p>,Country Of Origin,<p>CN</p>,Standards,<p></p>,,,,
FC08,Variant,,We pride ourselves on our eco-friendly responsibility and sustainable ethos. The FC08 Compositelite Eco Safety Runner is an exciting new addition to our Portwest Planet range. The knitted upper has been engineered using PET recycled bottles and the design links to our apparel range. This model includes a super comfort gel footbed and is presented in a recyclable green-thinking packaging.,https://d11ak7fd9ypfb7.cloudfront.net/styles1100px/FC08BKY.jpg,,0.0,TRUE,InStock,0.999,,FC08BKY42,,,,Size,DROP_DOWN,42,Color,DROP_DOWN,Black/Yellow,,,,,,,,,,,,,Fit,<p>Y</p>,Length,<p>60</p>,Width,<p>38</p>,Height,<p>36</p>,Box Quantity,<p>12</p>,Inner Pack Quantity,<p>1</p>,Country Of Origin,<p>CN</p>,Standards,<p></p>,,,,
FC08,Variant,,We pride ourselves on our eco-friendly responsibility and sustainable ethos. The FC08 Compositelite Eco Safety Runner is an exciting new addition to our Portwest Planet range. The knitted upper has been engineered using PET recycled bottles and the design links to our apparel range. This model includes a super comfort gel footbed and is presented in a recyclable green-thinking packaging.,https://d11ak7fd9ypfb7.cloudfront.net/styles1100px/FC08BKY.jpg,,0.0,TRUE,InStock,0.999,,FC08BKY43,,,,Size,DROP_DOWN,43,Color,DROP_DOWN,Black/Yellow,,,,,,,,,,,,,Fit,<p>Y</p>,Length,<p>65</p>,Width,<p>40</p>,Height,<p>36</p>,Box Quantity,<p>12</p>,Inner Pack Quantity,<p>1</p>,Country Of Origin,<p>CN</p>,Standards,<p></p>,,,,
FC08,Variant,,We pride ourselves on our eco-friendly responsibility and sustainable ethos. The FC08 Compositelite Eco Safety Runner is an exciting new addition to our Portwest Planet range. The knitted upper has been engineered using PET recycled bottles and the design links to our apparel range. This model includes a super comfort gel footbed and is presented in a recyclable green-thinking packaging.,https://d11ak7fd9ypfb7.cloudfront.net/styles1100px/FC08BKY.jpg,,0.0,TRUE,InStock,0.999,,FC08BKY44,,,,Size,DROP_DOWN,44,Color,DROP_DOWN,Black/Yellow,,,,,,,,,,,,,Fit,<p>Y</p>,Length,<p>65</p>,Width,<p>40</p>,Height,<p>36</p>,Box Quantity,<p>12</p>,Inner Pack Quantity,<p>1</p>,Country Of Origin,<p>CN</p>,Standards,<p></p>,,,,
FC08,Variant,,We pride ourselves on our eco-friendly responsibility and sustainable ethos. The FC08 Compositelite Eco Safety Runner is an exciting new addition to our Portwest Planet range. The knitted upper has been engineered using PET recycled bottles and the design links to our apparel range. This model includes a super comfort gel footbed and is presented in a recyclable green-thinking packaging.,https://d11ak7fd9ypfb7.cloudfront.net/styles1100px/FC08BKY.jpg,,0.0,TRUE,InStock,0.999,,FC08BKY45,,,,Size,DROP_DOWN,45,Color,DROP_DOWN,Black/Yellow,,,,,,,,,,,,,Fit,<p>Y</p>,Length,<p>65</p>,Width,<p>40</p>,Height,<p>36</p>,Box Quantity,<p>12</p>,Inner Pack Quantity,<p>1</p>,Country Of Origin,<p>CN</p>,Standards,<p></p>,,,,
FC08,Variant,,We pride ourselves on our eco-friendly responsibility and sustainable ethos. The FC08 Compositelite Eco Safety Runner is an exciting new addition to our Portwest Planet range. The knitted upper has been engineered using PET recycled bottles and the design links to our apparel range. This model includes a super comfort gel footbed and is presented in a recyclable green-thinking packaging.,https://d11ak7fd9ypfb7.cloudfront.net/styles1100px/FC08BKY.jpg,,0.0,TRUE,InStock,0.999,,FC08BKY46,,,,Size,DROP_DOWN,46,Color,DROP_DOWN,Black/Yellow,,,,,,,,,,,,,Fit,<p>Y</p>,Length,<p>65</p>,Width,<p>40</p>,Height,<p>36</p>,Box Quantity,<p>12</p>,Inner Pack Quantity,<p>1</p>,Country Of Origin,<p>CN</p>,Standards,<p></p>,,,,
FC08,Variant,,We pride ourselves on our eco-friendly responsibility and sustainable ethos. The FC08 Compositelite Eco Safety Runner is an exciting new addition to our Portwest Planet range. The knitted upper has been engineered using PET recycled bottles and the design links to our apparel range. This model includes a super comfort gel footbed and is presented in a recyclable green-thinking packaging.,https://d11ak7fd9ypfb7.cloudfront.net/styles1100px/FC08BKY.jpg,,0.0,TRUE,InStock,0.999,,FC08BKY47,,,,Size,DROP_DOWN,47,Color,DROP_DOWN,Black/Yellow,,,,,,,,,,,,,Fit,<p>Y</p>,Length,<p>65</p>,Width,<p>40</p>,Height,<p>36</p>,Box Quantity,<p>12</p>,Inner Pack Quantity,<p>1</p>,Country Of Origin,<p>CN</p>,Standards,<p></p>,,,,
FC08,Variant,,We pride ourselves on our eco-friendly responsibility and sustainable ethos. The FC08 Compositelite Eco Safety Runner is an exciting new addition to our Portwest Planet range. The knitted upper has been engineered using PET recycled bottles and the design links to our apparel range. This model includes a super comfort gel footbed and is presented in a recyclable green-thinking packaging.,https://d11ak7fd9ypfb7.cloudfront.net/styles1100px/FC08BKY.jpg,,0.0,TRUE,InStock,0.999,,FC08BKY48,,,,Size,DROP_DOWN,48,Color,DROP_DOWN,Black/Yellow,,,,,,,,,,,,,Fit,<p>Y</p>,Length,<p>65</p>,Width,<p>40</p>,Height,<p>36</p>,Box Quantity,<p>12</p>,Inner Pack Quantity,<p>1</p>,Country Of Origin,<p>CN</p>,Standards,<p></p>,,,,
FC60,Product,FC60 - Portwest Compositelite Operis Boot,"Protective composite toecap Puncture resistant composite midsole Direct injected dual density construction Lightweight PU cushioned midsole Slip, fuel and oil resistant rubber outsole Heat resistant outsole 100% Metal free",https://d11ak7fd9ypfb7.cloudfront.net/styles1100px/FC60BKR.jpg,0.0,0.0,TRUE,InStock,1.509,,FC60BKR41,,,,Size,DROP_DOWN,41;42;43;44;48,Color,DROP_DOWN,Black,,,,,,,,,,,,,Fit,<p>R</p>,Length,<p>61</p>,Width,<p>48</p>,Height,<p>33</p>,Box Quantity,<p>10</p>,Inner Pack Quantity,<p>1</p>,Country Of Origin,<p>CN</p>,Standards,<ul><li>EN ISO 20345</li><li>ASTM F2413-18</li></ul>,,,,
FC60,Variant,,"Protective composite toecap Puncture resistant composite midsole Direct injected dual density construction Lightweight PU cushioned midsole Slip, fuel and oil resistant rubber outsole Heat resistant outsole 100% Metal free",https://d11ak7fd9ypfb7.cloudfront.net/styles1100px/FC60BKR.jpg,,0.0,TRUE,InStock,1.509,,FC60BKR41,,,,Size,DROP_DOWN,41,Color,DROP_DOWN,Black,,,,,,,,,,,,,Fit,<p>R</p>,Length,<p>61</p>,Width,<p>48</p>,Height,<p>33</p>,Box Quantity,<p>10</p>,Inner Pack Quantity,<p>1</p>,Country Of Origin,<p>CN</p>,Standards,<ul><li>EN ISO 20345</li><li>ASTM F2413-18</li></ul>,,,,
FC60,Variant,,"Protective composite toecap Puncture resistant composite midsole Direct injected dual density construction Lightweight PU cushioned midsole Slip, fuel and oil resistant rubber outsole Heat resistant outsole 100% Metal free",https://d11ak7fd9ypfb7.cloudfront.net/styles1100px/FC60BKR.jpg,,0.0,TRUE,InStock,1.596,,FC60BKR42,,,,Size,DROP_DOWN,42,Color,DROP_DOWN,Black,,,,,,,,,,,,,Fit,<p>R</p>,Length,<p>61</p>,Width,<p>48</p>,Height,<p>33</p>,Box Quantity,<p>10</p>,Inner Pack Quantity,<p>1</p>,Country Of Origin,<p>CN</p>,Standards,<ul><li>EN ISO 20345</li><li>ASTM F2413-18</li></ul>,,,,
FC60,Variant,,"Protective composite toecap Puncture resistant composite midsole Direct injected dual density construction Lightweight PU cushioned midsole Slip, fuel and oil resistant rubber outsole Heat resistant outsole 100% Metal free",https://d11ak7fd9ypfb7.cloudfront.net/styles1100px/FC60BKR.jpg,,0.0,TRUE,InStock,1.632,,FC60BKR43,,,,Size,DROP_DOWN,43,Color,DROP_DOWN,Black,,,,,,,,,,,,,Fit,<p>R</p>,Length,<p>61</p>,Width,<p>51</p>,Height,<p>37</p>,Box Quantity,<p>10</p>,Inner Pack Quantity,<p>1</p>,Country Of Origin,<p>CN</p>,Standards,<ul><li>EN ISO 20345</li><li>ASTM F2413-18</li></ul>,,,,
FC60,Variant,,"Protective composite toecap Puncture resistant composite midsole Direct injected dual density construction Lightweight PU cushioned midsole Slip, fuel and oil resistant rubber outsole Heat resistant outsole 100% Metal free",https://d11ak7fd9ypfb7.cloudfront.net/styles1100px/FC60BKR.jpg,,0.0,TRUE,InStock,1.638,,FC60BKR44,,,,Size,DROP_DOWN,44,Color,DROP_DOWN,Black,,,,,,,,,,,,,Fit,<p>R</p>,Length,<p>61</p>,Width,<p>51</p>,Height,<p>37</p>,Box Quantity,<p>10</p>,Inner Pack Quantity,<p>1</p>,Country Of Origin,<p>CN</p>,Standards,<ul><li>EN ISO 20345</li><li>ASTM F2413-18</li></ul>,,,,
FC60,Variant,,"Protective composite toecap Puncture resistant composite midsole Direct injected dual density construction Lightweight PU cushioned midsole Slip, fuel and oil resistant rubber outsole Heat resistant outsole 100% Metal free",https://d11ak7fd9ypfb7.cloudfront.net/styles1100px/FC60BKR.jpg,,0.0,TRUE,InStock,2.018,,FC60BKR48,,,,Size,DROP_DOWN,48,Color,DROP_DOWN,Black,,,,,,,,,,,,,Fit,<p>R</p>,Length,<p>61</p>,Width,<p>48</p>,Height,<p>37</p>,Box Quantity,<p>10</p>,Inner Pack Quantity,<p>1</p>,Country Of Origin,<p>CN</p>,Standards,<ul><li>EN ISO 20345</li><li>ASTM F2413-18</li></ul>,,,,
FC64,Product,FC64 - Portwest Compositelite Trekker Shoe,"Protective composite toecap Direct injected dual density construction Lightweight PU cushioned midsole Slip, fuel and oil resistant outsole Removable EVA cushion footbed 3D breathable mesh lining 100% metal free",https://d11ak7fd9ypfb7.cloudfront.net/styles1100px/FC64BKR.jpg,53.9,0.0,TRUE,InStock,1,Footwear;Shoes,FC64BKR36,,,,Size,DROP_DOWN,36;37;38;39;40;41;42;43;44;45;46;47;48,Color,DROP_DOWN,Black,,,,,,,,,,,,,Fit,<p>R</p>,Length,<p>63.5</p>,Width,<p>47.5</p>,Height,<p>37</p>,Box Quantity,<p>12</p>,Inner Pack Quantity,<p>1</p>,Country Of Origin,<p>CN</p>,Standards,<ul><li>EN ISO 20345</li><li>ASTM F2413-18</li></ul>,,,,
FC64,Variant,,"Protective composite toecap Direct injected dual density construction Lightweight PU cushioned midsole Slip, fuel and oil resistant outsole Removable EVA cushion footbed 3D breathable mesh lining 100% metal free",https://d11ak7fd9ypfb7.cloudfront.net/styles1100px/FC64BKR.jpg,,0.0,TRUE,InStock,1,,FC64BKR36,,,,Size,DROP_DOWN,36,Color,DROP_DOWN,Black,,,,,,,,,,,,,Fit,<p>R</p>,Length,<p>63.5</p>,Width,<p>47.5</p>,Height,<p>37</p>,Box Quantity,<p>12</p>,Inner Pack Quantity,<p>1</p>,Country Of Origin,<p>CN</p>,Standards,<ul><li>EN ISO 20345</li><li>ASTM F2413-18</li></ul>,,,,
FC64,Variant,,"Protective composite toecap Direct injected dual density construction Lightweight PU cushioned midsole Slip, fuel and oil resistant outsole Removable EVA cushion footbed 3D breathable mesh lining 100% metal free",https://d11ak7fd9ypfb7.cloudfront.net/styles1100px/FC64BKR.jpg,,0.0,TRUE,InStock,1.04,,FC64BKR37,,,,Size,DROP_DOWN,37,Color,DROP_DOWN,Black,,,,,,,,,,,,,Fit,<p>R</p>,Length,<p>63.5</p>,Width,<p>47.5</p>,Height,<p>37</p>,Box Quantity,<p>12</p>,Inner Pack Quantity,<p>1</p>,Country Of Origin,<p>CN</p>,Standards,<ul><li>EN ISO 20345</li><li>ASTM F2413-18</li></ul>,,,,
FC64,Variant,,"Protective composite toecap Direct injected dual density construction Lightweight PU cushioned midsole Slip, fuel and oil resistant outsole Removable EVA cushion footbed 3D breathable mesh lining 100% metal free",https://d11ak7fd9ypfb7.cloudfront.net/styles1100px/FC64BKR.jpg,,0.0,TRUE,InStock,1.04,,FC64BKR38,,,,Size,DROP_DOWN,38,Color,DROP_DOWN,Black,,,,,,,,,,,,,Fit,<p>R</p>,Length,<p>63.5</p>,Width,<p>47.5</p>,Height,<p>37</p>,Box Quantity,<p>12</p>,Inner Pack Quantity,<p>1</p>,Country Of Origin,<p>CN</p>,Standards,<ul><li>EN ISO 20345</li><li>ASTM F2413-18</li></ul>,,,,
FC64,Variant,,"Protective composite toecap Direct injected dual density construction Lightweight PU cushioned midsole Slip, fuel and oil resistant outsole Removable EVA cushion footbed 3D breathable mesh lining 100% metal free",https://d11ak7fd9ypfb7.cloudfront.net/styles1100px/FC64BKR.jpg,,0.0,TRUE,InStock,1.08,,FC64BKR39,,,,Size,DROP_DOWN,39,Color,DROP_DOWN,Black,,,,,,,,,,,,,Fit,<p>R</p>,Length,<p>63.5</p>,Width,<p>47.5</p>,Height,<p>37</p>,Box Quantity,<p>12</p>,Inner Pack Quantity,<p>1</p>,Country Of Origin,<p>CN</p>,Standards,<ul><li>EN ISO 20345</li><li>ASTM F2413-18</li></ul>,,,,
FC64,Variant,,"Protective composite toecap Direct injected dual density construction Lightweight PU cushioned midsole Slip, fuel and oil resistant outsole Removable EVA cushion footbed 3D breathable mesh lining 100% metal free",https://d11ak7fd9ypfb7.cloudfront.net/styles1100px/FC64BKR.jpg,,0.0,TRUE,InStock,1.08,,FC64BKR40,,,,Size,DROP_DOWN,40,Color,DROP_DOWN,Black,,,,,,,,,,,,,Fit,<p>R</p>,Length,<p>63.5</p>,Width,<p>47.5</p>,Height,<p>37</p>,Box Quantity,<p>12</p>,Inner Pack Quantity,<p>1</p>,Country Of Origin,<p>CN</p>,Standards,<ul><li>EN ISO 20345</li><li>ASTM F2413-18</li></ul>,,,,
FC64,Variant,,"Protective composite toecap Direct injected dual density construction Lightweight PU cushioned midsole Slip, fuel and oil resistant outsole Removable EVA cushion footbed 3D breathable mesh lining 100% metal free",https://d11ak7fd9ypfb7.cloudfront.net/styles1100px/FC64BKR.jpg,,0.0,TRUE,InStock,1.14,,FC64BKR41,,,,Size,DROP_DOWN,41,Color,DROP_DOWN,Black,,,,,,,,,,,,,Fit,<p>R</p>,Length,<p>63.5</p>,Width,<p>47.5</p>,Height,<p>37</p>,Box Quantity,<p>12</p>,Inner Pack Quantity,<p>1</p>,Country Of Origin,<p>CN</p>,Standards,<ul><li>EN ISO 20345</li><li>ASTM F2413-18</li></ul>,,,,
FC64,Variant,,"Protective composite toecap Direct injected dual density construction Lightweight PU cushioned midsole Slip, fuel and oil resistant outsole Removable EVA cushion footbed 3D breathable mesh lining 100% metal free",https://d11ak7fd9ypfb7.cloudfront.net/styles1100px/FC64BKR.jpg,,0.0,TRUE,InStock,1.2,,FC64BKR42,,,,Size,DROP_DOWN,42,Color,DROP_DOWN,Black,,,,,,,,,,,,,Fit,<p>R</p>,Length,<p>63.5</p>,Width,<p>49.5</p>,Height,<p>37</p>,Box Quantity,<p>12</p>,Inner Pack Quantity,<p>1</p>,Country Of Origin,<p>CN</p>,Standards,<ul><li>EN ISO 20345</li><li>ASTM F2413-18</li></ul>,,,,
FC64,Variant,,"Protective composite toecap Direct injected dual density construction Lightweight PU cushioned midsole Slip, fuel and oil resistant outsole Removable EVA cushion footbed 3D breathable mesh lining 100% metal free",https://d11ak7fd9ypfb7.cloudfront.net/styles1100px/FC64BKR.jpg,,0.0,TRUE,InStock,1.22,,FC64BKR43,,,,Size,DROP_DOWN,43,Color,DROP_DOWN,Black,,,,,,,,,,,,,Fit,<p>R</p>,Length,<p>66.5</p>,Width,<p>49.5</p>,Height,<p>37</p>,Box Quantity,<p>12</p>,Inner Pack Quantity,<p>1</p>,Country Of Origin,<p>CN</p>,Standards,<ul><li>EN ISO 20345</li><li>ASTM F2413-18</li></ul>,,,,
FC64,Variant,,"Protective composite toecap Direct injected dual density construction Lightweight PU cushioned midsole Slip, fuel and oil resistant outsole Removable EVA cushion footbed 3D breathable mesh lining 100% metal free",https://d11ak7fd9ypfb7.cloudfront.net/styles1100px/FC64BKR.jpg,,0.0,TRUE,InStock,1.26,,FC64BKR44,,,,Size,DROP_DOWN,44,Color,DROP_DOWN,Black,,,,,,,,,,,,,Fit,<p>R</p>,Length,<p>66.5</p>,Width,<p>49.5</p>,Height,<p>37</p>,Box Quantity,<p>12</p>,Inner Pack Quantity,<p>1</p>,Country Of Origin,<p>CN</p>,Standards,<ul><li>EN ISO 20345</li><li>ASTM F2413-18</li></ul>,,,,
FC64,Variant,,"Protective composite toecap Direct injected dual density construction Lightweight PU cushioned midsole Slip, fuel and oil resistant outsole Removable EVA cushion footbed 3D breathable mesh lining 100% metal free",https://d11ak7fd9ypfb7.cloudfront.net/styles1100px/FC64BKR.jpg,,0.0,TRUE,InStock,1.24,,FC64BKR45,,,,Size,DROP_DOWN,45,Color,DROP_DOWN,Black,,,,,,,,,,,,,Fit,<p>R</p>,Length,<p>69.5</p>,Width,<p>51.5</p>,Height,<p>37</p>,Box Quantity,<p>12</p>,Inner Pack Quantity,<p>1</p>,Country Of Origin,<p>CN</p>,Standards,<ul><li>EN ISO 20345</li><li>ASTM F2413-18</li></ul>,,,,
FC64,Variant,,"Protective composite toecap Direct injected dual density construction Lightweight PU cushioned midsole Slip, fuel and oil resistant outsole Removable EVA cushion footbed 3D breathable mesh lining 100% metal free",https://d11ak7fd9ypfb7.cloudfront.net/styles1100px/FC64BKR.jpg,,0.0,TRUE,InStock,1.38,,FC64BKR46,,,,Size,DROP_DOWN,46,Color,DROP_DOWN,Black,,,,,,,,,,,,,Fit,<p>R</p>,Length,<p>69.5</p>,Width,<p>51.5</p>,Height,<p>37</p>,Box Quantity,<p>12</p>,Inner Pack Quantity,<p>1</p>,Country Of Origin,<p>CN</p>,Standards,<ul><li>EN ISO 20345</li><li>ASTM F2413-18</li></ul>,,,,
FC64,Variant,,"Protective composite toecap Direct injected dual density construction Lightweight PU cushioned midsole Slip, fuel and oil resistant outsole Removable EVA cushion footbed 3D breathable mesh lining 100% metal free",https://d11ak7fd9ypfb7.cloudfront.net/styles1100px/FC64BKR.jpg,,0.0,TRUE,InStock,1.46,,FC64BKR47,,,,Size,DROP_DOWN,47,Color,DROP_DOWN,Black,,,,,,,,,,,,,Fit,<p>R</p>,Length,<p>69.5</p>,Width,<p>51.5</p>,Height,<p>37</p>,Box Quantity,<p>12</p>,Inner Pack Quantity,<p>1</p>,Country Of Origin,<p>CN</p>,Standards,<ul><li>EN ISO 20345</li><li>ASTM F2413-18</li></ul>,,,,
FC64,Variant,,"Protective composite toecap Direct injected dual density construction Lightweight PU cushioned midsole Slip, fuel and oil resistant outsole Removable EVA cushion footbed 3D breathable mesh lining 100% metal free",https://d11ak7fd9ypfb7.cloudfront.net/styles1100px/FC64BKR.jpg,,0.0,TRUE,InStock,1.46,,FC64BKR48,,,,Size,DROP_DOWN,48,Color,DROP_DOWN,Black,,,,,,,,,,,,,Fit,<p>R</p>,Length,<p>69.5</p>,Width,<p>51.5</p>,Height,<p>37</p>,Box Quantity,<p>12</p>,Inner Pack Quantity,<p>1</p>,Country Of Origin,<p>CN</p>,Standards,<ul><li>EN ISO 20345</li><li>ASTM F2413-18</li></ul>,,,,
FD10,Product,FD10 - Clyde Safety Boot,"Protective steel toecap Puncture resistant steel midsole Wide fitting Protective TPU scuff cap Dual density sole unit Lightweight PU cushioned midsole Slip, fuel and oil resistant rubber outsole Heat resistant outsole",https://d11ak7fd9ypfb7.cloudfront.net/styles1100px/FD10BKR.jpg,0.0,0.0,TRUE,InStock,1.043,,FD10BKR38,,,,Size,DROP_DOWN,38,Color,DROP_DOWN,Black,,,,,,,,,,,,,Fit,<p>R</p>,Length,<p>54</p>,Width,<p>50</p>,Height,<p>34</p>,Box Quantity,<p>8</p>,Inner Pack Quantity,<p>1</p>,Country Of Origin,<p>CN</p>,Standards,<ul><li>EN ISO 20345 S3</li><li>ASTM F2413-11</li><li>AS/NZS 2210.3</li></ul>,,,,
FD95,Product,FD95 - PU Safety Wellington S5 CI FO,"The ultimate in comfort and safety. More flexible and longer lasting than PVC or Rubber due to its air bubble structure which provides air circulation. PU keeps feet hot in winter and cool in summer. Steel toecap and steel midsole, antistatic and SRC slip rated.",https://d11ak7fd9ypfb7.cloudfront.net/styles1100px/FD95GNR.jpg,0.0,0.0,TRUE,InStock,2.14,,FD95GNR39,,,,Size,DROP_DOWN,39;40;41;42;43;44;45;46;47;48,Color,DROP_DOWN,Yellow;Green,,,,,,,,,,,,,Fit,<p>R</p>,Length,<p>65</p>,Width,<p>40</p>,Height,<p>47</p>,Box Quantity,<p>5</p>,Inner Pack Quantity,<p>1</p>,Country Of Origin,<p>TR</p>,Standards,<ul><li>EN ISO 20345</li></ul>,,,,
FD95,Variant,,"The ultimate in comfort and safety. More flexible and longer lasting than PVC or Rubber due to its air bubble structure which provides air circulation. PU keeps feet hot in winter and cool in summer. Steel toecap and steel midsole, antistatic and SRC slip rated.",https://d11ak7fd9ypfb7.cloudfront.net/styles1100px/FD95GNR.jpg,,0.0,TRUE,InStock,2.14,,FD95GNR39,,,,Size,DROP_DOWN,39,Color,DROP_DOWN,Green,,,,,,,,,,,,,Fit,<p>R</p>,Length,<p>65</p>,Width,<p>40</p>,Height,<p>47</p>,Box Quantity,<p>5</p>,Inner Pack Quantity,<p>1</p>,Country Of Origin,<p>TR</p>,Standards,<ul><li>EN ISO 20345</li></ul>,,,,
FD95,Variant,,"The ultimate in comfort and safety. More flexible and longer lasting than PVC or Rubber due to its air bubble structure which provides air circulation. PU keeps feet hot in winter and cool in summer. Steel toecap and steel midsole, antistatic and SRC slip rated.",https://d11ak7fd9ypfb7.cloudfront.net/styles1100px/FD95GNR.jpg,,0.0,TRUE,InStock,2.24,,FD95GNR40,,,,Size,DROP_DOWN,40,Color,DROP_DOWN,Green,,,,,,,,,,,,,Fit,<p>R</p>,Length,<p>65</p>,Width,<p>40</p>,Height,<p>47</p>,Box Quantity,<p>5</p>,Inner Pack Quantity,<p>1</p>,Country Of Origin,<p>TR</p>,Standards,<ul><li>EN ISO 20345</li></ul>,,,,
FD95,Variant,,"The ultimate in comfort and safety. More flexible and longer lasting than PVC or Rubber due to its air bubble structure which provides air circulation. PU keeps feet hot in winter and cool in summer. Steel toecap and steel midsole, antistatic and SRC slip rated.",https://d11ak7fd9ypfb7.cloudfront.net/styles1100px/FD95GNR.jpg,,0.0,TRUE,InStock,2.34,,FD95GNR41,,,,Size,DROP_DOWN,41,Color,DROP_DOWN,Green,,,,,,,,,,,,,Fit,<p>R</p>,Length,<p>65</p>,Width,<p>40</p>,Height,<p>47</p>,Box Quantity,<p>5</p>,Inner Pack Quantity,<p>1</p>,Country Of Origin,<p>TR</p>,Standards,<ul><li>EN ISO 20345</li></ul>,,,,
FD95,Variant,,"The ultimate in comfort and safety. More flexible and longer lasting than PVC or Rubber due to its air bubble structure which provides air circulation. PU keeps feet hot in winter and cool in summer. Steel toecap and steel midsole, antistatic and SRC slip rated.",https://d11ak7fd9ypfb7.cloudfront.net/styles1100px/FD95GNR.jpg,,0.0,TRUE,InStock,2.44,,FD95GNR42,,,,Size,DROP_DOWN,42,Color,DROP_DOWN,Green,,,,,,,,,,,,,Fit,<p>R</p>,Length,<p>65</p>,Width,<p>40</p>,Height,<p>47</p>,Box Quantity,<p>5</p>,Inner Pack Quantity,<p>1</p>,Country Of Origin,<p>TR</p>,Standards,<ul><li>EN ISO 20345</li></ul>,,,,
FD95,Variant,,"The ultimate in comfort and safety. More flexible and longer lasting than PVC or Rubber due to its air bubble structure which provides air circulation. PU keeps feet hot in winter and cool in summer. Steel toecap and steel midsole, antistatic and SRC slip rated.",https://d11ak7fd9ypfb7.cloudfront.net/styles1100px/FD95GNR.jpg,,0.0,TRUE,InStock,2.54,,FD95GNR43,,,,Size,DROP_DOWN,43,Color,DROP_DOWN,Green,,,,,,,,,,,,,Fit,<p>R</p>,Length,<p>65</p>,Width,<p>40</p>,Height,<p>47</p>,Box Quantity,<p>5</p>,Inner Pack Quantity,<p>1</p>,Country Of Origin,<p>TR</p>,Standards,<ul><li>EN ISO 20345</li></ul>,,,,
FD95,Variant,,"The ultimate in comfort and safety. More flexible and longer lasting than PVC or Rubber due to its air bubble structure which provides air circulation. PU keeps feet hot in winter and cool in summer. Steel toecap and steel midsole, antistatic and SRC slip rated.",https://d11ak7fd9ypfb7.cloudfront.net/styles1100px/FD95GNR.jpg,,0.0,TRUE,InStock,2.64,,FD95GNR44,,,,Size,DROP_DOWN,44,Color,DROP_DOWN,Green,,,,,,,,,,,,,Fit,<p>R</p>,Length,<p>65</p>,Width,<p>40</p>,Height,<p>47</p>,Box Quantity,<p>5</p>,Inner Pack Quantity,<p>1</p>,Country Of Origin,<p>TR</p>,Standards,<ul><li>EN ISO 20345</li></ul>,,,,
FD95,Variant,,"The ultimate in comfort and safety. More flexible and longer lasting than PVC or Rubber due to its air bubble structure which provides air circulation. PU keeps feet hot in winter and cool in summer. Steel toecap and steel midsole, antistatic and SRC slip rated.",https://d11ak7fd9ypfb7.cloudfront.net/styles1100px/FD95GNR.jpg,,0.0,TRUE,InStock,2.74,,FD95GNR45,,,,Size,DROP_DOWN,45,Color,DROP_DOWN,Green,,,,,,,,,,,,,Fit,<p>R</p>,Length,<p>65</p>,Width,<p>40</p>,Height,<p>47</p>,Box Quantity,<p>5</p>,Inner Pack Quantity,<p>1</p>,Country Of Origin,<p>TR</p>,Standards,<ul><li>EN ISO 20345</li></ul>,,,,
FD95,Variant,,"The ultimate in comfort and safety. More flexible and longer lasting than PVC or Rubber due to its air bubble structure which provides air circulation. PU keeps feet hot in winter and cool in summer. Steel toecap and steel midsole, antistatic and SRC slip rated.",https://d11ak7fd9ypfb7.cloudfront.net/styles1100px/FD95GNR.jpg,,0.0,TRUE,InStock,2.84,,FD95GNR46,,,,Size,DROP_DOWN,46,Color,DROP_DOWN,Green,,,,,,,,,,,,,Fit,<p>R</p>,Length,<p>65</p>,Width,<p>40</p>,Height,<p>47</p>,Box Quantity,<p>5</p>,Inner Pack Quantity,<p>1</p>,Country Of Origin,<p>TR</p>,Standards,<ul><li>EN ISO 20345</li></ul>,,,,
FD95,Variant,,"The ultimate in comfort and safety. More flexible and longer lasting than PVC or Rubber due to its air bubble structure which provides air circulation. PU keeps feet hot in winter and cool in summer. Steel toecap and steel midsole, antistatic and SRC slip rated.",https://d11ak7fd9ypfb7.cloudfront.net/styles1100px/FD95GNR.jpg,,0.0,TRUE,InStock,2.94,,FD95GNR47,,,,Size,DROP_DOWN,47,Color,DROP_DOWN,Green,,,,,,,,,,,,,Fit,<p>R</p>,Length,<p>65</p>,Width,<p>40</p>,Height,<p>47</p>,Box Quantity,<p>5</p>,Inner Pack Quantity,<p>1</p>,Country Of Origin,<p>TR</p>,Standards,<ul><li>EN ISO 20345</li></ul>,,,,
FD95,Variant,,"The ultimate in comfort and safety. More flexible and longer lasting than PVC or Rubber due to its air bubble structure which provides air circulation. PU keeps feet hot in winter and cool in summer. Steel toecap and steel midsole, antistatic and SRC slip rated.",https://d11ak7fd9ypfb7.cloudfront.net/styles1100px/FD95GNR.jpg,,0.0,TRUE,InStock,3.04,,FD95GNR48,,,,Size,DROP_DOWN,48,Color,DROP_DOWN,Green,,,,,,,,,,,,,Fit,<p>R</p>,Length,<p>65</p>,Width,<p>40</p>,Height,<p>47</p>,Box Quantity,<p>5</p>,Inner Pack Quantity,<p>1</p>,Country Of Origin,<p>TR</p>,Standards,<ul><li>EN ISO 20345</li></ul>,,,,
FD95,Variant,,"The ultimate in comfort and safety. More flexible and longer lasting than PVC or Rubber due to its air bubble structure which provides air circulation. PU keeps feet hot in winter and cool in summer. Steel toecap and steel midsole, antistatic and SRC slip rated.",https://d11ak7fd9ypfb7.cloudfront.net/styles1100px/FD95YER.jpg,,0.0,TRUE,InStock,2.14,,FD95YER39,,,,Size,DROP_DOWN,39,Color,DROP_DOWN,Yellow,,,,,,,,,,,,,Fit,<p>R</p>,Length,<p>65</p>,Width,<p>40</p>,Height,<p>47</p>,Box Quantity,<p>5</p>,Inner Pack Quantity,<p>1</p>,Country Of Origin,<p>TR</p>,Standards,<ul><li>EN ISO 20345</li></ul>,,,,
FD95,Variant,,"The ultimate in comfort and safety. More flexible and longer lasting than PVC or Rubber due to its air bubble structure which provides air circulation. PU keeps feet hot in winter and cool in summer. Steel toecap and steel midsole, antistatic and SRC slip rated.",https://d11ak7fd9ypfb7.cloudfront.net/styles1100px/FD95YER.jpg,,0.0,TRUE,InStock,2.24,,FD95YER40,,,,Size,DROP_DOWN,40,Color,DROP_DOWN,Yellow,,,,,,,,,,,,,Fit,<p>R</p>,Length,<p>65</p>,Width,<p>40</p>,Height,<p>47</p>,Box Quantity,<p>5</p>,Inner Pack Quantity,<p>1</p>,Country Of Origin,<p>TR</p>,Standards,<ul><li>EN ISO 20345</li></ul>,,,,
FD95,Variant,,"The ultimate in comfort and safety. More flexible and longer lasting than PVC or Rubber due to its air bubble structure which provides air circulation. PU keeps feet hot in winter and cool in summer. Steel toecap and steel midsole, antistatic and SRC slip rated.",https://d11ak7fd9ypfb7.cloudfront.net/styles1100px/FD95YER.jpg,,0.0,TRUE,InStock,2.34,,FD95YER41,,,,Size,DROP_DOWN,41,Color,DROP_DOWN,Yellow,,,,,,,,,,,,,Fit,<p>R</p>,Length,<p>65</p>,Width,<p>40</p>,Height,<p>47</p>,Box Quantity,<p>5</p>,Inner Pack Quantity,<p>1</p>,Country Of Origin,<p>TR</p>,Standards,<ul><li>EN ISO 20345</li></ul>,,,,
FD95,Variant,,"The ultimate in comfort and safety. More flexible and longer lasting than PVC or Rubber due to its air bubble structure which provides air circulation. PU keeps feet hot in winter and cool in summer. Steel toecap and steel midsole, antistatic and SRC slip rated.",https://d11ak7fd9ypfb7.cloudfront.net/styles1100px/FD95YER.jpg,,0.0,TRUE,InStock,2.44,,FD95YER42,,,,Size,DROP_DOWN,42,Color,DROP_DOWN,Yellow,,,,,,,,,,,,,Fit,<p>R</p>,Length,<p>65</p>,Width,<p>40</p>,Height,<p>47</p>,Box Quantity,<p>5</p>,Inner Pack Quantity,<p>1</p>,Country Of Origin,<p>TR</p>,Standards,<ul><li>EN ISO 20345</li></ul>,,,,
FD95,Variant,,"The ultimate in comfort and safety. More flexible and longer lasting than PVC or Rubber due to its air bubble structure which provides air circulation. PU keeps feet hot in winter and cool in summer. Steel toecap and steel midsole, antistatic and SRC slip rated.",https://d11ak7fd9ypfb7.cloudfront.net/styles1100px/FD95YER.jpg,,0.0,TRUE,InStock,2.54,,FD95YER43,,,,Size,DROP_DOWN,43,Color,DROP_DOWN,Yellow,,,,,,,,,,,,,Fit,<p>R</p>,Length,<p>65</p>,Width,<p>40</p>,Height,<p>47</p>,Box Quantity,<p>5</p>,Inner Pack Quantity,<p>1</p>,Country Of Origin,<p>TR</p>,Standards,<ul><li>EN ISO 20345</li></ul>,,,,
FD95,Variant,,"The ultimate in comfort and safety. More flexible and longer lasting than PVC or Rubber due to its air bubble structure which provides air circulation. PU keeps feet hot in winter and cool in summer. Steel toecap and steel midsole, antistatic and SRC slip rated.",https://d11ak7fd9ypfb7.cloudfront.net/styles1100px/FD95YER.jpg,,0.0,TRUE,InStock,2.64,,FD95YER44,,,,Size,DROP_DOWN,44,Color,DROP_DOWN,Yellow,,,,,,,,,,,,,Fit,<p>R</p>,Length,<p>65</p>,Width,<p>40</p>,Height,<p>47</p>,Box Quantity,<p>5</p>,Inner Pack Quantity,<p>1</p>,Country Of Origin,<p>TR</p>,Standards,<ul><li>EN ISO 20345</li></ul>,,,,
FD95,Variant,,"The ultimate in comfort and safety. More flexible and longer lasting than PVC or Rubber due to its air bubble structure which provides air circulation. PU keeps feet hot in winter and cool in summer. Steel toecap and steel midsole, antistatic and SRC slip rated.",https://d11ak7fd9ypfb7.cloudfront.net/styles1100px/FD95YER.jpg,,0.0,TRUE,InStock,2.74,,FD95YER45,,,,Size,DROP_DOWN,45,Color,DROP_DOWN,Yellow,,,,,,,,,,,,,Fit,<p>R</p>,Length,<p>65</p>,Width,<p>40</p>,Height,<p>47</p>,Box Quantity,<p>5</p>,Inner Pack Quantity,<p>1</p>,Country Of Origin,<p>TR</p>,Standards,<ul><li>EN ISO 20345</li></ul>,,,,
FD95,Variant,,"The ultimate in comfort and safety. More flexible and longer lasting than PVC or Rubber due to its air bubble structure which provides air circulation. PU keeps feet hot in winter and cool in summer. Steel toecap and steel midsole, antistatic and SRC slip rated.",https://d11ak7fd9ypfb7.cloudfront.net/styles1100px/FD95YER.jpg,,0.0,TRUE,InStock,2.84,,FD95YER46,,,,Size,DROP_DOWN,46,Color,DROP_DOWN,Yellow,,,,,,,,,,,,,Fit,<p>R</p>,Length,<p>65</p>,Width,<p>40</p>,Height,<p>47</p>,Box Quantity,<p>5</p>,Inner Pack Quantity,<p>1</p>,Country Of Origin,<p>TR</p>,Standards,<ul><li>EN ISO 20345</li></ul>,,,,
FD95,Variant,,"The ultimate in comfort and safety. More flexible and longer lasting than PVC or Rubber due to its air bubble structure which provides air circulation. PU keeps feet hot in winter and cool in summer. Steel toecap and steel midsole, antistatic and SRC slip rated.",https://d11ak7fd9ypfb7.cloudfront.net/styles1100px/FD95YER.jpg,,0.0,TRUE,InStock,2.94,,FD95YER47,,,,Size,DROP_DOWN,47,Color,DROP_DOWN,Yellow,,,,,,,,,,,,,Fit,<p>R</p>,Length,<p>65</p>,Width,<p>40</p>,Height,<p>47</p>,Box Quantity,<p>5</p>,Inner Pack Quantity,<p>1</p>,Country Of Origin,<p>TR</p>,Standards,<ul><li>EN ISO 20345</li></ul>,,,,
FD95,Variant,,"The ultimate in comfort and safety. More flexible and longer lasting than PVC or Rubber due to its air bubble structure which provides air circulation. PU keeps feet hot in winter and cool in summer. Steel toecap and steel midsole, antistatic and SRC slip rated.",https://d11ak7fd9ypfb7.cloudfront.net/styles1100px/FD95YER.jpg,,0.0,TRUE,InStock,3.04,,FD95YER48,,,,Size,DROP_DOWN,48,Color,DROP_DOWN,Yellow,,,,,,,,,,,,,Fit,<p>R</p>,Length,<p>65</p>,Width,<p>40</p>,Height,<p>47</p>,Box Quantity,<p>5</p>,Inner Pack Quantity,<p>1</p>,Country Of Origin,<p>TR</p>,Standards,<ul><li>EN ISO 20345</li></ul>,,,,
FR01,Product,FR01 - Bizflame FR Crew Neck,"This stylish crew neck offers the ultimate in flame resistant comfort. The interlock knit fabric is lightweight but highly insulative providing high protection against electric arc. FR01 offers protection against convective, radiant and contact heat and is suitable for a range of uses.",https://d11ak7fd9ypfb7.cloudfront.net/styles1100px/FR01GRR.jpg,54.5,0.0,TRUE,InStock,0.44,,FR01GRR4XL,,,,Size,DROP_DOWN,S;M;L;XL;XXL;XXXL;4XL;5XL;6XL,Color,DROP_DOWN,Grey;Navy;Khaki,,,,,,,,,,,,,Fit,<p>R</p>,Length,<p>65</p>,Width,<p>45</p>,Height,<p>40</p>,Box Quantity,<p>48</p>,Inner Pack Quantity,<p>1</p>,Country Of Origin,<p>BD</p>,Standards,<ul><li>VN61 O 149271</li><li>EN ISO 11612   A1+A2 B1 C1 F1</li><li>ASTM F1959/F1959M-12   ATPV 12 CAL/CM<sup>2</sup> (HAF = 80.8%)</li><li>ELIM TESTING IN PROGRESS</li></ul>,,,,
FR01,Variant,,"This stylish crew neck offers the ultimate in flame resistant comfort. The interlock knit fabric is lightweight but highly insulative providing high protection against electric arc. FR01 offers protection against convective, radiant and contact heat and is suitable for a range of uses.",https://d11ak7fd9ypfb7.cloudfront.net/styles1100px/FR01GRR.jpg,,0.0,TRUE,InStock,0.44,,FR01GRR4XL,,,,Size,DROP_DOWN,4XL,Color,DROP_DOWN,Grey,,,,,,,,,,,,,Fit,<p>R</p>,Length,<p>65</p>,Width,<p>45</p>,Height,<p>40</p>,Box Quantity,<p>48</p>,Inner Pack Quantity,<p>1</p>,Country Of Origin,<p>BD</p>,Standards,<ul><li>VN61 O 149271</li><li>EN ISO 11612   A1+A2 B1 C1 F1</li><li>ASTM F1959/F1959M-12   ATPV 12 CAL/CM<sup>2</sup> (HAF = 80.8%)</li><li>ELIM TESTING IN PROGRESS</li></ul>,,,,
FR01,Variant,,"This stylish crew neck offers the ultimate in flame resistant comfort. The interlock knit fabric is lightweight but highly insulative providing high protection against electric arc. FR01 offers protection against convective, radiant and contact heat and is suitable for a range of uses.",https://d11ak7fd9ypfb7.cloudfront.net/styles1100px/FR01GRR.jpg,,0.0,TRUE,InStock,0.46,,FR01GRR5XL,,,,Size,DROP_DOWN,5XL,Color,DROP_DOWN,Grey,,,,,,,,,,,,,Fit,<p>R</p>,Length,<p>65</p>,Width,<p>45</p>,Height,<p>40</p>,Box Quantity,<p>48</p>,Inner Pack Quantity,<p>1</p>,Country Of Origin,<p>BD</p>,Standards,<ul><li>VN61 O 149271</li><li>EN ISO 11612   A1+A2 B1 C1 F1</li><li>ASTM F1959/F1959M-12   ATPV 12 CAL/CM<sup>2</sup> (HAF = 80.8%)</li><li>ELIM TESTING IN PROGRESS</li></ul>,,,,
FR01,Variant,,"This stylish crew neck offers the ultimate in flame resistant comfort. The interlock knit fabric is lightweight but highly insulative providing high protection against electric arc. FR01 offers protection against convective, radiant and contact heat and is suitable for a range of uses.",https://d11ak7fd9ypfb7.cloudfront.net/styles1100px/FR01GRR.jpg,,0.0,TRUE,InStock,0.5,,FR01GRR6XL,,,,Size,DROP_DOWN,6XL,Color,DROP_DOWN,Grey,,,,,,,,,,,,,Fit,<p>R</p>,Length,<p>65</p>,Width,<p>45</p>,Height,<p>40</p>,Box Quantity,<p>48</p>,Inner Pack Quantity,<p>1</p>,Country Of Origin,<p>BD</p>,Standards,<ul><li>VN61 O 149271</li><li>EN ISO 11612   A1+A2 B1 C1 F1</li><li>ASTM F1959/F1959M-12   ATPV 12 CAL/CM<sup>2</sup> (HAF = 80.8%)</li><li>ELIM TESTING IN PROGRESS</li></ul>,,,,
FR01,Variant,,"This stylish crew neck offers the ultimate in flame resistant comfort. The interlock knit fabric is lightweight but highly insulative providing high protection against electric arc. FR01 offers protection against convective, radiant and contact heat and is suitable for a range of uses.",https://d11ak7fd9ypfb7.cloudfront.net/styles1100px/FR01GRR.jpg,,0.0,TRUE,InStock,0.36,,FR01GRRL,,,,Size,DROP_DOWN,L,Color,DROP_DOWN,Grey,,,,,,,,,,,,,Fit,<p>R</p>,Length,<p>65</p>,Width,<p>45</p>,Height,<p>33</p>,Box Quantity,<p>48</p>,Inner Pack Quantity,<p>1</p>,Country Of Origin,<p>BD</p>,Standards,<ul><li>VN61 O 149271</li><li>EN ISO 11612   A1+A2 B1 C1 F1</li><li>ASTM F1959/F1959M-12   ATPV 12 CAL/CM<sup>2</sup> (HAF = 80.8%)</li><li>ELIM TESTING IN PROGRESS</li></ul>,,,,
FR01,Variant,,"This stylish crew neck offers the ultimate in flame resistant comfort. The interlock knit fabric is lightweight but highly insulative providing high protection against electric arc. FR01 offers protection against convective, radiant and contact heat and is suitable for a range of uses.",https://d11ak7fd9ypfb7.cloudfront.net/styles1100px/FR01GRR.jpg,,0.0,TRUE,InStock,0.34,,FR01GRRM,,,,Size,DROP_DOWN,M,Color,DROP_DOWN,Grey,,,,,,,,,,,,,Fit,<p>R</p>,Length,<p>65</p>,Width,<p>45</p>,Height,<p>33</p>,Box Quantity,<p>48</p>,Inner Pack Quantity,<p>1</p>,Country Of Origin,<p>BD</p>,Standards,<ul><li>VN61 O 149271</li><li>EN ISO 11612   A1+A2 B1 C1 F1</li><li>ASTM F1959/F1959M-12   ATPV 12 CAL/CM<sup>2</sup> (HAF = 80.8%)</li><li>ELIM TESTING IN PROGRESS</li></ul>,,,,
FR01,Variant,,"This stylish crew neck offers the ultimate in flame resistant comfort. The interlock knit fabric is lightweight but highly insulative providing high protection against electric arc. FR01 offers protection against convective, radiant and contact heat and is suitable for a range of uses.",https://d11ak7fd9ypfb7.cloudfront.net/styles1100px/FR01GRR.jpg,,0.0,TRUE,InStock,0.32,,FR01GRRS,,,,Size,DROP_DOWN,S,Color,DROP_DOWN,Grey,,,,,,,,,,,,,Fit,<p>R</p>,Length,<p>65</p>,Width,<p>45</p>,Height,<p>33</p>,Box Quantity,<p>48</p>,Inner Pack Quantity,<p>1</p>,Country Of Origin,<p>BD</p>,Standards,<ul><li>VN61 O 149271</li><li>EN ISO 11612   A1+A2 B1 C1 F1</li><li>ASTM F1959/F1959M-12   ATPV 12 CAL/CM<sup>2</sup> (HAF = 80.8%)</li><li>ELIM TESTING IN PROGRESS</li></ul>,,,,
FR01,Variant,,"This stylish crew neck offers the ultimate in flame resistant comfort. The interlock knit fabric is lightweight but highly insulative providing high protection against electric arc. FR01 offers protection against convective, radiant and contact heat and is suitable for a range of uses.",https://d11ak7fd9ypfb7.cloudfront.net/styles1100px/FR01GRR.jpg,,0.0,TRUE,InStock,0.38,,FR01GRRXL,,,,Size,DROP_DOWN,XL,Color,DROP_DOWN,Grey,,,,,,,,,,,,,Fit,<p>R</p>,Length,<p>65</p>,Width,<p>45</p>,Height,<p>33</p>,Box Quantity,<p>48</p>,Inner Pack Quantity,<p>1</p>,Country Of Origin,<p>BD</p>,Standards,<ul><li>VN61 O 149271</li><li>EN ISO 11612   A1+A2 B1 C1 F1</li><li>ASTM F1959/F1959M-12   ATPV 12 CAL/CM<sup>2</sup> (HAF = 80.8%)</li><li>ELIM TESTING IN PROGRESS</li></ul>,,,,
FR01,Variant,,"This stylish crew neck offers the ultimate in flame resistant comfort. The interlock knit fabric is lightweight but highly insulative providing high protection against electric arc. FR01 offers protection against convective, radiant and contact heat and is suitable for a range of uses.",https://d11ak7fd9ypfb7.cloudfront.net/styles1100px/FR01GRR.jpg,,0.0,TRUE,InStock,0.4,,FR01GRRXXL,,,,Size,DROP_DOWN,XXL,Color,DROP_DOWN,Grey,,,,,,,,,,,,,Fit,<p>R</p>,Length,<p>65</p>,Width,<p>45</p>,Height,<p>33</p>,Box Quantity,<p>48</p>,Inner Pack Quantity,<p>1</p>,Country Of Origin,<p>BD</p>,Standards,<ul><li>VN61 O 149271</li><li>EN ISO 11612   A1+A2 B1 C1 F1</li><li>ASTM F1959/F1959M-12   ATPV 12 CAL/CM<sup>2</sup> (HAF = 80.8%)</li><li>ELIM TESTING IN PROGRESS</li></ul>,,,,
FR01,Variant,,"This stylish crew neck offers the ultimate in flame resistant comfort. The interlock knit fabric is lightweight but highly insulative providing high protection against electric arc. FR01 offers protection against convective, radiant and contact heat and is suitable for a range of uses.",https://d11ak7fd9ypfb7.cloudfront.net/styles1100px/FR01GRR.jpg,,0.0,TRUE,InStock,0.42,,FR01GRRXXXL,,,,Size,DROP_DOWN,XXXL,Color,DROP_DOWN,Grey,,,,,,,,,,,,,Fit,<p>R</p>,Length,<p>65</p>,Width,<p>45</p>,Height,<p>33</p>,Box Quantity,<p>48</p>,Inner Pack Quantity,<p>1</p>,Country Of Origin,<p>BD</p>,Standards,<ul><li>VN61 O 149271</li><li>EN ISO 11612   A1+A2 B1 C1 F1</li><li>ASTM F1959/F1959M-12   ATPV 12 CAL/CM<sup>2</sup> (HAF = 80.8%)</li><li>ELIM TESTING IN PROGRESS</li></ul>,,,,
FR01,Variant,,"This stylish crew neck offers the ultimate in flame resistant comfort. The interlock knit fabric is lightweight but highly insulative providing high protection against electric arc. FR01 offers protection against convective, radiant and contact heat and is suitable for a range of uses.",https://d11ak7fd9ypfb7.cloudfront.net/styles1100px/FR01KHR.jpg,,0.0,TRUE,InStock,0.44,,FR01KHR4XL,,,,Size,DROP_DOWN,4XL,Color,DROP_DOWN,Khaki,,,,,,,,,,,,,Fit,<p>R</p>,Length,<p>65</p>,Width,<p>45</p>,Height,<p>40</p>,Box Quantity,<p>48</p>,Inner Pack Quantity,<p>1</p>,Country Of Origin,<p>BD</p>,Standards,<ul><li>VN61 O 149271</li><li>EN ISO 11612   A1+A2 B1 C1 F1</li><li>ASTM F1959/F1959M-12   ATPV 12 CAL/CM<sup>2</sup> (HAF = 80.8%)</li><li>ELIM TESTING IN PROGRESS</li></ul>,,,,
FR01,Variant,,"This stylish crew neck offers the ultimate in flame resistant comfort. The interlock knit fabric is lightweight but highly insulative providing high protection against electric arc. FR01 offers protection against convective, radiant and contact heat and is suitable for a range of uses.",https://d11ak7fd9ypfb7.cloudfront.net/styles1100px/FR01KHR.jpg,,0.0,TRUE,InStock,0.46,,FR01KHR5XL,,,,Size,DROP_DOWN,5XL,Color,DROP_DOWN,Khaki,,,,,,,,,,,,,Fit,<p>R</p>,Length,<p>65</p>,Width,<p>45</p>,Height,<p>40</p>,Box Quantity,<p>48</p>,Inner Pack Quantity,<p>1</p>,Country Of Origin,<p>BD</p>,Standards,<ul><li>VN61 O 149271</li><li>EN ISO 11612   A1+A2 B1 C1 F1</li><li>ASTM F1959/F1959M-12   ATPV 12 CAL/CM<sup>2</sup> (HAF = 80.8%)</li><li>ELIM TESTING IN PROGRESS</li></ul>,,,,
FR01,Variant,,"This stylish crew neck offers the ultimate in flame resistant comfort. The interlock knit fabric is lightweight but highly insulative providing high protection against electric arc. FR01 offers protection against convective, radiant and contact heat and is suitable for a range of uses.",https://d11ak7fd9ypfb7.cloudfront.net/styles1100px/FR01KHR.jpg,,0.0,TRUE,InStock,0.5,,FR01KHR6XL,,,,Size,DROP_DOWN,6XL,Color,DROP_DOWN,Khaki,,,,,,,,,,,,,Fit,<p>R</p>,Length,<p>65</p>,Width,<p>45</p>,Height,<p>40</p>,Box Quantity,<p>48</p>,Inner Pack Quantity,<p>1</p>,Country Of Origin,<p>BD</p>,Standards,<ul><li>VN61 O 149271</li><li>EN ISO 11612   A1+A2 B1 C1 F1</li><li>ASTM F1959/F1959M-12   ATPV 12 CAL/CM<sup>2</sup> (HAF = 80.8%)</li><li>ELIM TESTING IN PROGRESS</li></ul>,,,,
FR01,Variant,,"This stylish crew neck offers the ultimate in flame resistant comfort. The interlock knit fabric is lightweight but highly insulative providing high protection against electric arc. FR01 offers protection against convective, radiant and contact heat and is suitable for a range of uses.",https://d11ak7fd9ypfb7.cloudfront.net/styles1100px/FR01KHR.jpg,,0.0,TRUE,InStock,0.36,,FR01KHRL,,,,Size,DROP_DOWN,L,Color,DROP_DOWN,Khaki,,,,,,,,,,,,,Fit,<p>R</p>,Length,<p>65</p>,Width,<p>45</p>,Height,<p>33</p>,Box Quantity,<p>48</p>,Inner Pack Quantity,<p>1</p>,Country Of Origin,<p>BD</p>,Standards,<ul><li>VN61 O 149271</li><li>EN ISO 11612   A1+A2 B1 C1 F1</li><li>ASTM F1959/F1959M-12   ATPV 12 CAL/CM<sup>2</sup> (HAF = 80.8%)</li><li>ELIM TESTING IN PROGRESS</li></ul>,,,,
FR01,Variant,,"This stylish crew neck offers the ultimate in flame resistant comfort. The interlock knit fabric is lightweight but highly insulative providing high protection against electric arc. FR01 offers protection against convective, radiant and contact heat and is suitable for a range of uses.",https://d11ak7fd9ypfb7.cloudfront.net/styles1100px/FR01KHR.jpg,,0.0,TRUE,InStock,0.34,,FR01KHRM,,,,Size,DROP_DOWN,M,Color,DROP_DOWN,Khaki,,,,,,,,,,,,,Fit,<p>R</p>,Length,<p>65</p>,Width,<p>45</p>,Height,<p>33</p>,Box Quantity,<p>48</p>,Inner Pack Quantity,<p>1</p>,Country Of Origin,<p>BD</p>,Standards,<ul><li>VN61 O 149271</li><li>EN ISO 11612   A1+A2 B1 C1 F1</li><li>ASTM F1959/F1959M-12   ATPV 12 CAL/CM<sup>2</sup> (HAF = 80.8%)</li><li>ELIM TESTING IN PROGRESS</li></ul>,,,,
FR01,Variant,,"This stylish crew neck offers the ultimate in flame resistant comfort. The interlock knit fabric is lightweight but highly insulative providing high protection against electric arc. FR01 offers protection against convective, radiant and contact heat and is suitable for a range of uses.",https://d11ak7fd9ypfb7.cloudfront.net/styles1100px/FR01KHR.jpg,,0.0,TRUE,InStock,0.32,,FR01KHRS,,,,Size,DROP_DOWN,S,Color,DROP_DOWN,Khaki,,,,,,,,,,,,,Fit,<p>R</p>,Length,<p>65</p>,Width,<p>45</p>,Height,<p>33</p>,Box Quantity,<p>48</p>,Inner Pack Quantity,<p>1</p>,Country Of Origin,<p>BD</p>,Standards,<ul><li>VN61 O 149271</li><li>EN ISO 11612   A1+A2 B1 C1 F1</li><li>ASTM F1959/F1959M-12   ATPV 12 CAL/CM<sup>2</sup> (HAF = 80.8%)</li><li>ELIM TESTING IN PROGRESS</li></ul>,,,,
FR01,Variant,,"This stylish crew neck offers the ultimate in flame resistant comfort. The interlock knit fabric is lightweight but highly insulative providing high protection against electric arc. FR01 offers protection against convective, radiant and contact heat and is suitable for a range of uses.",https://d11ak7fd9ypfb7.cloudfront.net/styles1100px/FR01KHR.jpg,,0.0,TRUE,InStock,0.38,,FR01KHRXL,,,,Size,DROP_DOWN,XL,Color,DROP_DOWN,Khaki,,,,,,,,,,,,,Fit,<p>R</p>,Length,<p>65</p>,Width,<p>45</p>,Height,<p>33</p>,Box Quantity,<p>48</p>,Inner Pack Quantity,<p>1</p>,Country Of Origin,<p>BD</p>,Standards,<ul><li>VN61 O 149271</li><li>EN ISO 11612   A1+A2 B1 C1 F1</li><li>ASTM F1959/F1959M-12   ATPV 12 CAL/CM<sup>2</sup> (HAF = 80.8%)</li><li>ELIM TESTING IN PROGRESS</li></ul>,,,,
FR01,Variant,,"This stylish crew neck offers the ultimate in flame resistant comfort. The interlock knit fabric is lightweight but highly insulative providing high protection against electric arc. FR01 offers protection against convective, radiant and contact heat and is suitable for a range of uses.",https://d11ak7fd9ypfb7.cloudfront.net/styles1100px/FR01KHR.jpg,,0.0,TRUE,InStock,0.4,,FR01KHRXXL,,,,Size,DROP_DOWN,XXL,Color,DROP_DOWN,Khaki,,,,,,,,,,,,,Fit,<p>R</p>,Length,<p>65</p>,Width,<p>45</p>,Height,<p>33</p>,Box Quantity,<p>48</p>,Inner Pack Quantity,<p>1</p>,Country Of Origin,<p>BD</p>,Standards,<ul><li>VN61 O 149271</li><li>EN ISO 11612   A1+A2 B1 C1 F1</li><li>ASTM F1959/F1959M-12   ATPV 12 CAL/CM<sup>2</sup> (HAF = 80.8%)</li><li>ELIM TESTING IN PROGRESS</li></ul>,,,,
FR01,Variant,,"This stylish crew neck offers the ultimate in flame resistant comfort. The interlock knit fabric is lightweight but highly insulative providing high protection against electric arc. FR01 offers protection against convective, radiant and contact heat and is suitable for a range of uses.",https://d11ak7fd9ypfb7.cloudfront.net/styles1100px/FR01KHR.jpg,,0.0,TRUE,InStock,0.42,,FR01KHRXXXL,,,,Size,DROP_DOWN,XXXL,Color,DROP_DOWN,Khaki,,,,,,,,,,,,,Fit,<p>R</p>,Length,<p>65</p>,Width,<p>45</p>,Height,<p>33</p>,Box Quantity,<p>48</p>,Inner Pack Quantity,<p>1</p>,Country Of Origin,<p>BD</p>,Standards,<ul><li>VN61 O 149271</li><li>EN ISO 11612   A1+A2 B1 C1 F1</li><li>ASTM F1959/F1959M-12   ATPV 12 CAL/CM<sup>2</sup> (HAF = 80.8%)</li><li>ELIM TESTING IN PROGRESS</li></ul>,,,,
FR01,Variant,,"This stylish crew neck offers the ultimate in flame resistant comfort. The interlock knit fabric is lightweight but highly insulative providing high protection against electric arc. FR01 offers protection against convective, radiant and contact heat and is suitable for a range of uses.",https://d11ak7fd9ypfb7.cloudfront.net/styles1100px/FR01NAR.jpg,,0.0,TRUE,InStock,0.44,,FR01NAR4XL,,,,Size,DROP_DOWN,4XL,Color,DROP_DOWN,Navy,,,,,,,,,,,,,Fit,<p>R</p>,Length,<p>65</p>,Width,<p>45</p>,Height,<p>40</p>,Box Quantity,<p>48</p>,Inner Pack Quantity,<p>1</p>,Country Of Origin,<p>BD</p>,Standards,<ul><li>VN61 O 149271</li><li>EN ISO 11612   A1+A2 B1 C1 F1</li><li>ASTM F1959/F1959M-12   ATPV 12 CAL/CM<sup>2</sup> (HAF = 80.8%)</li><li>ELIM TESTING IN PROGRESS</li></ul>,,,,
FR01,Variant,,"This stylish crew neck offers the ultimate in flame resistant comfort. The interlock knit fabric is lightweight but highly insulative providing high protection against electric arc. FR01 offers protection against convective, radiant and contact heat and is suitable for a range of uses.",https://d11ak7fd9ypfb7.cloudfront.net/styles1100px/FR01NAR.jpg,,0.0,TRUE,InStock,0.46,,FR01NAR5XL,,,,Size,DROP_DOWN,5XL,Color,DROP_DOWN,Navy,,,,,,,,,,,,,Fit,<p>R</p>,Length,<p>65</p>,Width,<p>45</p>,Height,<p>40</p>,Box Quantity,<p>48</p>,Inner Pack Quantity,<p>1</p>,Country Of Origin,<p>BD</p>,Standards,<ul><li>VN61 O 149271</li><li>EN ISO 11612   A1+A2 B1 C1 F1</li><li>ASTM F1959/F1959M-12   ATPV 12 CAL/CM<sup>2</sup> (HAF = 80.8%)</li><li>ELIM TESTING IN PROGRESS</li></ul>,,,,
FR01,Variant,,"This stylish crew neck offers the ultimate in flame resistant comfort. The interlock knit fabric is lightweight but highly insulative providing high protection against electric arc. FR01 offers protection against convective, radiant and contact heat and is suitable for a range of uses.",https://d11ak7fd9ypfb7.cloudfront.net/styles1100px/FR01NAR.jpg,,0.0,TRUE,InStock,0.5,,FR01NAR6XL,,,,Size,DROP_DOWN,6XL,Color,DROP_DOWN,Navy,,,,,,,,,,,,,Fit,<p>R</p>,Length,<p>65</p>,Width,<p>45</p>,Height,<p>40</p>,Box Quantity,<p>48</p>,Inner Pack Quantity,<p>1</p>,Country Of Origin,<p>BD</p>,Standards,<ul><li>VN61 O 149271</li><li>EN ISO 11612   A1+A2 B1 C1 F1</li><li>ASTM F1959/F1959M-12   ATPV 12 CAL/CM<sup>2</sup> (HAF = 80.8%)</li><li>ELIM TESTING IN PROGRESS</li></ul>,,,,
FR01,Variant,,"This stylish crew neck offers the ultimate in flame resistant comfort. The interlock knit fabric is lightweight but highly insulative providing high protection against electric arc. FR01 offers protection against convective, radiant and contact heat and is suitable for a range of uses.",https://d11ak7fd9ypfb7.cloudfront.net/styles1100px/FR01NAR.jpg,,0.0,TRUE,InStock,0.36,,FR01NARL,,,,Size,DROP_DOWN,L,Color,DROP_DOWN,Navy,,,,,,,,,,,,,Fit,<p>R</p>,Length,<p>65</p>,Width,<p>45</p>,Height,<p>33</p>,Box Quantity,<p>48</p>,Inner Pack Quantity,<p>1</p>,Country Of Origin,<p>BD</p>,Standards,<ul><li>VN61 O 149271</li><li>EN ISO 11612   A1+A2 B1 C1 F1</li><li>ASTM F1959/F1959M-12   ATPV 12 CAL/CM<sup>2</sup> (HAF = 80.8%)</li><li>ELIM TESTING IN PROGRESS</li></ul>,,,,
FR01,Variant,,"This stylish crew neck offers the ultimate in flame resistant comfort. The interlock knit fabric is lightweight but highly insulative providing high protection against electric arc. FR01 offers protection against convective, radiant and contact heat and is suitable for a range of uses.",https://d11ak7fd9ypfb7.cloudfront.net/styles1100px/FR01NAR.jpg,,0.0,TRUE,InStock,0.34,,FR01NARM,,,,Size,DROP_DOWN,M,Color,DROP_DOWN,Navy,,,,,,,,,,,,,Fit,<p>R</p>,Length,<p>65</p>,Width,<p>45</p>,Height,<p>33</p>,Box Quantity,<p>48</p>,Inner Pack Quantity,<p>1</p>,Country Of Origin,<p>BD</p>,Standards,<ul><li>VN61 O 149271</li><li>EN ISO 11612   A1+A2 B1 C1 F1</li><li>ASTM F1959/F1959M-12   ATPV 12 CAL/CM<sup>2</sup> (HAF = 80.8%)</li><li>ELIM TESTING IN PROGRESS</li></ul>,,,,
FR01,Variant,,"This stylish crew neck offers the ultimate in flame resistant comfort. The interlock knit fabric is lightweight but highly insulative providing high protection against electric arc. FR01 offers protection against convective, radiant and contact heat and is suitable for a range of uses.",https://d11ak7fd9ypfb7.cloudfront.net/styles1100px/FR01NAR.jpg,,0.0,TRUE,InStock,0.32,,FR01NARS,,,,Size,DROP_DOWN,S,Color,DROP_DOWN,Navy,,,,,,,,,,,,,Fit,<p>R</p>,Length,<p>65</p>,Width,<p>45</p>,Height,<p>33</p>,Box Quantity,<p>48</p>,Inner Pack Quantity,<p>1</p>,Country Of Origin,<p>BD</p>,Standards,<ul><li>VN61 O 149271</li><li>EN ISO 11612   A1+A2 B1 C1 F1</li><li>ASTM F1959/F1959M-12   ATPV 12 CAL/CM<sup>2</sup> (HAF = 80.8%)</li><li>ELIM TESTING IN PROGRESS</li></ul>,,,,
FR01,Variant,,"This stylish crew neck offers the ultimate in flame resistant comfort. The interlock knit fabric is lightweight but highly insulative providing high protection against electric arc. FR01 offers protection against convective, radiant and contact heat and is suitable for a range of uses.",https://d11ak7fd9ypfb7.cloudfront.net/styles1100px/FR01NAR.jpg,,0.0,TRUE,InStock,0.38,,FR01NARXL,,,,Size,DROP_DOWN,XL,Color,DROP_DOWN,Navy,,,,,,,,,,,,,Fit,<p>R</p>,Length,<p>65</p>,Width,<p>45</p>,Height,<p>33</p>,Box Quantity,<p>48</p>,Inner Pack Quantity,<p>1</p>,Country Of Origin,<p>BD</p>,Standards,<ul><li>VN61 O 149271</li><li>EN ISO 11612   A1+A2 B1 C1 F1</li><li>ASTM F1959/F1959M-12   ATPV 12 CAL/CM<sup>2</sup> (HAF = 80.8%)</li><li>ELIM TESTING IN PROGRESS</li></ul>,,,,
FR01,Variant,,"This stylish crew neck offers the ultimate in flame resistant comfort. The interlock knit fabric is lightweight but highly insulative providing high protection against electric arc. FR01 offers protection against convective, radiant and contact heat and is suitable for a range of uses.",https://d11ak7fd9ypfb7.cloudfront.net/styles1100px/FR01NAR.jpg,,0.0,TRUE,InStock,0.4,,FR01NARXXL,,,,Size,DROP_DOWN,XXL,Color,DROP_DOWN,Navy,,,,,,,,,,,,,Fit,<p>R</p>,Length,<p>65</p>,Width,<p>45</p>,Height,<p>33</p>,Box Quantity,<p>48</p>,Inner Pack Quantity,<p>1</p>,Country Of Origin,<p>BD</p>,Standards,<ul><li>VN61 O 149271</li><li>EN ISO 11612   A1+A2 B1 C1 F1</li><li>ASTM F1959/F1959M-12   ATPV 12 CAL/CM<sup>2</sup> (HAF = 80.8%)</li><li>ELIM TESTING IN PROGRESS</li></ul>,,,,
FR01,Variant,,"This stylish crew neck offers the ultimate in flame resistant comfort. The interlock knit fabric is lightweight but highly insulative providing high protection against electric arc. FR01 offers protection against convective, radiant and contact heat and is suitable for a range of uses.",https://d11ak7fd9ypfb7.cloudfront.net/styles1100px/FR01NAR.jpg,,0.0,TRUE,InStock,0.42,,FR01NARXXXL,,,,Size,DROP_DOWN,XXXL,Color,DROP_DOWN,Navy,,,,,,,,,,,,,Fit,<p>R</p>,Length,<p>65</p>,Width,<p>45</p>,Height,<p>33</p>,Box Quantity,<p>48</p>,Inner Pack Quantity,<p>1</p>,Country Of Origin,<p>BD</p>,Standards,<ul><li>VN61 O 149271</li><li>EN ISO 11612   A1+A2 B1 C1 F1</li><li>ASTM F1959/F1959M-12   ATPV 12 CAL/CM<sup>2</sup> (HAF = 80.8%)</li><li>ELIM TESTING IN PROGRESS</li></ul>,,,,
FR02,Product,FR02 - Bizflame FR Henley,"The fabric used in this crew neck is moisture wicking and breathable. The FR protection will last for the life of the garment and due to the insulative properties of the fabric the protection against electric arc is very high. Offering protection against convective, radiant and contact heat, FR02 is extremely versatile.",https://d11ak7fd9ypfb7.cloudfront.net/styles1100px/FR02GRR.jpg,57.0,0.0,TRUE,InStock,0.44,,FR02GRR4XL,,,,Size,DROP_DOWN,S;M;L;XL;XXL;XXXL;4XL;5XL;6XL,Color,DROP_DOWN,Grey;Navy;Khaki,,,,,,,,,,,,,Fit,<p>R</p>,Length,<p>65</p>,Width,<p>45</p>,Height,<p>40</p>,Box Quantity,<p>48</p>,Inner Pack Quantity,<p>1</p>,Country Of Origin,<p>BD</p>,Standards,<ul><li>VN61 O 149272</li><li>EN ISO 11612   A1+A2 B1 C1 F1</li><li>ASTM F1959/F1959M-12   ATPV 12 CAL/CM<sup>2</sup> (HAF = 80.8%)</li><li>ELIM TESTING IN PROGRESS</li></ul>,,,,
FR02,Variant,,"The fabric used in this crew neck is moisture wicking and breathable. The FR protection will last for the life of the garment and due to the insulative properties of the fabric the protection against electric arc is very high. Offering protection against convective, radiant and contact heat, FR02 is extremely versatile.",https://d11ak7fd9ypfb7.cloudfront.net/styles1100px/FR02GRR.jpg,,0.0,TRUE,InStock,0.44,,FR02GRR4XL,,,,Size,DROP_DOWN,4XL,Color,DROP_DOWN,Grey,,,,,,,,,,,,,Fit,<p>R</p>,Length,<p>65</p>,Width,<p>45</p>,Height,<p>40</p>,Box Quantity,<p>48</p>,Inner Pack Quantity,<p>1</p>,Country Of Origin,<p>BD</p>,Standards,<ul><li>VN61 O 149272</li><li>EN ISO 11612   A1+A2 B1 C1 F1</li><li>ASTM F1959/F1959M-12   ATPV 12 CAL/CM<sup>2</sup> (HAF = 80.8%)</li><li>ELIM TESTING IN PROGRESS</li></ul>,,,,
FR02,Variant,,"The fabric used in this crew neck is moisture wicking and breathable. The FR protection will last for the life of the garment and due to the insulative properties of the fabric the protection against electric arc is very high. Offering protection against convective, radiant and contact heat, FR02 is extremely versatile.",https://d11ak7fd9ypfb7.cloudfront.net/styles1100px/FR02GRR.jpg,,0.0,TRUE,InStock,0.46,,FR02GRR5XL,,,,Size,DROP_DOWN,5XL,Color,DROP_DOWN,Grey,,,,,,,,,,,,,Fit,<p>R</p>,Length,<p>65</p>,Width,<p>45</p>,Height,<p>40</p>,Box Quantity,<p>48</p>,Inner Pack Quantity,<p>1</p>,Country Of Origin,<p>BD</p>,Standards,<ul><li>VN61 O 149272</li><li>EN ISO 11612   A1+A2 B1 C1 F1</li><li>ASTM F1959/F1959M-12   ATPV 12 CAL/CM<sup>2</sup> (HAF = 80.8%)</li><li>ELIM TESTING IN PROGRESS</li></ul>,,,,
FR02,Variant,,"The fabric used in this crew neck is moisture wicking and breathable. The FR protection will last for the life of the garment and due to the insulative properties of the fabric the protection against electric arc is very high. Offering protection against convective, radiant and contact heat, FR02 is extremely versatile.",https://d11ak7fd9ypfb7.cloudfront.net/styles1100px/FR02GRR.jpg,,0.0,TRUE,InStock,0.5,,FR02GRR6XL,,,,Size,DROP_DOWN,6XL,Color,DROP_DOWN,Grey,,,,,,,,,,,,,Fit,<p>R</p>,Length,<p>65</p>,Width,<p>45</p>,Height,<p>40</p>,Box Quantity,<p>48</p>,Inner Pack Quantity,<p>1</p>,Country Of Origin,<p>BD</p>,Standards,<ul><li>VN61 O 149272</li><li>EN ISO 11612   A1+A2 B1 C1 F1</li><li>ASTM F1959/F1959M-12   ATPV 12 CAL/CM<sup>2</sup> (HAF = 80.8%)</li><li>ELIM TESTING IN PROGRESS</li></ul>,,,,
FR02,Variant,,"The fabric used in this crew neck is moisture wicking and breathable. The FR protection will last for the life of the garment and due to the insulative properties of the fabric the protection against electric arc is very high. Offering protection against convective, radiant and contact heat, FR02 is extremely versatile.",https://d11ak7fd9ypfb7.cloudfront.net/styles1100px/FR02GRR.jpg,,0.0,TRUE,InStock,0.36,,FR02GRRL,,,,Size,DROP_DOWN,L,Color,DROP_DOWN,Grey,,,,,,,,,,,,,Fit,<p>R</p>,Length,<p>65</p>,Width,<p>45</p>,Height,<p>33</p>,Box Quantity,<p>48</p>,Inner Pack Quantity,<p>1</p>,Country Of Origin,<p>BD</p>,Standards,<ul><li>VN61 O 149272</li><li>EN ISO 11612   A1+A2 B1 C1 F1</li><li>ASTM F1959/F1959M-12   ATPV 12 CAL/CM<sup>2</sup> (HAF = 80.8%)</li><li>ELIM TESTING IN PROGRESS</li></ul>,,,,
FR02,Variant,,"The fabric used in this crew neck is moisture wicking and breathable. The FR protection will last for the life of the garment and due to the insulative properties of the fabric the protection against electric arc is very high. Offering protection against convective, radiant and contact heat, FR02 is extremely versatile.",https://d11ak7fd9ypfb7.cloudfront.net/styles1100px/FR02GRR.jpg,,0.0,TRUE,InStock,0.34,,FR02GRRM,,,,Size,DROP_DOWN,M,Color,DROP_DOWN,Grey,,,,,,,,,,,,,Fit,<p>R</p>,Length,<p>65</p>,Width,<p>45</p>,Height,<p>33</p>,Box Quantity,<p>48</p>,Inner Pack Quantity,<p>1</p>,Country Of Origin,<p>BD</p>,Standards,<ul><li>VN61 O 149272</li><li>EN ISO 11612   A1+A2 B1 C1 F1</li><li>ASTM F1959/F1959M-12   ATPV 12 CAL/CM<sup>2</sup> (HAF = 80.8%)</li><li>ELIM TESTING IN PROGRESS</li></ul>,,,,
FR02,Variant,,"The fabric used in this crew neck is moisture wicking and breathable. The FR protection will last for the life of the garment and due to the insulative properties of the fabric the protection against electric arc is very high. Offering protection against convective, radiant and contact heat, FR02 is extremely versatile.",https://d11ak7fd9ypfb7.cloudfront.net/styles1100px/FR02GRR.jpg,,0.0,TRUE,InStock,0.32,,FR02GRRS,,,,Size,DROP_DOWN,S,Color,DROP_DOWN,Grey,,,,,,,,,,,,,Fit,<p>R</p>,Length,<p>65</p>,Width,<p>45</p>,Height,<p>33</p>,Box Quantity,<p>48</p>,Inner Pack Quantity,<p>1</p>,Country Of Origin,<p>BD</p>,Standards,<ul><li>VN61 O 149272</li><li>EN ISO 11612   A1+A2 B1 C1 F1</li><li>ASTM F1959/F1959M-12   ATPV 12 CAL/CM<sup>2</sup> (HAF = 80.8%)</li><li>ELIM TESTING IN PROGRESS</li></ul>,,,,
FR02,Variant,,"The fabric used in this crew neck is moisture wicking and breathable. The FR protection will last for the life of the garment and due to the insulative properties of the fabric the protection against electric arc is very high. Offering protection against convective, radiant and contact heat, FR02 is extremely versatile.",https://d11ak7fd9ypfb7.cloudfront.net/styles1100px/FR02GRR.jpg,,0.0,TRUE,InStock,0.38,,FR02GRRXL,,,,Size,DROP_DOWN,XL,Color,DROP_DOWN,Grey,,,,,,,,,,,,,Fit,<p>R</p>,Length,<p>65</p>,Width,<p>45</p>,Height,<p>33</p>,Box Quantity,<p>48</p>,Inner Pack Quantity,<p>1</p>,Country Of Origin,<p>BD</p>,Standards,<ul><li>VN61 O 149272</li><li>EN ISO 11612   A1+A2 B1 C1 F1</li><li>ASTM F1959/F1959M-12   ATPV 12 CAL/CM<sup>2</sup> (HAF = 80.8%)</li><li>ELIM TESTING IN PROGRESS</li></ul>,,,,
FR02,Variant,,"The fabric used in this crew neck is moisture wicking and breathable. The FR protection will last for the life of the garment and due to the insulative properties of the fabric the protection against electric arc is very high. Offering protection against convective, radiant and contact heat, FR02 is extremely versatile.",https://d11ak7fd9ypfb7.cloudfront.net/styles1100px/FR02GRR.jpg,,0.0,TRUE,InStock,0.4,,FR02GRRXXL,,,,Size,DROP_DOWN,XXL,Color,DROP_DOWN,Grey,,,,,,,,,,,,,Fit,<p>R</p>,Length,<p>65</p>,Width,<p>45</p>,Height,<p>40</p>,Box Quantity,<p>48</p>,Inner Pack Quantity,<p>1</p>,Country Of Origin,<p>BD</p>,Standards,<ul><li>VN61 O 149272</li><li>EN ISO 11612   A1+A2 B1 C1 F1</li><li>ASTM F1959/F1959M-12   ATPV 12 CAL/CM<sup>2</sup> (HAF = 80.8%)</li><li>ELIM TESTING IN PROGRESS</li></ul>,,,,
FR02,Variant,,"The fabric used in this crew neck is moisture wicking and breathable. The FR protection will last for the life of the garment and due to the insulative properties of the fabric the protection against electric arc is very high. Offering protection against convective, radiant and contact heat, FR02 is extremely versatile.",https://d11ak7fd9ypfb7.cloudfront.net/styles1100px/FR02GRR.jpg,,0.0,TRUE,InStock,0.42,,FR02GRRXXXL,,,,Size,DROP_DOWN,XXXL,Color,DROP_DOWN,Grey,,,,,,,,,,,,,Fit,<p>R</p>,Length,<p>65</p>,Width,<p>45</p>,Height,<p>40</p>,Box Quantity,<p>48</p>,Inner Pack Quantity,<p>1</p>,Country Of Origin,<p>BD</p>,Standards,<ul><li>VN61 O 149272</li><li>EN ISO 11612   A1+A2 B1 C1 F1</li><li>ASTM F1959/F1959M-12   ATPV 12 CAL/CM<sup>2</sup> (HAF = 80.8%)</li><li>ELIM TESTING IN PROGRESS</li></ul>,,,,
FR02,Variant,,"The fabric used in this crew neck is moisture wicking and breathable. The FR protection will last for the life of the garment and due to the insulative properties of the fabric the protection against electric arc is very high. Offering protection against convective, radiant and contact heat, FR02 is extremely versatile.",https://d11ak7fd9ypfb7.cloudfront.net/styles1100px/FR02KHR.jpg,,0.0,TRUE,InStock,0.44,,FR02KHR4XL,,,,Size,DROP_DOWN,4XL,Color,DROP_DOWN,Khaki,,,,,,,,,,,,,Fit,<p>R</p>,Length,<p>65</p>,Width,<p>45</p>,Height,<p>40</p>,Box Quantity,<p>48</p>,Inner Pack Quantity,<p>1</p>,Country Of Origin,<p>BD</p>,Standards,<ul><li>VN61 O 149272</li><li>EN ISO 11612   A1+A2 B1 C1 F1</li><li>ASTM F1959/F1959M-12   ATPV 12 CAL/CM<sup>2</sup> (HAF = 80.8%)</li><li>ELIM TESTING IN PROGRESS</li></ul>,,,,
FR02,Variant,,"The fabric used in this crew neck is moisture wicking and breathable. The FR protection will last for the life of the garment and due to the insulative properties of the fabric the protection against electric arc is very high. Offering protection against convective, radiant and contact heat, FR02 is extremely versatile.",https://d11ak7fd9ypfb7.cloudfront.net/styles1100px/FR02KHR.jpg,,0.0,TRUE,InStock,0.46,,FR02KHR5XL,,,,Size,DROP_DOWN,5XL,Color,DROP_DOWN,Khaki,,,,,,,,,,,,,Fit,<p>R</p>,Length,<p>65</p>,Width,<p>45</p>,Height,<p>40</p>,Box Quantity,<p>48</p>,Inner Pack Quantity,<p>1</p>,Country Of Origin,<p>BD</p>,Standards,<ul><li>VN61 O 149272</li><li>EN ISO 11612   A1+A2 B1 C1 F1</li><li>ASTM F1959/F1959M-12   ATPV 12 CAL/CM<sup>2</sup> (HAF = 80.8%)</li><li>ELIM TESTING IN PROGRESS</li></ul>,,,,
FR02,Variant,,"The fabric used in this crew neck is moisture wicking and breathable. The FR protection will last for the life of the garment and due to the insulative properties of the fabric the protection against electric arc is very high. Offering protection against convective, radiant and contact heat, FR02 is extremely versatile.",https://d11ak7fd9ypfb7.cloudfront.net/styles1100px/FR02KHR.jpg,,0.0,TRUE,InStock,0.5,,FR02KHR6XL,,,,Size,DROP_DOWN,6XL,Color,DROP_DOWN,Khaki,,,,,,,,,,,,,Fit,<p>R</p>,Length,<p>65</p>,Width,<p>45</p>,Height,<p>40</p>,Box Quantity,<p>48</p>,Inner Pack Quantity,<p>1</p>,Country Of Origin,<p>BD</p>,Standards,<ul><li>VN61 O 149272</li><li>EN ISO 11612   A1+A2 B1 C1 F1</li><li>ASTM F1959/F1959M-12   ATPV 12 CAL/CM<sup>2</sup> (HAF = 80.8%)</li><li>ELIM TESTING IN PROGRESS</li></ul>,,,,
FR02,Variant,,"The fabric used in this crew neck is moisture wicking and breathable. The FR protection will last for the life of the garment and due to the insulative properties of the fabric the protection against electric arc is very high. Offering protection against convective, radiant and contact heat, FR02 is extremely versatile.",https://d11ak7fd9ypfb7.cloudfront.net/styles1100px/FR02KHR.jpg,,0.0,TRUE,InStock,0.36,,FR02KHRL,,,,Size,DROP_DOWN,L,Color,DROP_DOWN,Khaki,,,,,,,,,,,,,Fit,<p>R</p>,Length,<p>65</p>,Width,<p>45</p>,Height,<p>33</p>,Box Quantity,<p>48</p>,Inner Pack Quantity,<p>1</p>,Country Of Origin,<p>BD</p>,Standards,<ul><li>VN61 O 149272</li><li>EN ISO 11612   A1+A2 B1 C1 F1</li><li>ASTM F1959/F1959M-12   ATPV 12 CAL/CM<sup>2</sup> (HAF = 80.8%)</li><li>ELIM TESTING IN PROGRESS</li></ul>,,,,
FR02,Variant,,"The fabric used in this crew neck is moisture wicking and breathable. The FR protection will last for the life of the garment and due to the insulative properties of the fabric the protection against electric arc is very high. Offering protection against convective, radiant and contact heat, FR02 is extremely versatile.",https://d11ak7fd9ypfb7.cloudfront.net/styles1100px/FR02KHR.jpg,,0.0,TRUE,InStock,0.34,,FR02KHRM,,,,Size,DROP_DOWN,M,Color,DROP_DOWN,Khaki,,,,,,,,,,,,,Fit,<p>R</p>,Length,<p>65</p>,Width,<p>45</p>,Height,<p>33</p>,Box Quantity,<p>48</p>,Inner Pack Quantity,<p>1</p>,Country Of Origin,<p>BD</p>,Standards,<ul><li>VN61 O 149272</li><li>EN ISO 11612   A1+A2 B1 C1 F1</li><li>ASTM F1959/F1959M-12   ATPV 12 CAL/CM<sup>2</sup> (HAF = 80.8%)</li><li>ELIM TESTING IN PROGRESS</li></ul>,,,,
FR02,Variant,,"The fabric used in this crew neck is moisture wicking and breathable. The FR protection will last for the life of the garment and due to the insulative properties of the fabric the protection against electric arc is very high. Offering protection against convective, radiant and contact heat, FR02 is extremely versatile.",https://d11ak7fd9ypfb7.cloudfront.net/styles1100px/FR02KHR.jpg,,0.0,TRUE,InStock,0.32,,FR02KHRS,,,,Size,DROP_DOWN,S,Color,DROP_DOWN,Khaki,,,,,,,,,,,,,Fit,<p>R</p>,Length,<p>65</p>,Width,<p>45</p>,Height,<p>33</p>,Box Quantity,<p>48</p>,Inner Pack Quantity,<p>1</p>,Country Of Origin,<p>BD</p>,Standards,<ul><li>VN61 O 149272</li><li>EN ISO 11612   A1+A2 B1 C1 F1</li><li>ASTM F1959/F1959M-12   ATPV 12 CAL/CM<sup>2</sup> (HAF = 80.8%)</li><li>ELIM TESTING IN PROGRESS</li></ul>,,,,
FR02,Variant,,"The fabric used in this crew neck is moisture wicking and breathable. The FR protection will last for the life of the garment and due to the insulative properties of the fabric the protection against electric arc is very high. Offering protection against convective, radiant and contact heat, FR02 is extremely versatile.",https://d11ak7fd9ypfb7.cloudfront.net/styles1100px/FR02KHR.jpg,,0.0,TRUE,InStock,0.38,,FR02KHRXL,,,,Size,DROP_DOWN,XL,Color,DROP_DOWN,Khaki,,,,,,,,,,,,,Fit,<p>R</p>,Length,<p>65</p>,Width,<p>45</p>,Height,<p>33</p>,Box Quantity,<p>48</p>,Inner Pack Quantity,<p>1</p>,Country Of Origin,<p>BD</p>,Standards,<ul><li>VN61 O 149272</li><li>EN ISO 11612   A1+A2 B1 C1 F1</li><li>ASTM F1959/F1959M-12   ATPV 12 CAL/CM<sup>2</sup> (HAF = 80.8%)</li><li>ELIM TESTING IN PROGRESS</li></ul>,,,,
FR02,Variant,,"The fabric used in this crew neck is moisture wicking and breathable. The FR protection will last for the life of the garment and due to the insulative properties of the fabric the protection against electric arc is very high. Offering protection against convective, radiant and contact heat, FR02 is extremely versatile.",https://d11ak7fd9ypfb7.cloudfront.net/styles1100px/FR02KHR.jpg,,0.0,TRUE,InStock,0.4,,FR02KHRXXL,,,,Size,DROP_DOWN,XXL,Color,DROP_DOWN,Khaki,,,,,,,,,,,,,Fit,<p>R</p>,Length,<p>65</p>,Width,<p>45</p>,Height,<p>40</p>,Box Quantity,<p>48</p>,Inner Pack Quantity,<p>1</p>,Country Of Origin,<p>BD</p>,Standards,<ul><li>VN61 O 149272</li><li>EN ISO 11612   A1+A2 B1 C1 F1</li><li>ASTM F1959/F1959M-12   ATPV 12 CAL/CM<sup>2</sup> (HAF = 80.8%)</li><li>ELIM TESTING IN PROGRESS</li></ul>,,,,
FR02,Variant,,"The fabric used in this crew neck is moisture wicking and breathable. The FR protection will last for the life of the garment and due to the insulative properties of the fabric the protection against electric arc is very high. Offering protection against convective, radiant and contact heat, FR02 is extremely versatile.",https://d11ak7fd9ypfb7.cloudfront.net/styles1100px/FR02KHR.jpg,,0.0,TRUE,InStock,0.42,,FR02KHRXXXL,,,,Size,DROP_DOWN,XXXL,Color,DROP_DOWN,Khaki,,,,,,,,,,,,,Fit,<p>R</p>,Length,<p>65</p>,Width,<p>45</p>,Height,<p>40</p>,Box Quantity,<p>48</p>,Inner Pack Quantity,<p>1</p>,Country Of Origin,<p>BD</p>,Standards,<ul><li>VN61 O 149272</li><li>EN ISO 11612   A1+A2 B1 C1 F1</li><li>ASTM F1959/F1959M-12   ATPV 12 CAL/CM<sup>2</sup> (HAF = 80.8%)</li><li>ELIM TESTING IN PROGRESS</li></ul>,,,,
FR02,Variant,,"The fabric used in this crew neck is moisture wicking and breathable. The FR protection will last for the life of the garment and due to the insulative properties of the fabric the protection against electric arc is very high. Offering protection against convective, radiant and contact heat, FR02 is extremely versatile.",https://d11ak7fd9ypfb7.cloudfront.net/styles1100px/FR02NAR.jpg,,0.0,TRUE,InStock,0.44,,FR02NAR4XL,,,,Size,DROP_DOWN,4XL,Color,DROP_DOWN,Navy,,,,,,,,,,,,,Fit,<p>R</p>,Length,<p>65</p>,Width,<p>45</p>,Height,<p>40</p>,Box Quantity,<p>48</p>,Inner Pack Quantity,<p>1</p>,Country Of Origin,<p>BD</p>,Standards,<ul><li>VN61 O 149272</li><li>EN ISO 11612   A1+A2 B1 C1 F1</li><li>ASTM F1959/F1959M-12   ATPV 12 CAL/CM<sup>2</sup> (HAF = 80.8%)</li><li>ELIM TESTING IN PROGRESS</li></ul>,,,,
FR02,Variant,,"The fabric used in this crew neck is moisture wicking and breathable. The FR protection will last for the life of the garment and due to the insulative properties of the fabric the protection against electric arc is very high. Offering protection against convective, radiant and contact heat, FR02 is extremely versatile.",https://d11ak7fd9ypfb7.cloudfront.net/styles1100px/FR02NAR.jpg,,0.0,TRUE,InStock,0.46,,FR02NAR5XL,,,,Size,DROP_DOWN,5XL,Color,DROP_DOWN,Navy,,,,,,,,,,,,,Fit,<p>R</p>,Length,<p>65</p>,Width,<p>45</p>,Height,<p>40</p>,Box Quantity,<p>48</p>,Inner Pack Quantity,<p>1</p>,Country Of Origin,<p>BD</p>,Standards,<ul><li>VN61 O 149272</li><li>EN ISO 11612   A1+A2 B1 C1 F1</li><li>ASTM F1959/F1959M-12   ATPV 12 CAL/CM<sup>2</sup> (HAF = 80.8%)</li><li>ELIM TESTING IN PROGRESS</li></ul>,,,,
FR02,Variant,,"The fabric used in this crew neck is moisture wicking and breathable. The FR protection will last for the life of the garment and due to the insulative properties of the fabric the protection against electric arc is very high. Offering protection against convective, radiant and contact heat, FR02 is extremely versatile.",https://d11ak7fd9ypfb7.cloudfront.net/styles1100px/FR02NAR.jpg,,0.0,TRUE,InStock,0.5,,FR02NAR6XL,,,,Size,DROP_DOWN,6XL,Color,DROP_DOWN,Navy,,,,,,,,,,,,,Fit,<p>R</p>,Length,<p>65</p>,Width,<p>45</p>,Height,<p>40</p>,Box Quantity,<p>48</p>,Inner Pack Quantity,<p>1</p>,Country Of Origin,<p>BD</p>,Standards,<ul><li>VN61 O 149272</li><li>EN ISO 11612   A1+A2 B1 C1 F1</li><li>ASTM F1959/F1959M-12   ATPV 12 CAL/CM<sup>2</sup> (HAF = 80.8%)</li><li>ELIM TESTING IN PROGRESS</li></ul>,,,,
FR02,Variant,,"The fabric used in this crew neck is moisture wicking and breathable. The FR protection will last for the life of the garment and due to the insulative properties of the fabric the protection against electric arc is very high. Offering protection against convective, radiant and contact heat, FR02 is extremely versatile.",https://d11ak7fd9ypfb7.cloudfront.net/styles1100px/FR02NAR.jpg,,0.0,TRUE,InStock,0.36,,FR02NARL,,,,Size,DROP_DOWN,L,Color,DROP_DOWN,Navy,,,,,,,,,,,,,Fit,<p>R</p>,Length,<p>65</p>,Width,<p>45</p>,Height,<p>33</p>,Box Quantity,<p>48</p>,Inner Pack Quantity,<p>1</p>,Country Of Origin,<p>BD</p>,Standards,<ul><li>VN61 O 149272</li><li>EN ISO 11612   A1+A2 B1 C1 F1</li><li>ASTM F1959/F1959M-12   ATPV 12 CAL/CM<sup>2</sup> (HAF = 80.8%)</li><li>ELIM TESTING IN PROGRESS</li></ul>,,,,
FR02,Variant,,"The fabric used in this crew neck is moisture wicking and breathable. The FR protection will last for the life of the garment and due to the insulative properties of the fabric the protection against electric arc is very high. Offering protection against convective, radiant and contact heat, FR02 is extremely versatile.",https://d11ak7fd9ypfb7.cloudfront.net/styles1100px/FR02NAR.jpg,,0.0,TRUE,InStock,0.34,,FR02NARM,,,,Size,DROP_DOWN,M,Color,DROP_DOWN,Navy,,,,,,,,,,,,,Fit,<p>R</p>,Length,<p>65</p>,Width,<p>45</p>,Height,<p>33</p>,Box Quantity,<p>48</p>,Inner Pack Quantity,<p>1</p>,Country Of Origin,<p>BD</p>,Standards,<ul><li>VN61 O 149272</li><li>EN ISO 11612   A1+A2 B1 C1 F1</li><li>ASTM F1959/F1959M-12   ATPV 12 CAL/CM<sup>2</sup> (HAF = 80.8%)</li><li>ELIM TESTING IN PROGRESS</li></ul>,,,,
FR02,Variant,,"The fabric used in this crew neck is moisture wicking and breathable. The FR protection will last for the life of the garment and due to the insulative properties of the fabric the protection against electric arc is very high. Offering protection against convective, radiant and contact heat, FR02 is extremely versatile.",https://d11ak7fd9ypfb7.cloudfront.net/styles1100px/FR02NAR.jpg,,0.0,TRUE,InStock,0.32,,FR02NARS,,,,Size,DROP_DOWN,S,Color,DROP_DOWN,Navy,,,,,,,,,,,,,Fit,<p>R</p>,Length,<p>65</p>,Width,<p>45</p>,Height,<p>33</p>,Box Quantity,<p>48</p>,Inner Pack Quantity,<p>1</p>,Country Of Origin,<p>BD</p>,Standards,<ul><li>VN61 O 149272</li><li>EN ISO 11612   A1+A2 B1 C1 F1</li><li>ASTM F1959/F1959M-12   ATPV 12 CAL/CM<sup>2</sup> (HAF = 80.8%)</li><li>ELIM TESTING IN PROGRESS</li></ul>,,,,
FR02,Variant,,"The fabric used in this crew neck is moisture wicking and breathable. The FR protection will last for the life of the garment and due to the insulative properties of the fabric the protection against electric arc is very high. Offering protection against convective, radiant and contact heat, FR02 is extremely versatile.",https://d11ak7fd9ypfb7.cloudfront.net/styles1100px/FR02NAR.jpg,,0.0,TRUE,InStock,0.38,,FR02NARXL,,,,Size,DROP_DOWN,XL,Color,DROP_DOWN,Navy,,,,,,,,,,,,,Fit,<p>R</p>,Length,<p>65</p>,Width,<p>45</p>,Height,<p>33</p>,Box Quantity,<p>48</p>,Inner Pack Quantity,<p>1</p>,Country Of Origin,<p>BD</p>,Standards,<ul><li>VN61 O 149272</li><li>EN ISO 11612   A1+A2 B1 C1 F1</li><li>ASTM F1959/F1959M-12   ATPV 12 CAL/CM<sup>2</sup> (HAF = 80.8%)</li><li>ELIM TESTING IN PROGRESS</li></ul>,,,,
FR02,Variant,,"The fabric used in this crew neck is moisture wicking and breathable. The FR protection will last for the life of the garment and due to the insulative properties of the fabric the protection against electric arc is very high. Offering protection against convective, radiant and contact heat, FR02 is extremely versatile.",https://d11ak7fd9ypfb7.cloudfront.net/styles1100px/FR02NAR.jpg,,0.0,TRUE,InStock,0.4,,FR02NARXXL,,,,Size,DROP_DOWN,XXL,Color,DROP_DOWN,Navy,,,,,,,,,,,,,Fit,<p>R</p>,Length,<p>65</p>,Width,<p>45</p>,Height,<p>40</p>,Box Quantity,<p>48</p>,Inner Pack Quantity,<p>1</p>,Country Of Origin,<p>BD</p>,Standards,<ul><li>VN61 O 149272</li><li>EN ISO 11612   A1+A2 B1 C1 F1</li><li>ASTM F1959/F1959M-12   ATPV 12 CAL/CM<sup>2</sup> (HAF = 80.8%)</li><li>ELIM TESTING IN PROGRESS</li></ul>,,,,
FR02,Variant,,"The fabric used in this crew neck is moisture wicking and breathable. The FR protection will last for the life of the garment and due to the insulative properties of the fabric the protection against electric arc is very high. Offering protection against convective, radiant and contact heat, FR02 is extremely versatile.",https://d11ak7fd9ypfb7.cloudfront.net/styles1100px/FR02NAR.jpg,,0.0,TRUE,InStock,0.42,,FR02NARXXXL,,,,Size,DROP_DOWN,XXXL,Color,DROP_DOWN,Navy,,,,,,,,,,,,,Fit,<p>R</p>,Length,<p>65</p>,Width,<p>45</p>,Height,<p>40</p>,Box Quantity,<p>48</p>,Inner Pack Quantity,<p>1</p>,Country Of Origin,<p>BD</p>,Standards,<ul><li>VN61 O 149272</li><li>EN ISO 11612   A1+A2 B1 C1 F1</li><li>ASTM F1959/F1959M-12   ATPV 12 CAL/CM<sup>2</sup> (HAF = 80.8%)</li><li>ELIM TESTING IN PROGRESS</li></ul>,,,,
FR09,Product,FR09 - FR Antistatic Balaclava,This inherently flame resistant balaclava will retain its shape wear after wear. The high cotton content gives maximum comfort against the skin. The fabric is inherently anti-static provides protection against the thermal hazard of an electric arc.,https://d11ak7fd9ypfb7.cloudfront.net/styles1100px/FR09NAR.jpg,29.3,0.0,TRUE,InStock,0.119,,FR09NAR,,,,Size,DROP_DOWN,,Color,DROP_DOWN,Navy,,,,,,,,,,,,,Fit,<p>R</p>,Length,<p>43</p>,Width,<p>28</p>,Height,<p>33</p>,Box Quantity,<p>50</p>,Inner Pack Quantity,<p>10</p>,Country Of Origin,<p>BD</p>,Standards,<ul><li>EN ISO 11612   A1 B1 C1 F1</li><li>EN 1149 -5</li><li>ASTM F1959/F1959M-12   ATPV 16 CAL/CM<sup>2</sup> (HAF 86%)</li><li>IEC 61482-2 IEC 61482-1-2 Class 1</li><li>ELIM TESTING IN PROGRESS</li></ul>,,,,
FR13,Product,FR13 - FR 88/12 Baseball Cap,Six-panel crown with double stitching and sewn eyelets. Fully elasticated inner rim for a comfortable and secure fit. Made from Bizflame 88/12 ensuring high performance and a soft hand feel.,https://d11ak7fd9ypfb7.cloudfront.net/styles1100px/FR13NAR.jpg,11.9,0.0,TRUE,InStock,0.07,,FR13NAR,,,,Size,DROP_DOWN,,Color,DROP_DOWN,Navy,,,,,,,,,,,,,Fit,<p>R</p>,Length,<p>45</p>,Width,<p>37</p>,Height,<p>35</p>,Box Quantity,<p>96</p>,Inner Pack Quantity,<p>12</p>,Country Of Origin,<p>CN</p>,Standards,<ul><li>ASTM F1959/F1959M-12   ATPV 8.2 CAL/CM2 (HAF 69.1%)</li></ul>,,,,
FR17,Product,FR17 - FR Knitted Hi-Vis Hat,"Ideal for wearing beneath a helmet or on its own, this double layered warm and comfortable beanie will keep you protected from the elements and arc flash.",https://d11ak7fd9ypfb7.cloudfront.net/styles1100px/FR17YER.jpg,21.8,0.0,TRUE,InStock,0.999,,FR17YER,,,,Size,DROP_DOWN,,Color,DROP_DOWN,Yellow,,,,,,,,,,,,,Fit,<p>R</p>,Length,<p>65</p>,Width,<p>45</p>,Height,<p>44</p>,Box Quantity,<p>96</p>,Inner Pack Quantity,<p>12</p>,Country Of Origin,<p>CN</p>,Standards,<ul><li>ASTM F1959/F1959M-12   ATPV 9 CAL/CM2 (HAF 80.8%)</li></ul>,,,,
FR19,Product,FR19 - Flame Resistant Antistatic Neck Tube,This inherently flame resistant neck tube is essential to any winter kit. The high cotton content provides maximum comfort. Ideal for use in cold conditions.,https://d11ak7fd9ypfb7.cloudfront.net/styles1100px/FR19NAR.jpg,17.9,0.0,TRUE,InStock,0.12,Flame Resistant;Flame Resistant Accessories,FR19NAR,,,,Size,DROP_DOWN,,Color,DROP_DOWN,Navy,,,,,,,,,,,,,Fit,<p>R</p>,Length,<p>43</p>,Width,<p>28</p>,Height,<p>50</p>,Box Quantity,<p>100</p>,Inner Pack Quantity,<p>10</p>,Country Of Origin,<p>BD</p>,Standards,<ul><li>EN ISO 11612   A1 B1 C1 F1</li><li>IEC 61482-2 IEC 61482-1-2 Class 1</li><li>EN 1149 -5</li><li>ELIM TESTING IN PROGRESS</li><li>ASTM F1959/F1959M-12   ATPV 4.3 CAL/CM2 (HAF 66%)</li></ul>,,,,
FR32,Product,FR32 - FR Antistatic Henley,"This Henley provides basic protection against heat and flame, electric arc and anti-static, keeping workers both safe and comfortable on the job. A soft three-button placket adds subtle textural contrast to a garment that's easy to layer and also looks great on its own",https://d11ak7fd9ypfb7.cloudfront.net/styles1100px/FR32GRR.jpg,62.4,0.0,TRUE,InStock,0.999,,FR32GRR4XL,,,,Size,DROP_DOWN,S;M;L;XL;XXL;XXXL;4XL;5XL,Color,DROP_DOWN,Grey;Navy,,,,,,,,,,,,,Fit,<p>R</p>,Length,<p>65</p>,Width,<p>45</p>,Height,<p>44</p>,Box Quantity,<p>48</p>,Inner Pack Quantity,<p>1</p>,Country Of Origin,<p>BD</p>,Standards,<ul><li>NFPA® 2112</li><li>ASTM F1506-10a</li><li>EN 1149 -5</li><li>NFPA® 70E</li><li>ASTM F1959/F1959M-14e1   ATPV 10 CAL/CM2 (HAF 82.3%)</li></ul>,,,,
FR32,Variant,,"This Henley provides basic protection against heat and flame, electric arc and anti-static, keeping workers both safe and comfortable on the job. A soft three-button placket adds subtle textural contrast to a garment that's easy to layer and also looks great on its own",https://d11ak7fd9ypfb7.cloudfront.net/styles1100px/FR32GRR.jpg,,0.0,TRUE,InStock,0.999,,FR32GRR4XL,,,,Size,DROP_DOWN,4XL,Color,DROP_DOWN,Grey,,,,,,,,,,,,,Fit,<p>R</p>,Length,<p>65</p>,Width,<p>45</p>,Height,<p>44</p>,Box Quantity,<p>48</p>,Inner Pack Quantity,<p>1</p>,Country Of Origin,<p>BD</p>,Standards,<ul><li>NFPA® 2112</li><li>ASTM F1506-10a</li><li>EN 1149 -5</li><li>NFPA® 70E</li><li>ASTM F1959/F1959M-14e1   ATPV 10 CAL/CM2 (HAF 82.3%)</li></ul>,,,,
FR32,Variant,,"This Henley provides basic protection against heat and flame, electric arc and anti-static, keeping workers both safe and comfortable on the job. A soft three-button placket adds subtle textural contrast to a garment that's easy to layer and also looks great on its own",https://d11ak7fd9ypfb7.cloudfront.net/styles1100px/FR32GRR.jpg,,0.0,TRUE,InStock,0.999,,FR32GRR5XL,,,,Size,DROP_DOWN,5XL,Color,DROP_DOWN,Grey,,,,,,,,,,,,,Fit,<p>R</p>,Length,<p>65</p>,Width,<p>45</p>,Height,<p>44</p>,Box Quantity,<p>48</p>,Inner Pack Quantity,<p>1</p>,Country Of Origin,<p>BD</p>,Standards,<ul><li>NFPA® 2112</li><li>ASTM F1506-10a</li><li>EN 1149 -5</li><li>NFPA® 70E</li><li>ASTM F1959/F1959M-14e1   ATPV 10 CAL/CM2 (HAF 82.3%)</li></ul>,,,,
FR32,Variant,,"This Henley provides basic protection against heat and flame, electric arc and anti-static, keeping workers both safe and comfortable on the job. A soft three-button placket adds subtle textural contrast to a garment that's easy to layer and also looks great on its own",https://d11ak7fd9ypfb7.cloudfront.net/styles1100px/FR32GRR.jpg,,0.0,TRUE,InStock,0.999,,FR32GRRL,,,,Size,DROP_DOWN,L,Color,DROP_DOWN,Grey,,,,,,,,,,,,,Fit,<p>R</p>,Length,<p>65</p>,Width,<p>45</p>,Height,<p>36</p>,Box Quantity,<p>48</p>,Inner Pack Quantity,<p>1</p>,Country Of Origin,<p>BD</p>,Standards,<ul><li>NFPA® 2112</li><li>ASTM F1506-10a</li><li>EN 1149 -5</li><li>NFPA® 70E</li><li>ASTM F1959/F1959M-14e1   ATPV 10 CAL/CM2 (HAF 82.3%)</li></ul>,,,,
FR32,Variant,,"This Henley provides basic protection against heat and flame, electric arc and anti-static, keeping workers both safe and comfortable on the job. A soft three-button placket adds subtle textural contrast to a garment that's easy to layer and also looks great on its own",https://d11ak7fd9ypfb7.cloudfront.net/styles1100px/FR32GRR.jpg,,0.0,TRUE,InStock,0.999,,FR32GRRM,,,,Size,DROP_DOWN,M,Color,DROP_DOWN,Grey,,,,,,,,,,,,,Fit,<p>R</p>,Length,<p>65</p>,Width,<p>45</p>,Height,<p>36</p>,Box Quantity,<p>48</p>,Inner Pack Quantity,<p>1</p>,Country Of Origin,<p>BD</p>,Standards,<ul><li>NFPA® 2112</li><li>ASTM F1506-10a</li><li>EN 1149 -5</li><li>NFPA® 70E</li><li>ASTM F1959/F1959M-14e1   ATPV 10 CAL/CM2 (HAF 82.3%)</li></ul>,,,,
FR32,Variant,,"This Henley provides basic protection against heat and flame, electric arc and anti-static, keeping workers both safe and comfortable on the job. A soft three-button placket adds subtle textural contrast to a garment that's easy to layer and also looks great on its own",https://d11ak7fd9ypfb7.cloudfront.net/styles1100px/FR32GRR.jpg,,0.0,TRUE,InStock,0.999,,FR32GRRS,,,,Size,DROP_DOWN,S,Color,DROP_DOWN,Grey,,,,,,,,,,,,,Fit,<p>R</p>,Length,<p>65</p>,Width,<p>45</p>,Height,<p>36</p>,Box Quantity,<p>48</p>,Inner Pack Quantity,<p>1</p>,Country Of Origin,<p>BD</p>,Standards,<ul><li>NFPA® 2112</li><li>ASTM F1506-10a</li><li>EN 1149 -5</li><li>NFPA® 70E</li><li>ASTM F1959/F1959M-14e1   ATPV 10 CAL/CM2 (HAF 82.3%)</li></ul>,,,,
FR32,Variant,,"This Henley provides basic protection against heat and flame, electric arc and anti-static, keeping workers both safe and comfortable on the job. A soft three-button placket adds subtle textural contrast to a garment that's easy to layer and also looks great on its own",https://d11ak7fd9ypfb7.cloudfront.net/styles1100px/FR32GRR.jpg,,0.0,TRUE,InStock,0.999,,FR32GRRXL,,,,Size,DROP_DOWN,XL,Color,DROP_DOWN,Grey,,,,,,,,,,,,,Fit,<p>R</p>,Length,<p>65</p>,Width,<p>45</p>,Height,<p>36</p>,Box Quantity,<p>48</p>,Inner Pack Quantity,<p>1</p>,Country Of Origin,<p>BD</p>,Standards,<ul><li>NFPA® 2112</li><li>ASTM F1506-10a</li><li>EN 1149 -5</li><li>NFPA® 70E</li><li>ASTM F1959/F1959M-14e1   ATPV 10 CAL/CM2 (HAF 82.3%)</li></ul>,,,,
FR32,Variant,,"This Henley provides basic protection against heat and flame, electric arc and anti-static, keeping workers both safe and comfortable on the job. A soft three-button placket adds subtle textural contrast to a garment that's easy to layer and also looks great on its own",https://d11ak7fd9ypfb7.cloudfront.net/styles1100px/FR32GRR.jpg,,0.0,TRUE,InStock,0.999,,FR32GRRXXL,,,,Size,DROP_DOWN,XXL,Color,DROP_DOWN,Grey,,,,,,,,,,,,,Fit,<p>R</p>,Length,<p>65</p>,Width,<p>45</p>,Height,<p>44</p>,Box Quantity,<p>48</p>,Inner Pack Quantity,<p>1</p>,Country Of Origin,<p>BD</p>,Standards,<ul><li>NFPA® 2112</li><li>ASTM F1506-10a</li><li>EN 1149 -5</li><li>NFPA® 70E</li><li>ASTM F1959/F1959M-14e1   ATPV 10 CAL/CM2 (HAF 82.3%)</li></ul>,,,,
FR32,Variant,,"This Henley provides basic protection against heat and flame, electric arc and anti-static, keeping workers both safe and comfortable on the job. A soft three-button placket adds subtle textural contrast to a garment that's easy to layer and also looks great on its own",https://d11ak7fd9ypfb7.cloudfront.net/styles1100px/FR32GRR.jpg,,0.0,TRUE,InStock,0.999,,FR32GRRXXXL,,,,Size,DROP_DOWN,XXXL,Color,DROP_DOWN,Grey,,,,,,,,,,,,,Fit,<p>R</p>,Length,<p>65</p>,Width,<p>45</p>,Height,<p>44</p>,Box Quantity,<p>48</p>,Inner Pack Quantity,<p>1</p>,Country Of Origin,<p>BD</p>,Standards,<ul><li>NFPA® 2112</li><li>ASTM F1506-10a</li><li>EN 1149 -5</li><li>NFPA® 70E</li><li>ASTM F1959/F1959M-14e1   ATPV 10 CAL/CM2 (HAF 82.3%)</li></ul>,,,,
FR32,Variant,,"This Henley provides basic protection against heat and flame, electric arc and anti-static, keeping workers both safe and comfortable on the job. A soft three-button placket adds subtle textural contrast to a garment that's easy to layer and also looks great on its own",https://d11ak7fd9ypfb7.cloudfront.net/styles1100px/FR32NAR.jpg,,0.0,TRUE,InStock,0.999,,FR32NAR4XL,,,,Size,DROP_DOWN,4XL,Color,DROP_DOWN,Navy,,,,,,,,,,,,,Fit,<p>R</p>,Length,<p>65</p>,Width,<p>45</p>,Height,<p>44</p>,Box Quantity,<p>48</p>,Inner Pack Quantity,<p>1</p>,Country Of Origin,<p>BD</p>,Standards,<ul><li>NFPA® 2112</li><li>ASTM F1506-10a</li><li>EN 1149 -5</li><li>NFPA® 70E</li><li>ASTM F1959/F1959M-14e1   ATPV 10 CAL/CM2 (HAF 82.3%)</li></ul>,,,,
FR32,Variant,,"This Henley provides basic protection against heat and flame, electric arc and anti-static, keeping workers both safe and comfortable on the job. A soft three-button placket adds subtle textural contrast to a garment that's easy to layer and also looks great on its own",https://d11ak7fd9ypfb7.cloudfront.net/styles1100px/FR32NAR.jpg,,0.0,TRUE,InStock,0.999,,FR32NAR5XL,,,,Size,DROP_DOWN,5XL,Color,DROP_DOWN,Navy,,,,,,,,,,,,,Fit,<p>R</p>,Length,<p>65</p>,Width,<p>45</p>,Height,<p>44</p>,Box Quantity,<p>48</p>,Inner Pack Quantity,<p>1</p>,Country Of Origin,<p>BD</p>,Standards,<ul><li>NFPA® 2112</li><li>ASTM F1506-10a</li><li>EN 1149 -5</li><li>NFPA® 70E</li><li>ASTM F1959/F1959M-14e1   ATPV 10 CAL/CM2 (HAF 82.3%)</li></ul>,,,,
FR32,Variant,,"This Henley provides basic protection against heat and flame, electric arc and anti-static, keeping workers both safe and comfortable on the job. A soft three-button placket adds subtle textural contrast to a garment that's easy to layer and also looks great on its own",https://d11ak7fd9ypfb7.cloudfront.net/styles1100px/FR32NAR.jpg,,0.0,TRUE,InStock,0.999,,FR32NARL,,,,Size,DROP_DOWN,L,Color,DROP_DOWN,Navy,,,,,,,,,,,,,Fit,<p>R</p>,Length,<p>65</p>,Width,<p>45</p>,Height,<p>36</p>,Box Quantity,<p>48</p>,Inner Pack Quantity,<p>1</p>,Country Of Origin,<p>BD</p>,Standards,<ul><li>NFPA® 2112</li><li>ASTM F1506-10a</li><li>EN 1149 -5</li><li>NFPA® 70E</li><li>ASTM F1959/F1959M-14e1   ATPV 10 CAL/CM2 (HAF 82.3%)</li></ul>,,,,
FR32,Variant,,"This Henley provides basic protection against heat and flame, electric arc and anti-static, keeping workers both safe and comfortable on the job. A soft three-button placket adds subtle textural contrast to a garment that's easy to layer and also looks great on its own",https://d11ak7fd9ypfb7.cloudfront.net/styles1100px/FR32NAR.jpg,,0.0,TRUE,InStock,0.999,,FR32NARM,,,,Size,DROP_DOWN,M,Color,DROP_DOWN,Navy,,,,,,,,,,,,,Fit,<p>R</p>,Length,<p>65</p>,Width,<p>45</p>,Height,<p>36</p>,Box Quantity,<p>48</p>,Inner Pack Quantity,<p>1</p>,Country Of Origin,<p>BD</p>,Standards,<ul><li>NFPA® 2112</li><li>ASTM F1506-10a</li><li>EN 1149 -5</li><li>NFPA® 70E</li><li>ASTM F1959/F1959M-14e1   ATPV 10 CAL/CM2 (HAF 82.3%)</li></ul>,,,,
FR32,Variant,,"This Henley provides basic protection against heat and flame, electric arc and anti-static, keeping workers both safe and comfortable on the job. A soft three-button placket adds subtle textural contrast to a garment that's easy to layer and also looks great on its own",https://d11ak7fd9ypfb7.cloudfront.net/styles1100px/FR32NAR.jpg,,0.0,TRUE,InStock,0.999,,FR32NARS,,,,Size,DROP_DOWN,S,Color,DROP_DOWN,Navy,,,,,,,,,,,,,Fit,<p>R</p>,Length,<p>65</p>,Width,<p>45</p>,Height,<p>36</p>,Box Quantity,<p>48</p>,Inner Pack Quantity,<p>1</p>,Country Of Origin,<p>BD</p>,Standards,<ul><li>NFPA® 2112</li><li>ASTM F1506-10a</li><li>EN 1149 -5</li><li>NFPA® 70E</li><li>ASTM F1959/F1959M-14e1   ATPV 10 CAL/CM2 (HAF 82.3%)</li></ul>,,,,
FR32,Variant,,"This Henley provides basic protection against heat and flame, electric arc and anti-static, keeping workers both safe and comfortable on the job. A soft three-button placket adds subtle textural contrast to a garment that's easy to layer and also looks great on its own",https://d11ak7fd9ypfb7.cloudfront.net/styles1100px/FR32NAR.jpg,,0.0,TRUE,InStock,0.999,,FR32NARXL,,,,Size,DROP_DOWN,XL,Color,DROP_DOWN,Navy,,,,,,,,,,,,,Fit,<p>R</p>,Length,<p>65</p>,Width,<p>45</p>,Height,<p>36</p>,Box Quantity,<p>48</p>,Inner Pack Quantity,<p>1</p>,Country Of Origin,<p>BD</p>,Standards,<ul><li>NFPA® 2112</li><li>ASTM F1506-10a</li><li>EN 1149 -5</li><li>NFPA® 70E</li><li>ASTM F1959/F1959M-14e1   ATPV 10 CAL/CM2 (HAF 82.3%)</li></ul>,,,,
FR32,Variant,,"This Henley provides basic protection against heat and flame, electric arc and anti-static, keeping workers both safe and comfortable on the job. A soft three-button placket adds subtle textural contrast to a garment that's easy to layer and also looks great on its own",https://d11ak7fd9ypfb7.cloudfront.net/styles1100px/FR32NAR.jpg,,0.0,TRUE,InStock,0.999,,FR32NARXXL,,,,Size,DROP_DOWN,XXL,Color,DROP_DOWN,Navy,,,,,,,,,,,,,Fit,<p>R</p>,Length,<p>65</p>,Width,<p>45</p>,Height,<p>44</p>,Box Quantity,<p>48</p>,Inner Pack Quantity,<p>1</p>,Country Of Origin,<p>BD</p>,Standards,<ul><li>NFPA® 2112</li><li>ASTM F1506-10a</li><li>EN 1149 -5</li><li>NFPA® 70E</li><li>ASTM F1959/F1959M-14e1   ATPV 10 CAL/CM2 (HAF 82.3%)</li></ul>,,,,
FR32,Variant,,"This Henley provides basic protection against heat and flame, electric arc and anti-static, keeping workers both safe and comfortable on the job. A soft three-button placket adds subtle textural contrast to a garment that's easy to layer and also looks great on its own",https://d11ak7fd9ypfb7.cloudfront.net/styles1100px/FR32NAR.jpg,,0.0,TRUE,InStock,0.999,,FR32NARXXXL,,,,Size,DROP_DOWN,XXXL,Color,DROP_DOWN,Navy,,,,,,,,,,,,,Fit,<p>R</p>,Length,<p>65</p>,Width,<p>45</p>,Height,<p>44</p>,Box Quantity,<p>48</p>,Inner Pack Quantity,<p>1</p>,Country Of Origin,<p>BD</p>,Standards,<ul><li>NFPA® 2112</li><li>ASTM F1506-10a</li><li>EN 1149 -5</li><li>NFPA® 70E</li><li>ASTM F1959/F1959M-14e1   ATPV 10 CAL/CM2 (HAF 82.3%)</li></ul>,,,,
FR33,Product,FR33 - FR Antistatic Crew Neck,"In addition to providing anti-static protection, the breathable fabric in this NFPA2112 compliant crew neck will keep you cool and comfortable all day long. The rib cuffs keep long sleeves in place and the concealed sleeve and chest pocket with pencil stall, provide ample and safe storage.",https://d11ak7fd9ypfb7.cloudfront.net/styles1100px/FR33GRR.jpg,61.5,0.0,TRUE,InStock,0.999,,FR33GRR4XL,,,,Size,DROP_DOWN,S;M;L;XL;XXL;XXXL;4XL;5XL,Color,DROP_DOWN,Grey;Navy,,,,,,,,,,,,,Fit,<p>R</p>,Length,<p>65</p>,Width,<p>45</p>,Height,<p>44</p>,Box Quantity,<p>48</p>,Inner Pack Quantity,<p>1</p>,Country Of Origin,<p>BD</p>,Standards,<ul><li>NFPA® 2112</li><li>EN 1149 -5</li><li>ASTM F1506-10a</li><li>NFPA® 70E</li><li>ASTM F1959/F1959M-14e1   ATPV 10 CAL/CM2 (HAF 82.3%)</li></ul>,,,,
FR33,Variant,,"In addition to providing anti-static protection, the breathable fabric in this NFPA2112 compliant crew neck will keep you cool and comfortable all day long. The rib cuffs keep long sleeves in place and the concealed sleeve and chest pocket with pencil stall, provide ample and safe storage.",https://d11ak7fd9ypfb7.cloudfront.net/styles1100px/FR33GRR.jpg,,0.0,TRUE,InStock,0.999,,FR33GRR4XL,,,,Size,DROP_DOWN,4XL,Color,DROP_DOWN,Grey,,,,,,,,,,,,,Fit,<p>R</p>,Length,<p>65</p>,Width,<p>45</p>,Height,<p>44</p>,Box Quantity,<p>48</p>,Inner Pack Quantity,<p>1</p>,Country Of Origin,<p>BD</p>,Standards,<ul><li>NFPA® 2112</li><li>EN 1149 -5</li><li>ASTM F1506-10a</li><li>NFPA® 70E</li><li>ASTM F1959/F1959M-14e1   ATPV 10 CAL/CM2 (HAF 82.3%)</li></ul>,,,,
FR33,Variant,,"In addition to providing anti-static protection, the breathable fabric in this NFPA2112 compliant crew neck will keep you cool and comfortable all day long. The rib cuffs keep long sleeves in place and the concealed sleeve and chest pocket with pencil stall, provide ample and safe storage.",https://d11ak7fd9ypfb7.cloudfront.net/styles1100px/FR33GRR.jpg,,0.0,TRUE,InStock,0.999,,FR33GRR5XL,,,,Size,DROP_DOWN,5XL,Color,DROP_DOWN,Grey,,,,,,,,,,,,,Fit,<p>R</p>,Length,<p>65</p>,Width,<p>45</p>,Height,<p>44</p>,Box Quantity,<p>48</p>,Inner Pack Quantity,<p>1</p>,Country Of Origin,<p>BD</p>,Standards,<ul><li>NFPA® 2112</li><li>EN 1149 -5</li><li>ASTM F1506-10a</li><li>NFPA® 70E</li><li>ASTM F1959/F1959M-14e1   ATPV 10 CAL/CM2 (HAF 82.3%)</li></ul>,,,,
FR33,Variant,,"In addition to providing anti-static protection, the breathable fabric in this NFPA2112 compliant crew neck will keep you cool and comfortable all day long. The rib cuffs keep long sleeves in place and the concealed sleeve and chest pocket with pencil stall, provide ample and safe storage.",https://d11ak7fd9ypfb7.cloudfront.net/styles1100px/FR33GRR.jpg,,0.0,TRUE,InStock,0.999,,FR33GRRL,,,,Size,DROP_DOWN,L,Color,DROP_DOWN,Grey,,,,,,,,,,,,,Fit,<p>R</p>,Length,<p>65</p>,Width,<p>45</p>,Height,<p>36</p>,Box Quantity,<p>48</p>,Inner Pack Quantity,<p>1</p>,Country Of Origin,<p>BD</p>,Standards,<ul><li>NFPA® 2112</li><li>EN 1149 -5</li><li>ASTM F1506-10a</li><li>NFPA® 70E</li><li>ASTM F1959/F1959M-14e1   ATPV 10 CAL/CM2 (HAF 82.3%)</li></ul>,,,,
FR33,Variant,,"In addition to providing anti-static protection, the breathable fabric in this NFPA2112 compliant crew neck will keep you cool and comfortable all day long. The rib cuffs keep long sleeves in place and the concealed sleeve and chest pocket with pencil stall, provide ample and safe storage.",https://d11ak7fd9ypfb7.cloudfront.net/styles1100px/FR33GRR.jpg,,0.0,TRUE,InStock,0.999,,FR33GRRM,,,,Size,DROP_DOWN,M,Color,DROP_DOWN,Grey,,,,,,,,,,,,,Fit,<p>R</p>,Length,<p>65</p>,Width,<p>45</p>,Height,<p>36</p>,Box Quantity,<p>48</p>,Inner Pack Quantity,<p>1</p>,Country Of Origin,<p>BD</p>,Standards,<ul><li>NFPA® 2112</li><li>EN 1149 -5</li><li>ASTM F1506-10a</li><li>NFPA® 70E</li><li>ASTM F1959/F1959M-14e1   ATPV 10 CAL/CM2 (HAF 82.3%)</li></ul>,,,,
FR33,Variant,,"In addition to providing anti-static protection, the breathable fabric in this NFPA2112 compliant crew neck will keep you cool and comfortable all day long. The rib cuffs keep long sleeves in place and the concealed sleeve and chest pocket with pencil stall, provide ample and safe storage.",https://d11ak7fd9ypfb7.cloudfront.net/styles1100px/FR33GRR.jpg,,0.0,TRUE,InStock,0.999,,FR33GRRS,,,,Size,DROP_DOWN,S,Color,DROP_DOWN,Grey,,,,,,,,,,,,,Fit,<p>R</p>,Length,<p>65</p>,Width,<p>45</p>,Height,<p>36</p>,Box Quantity,<p>48</p>,Inner Pack Quantity,<p>1</p>,Country Of Origin,<p>BD</p>,Standards,<ul><li>NFPA® 2112</li><li>EN 1149 -5</li><li>ASTM F1506-10a</li><li>NFPA® 70E</li><li>ASTM F1959/F1959M-14e1   ATPV 10 CAL/CM2 (HAF 82.3%)</li></ul>,,,,
FR33,Variant,,"In addition to providing anti-static protection, the breathable fabric in this NFPA2112 compliant crew neck will keep you cool and comfortable all day long. The rib cuffs keep long sleeves in place and the concealed sleeve and chest pocket with pencil stall, provide ample and safe storage.",https://d11ak7fd9ypfb7.cloudfront.net/styles1100px/FR33GRR.jpg,,0.0,TRUE,InStock,0.999,,FR33GRRXL,,,,Size,DROP_DOWN,XL,Color,DROP_DOWN,Grey,,,,,,,,,,,,,Fit,<p>R</p>,Length,<p>65</p>,Width,<p>45</p>,Height,<p>36</p>,Box Quantity,<p>48</p>,Inner Pack Quantity,<p>1</p>,Country Of Origin,<p>BD</p>,Standards,<ul><li>NFPA® 2112</li><li>EN 1149 -5</li><li>ASTM F1506-10a</li><li>NFPA® 70E</li><li>ASTM F1959/F1959M-14e1   ATPV 10 CAL/CM2 (HAF 82.3%)</li></ul>,,,,
FR33,Variant,,"In addition to providing anti-static protection, the breathable fabric in this NFPA2112 compliant crew neck will keep you cool and comfortable all day long. The rib cuffs keep long sleeves in place and the concealed sleeve and chest pocket with pencil stall, provide ample and safe storage.",https://d11ak7fd9ypfb7.cloudfront.net/styles1100px/FR33GRR.jpg,,0.0,TRUE,InStock,0.999,,FR33GRRXXL,,,,Size,DROP_DOWN,XXL,Color,DROP_DOWN,Grey,,,,,,,,,,,,,Fit,<p>R</p>,Length,<p>65</p>,Width,<p>45</p>,Height,<p>44</p>,Box Quantity,<p>48</p>,Inner Pack Quantity,<p>1</p>,Country Of Origin,<p>BD</p>,Standards,<ul><li>NFPA® 2112</li><li>EN 1149 -5</li><li>ASTM F1506-10a</li><li>NFPA® 70E</li><li>ASTM F1959/F1959M-14e1   ATPV 10 CAL/CM2 (HAF 82.3%)</li></ul>,,,,
FR33,Variant,,"In addition to providing anti-static protection, the breathable fabric in this NFPA2112 compliant crew neck will keep you cool and comfortable all day long. The rib cuffs keep long sleeves in place and the concealed sleeve and chest pocket with pencil stall, provide ample and safe storage.",https://d11ak7fd9ypfb7.cloudfront.net/styles1100px/FR33GRR.jpg,,0.0,TRUE,InStock,0.999,,FR33GRRXXXL,,,,Size,DROP_DOWN,XXXL,Color,DROP_DOWN,Grey,,,,,,,,,,,,,Fit,<p>R</p>,Length,<p>65</p>,Width,<p>45</p>,Height,<p>44</p>,Box Quantity,<p>48</p>,Inner Pack Quantity,<p>1</p>,Country Of Origin,<p>BD</p>,Standards,<ul><li>NFPA® 2112</li><li>EN 1149 -5</li><li>ASTM F1506-10a</li><li>NFPA® 70E</li><li>ASTM F1959/F1959M-14e1   ATPV 10 CAL/CM2 (HAF 82.3%)</li></ul>,,,,
FR33,Variant,,"In addition to providing anti-static protection, the breathable fabric in this NFPA2112 compliant crew neck will keep you cool and comfortable all day long. The rib cuffs keep long sleeves in place and the concealed sleeve and chest pocket with pencil stall, provide ample and safe storage.",https://d11ak7fd9ypfb7.cloudfront.net/styles1100px/FR33NAR.jpg,,0.0,TRUE,InStock,0.999,,FR33NAR4XL,,,,Size,DROP_DOWN,4XL,Color,DROP_DOWN,Navy,,,,,,,,,,,,,Fit,<p>R</p>,Length,<p>65</p>,Width,<p>45</p>,Height,<p>44</p>,Box Quantity,<p>48</p>,Inner Pack Quantity,<p>1</p>,Country Of Origin,<p>BD</p>,Standards,<ul><li>NFPA® 2112</li><li>EN 1149 -5</li><li>ASTM F1506-10a</li><li>NFPA® 70E</li><li>ASTM F1959/F1959M-14e1   ATPV 10 CAL/CM2 (HAF 82.3%)</li></ul>,,,,
FR33,Variant,,"In addition to providing anti-static protection, the breathable fabric in this NFPA2112 compliant crew neck will keep you cool and comfortable all day long. The rib cuffs keep long sleeves in place and the concealed sleeve and chest pocket with pencil stall, provide ample and safe storage.",https://d11ak7fd9ypfb7.cloudfront.net/styles1100px/FR33NAR.jpg,,0.0,TRUE,InStock,0.999,,FR33NAR5XL,,,,Size,DROP_DOWN,5XL,Color,DROP_DOWN,Navy,,,,,,,,,,,,,Fit,<p>R</p>,Length,<p>65</p>,Width,<p>45</p>,Height,<p>44</p>,Box Quantity,<p>48</p>,Inner Pack Quantity,<p>1</p>,Country Of Origin,<p>BD</p>,Standards,<ul><li>NFPA® 2112</li><li>EN 1149 -5</li><li>ASTM F1506-10a</li><li>NFPA® 70E</li><li>ASTM F1959/F1959M-14e1   ATPV 10 CAL/CM2 (HAF 82.3%)</li></ul>,,,,
FR33,Variant,,"In addition to providing anti-static protection, the breathable fabric in this NFPA2112 compliant crew neck will keep you cool and comfortable all day long. The rib cuffs keep long sleeves in place and the concealed sleeve and chest pocket with pencil stall, provide ample and safe storage.",https://d11ak7fd9ypfb7.cloudfront.net/styles1100px/FR33NAR.jpg,,0.0,TRUE,InStock,0.999,,FR33NARL,,,,Size,DROP_DOWN,L,Color,DROP_DOWN,Navy,,,,,,,,,,,,,Fit,<p>R</p>,Length,<p>65</p>,Width,<p>45</p>,Height,<p>36</p>,Box Quantity,<p>48</p>,Inner Pack Quantity,<p>1</p>,Country Of Origin,<p>BD</p>,Standards,<ul><li>NFPA® 2112</li><li>EN 1149 -5</li><li>ASTM F1506-10a</li><li>NFPA® 70E</li><li>ASTM F1959/F1959M-14e1   ATPV 10 CAL/CM2 (HAF 82.3%)</li></ul>,,,,
FR33,Variant,,"In addition to providing anti-static protection, the breathable fabric in this NFPA2112 compliant crew neck will keep you cool and comfortable all day long. The rib cuffs keep long sleeves in place and the concealed sleeve and chest pocket with pencil stall, provide ample and safe storage.",https://d11ak7fd9ypfb7.cloudfront.net/styles1100px/FR33NAR.jpg,,0.0,TRUE,InStock,0.999,,FR33NARM,,,,Size,DROP_DOWN,M,Color,DROP_DOWN,Navy,,,,,,,,,,,,,Fit,<p>R</p>,Length,<p>65</p>,Width,<p>45</p>,Height,<p>36</p>,Box Quantity,<p>48</p>,Inner Pack Quantity,<p>1</p>,Country Of Origin,<p>BD</p>,Standards,<ul><li>NFPA® 2112</li><li>EN 1149 -5</li><li>ASTM F1506-10a</li><li>NFPA® 70E</li><li>ASTM F1959/F1959M-14e1   ATPV 10 CAL/CM2 (HAF 82.3%)</li></ul>,,,,
FR33,Variant,,"In addition to providing anti-static protection, the breathable fabric in this NFPA2112 compliant crew neck will keep you cool and comfortable all day long. The rib cuffs keep long sleeves in place and the concealed sleeve and chest pocket with pencil stall, provide ample and safe storage.",https://d11ak7fd9ypfb7.cloudfront.net/styles1100px/FR33NAR.jpg,,0.0,TRUE,InStock,0.999,,FR33NARS,,,,Size,DROP_DOWN,S,Color,DROP_DOWN,Navy,,,,,,,,,,,,,Fit,<p>R</p>,Length,<p>65</p>,Width,<p>45</p>,Height,<p>36</p>,Box Quantity,<p>48</p>,Inner Pack Quantity,<p>1</p>,Country Of Origin,<p>BD</p>,Standards,<ul><li>NFPA® 2112</li><li>EN 1149 -5</li><li>ASTM F1506-10a</li><li>NFPA® 70E</li><li>ASTM F1959/F1959M-14e1   ATPV 10 CAL/CM2 (HAF 82.3%)</li></ul>,,,,
FR33,Variant,,"In addition to providing anti-static protection, the breathable fabric in this NFPA2112 compliant crew neck will keep you cool and comfortable all day long. The rib cuffs keep long sleeves in place and the concealed sleeve and chest pocket with pencil stall, provide ample and safe storage.",https://d11ak7fd9ypfb7.cloudfront.net/styles1100px/FR33NAR.jpg,,0.0,TRUE,InStock,0.999,,FR33NARXL,,,,Size,DROP_DOWN,XL,Color,DROP_DOWN,Navy,,,,,,,,,,,,,Fit,<p>R</p>,Length,<p>65</p>,Width,<p>45</p>,Height,<p>36</p>,Box Quantity,<p>48</p>,Inner Pack Quantity,<p>1</p>,Country Of Origin,<p>BD</p>,Standards,<ul><li>NFPA® 2112</li><li>EN 1149 -5</li><li>ASTM F1506-10a</li><li>NFPA® 70E</li><li>ASTM F1959/F1959M-14e1   ATPV 10 CAL/CM2 (HAF 82.3%)</li></ul>,,,,
FR33,Variant,,"In addition to providing anti-static protection, the breathable fabric in this NFPA2112 compliant crew neck will keep you cool and comfortable all day long. The rib cuffs keep long sleeves in place and the concealed sleeve and chest pocket with pencil stall, provide ample and safe storage.",https://d11ak7fd9ypfb7.cloudfront.net/styles1100px/FR33NAR.jpg,,0.0,TRUE,InStock,0.999,,FR33NARXXL,,,,Size,DROP_DOWN,XXL,Color,DROP_DOWN,Navy,,,,,,,,,,,,,Fit,<p>R</p>,Length,<p>65</p>,Width,<p>45</p>,Height,<p>44</p>,Box Quantity,<p>48</p>,Inner Pack Quantity,<p>1</p>,Country Of Origin,<p>BD</p>,Standards,<ul><li>NFPA® 2112</li><li>EN 1149 -5</li><li>ASTM F1506-10a</li><li>NFPA® 70E</li><li>ASTM F1959/F1959M-14e1   ATPV 10 CAL/CM2 (HAF 82.3%)</li></ul>,,,,
FR33,Variant,,"In addition to providing anti-static protection, the breathable fabric in this NFPA2112 compliant crew neck will keep you cool and comfortable all day long. The rib cuffs keep long sleeves in place and the concealed sleeve and chest pocket with pencil stall, provide ample and safe storage.",https://d11ak7fd9ypfb7.cloudfront.net/styles1100px/FR33NAR.jpg,,0.0,TRUE,InStock,0.999,,FR33NARXXXL,,,,Size,DROP_DOWN,XXXL,Color,DROP_DOWN,Navy,,,,,,,,,,,,,Fit,<p>R</p>,Length,<p>65</p>,Width,<p>45</p>,Height,<p>44</p>,Box Quantity,<p>48</p>,Inner Pack Quantity,<p>1</p>,Country Of Origin,<p>BD</p>,Standards,<ul><li>NFPA® 2112</li><li>EN 1149 -5</li><li>ASTM F1506-10a</li><li>NFPA® 70E</li><li>ASTM F1959/F1959M-14e1   ATPV 10 CAL/CM2 (HAF 82.3%)</li></ul>,,,,
FR39,Product,FR39 - FR Neck Shade,"This accessory offers light weight neck protection against heat, flame and sparks. Easy to install, it is compatible with most Portwest bump caps and hard hats.",https://d11ak7fd9ypfb7.cloudfront.net/styles1100px/FR39GRR.jpg,9.8,0.0,TRUE,InStock,0.999,,FR39GRR,,,,Size,DROP_DOWN,,Color,DROP_DOWN,Grey,,,,,,,,,,,,,Fit,<p>R</p>,Length,<p>65</p>,Width,<p>30</p>,Height,<p>38</p>,Box Quantity,<p>200</p>,Inner Pack Quantity,<p>10</p>,Country Of Origin,<p>CN</p>,Standards,<ul><li>NFPA® 70E</li><li>ASTM F1506-10a</li><li>EN 1149</li><li>ASTM F1959/F1959M-14e1   ATPV 10 CAL/CM2 (HAF 82.3%)</li></ul>,,,,
FR404,Product,FR404 - ,,https://d11ak7fd9ypfb7.cloudfront.net/styles1100px/FR404KHR.jpg,99.9,0.0,TRUE,InStock,0.999,,FR404KHR30,,,,Size,DROP_DOWN,30;32;34;36;38;40;42;44;46;48;50;52,Color,DROP_DOWN,Navy;Khaki,,,,,,,,,,,,,Fit,<p>R</p>,Length,<p>65</p>,Width,<p>45</p>,Height,<p>30</p>,Box Quantity,<p>36</p>,Inner Pack Quantity,<p>1</p>,Country Of Origin,<p>CN</p>,Standards,<p></p>,,,,
FR404,Variant,,,https://d11ak7fd9ypfb7.cloudfront.net/styles1100px/FR404KHR.jpg,,0.0,TRUE,InStock,0.999,,FR404KHR30,,,,Size,DROP_DOWN,30,Color,DROP_DOWN,Khaki,,,,,,,,,,,,,Fit,<p>R</p>,Length,<p>65</p>,Width,<p>45</p>,Height,<p>30</p>,Box Quantity,<p>36</p>,Inner Pack Quantity,<p>1</p>,Country Of Origin,<p>CN</p>,Standards,<p></p>,,,,
FR404,Variant,,,https://d11ak7fd9ypfb7.cloudfront.net/styles1100px/FR404KHR.jpg,,0.0,TRUE,InStock,0.999,,FR404KHR32,,,,Size,DROP_DOWN,32,Color,DROP_DOWN,Khaki,,,,,,,,,,,,,Fit,<p>R</p>,Length,<p>65</p>,Width,<p>45</p>,Height,<p>30</p>,Box Quantity,<p>36</p>,Inner Pack Quantity,<p>1</p>,Country Of Origin,<p>CN</p>,Standards,<p></p>,,,,
FR404,Variant,,,https://d11ak7fd9ypfb7.cloudfront.net/styles1100px/FR404KHR.jpg,,0.0,TRUE,InStock,0.999,,FR404KHR34,,,,Size,DROP_DOWN,34,Color,DROP_DOWN,Khaki,,,,,,,,,,,,,Fit,<p>R</p>,Length,<p>65</p>,Width,<p>45</p>,Height,<p>30</p>,Box Quantity,<p>36</p>,Inner Pack Quantity,<p>1</p>,Country Of Origin,<p>CN</p>,Standards,<p></p>,,,,
FR404,Variant,,,https://d11ak7fd9ypfb7.cloudfront.net/styles1100px/FR404KHR.jpg,,0.0,TRUE,InStock,0.999,,FR404KHR36,,,,Size,DROP_DOWN,36,Color,DROP_DOWN,Khaki,,,,,,,,,,,,,Fit,<p>R</p>,Length,<p>65</p>,Width,<p>45</p>,Height,<p>30</p>,Box Quantity,<p>36</p>,Inner Pack Quantity,<p>1</p>,Country Of Origin,<p>CN</p>,Standards,<p></p>,,,,
FR404,Variant,,,https://d11ak7fd9ypfb7.cloudfront.net/styles1100px/FR404KHR.jpg,,0.0,TRUE,InStock,0.999,,FR404KHR38,,,,Size,DROP_DOWN,38,Color,DROP_DOWN,Khaki,,,,,,,,,,,,,Fit,<p>R</p>,Length,<p>65</p>,Width,<p>45</p>,Height,<p>30</p>,Box Quantity,<p>36</p>,Inner Pack Quantity,<p>1</p>,Country Of Origin,<p>CN</p>,Standards,<p></p>,,,,
FR404,Variant,,,https://d11ak7fd9ypfb7.cloudfront.net/styles1100px/FR404KHR.jpg,,0.0,TRUE,InStock,0.999,,FR404KHR40,,,,Size,DROP_DOWN,40,Color,DROP_DOWN,Khaki,,,,,,,,,,,,,Fit,<p>R</p>,Length,<p>65</p>,Width,<p>45</p>,Height,<p>30</p>,Box Quantity,<p>36</p>,Inner Pack Quantity,<p>1</p>,Country Of Origin,<p>CN</p>,Standards,<p></p>,,,,
FR404,Variant,,,https://d11ak7fd9ypfb7.cloudfront.net/styles1100px/FR404KHR.jpg,,0.0,TRUE,InStock,0.999,,FR404KHR42,,,,Size,DROP_DOWN,42,Color,DROP_DOWN,Khaki,,,,,,,,,,,,,Fit,<p>R</p>,Length,<p>65</p>,Width,<p>45</p>,Height,<p>30</p>,Box Quantity,<p>36</p>,Inner Pack Quantity,<p>1</p>,Country Of Origin,<p>CN</p>,Standards,<p></p>,,,,
FR404,Variant,,,https://d11ak7fd9ypfb7.cloudfront.net/styles1100px/FR404KHR.jpg,,0.0,TRUE,InStock,0.999,,FR404KHR44,,,,Size,DROP_DOWN,44,Color,DROP_DOWN,Khaki,,,,,,,,,,,,,Fit,<p>R</p>,Length,<p>65</p>,Width,<p>45</p>,Height,<p>30</p>,Box Quantity,<p>36</p>,Inner Pack Quantity,<p>1</p>,Country Of Origin,<p>CN</p>,Standards,<p></p>,,,,
FR404,Variant,,,https://d11ak7fd9ypfb7.cloudfront.net/styles1100px/FR404KHR.jpg,,0.0,TRUE,InStock,0.999,,FR404KHR46,,,,Size,DROP_DOWN,46,Color,DROP_DOWN,Khaki,,,,,,,,,,,,,Fit,<p>R</p>,Length,<p>65</p>,Width,<p>45</p>,Height,<p>30</p>,Box Quantity,<p>36</p>,Inner Pack Quantity,<p>1</p>,Country Of Origin,<p>CN</p>,Standards,<p></p>,,,,
FR404,Variant,,,https://d11ak7fd9ypfb7.cloudfront.net/styles1100px/FR404KHR.jpg,,0.0,TRUE,InStock,0.999,,FR404KHR48,,,,Size,DROP_DOWN,48,Color,DROP_DOWN,Khaki,,,,,,,,,,,,,Fit,<p>R</p>,Length,<p>65</p>,Width,<p>45</p>,Height,<p>30</p>,Box Quantity,<p>36</p>,Inner Pack Quantity,<p>1</p>,Country Of Origin,<p>CN</p>,Standards,<p></p>,,,,
FR404,Variant,,,https://d11ak7fd9ypfb7.cloudfront.net/styles1100px/FR404KHR.jpg,,0.0,TRUE,InStock,0.999,,FR404KHR50,,,,Size,DROP_DOWN,50,Color,DROP_DOWN,Khaki,,,,,,,,,,,,,Fit,<p>R</p>,Length,<p>65</p>,Width,<p>45</p>,Height,<p>30</p>,Box Quantity,<p>36</p>,Inner Pack Quantity,<p>1</p>,Country Of Origin,<p>CN</p>,Standards,<p></p>,,,,
FR404,Variant,,,https://d11ak7fd9ypfb7.cloudfront.net/styles1100px/FR404KHR.jpg,,0.0,TRUE,InStock,0.999,,FR404KHR52,,,,Size,DROP_DOWN,52,Color,DROP_DOWN,Khaki,,,,,,,,,,,,,Fit,<p>R</p>,Length,<p>65</p>,Width,<p>45</p>,Height,<p>30</p>,Box Quantity,<p>36</p>,Inner Pack Quantity,<p>1</p>,Country Of Origin,<p>CN</p>,Standards,<p></p>,,,,
FR404,Variant,,,https://d11ak7fd9ypfb7.cloudfront.net/styles1100px/FR404NAR.jpg,,0.0,TRUE,InStock,0.999,,FR404NAR30,,,,Size,DROP_DOWN,30,Color,DROP_DOWN,Navy,,,,,,,,,,,,,Fit,<p>R</p>,Length,<p>65</p>,Width,<p>45</p>,Height,<p>30</p>,Box Quantity,<p>36</p>,Inner Pack Quantity,<p>1</p>,Country Of Origin,<p>CN</p>,Standards,<p></p>,,,,
FR404,Variant,,,https://d11ak7fd9ypfb7.cloudfront.net/styles1100px/FR404NAR.jpg,,0.0,TRUE,InStock,0.999,,FR404NAR32,,,,Size,DROP_DOWN,32,Color,DROP_DOWN,Navy,,,,,,,,,,,,,Fit,<p>R</p>,Length,<p>65</p>,Width,<p>45</p>,Height,<p>30</p>,Box Quantity,<p>36</p>,Inner Pack Quantity,<p>1</p>,Country Of Origin,<p>CN</p>,Standards,<p></p>,,,,
FR404,Variant,,,https://d11ak7fd9ypfb7.cloudfront.net/styles1100px/FR404NAR.jpg,,0.0,TRUE,InStock,0.999,,FR404NAR34,,,,Size,DROP_DOWN,34,Color,DROP_DOWN,Navy,,,,,,,,,,,,,Fit,<p>R</p>,Length,<p>65</p>,Width,<p>45</p>,Height,<p>30</p>,Box Quantity,<p>36</p>,Inner Pack Quantity,<p>1</p>,Country Of Origin,<p>CN</p>,Standards,<p></p>,,,,
FR404,Variant,,,https://d11ak7fd9ypfb7.cloudfront.net/styles1100px/FR404NAR.jpg,,0.0,TRUE,InStock,0.999,,FR404NAR36,,,,Size,DROP_DOWN,36,Color,DROP_DOWN,Navy,,,,,,,,,,,,,Fit,<p>R</p>,Length,<p>65</p>,Width,<p>45</p>,Height,<p>30</p>,Box Quantity,<p>36</p>,Inner Pack Quantity,<p>1</p>,Country Of Origin,<p>CN</p>,Standards,<p></p>,,,,
FR404,Variant,,,https://d11ak7fd9ypfb7.cloudfront.net/styles1100px/FR404NAR.jpg,,0.0,TRUE,InStock,0.999,,FR404NAR38,,,,Size,DROP_DOWN,38,Color,DROP_DOWN,Navy,,,,,,,,,,,,,Fit,<p>R</p>,Length,<p>65</p>,Width,<p>45</p>,Height,<p>30</p>,Box Quantity,<p>36</p>,Inner Pack Quantity,<p>1</p>,Country Of Origin,<p>CN</p>,Standards,<p></p>,,,,
FR404,Variant,,,https://d11ak7fd9ypfb7.cloudfront.net/styles1100px/FR404NAR.jpg,,0.0,TRUE,InStock,0.999,,FR404NAR40,,,,Size,DROP_DOWN,40,Color,DROP_DOWN,Navy,,,,,,,,,,,,,Fit,<p>R</p>,Length,<p>65</p>,Width,<p>45</p>,Height,<p>30</p>,Box Quantity,<p>36</p>,Inner Pack Quantity,<p>1</p>,Country Of Origin,<p>CN</p>,Standards,<p></p>,,,,
FR404,Variant,,,https://d11ak7fd9ypfb7.cloudfront.net/styles1100px/FR404NAR.jpg,,0.0,TRUE,InStock,0.999,,FR404NAR42,,,,Size,DROP_DOWN,42,Color,DROP_DOWN,Navy,,,,,,,,,,,,,Fit,<p>R</p>,Length,<p>65</p>,Width,<p>45</p>,Height,<p>30</p>,Box Quantity,<p>36</p>,Inner Pack Quantity,<p>1</p>,Country Of Origin,<p>CN</p>,Standards,<p></p>,,,,
FR404,Variant,,,https://d11ak7fd9ypfb7.cloudfront.net/styles1100px/FR404NAR.jpg,,0.0,TRUE,InStock,0.999,,FR404NAR44,,,,Size,DROP_DOWN,44,Color,DROP_DOWN,Navy,,,,,,,,,,,,,Fit,<p>R</p>,Length,<p>65</p>,Width,<p>45</p>,Height,<p>30</p>,Box Quantity,<p>36</p>,Inner Pack Quantity,<p>1</p>,Country Of Origin,<p>CN</p>,Standards,<p></p>,,,,
FR404,Variant,,,https://d11ak7fd9ypfb7.cloudfront.net/styles1100px/FR404NAR.jpg,,0.0,TRUE,InStock,0.999,,FR404NAR46,,,,Size,DROP_DOWN,46,Color,DROP_DOWN,Navy,,,,,,,,,,,,,Fit,<p>R</p>,Length,<p>65</p>,Width,<p>45</p>,Height,<p>30</p>,Box Quantity,<p>36</p>,Inner Pack Quantity,<p>1</p>,Country Of Origin,<p>CN</p>,Standards,<p></p>,,,,
FR404,Variant,,,https://d11ak7fd9ypfb7.cloudfront.net/styles1100px/FR404NAR.jpg,,0.0,TRUE,InStock,0.999,,FR404NAR48,,,,Size,DROP_DOWN,48,Color,DROP_DOWN,Navy,,,,,,,,,,,,,Fit,<p>R</p>,Length,<p>65</p>,Width,<p>45</p>,Height,<p>30</p>,Box Quantity,<p>36</p>,Inner Pack Quantity,<p>1</p>,Country Of Origin,<p>CN</p>,Standards,<p></p>,,,,
FR404,Variant,,,https://d11ak7fd9ypfb7.cloudfront.net/styles1100px/FR404NAR.jpg,,0.0,TRUE,InStock,0.999,,FR404NAR50,,,,Size,DROP_DOWN,50,Color,DROP_DOWN,Navy,,,,,,,,,,,,,Fit,<p>R</p>,Length,<p>65</p>,Width,<p>45</p>,Height,<p>30</p>,Box Quantity,<p>36</p>,Inner Pack Quantity,<p>1</p>,Country Of Origin,<p>CN</p>,Standards,<p></p>,,,,
FR404,Variant,,,https://d11ak7fd9ypfb7.cloudfront.net/styles1100px/FR404NAR.jpg,,0.0,TRUE,InStock,0.999,,FR404NAR52,,,,Size,DROP_DOWN,52,Color,DROP_DOWN,Navy,,,,,,,,,,,,,Fit,<p>R</p>,Length,<p>65</p>,Width,<p>45</p>,Height,<p>30</p>,Box Quantity,<p>36</p>,Inner Pack Quantity,<p>1</p>,Country Of Origin,<p>CN</p>,Standards,<p></p>,,,,
FR40,Product,FR40 - FR Mask,ARC2 1 layer Fabric adjustable ties for secure fit Individually wrapped inside hygienic polybag Retail Box,https://d11ak7fd9ypfb7.cloudfront.net/styles1100px/FR40NAR.jpg,87.6,0.0,TRUE,InStock,0.772,,FR40NAR,,,,Size,DROP_DOWN,,Color,DROP_DOWN,Navy,,,,,,,,,,,,,Fit,<p>R</p>,Length,<p>50</p>,Width,<p>45</p>,Height,<p>44</p>,Box Quantity,<p>18</p>,Inner Pack Quantity,<p>1</p>,Country Of Origin,<p>BD</p>,Standards,<ul><li>ASTM F1959/F1959M-12   ATPV 12 CAL/CM2 (HAF 80.8%)</li></ul>,,,,
FR41,Product,FR41 - Sealtex Flame FR Hi-Vis Jacket,"This lightweight waterproof and windproof jacket offers excellent protection in harsh or foul weather conditions. Features include a studded storm flap, front flapped pockets and adjustable cuffs. Heat sealed EN ISO 20471 reflective tape for added visibility.",https://d11ak7fd9ypfb7.cloudfront.net/styles1100px/FR41YER.jpg,139.0,0.0,TRUE,InStock,1.12,,FR41YER4XL,,,,Size,DROP_DOWN,S;M;L;XL;XXL;XXXL;4XL;5XL,Color,DROP_DOWN,Yellow,,,,,,,,,,,,,Fit,<p>R</p>,Length,<p>65</p>,Width,<p>45</p>,Height,<p>39</p>,Box Quantity,<p>24</p>,Inner Pack Quantity,<p>1</p>,Country Of Origin,<p>MM</p>,Standards,<ul><li>EN ISO 20471 Class 3</li><li>EN 13034 Type 6</li><li>EN 1149 -5</li><li>EN ISO 14116 Index 1</li><li>ANSI/ISEA 107 SUPPLEMENTAL CLASS E</li><li>EN 343:2019 Class 3:1 X</li></ul>,,,,
FR41,Variant,,"This lightweight waterproof and windproof jacket offers excellent protection in harsh or foul weather conditions. Features include a studded storm flap, front flapped pockets and adjustable cuffs. Heat sealed EN ISO 20471 reflective tape for added visibility.",https://d11ak7fd9ypfb7.cloudfront.net/styles1100px/FR41YER.jpg,,0.0,TRUE,InStock,1.12,,FR41YER4XL,,,,Size,DROP_DOWN,4XL,Color,DROP_DOWN,Yellow,,,,,,,,,,,,,Fit,<p>R</p>,Length,<p>65</p>,Width,<p>45</p>,Height,<p>39</p>,Box Quantity,<p>24</p>,Inner Pack Quantity,<p>1</p>,Country Of Origin,<p>MM</p>,Standards,<ul><li>EN ISO 20471 Class 3</li><li>EN 13034 Type 6</li><li>EN 1149 -5</li><li>EN ISO 14116 Index 1</li><li>ANSI/ISEA 107 SUPPLEMENTAL CLASS E</li><li>EN 343:2019 Class 3:1 X</li></ul>,,,,
FR41,Variant,,"This lightweight waterproof and windproof jacket offers excellent protection in harsh or foul weather conditions. Features include a studded storm flap, front flapped pockets and adjustable cuffs. Heat sealed EN ISO 20471 reflective tape for added visibility.",https://d11ak7fd9ypfb7.cloudfront.net/styles1100px/FR41YER.jpg,,0.0,TRUE,InStock,1.25,,FR41YER5XL,,,,Size,DROP_DOWN,5XL,Color,DROP_DOWN,Yellow,,,,,,,,,,,,,Fit,<p>R</p>,Length,<p>65</p>,Width,<p>45</p>,Height,<p>39</p>,Box Quantity,<p>24</p>,Inner Pack Quantity,<p>1</p>,Country Of Origin,<p>MM</p>,Standards,<ul><li>EN ISO 20471 Class 3</li><li>EN 13034 Type 6</li><li>EN 1149 -5</li><li>EN ISO 14116 Index 1</li><li>ANSI/ISEA 107 SUPPLEMENTAL CLASS E</li><li>EN 343:2019 Class 3:1 X</li></ul>,,,,
FR41,Variant,,"This lightweight waterproof and windproof jacket offers excellent protection in harsh or foul weather conditions. Features include a studded storm flap, front flapped pockets and adjustable cuffs. Heat sealed EN ISO 20471 reflective tape for added visibility.",https://d11ak7fd9ypfb7.cloudfront.net/styles1100px/FR41YER.jpg,,0.0,TRUE,InStock,0.99,,FR41YERL,,,,Size,DROP_DOWN,L,Color,DROP_DOWN,Yellow,,,,,,,,,,,,,Fit,<p>R</p>,Length,<p>65</p>,Width,<p>45</p>,Height,<p>39</p>,Box Quantity,<p>24</p>,Inner Pack Quantity,<p>1</p>,Country Of Origin,<p>MM</p>,Standards,<ul><li>EN ISO 20471 Class 3</li><li>EN 13034 Type 6</li><li>EN 1149 -5</li><li>EN ISO 14116 Index 1</li><li>ANSI/ISEA 107 SUPPLEMENTAL CLASS E</li><li>EN 343:2019 Class 3:1 X</li></ul>,,,,
FR41,Variant,,"This lightweight waterproof and windproof jacket offers excellent protection in harsh or foul weather conditions. Features include a studded storm flap, front flapped pockets and adjustable cuffs. Heat sealed EN ISO 20471 reflective tape for added visibility.",https://d11ak7fd9ypfb7.cloudfront.net/styles1100px/FR41YER.jpg,,0.0,TRUE,InStock,0.95,,FR41YERM,,,,Size,DROP_DOWN,M,Color,DROP_DOWN,Yellow,,,,,,,,,,,,,Fit,<p>R</p>,Length,<p>65</p>,Width,<p>45</p>,Height,<p>39</p>,Box Quantity,<p>24</p>,Inner Pack Quantity,<p>1</p>,Country Of Origin,<p>MM</p>,Standards,<ul><li>EN ISO 20471 Class 3</li><li>EN 13034 Type 6</li><li>EN 1149 -5</li><li>EN ISO 14116 Index 1</li><li>ANSI/ISEA 107 SUPPLEMENTAL CLASS E</li><li>EN 343:2019 Class 3:1 X</li></ul>,,,,
FR41,Variant,,"This lightweight waterproof and windproof jacket offers excellent protection in harsh or foul weather conditions. Features include a studded storm flap, front flapped pockets and adjustable cuffs. Heat sealed EN ISO 20471 reflective tape for added visibility.",https://d11ak7fd9ypfb7.cloudfront.net/styles1100px/FR41YER.jpg,,0.0,TRUE,InStock,0.9,,FR41YERS,,,,Size,DROP_DOWN,S,Color,DROP_DOWN,Yellow,,,,,,,,,,,,,Fit,<p>R</p>,Length,<p>65</p>,Width,<p>45</p>,Height,<p>39</p>,Box Quantity,<p>24</p>,Inner Pack Quantity,<p>1</p>,Country Of Origin,<p>MM</p>,Standards,<ul><li>EN ISO 20471 Class 3</li><li>EN 13034 Type 6</li><li>EN 1149 -5</li><li>EN ISO 14116 Index 1</li><li>ANSI/ISEA 107 SUPPLEMENTAL CLASS E</li><li>EN 343:2019 Class 3:1 X</li></ul>,,,,
FR41,Variant,,"This lightweight waterproof and windproof jacket offers excellent protection in harsh or foul weather conditions. Features include a studded storm flap, front flapped pockets and adjustable cuffs. Heat sealed EN ISO 20471 reflective tape for added visibility.",https://d11ak7fd9ypfb7.cloudfront.net/styles1100px/FR41YER.jpg,,0.0,TRUE,InStock,1.05,,FR41YERXL,,,,Size,DROP_DOWN,XL,Color,DROP_DOWN,Yellow,,,,,,,,,,,,,Fit,<p>R</p>,Length,<p>65</p>,Width,<p>45</p>,Height,<p>39</p>,Box Quantity,<p>24</p>,Inner Pack Quantity,<p>1</p>,Country Of Origin,<p>MM</p>,Standards,<ul><li>EN ISO 20471 Class 3</li><li>EN 13034 Type 6</li><li>EN 1149 -5</li><li>EN ISO 14116 Index 1</li><li>ANSI/ISEA 107 SUPPLEMENTAL CLASS E</li><li>EN 343:2019 Class 3:1 X</li></ul>,,,,
FR41,Variant,,"This lightweight waterproof and windproof jacket offers excellent protection in harsh or foul weather conditions. Features include a studded storm flap, front flapped pockets and adjustable cuffs. Heat sealed EN ISO 20471 reflective tape for added visibility.",https://d11ak7fd9ypfb7.cloudfront.net/styles1100px/FR41YER.jpg,,0.0,TRUE,InStock,1.04,,FR41YERXXL,,,,Size,DROP_DOWN,XXL,Color,DROP_DOWN,Yellow,,,,,,,,,,,,,Fit,<p>R</p>,Length,<p>65</p>,Width,<p>45</p>,Height,<p>39</p>,Box Quantity,<p>24</p>,Inner Pack Quantity,<p>1</p>,Country Of Origin,<p>MM</p>,Standards,<ul><li>EN ISO 20471 Class 3</li><li>EN 13034 Type 6</li><li>EN 1149 -5</li><li>EN ISO 14116 Index 1</li><li>ANSI/ISEA 107 SUPPLEMENTAL CLASS E</li><li>EN 343:2019 Class 3:1 X</li></ul>,,,,
FR41,Variant,,"This lightweight waterproof and windproof jacket offers excellent protection in harsh or foul weather conditions. Features include a studded storm flap, front flapped pockets and adjustable cuffs. Heat sealed EN ISO 20471 reflective tape for added visibility.",https://d11ak7fd9ypfb7.cloudfront.net/styles1100px/FR41YER.jpg,,0.0,TRUE,InStock,1.11,,FR41YERXXXL,,,,Size,DROP_DOWN,XXXL,Color,DROP_DOWN,Yellow,,,,,,,,,,,,,Fit,<p>R</p>,Length,<p>65</p>,Width,<p>45</p>,Height,<p>39</p>,Box Quantity,<p>24</p>,Inner Pack Quantity,<p>1</p>,Country Of Origin,<p>MM</p>,Standards,<ul><li>EN ISO 20471 Class 3</li><li>EN 13034 Type 6</li><li>EN 1149 -5</li><li>EN ISO 14116 Index 1</li><li>ANSI/ISEA 107 SUPPLEMENTAL CLASS E</li><li>EN 343:2019 Class 3:1 X</li></ul>,,,,
FR43,Product,FR43 - Sealtex Flame FR Hi-Vis Pants,These pants are waterproof and windproof and offer excellent protection against harsh elements. Features include adjustable hems to ensure easy on and off for the wearer. Heat sealed EN ISO 20471 reflective tape for added visibility.,https://d11ak7fd9ypfb7.cloudfront.net/styles1100px/FR43YER.jpg,79.1,0.0,TRUE,InStock,0.74,,FR43YER4XL,,,,Size,DROP_DOWN,S;M;L;XL;XXL;XXXL;4XL;5XL,Color,DROP_DOWN,Yellow,,,,,,,,,,,,,Fit,<p>R</p>,Length,<p>43</p>,Width,<p>28</p>,Height,<p>43</p>,Box Quantity,<p>24</p>,Inner Pack Quantity,<p>1</p>,Country Of Origin,<p>MM</p>,Standards,<ul><li>EN 13034 Type 6</li><li>EN ISO 20471 Class 1</li><li>ANSI/ISEA 107 SUPPLEMENTAL CLASS E</li><li>EN 1149 -5</li><li>EN ISO 14116 Index 1</li><li>EN 343:2019 Class 3:1 X</li></ul>,,,,
FR43,Variant,,These pants are waterproof and windproof and offer excellent protection against harsh elements. Features include adjustable hems to ensure easy on and off for the wearer. Heat sealed EN ISO 20471 reflective tape for added visibility.,https://d11ak7fd9ypfb7.cloudfront.net/styles1100px/FR43YER.jpg,,0.0,TRUE,InStock,0.74,,FR43YER4XL,,,,Size,DROP_DOWN,4XL,Color,DROP_DOWN,Yellow,,,,,,,,,,,,,Fit,<p>R</p>,Length,<p>43</p>,Width,<p>28</p>,Height,<p>43</p>,Box Quantity,<p>24</p>,Inner Pack Quantity,<p>1</p>,Country Of Origin,<p>MM</p>,Standards,<ul><li>EN 13034 Type 6</li><li>EN ISO 20471 Class 1</li><li>ANSI/ISEA 107 SUPPLEMENTAL CLASS E</li><li>EN 1149 -5</li><li>EN ISO 14116 Index 1</li><li>EN 343:2019 Class 3:1 X</li></ul>,,,,
FR43,Variant,,These pants are waterproof and windproof and offer excellent protection against harsh elements. Features include adjustable hems to ensure easy on and off for the wearer. Heat sealed EN ISO 20471 reflective tape for added visibility.,https://d11ak7fd9ypfb7.cloudfront.net/styles1100px/FR43YER.jpg,,0.0,TRUE,InStock,0.79,,FR43YER5XL,,,,Size,DROP_DOWN,5XL,Color,DROP_DOWN,Yellow,,,,,,,,,,,,,Fit,<p>R</p>,Length,<p>43</p>,Width,<p>28</p>,Height,<p>43</p>,Box Quantity,<p>24</p>,Inner Pack Quantity,<p>1</p>,Country Of Origin,<p>MM</p>,Standards,<ul><li>EN 13034 Type 6</li><li>EN ISO 20471 Class 1</li><li>ANSI/ISEA 107 SUPPLEMENTAL CLASS E</li><li>EN 1149 -5</li><li>EN ISO 14116 Index 1</li><li>EN 343:2019 Class 3:1 X</li></ul>,,,,
FR43,Variant,,These pants are waterproof and windproof and offer excellent protection against harsh elements. Features include adjustable hems to ensure easy on and off for the wearer. Heat sealed EN ISO 20471 reflective tape for added visibility.,https://d11ak7fd9ypfb7.cloudfront.net/styles1100px/FR43YER.jpg,,0.0,TRUE,InStock,0.56,,FR43YERL,,,,Size,DROP_DOWN,L,Color,DROP_DOWN,Yellow,,,,,,,,,,,,,Fit,<p>R</p>,Length,<p>43</p>,Width,<p>28</p>,Height,<p>43</p>,Box Quantity,<p>24</p>,Inner Pack Quantity,<p>1</p>,Country Of Origin,<p>MM</p>,Standards,<ul><li>EN 13034 Type 6</li><li>EN ISO 20471 Class 1</li><li>ANSI/ISEA 107 SUPPLEMENTAL CLASS E</li><li>EN 1149 -5</li><li>EN ISO 14116 Index 1</li><li>EN 343:2019 Class 3:1 X</li></ul>,,,,
FR43,Variant,,These pants are waterproof and windproof and offer excellent protection against harsh elements. Features include adjustable hems to ensure easy on and off for the wearer. Heat sealed EN ISO 20471 reflective tape for added visibility.,https://d11ak7fd9ypfb7.cloudfront.net/styles1100px/FR43YER.jpg,,0.0,TRUE,InStock,0.53,,FR43YERM,,,,Size,DROP_DOWN,M,Color,DROP_DOWN,Yellow,,,,,,,,,,,,,Fit,<p>R</p>,Length,<p>43</p>,Width,<p>28</p>,Height,<p>43</p>,Box Quantity,<p>24</p>,Inner Pack Quantity,<p>1</p>,Country Of Origin,<p>MM</p>,Standards,<ul><li>EN 13034 Type 6</li><li>EN ISO 20471 Class 1</li><li>ANSI/ISEA 107 SUPPLEMENTAL CLASS E</li><li>EN 1149 -5</li><li>EN ISO 14116 Index 1</li><li>EN 343:2019 Class 3:1 X</li></ul>,,,,
FR43,Variant,,These pants are waterproof and windproof and offer excellent protection against harsh elements. Features include adjustable hems to ensure easy on and off for the wearer. Heat sealed EN ISO 20471 reflective tape for added visibility.,https://d11ak7fd9ypfb7.cloudfront.net/styles1100px/FR43YER.jpg,,0.0,TRUE,InStock,0.52,,FR43YERS,,,,Size,DROP_DOWN,S,Color,DROP_DOWN,Yellow,,,,,,,,,,,,,Fit,<p>R</p>,Length,<p>43</p>,Width,<p>28</p>,Height,<p>43</p>,Box Quantity,<p>24</p>,Inner Pack Quantity,<p>1</p>,Country Of Origin,<p>MM</p>,Standards,<ul><li>EN 13034 Type 6</li><li>EN ISO 20471 Class 1</li><li>ANSI/ISEA 107 SUPPLEMENTAL CLASS E</li><li>EN 1149 -5</li><li>EN ISO 14116 Index 1</li><li>EN 343:2019 Class 3:1 X</li></ul>,,,,
FR43,Variant,,These pants are waterproof and windproof and offer excellent protection against harsh elements. Features include adjustable hems to ensure easy on and off for the wearer. Heat sealed EN ISO 20471 reflective tape for added visibility.,https://d11ak7fd9ypfb7.cloudfront.net/styles1100px/FR43YER.jpg,,0.0,TRUE,InStock,0.6,,FR43YERXL,,,,Size,DROP_DOWN,XL,Color,DROP_DOWN,Yellow,,,,,,,,,,,,,Fit,<p>R</p>,Length,<p>43</p>,Width,<p>28</p>,Height,<p>43</p>,Box Quantity,<p>24</p>,Inner Pack Quantity,<p>1</p>,Country Of Origin,<p>MM</p>,Standards,<ul><li>EN 13034 Type 6</li><li>EN ISO 20471 Class 1</li><li>ANSI/ISEA 107 SUPPLEMENTAL CLASS E</li><li>EN 1149 -5</li><li>EN ISO 14116 Index 1</li><li>EN 343:2019 Class 3:1 X</li></ul>,,,,
FR43,Variant,,These pants are waterproof and windproof and offer excellent protection against harsh elements. Features include adjustable hems to ensure easy on and off for the wearer. Heat sealed EN ISO 20471 reflective tape for added visibility.,https://d11ak7fd9ypfb7.cloudfront.net/styles1100px/FR43YER.jpg,,0.0,TRUE,InStock,0.64,,FR43YERXXL,,,,Size,DROP_DOWN,XXL,Color,DROP_DOWN,Yellow,,,,,,,,,,,,,Fit,<p>R</p>,Length,<p>43</p>,Width,<p>28</p>,Height,<p>43</p>,Box Quantity,<p>24</p>,Inner Pack Quantity,<p>1</p>,Country Of Origin,<p>MM</p>,Standards,<ul><li>EN 13034 Type 6</li><li>EN ISO 20471 Class 1</li><li>ANSI/ISEA 107 SUPPLEMENTAL CLASS E</li><li>EN 1149 -5</li><li>EN ISO 14116 Index 1</li><li>EN 343:2019 Class 3:1 X</li></ul>,,,,
FR43,Variant,,These pants are waterproof and windproof and offer excellent protection against harsh elements. Features include adjustable hems to ensure easy on and off for the wearer. Heat sealed EN ISO 20471 reflective tape for added visibility.,https://d11ak7fd9ypfb7.cloudfront.net/styles1100px/FR43YER.jpg,,0.0,TRUE,InStock,0.69,,FR43YERXXXL,,,,Size,DROP_DOWN,XXXL,Color,DROP_DOWN,Yellow,,,,,,,,,,,,,Fit,<p>R</p>,Length,<p>43</p>,Width,<p>28</p>,Height,<p>43</p>,Box Quantity,<p>24</p>,Inner Pack Quantity,<p>1</p>,Country Of Origin,<p>MM</p>,Standards,<ul><li>EN 13034 Type 6</li><li>EN ISO 20471 Class 1</li><li>ANSI/ISEA 107 SUPPLEMENTAL CLASS E</li><li>EN 1149 -5</li><li>EN ISO 14116 Index 1</li><li>EN 343:2019 Class 3:1 X</li></ul>,,,,
FR44,Product,FR44 - Sealtex Flame FR Hi-Vis Coat 50″,"This lightweight waterproof and windproof coat offers excellent protection in harsh or foul weather conditions. Features of the coat include heat applied flame resistant reflective tape, zipper storm flap front closure and a pack away adjustable hood.",https://d11ak7fd9ypfb7.cloudfront.net/styles1100px/FR44YER.jpg,149.7,0.0,TRUE,InStock,0.999,,FR44YER4XL,,,,Size,DROP_DOWN,S;M;L;XL;XXL;XXXL;4XL;5XL;6XL,Color,DROP_DOWN,Yellow,,,,,,,,,,,,,Fit,<p>R</p>,Length,<p>65</p>,Width,<p>45</p>,Height,<p>39</p>,Box Quantity,<p>18</p>,Inner Pack Quantity,<p>1</p>,Country Of Origin,<p>MM</p>,Standards,<ul><li>ANSI/ISEA 107 TYPE R CLASS 3</li><li>EN ISO 14116 Index 1  /5H/40</li><li>EN 1149 -5</li><li>EN 13034 Type 6</li><li>EN ISO 20471 Class 3</li><li>EN 343 Class 3:1</li></ul>,,,,
FR44,Variant,,"This lightweight waterproof and windproof coat offers excellent protection in harsh or foul weather conditions. Features of the coat include heat applied flame resistant reflective tape, zipper storm flap front closure and a pack away adjustable hood.",https://d11ak7fd9ypfb7.cloudfront.net/styles1100px/FR44YER.jpg,,0.0,TRUE,InStock,0.999,,FR44YER4XL,,,,Size,DROP_DOWN,4XL,Color,DROP_DOWN,Yellow,,,,,,,,,,,,,Fit,<p>R</p>,Length,<p>65</p>,Width,<p>45</p>,Height,<p>39</p>,Box Quantity,<p>18</p>,Inner Pack Quantity,<p>1</p>,Country Of Origin,<p>MM</p>,Standards,<ul><li>ANSI/ISEA 107 TYPE R CLASS 3</li><li>EN ISO 14116 Index 1  /5H/40</li><li>EN 1149 -5</li><li>EN 13034 Type 6</li><li>EN ISO 20471 Class 3</li><li>EN 343 Class 3:1</li></ul>,,,,
FR44,Variant,,"This lightweight waterproof and windproof coat offers excellent protection in harsh or foul weather conditions. Features of the coat include heat applied flame resistant reflective tape, zipper storm flap front closure and a pack away adjustable hood.",https://d11ak7fd9ypfb7.cloudfront.net/styles1100px/FR44YER.jpg,,0.0,TRUE,InStock,0.999,,FR44YER5XL,,,,Size,DROP_DOWN,5XL,Color,DROP_DOWN,Yellow,,,,,,,,,,,,,Fit,<p>R</p>,Length,<p>65</p>,Width,<p>45</p>,Height,<p>39</p>,Box Quantity,<p>18</p>,Inner Pack Quantity,<p>1</p>,Country Of Origin,<p>MM</p>,Standards,<ul><li>ANSI/ISEA 107 TYPE R CLASS 3</li><li>EN ISO 14116 Index 1  /5H/40</li><li>EN 1149 -5</li><li>EN 13034 Type 6</li><li>EN ISO 20471 Class 3</li><li>EN 343 Class 3:1</li></ul>,,,,
FR44,Variant,,"This lightweight waterproof and windproof coat offers excellent protection in harsh or foul weather conditions. Features of the coat include heat applied flame resistant reflective tape, zipper storm flap front closure and a pack away adjustable hood.",https://d11ak7fd9ypfb7.cloudfront.net/styles1100px/FR44YER.jpg,,0.0,TRUE,InStock,0.999,,FR44YER6XL,,,,Size,DROP_DOWN,6XL,Color,DROP_DOWN,Yellow,,,,,,,,,,,,,Fit,<p>R</p>,Length,<p>65</p>,Width,<p>45</p>,Height,<p>39</p>,Box Quantity,<p>18</p>,Inner Pack Quantity,<p>1</p>,Country Of Origin,<p>MM</p>,Standards,<ul><li>ANSI/ISEA 107 TYPE R CLASS 3</li><li>EN ISO 14116 Index 1  /5H/40</li><li>EN 1149 -5</li><li>EN 13034 Type 6</li><li>EN ISO 20471 Class 3</li><li>EN 343 Class 3:1</li></ul>,,,,
FR44,Variant,,"This lightweight waterproof and windproof coat offers excellent protection in harsh or foul weather conditions. Features of the coat include heat applied flame resistant reflective tape, zipper storm flap front closure and a pack away adjustable hood.",https://d11ak7fd9ypfb7.cloudfront.net/styles1100px/FR44YER.jpg,,0.0,TRUE,InStock,1.3,,FR44YERL,,,,Size,DROP_DOWN,L,Color,DROP_DOWN,Yellow,,,,,,,,,,,,,Fit,<p>R</p>,Length,<p>65</p>,Width,<p>45</p>,Height,<p>39</p>,Box Quantity,<p>18</p>,Inner Pack Quantity,<p>1</p>,Country Of Origin,<p>MM</p>,Standards,<ul><li>ANSI/ISEA 107 TYPE R CLASS 3</li><li>EN ISO 14116 Index 1  /5H/40</li><li>EN 1149 -5</li><li>EN 13034 Type 6</li><li>EN ISO 20471 Class 3</li><li>EN 343 Class 3:1</li></ul>,,,,
FR44,Variant,,"This lightweight waterproof and windproof coat offers excellent protection in harsh or foul weather conditions. Features of the coat include heat applied flame resistant reflective tape, zipper storm flap front closure and a pack away adjustable hood.",https://d11ak7fd9ypfb7.cloudfront.net/styles1100px/FR44YER.jpg,,0.0,TRUE,InStock,0.999,,FR44YERM,,,,Size,DROP_DOWN,M,Color,DROP_DOWN,Yellow,,,,,,,,,,,,,Fit,<p>R</p>,Length,<p>65</p>,Width,<p>45</p>,Height,<p>39</p>,Box Quantity,<p>18</p>,Inner Pack Quantity,<p>1</p>,Country Of Origin,<p>MM</p>,Standards,<ul><li>ANSI/ISEA 107 TYPE R CLASS 3</li><li>EN ISO 14116 Index 1  /5H/40</li><li>EN 1149 -5</li><li>EN 13034 Type 6</li><li>EN ISO 20471 Class 3</li><li>EN 343 Class 3:1</li></ul>,,,,
FR44,Variant,,"This lightweight waterproof and windproof coat offers excellent protection in harsh or foul weather conditions. Features of the coat include heat applied flame resistant reflective tape, zipper storm flap front closure and a pack away adjustable hood.",https://d11ak7fd9ypfb7.cloudfront.net/styles1100px/FR44YER.jpg,,0.0,TRUE,InStock,0.999,,FR44YERS,,,,Size,DROP_DOWN,S,Color,DROP_DOWN,Yellow,,,,,,,,,,,,,Fit,<p>R</p>,Length,<p>65</p>,Width,<p>45</p>,Height,<p>39</p>,Box Quantity,<p>18</p>,Inner Pack Quantity,<p>1</p>,Country Of Origin,<p>MM</p>,Standards,<ul><li>ANSI/ISEA 107 TYPE R CLASS 3</li><li>EN ISO 14116 Index 1  /5H/40</li><li>EN 1149 -5</li><li>EN 13034 Type 6</li><li>EN ISO 20471 Class 3</li><li>EN 343 Class 3:1</li></ul>,,,,
FR44,Variant,,"This lightweight waterproof and windproof coat offers excellent protection in harsh or foul weather conditions. Features of the coat include heat applied flame resistant reflective tape, zipper storm flap front closure and a pack away adjustable hood.",https://d11ak7fd9ypfb7.cloudfront.net/styles1100px/FR44YER.jpg,,0.0,TRUE,InStock,0.999,,FR44YERXL,,,,Size,DROP_DOWN,XL,Color,DROP_DOWN,Yellow,,,,,,,,,,,,,Fit,<p>R</p>,Length,<p>65</p>,Width,<p>45</p>,Height,<p>39</p>,Box Quantity,<p>18</p>,Inner Pack Quantity,<p>1</p>,Country Of Origin,<p>MM</p>,Standards,<ul><li>ANSI/ISEA 107 TYPE R CLASS 3</li><li>EN ISO 14116 Index 1  /5H/40</li><li>EN 1149 -5</li><li>EN 13034 Type 6</li><li>EN ISO 20471 Class 3</li><li>EN 343 Class 3:1</li></ul>,,,,
FR44,Variant,,"This lightweight waterproof and windproof coat offers excellent protection in harsh or foul weather conditions. Features of the coat include heat applied flame resistant reflective tape, zipper storm flap front closure and a pack away adjustable hood.",https://d11ak7fd9ypfb7.cloudfront.net/styles1100px/FR44YER.jpg,,0.0,TRUE,InStock,0.999,,FR44YERXXL,,,,Size,DROP_DOWN,XXL,Color,DROP_DOWN,Yellow,,,,,,,,,,,,,Fit,<p>R</p>,Length,<p>65</p>,Width,<p>45</p>,Height,<p>39</p>,Box Quantity,<p>18</p>,Inner Pack Quantity,<p>1</p>,Country Of Origin,<p>MM</p>,Standards,<ul><li>ANSI/ISEA 107 TYPE R CLASS 3</li><li>EN ISO 14116 Index 1  /5H/40</li><li>EN 1149 -5</li><li>EN 13034 Type 6</li><li>EN ISO 20471 Class 3</li><li>EN 343 Class 3:1</li></ul>,,,,
FR44,Variant,,"This lightweight waterproof and windproof coat offers excellent protection in harsh or foul weather conditions. Features of the coat include heat applied flame resistant reflective tape, zipper storm flap front closure and a pack away adjustable hood.",https://d11ak7fd9ypfb7.cloudfront.net/styles1100px/FR44YER.jpg,,0.0,TRUE,InStock,0.999,,FR44YERXXXL,,,,Size,DROP_DOWN,XXXL,Color,DROP_DOWN,Yellow,,,,,,,,,,,,,Fit,<p>R</p>,Length,<p>65</p>,Width,<p>45</p>,Height,<p>39</p>,Box Quantity,<p>18</p>,Inner Pack Quantity,<p>1</p>,Country Of Origin,<p>MM</p>,Standards,<ul><li>ANSI/ISEA 107 TYPE R CLASS 3</li><li>EN ISO 14116 Index 1  /5H/40</li><li>EN 1149 -5</li><li>EN 13034 Type 6</li><li>EN ISO 20471 Class 3</li><li>EN 343 Class 3:1</li></ul>,,,,
FR504,Product,FR504 - ,,https://d11ak7fd9ypfb7.cloudfront.net/styles1100px/FR504NAR.jpg,121.9,0.0,TRUE,InStock,0.999,,FR504NARL,,,,Size,DROP_DOWN,XS;S;M;L;XL;XXL,Color,DROP_DOWN,Navy,,,,,,,,,,,,,Fit,<p>R</p>,Length,<p>65</p>,Width,<p>45</p>,Height,<p>30</p>,Box Quantity,<p>18</p>,Inner Pack Quantity,<p>1</p>,Country Of Origin,<p>BD</p>,Standards,<p></p>,,,,
FR504,Variant,,,https://d11ak7fd9ypfb7.cloudfront.net/styles1100px/FR504NAR.jpg,,0.0,TRUE,InStock,0.999,,FR504NARL,,,,Size,DROP_DOWN,L,Color,DROP_DOWN,Navy,,,,,,,,,,,,,Fit,<p>R</p>,Length,<p>65</p>,Width,<p>45</p>,Height,<p>30</p>,Box Quantity,<p>18</p>,Inner Pack Quantity,<p>1</p>,Country Of Origin,<p>BD</p>,Standards,<p></p>,,,,
FR504,Variant,,,https://d11ak7fd9ypfb7.cloudfront.net/styles1100px/FR504NAR.jpg,,0.0,TRUE,InStock,0.999,,FR504NARM,,,,Size,DROP_DOWN,M,Color,DROP_DOWN,Navy,,,,,,,,,,,,,Fit,<p>R</p>,Length,<p>65</p>,Width,<p>45</p>,Height,<p>30</p>,Box Quantity,<p>18</p>,Inner Pack Quantity,<p>1</p>,Country Of Origin,<p>BD</p>,Standards,<p></p>,,,,
FR504,Variant,,,https://d11ak7fd9ypfb7.cloudfront.net/styles1100px/FR504NAR.jpg,,0.0,TRUE,InStock,0.999,,FR504NARS,,,,Size,DROP_DOWN,S,Color,DROP_DOWN,Navy,,,,,,,,,,,,,Fit,<p>R</p>,Length,<p>65</p>,Width,<p>45</p>,Height,<p>30</p>,Box Quantity,<p>18</p>,Inner Pack Quantity,<p>1</p>,Country Of Origin,<p>BD</p>,Standards,<p></p>,,,,
FR504,Variant,,,https://d11ak7fd9ypfb7.cloudfront.net/styles1100px/FR504NAR.jpg,,0.0,TRUE,InStock,0.999,,FR504NARXL,,,,Size,DROP_DOWN,XL,Color,DROP_DOWN,Navy,,,,,,,,,,,,,Fit,<p>R</p>,Length,<p>65</p>,Width,<p>45</p>,Height,<p>30</p>,Box Quantity,<p>18</p>,Inner Pack Quantity,<p>1</p>,Country Of Origin,<p>BD</p>,Standards,<p></p>,,,,
FR504,Variant,,,https://d11ak7fd9ypfb7.cloudfront.net/styles1100px/FR504NAR.jpg,,0.0,TRUE,InStock,0.999,,FR504NARXS,,,,Size,DROP_DOWN,XS,Color,DROP_DOWN,Navy,,,,,,,,,,,,,Fit,<p>R</p>,Length,<p>65</p>,Width,<p>45</p>,Height,<p>30</p>,Box Quantity,<p>18</p>,Inner Pack Quantity,<p>1</p>,Country Of Origin,<p>BD</p>,Standards,<p></p>,,,,
FR504,Variant,,,https://d11ak7fd9ypfb7.cloudfront.net/styles1100px/FR504NAR.jpg,,0.0,TRUE,InStock,0.999,,FR504NARXXL,,,,Size,DROP_DOWN,XXL,Color,DROP_DOWN,Navy,,,,,,,,,,,,,Fit,<p>R</p>,Length,<p>65</p>,Width,<p>45</p>,Height,<p>30</p>,Box Quantity,<p>18</p>,Inner Pack Quantity,<p>1</p>,Country Of Origin,<p>BD</p>,Standards,<p></p>,,,,
FR505,Product,FR505 - ,,https://d11ak7fd9ypfb7.cloudfront.net/styles1100px/FR505NAR.jpg,165.0,0.0,TRUE,InStock,0.999,,FR505NAR4XL,,,,Size,DROP_DOWN,S;M;L;XL;XXL;XXXL;4XL;5XL;6XL,Color,DROP_DOWN,Navy,,,,,,,,,,,,,Fit,<p>R</p>,Length,<p>65</p>,Width,<p>45</p>,Height,<p>33</p>,Box Quantity,<p>8</p>,Inner Pack Quantity,<p>1</p>,Country Of Origin,<p>BD</p>,Standards,<p></p>,,,,
FR505,Variant,,,https://d11ak7fd9ypfb7.cloudfront.net/styles1100px/FR505NAR.jpg,,0.0,TRUE,InStock,0.999,,FR505NAR4XL,,,,Size,DROP_DOWN,4XL,Color,DROP_DOWN,Navy,,,,,,,,,,,,,Fit,<p>R</p>,Length,<p>65</p>,Width,<p>45</p>,Height,<p>33</p>,Box Quantity,<p>8</p>,Inner Pack Quantity,<p>1</p>,Country Of Origin,<p>BD</p>,Standards,<p></p>,,,,
FR505,Variant,,,https://d11ak7fd9ypfb7.cloudfront.net/styles1100px/FR505NAR.jpg,,0.0,TRUE,InStock,0.999,,FR505NAR5XL,,,,Size,DROP_DOWN,5XL,Color,DROP_DOWN,Navy,,,,,,,,,,,,,Fit,<p>R</p>,Length,<p>65</p>,Width,<p>45</p>,Height,<p>33</p>,Box Quantity,<p>8</p>,Inner Pack Quantity,<p>1</p>,Country Of Origin,<p>BD</p>,Standards,<p></p>,,,,
FR505,Variant,,,https://d11ak7fd9ypfb7.cloudfront.net/styles1100px/FR505NAR.jpg,,0.0,TRUE,InStock,0.999,,FR505NAR6XL,,,,Size,DROP_DOWN,6XL,Color,DROP_DOWN,Navy,,,,,,,,,,,,,Fit,<p>R</p>,Length,<p>65</p>,Width,<p>45</p>,Height,<p>33</p>,Box Quantity,<p>8</p>,Inner Pack Quantity,<p>1</p>,Country Of Origin,<p>BD</p>,Standards,<p></p>,,,,
FR505,Variant,,,https://d11ak7fd9ypfb7.cloudfront.net/styles1100px/FR505NAR.jpg,,0.0,TRUE,InStock,0.999,,FR505NARL,,,,Size,DROP_DOWN,L,Color,DROP_DOWN,Navy,,,,,,,,,,,,,Fit,<p>R</p>,Length,<p>65</p>,Width,<p>45</p>,Height,<p>33</p>,Box Quantity,<p>8</p>,Inner Pack Quantity,<p>1</p>,Country Of Origin,<p>BD</p>,Standards,<p></p>,,,,
FR505,Variant,,,https://d11ak7fd9ypfb7.cloudfront.net/styles1100px/FR505NAR.jpg,,0.0,TRUE,InStock,0.999,,FR505NARM,,,,Size,DROP_DOWN,M,Color,DROP_DOWN,Navy,,,,,,,,,,,,,Fit,<p>R</p>,Length,<p>65</p>,Width,<p>45</p>,Height,<p>33</p>,Box Quantity,<p>8</p>,Inner Pack Quantity,<p>1</p>,Country Of Origin,<p>BD</p>,Standards,<p></p>,,,,
FR505,Variant,,,https://d11ak7fd9ypfb7.cloudfront.net/styles1100px/FR505NAR.jpg,,0.0,TRUE,InStock,0.999,,FR505NARS,,,,Size,DROP_DOWN,S,Color,DROP_DOWN,Navy,,,,,,,,,,,,,Fit,<p>R</p>,Length,<p>65</p>,Width,<p>45</p>,Height,<p>33</p>,Box Quantity,<p>8</p>,Inner Pack Quantity,<p>1</p>,Country Of Origin,<p>BD</p>,Standards,<p></p>,,,,
FR505,Variant,,,https://d11ak7fd9ypfb7.cloudfront.net/styles1100px/FR505NAR.jpg,,0.0,TRUE,InStock,0.999,,FR505NARXL,,,,Size,DROP_DOWN,XL,Color,DROP_DOWN,Navy,,,,,,,,,,,,,Fit,<p>R</p>,Length,<p>65</p>,Width,<p>45</p>,Height,<p>33</p>,Box Quantity,<p>8</p>,Inner Pack Quantity,<p>1</p>,Country Of Origin,<p>BD</p>,Standards,<p></p>,,,,
FR505,Variant,,,https://d11ak7fd9ypfb7.cloudfront.net/styles1100px/FR505NAR.jpg,,0.0,TRUE,InStock,0.999,,FR505NARXXL,,,,Size,DROP_DOWN,XXL,Color,DROP_DOWN,Navy,,,,,,,,,,,,,Fit,<p>R</p>,Length,<p>65</p>,Width,<p>45</p>,Height,<p>33</p>,Box Quantity,<p>8</p>,Inner Pack Quantity,<p>1</p>,Country Of Origin,<p>BD</p>,Standards,<p></p>,,,,
FR505,Variant,,,https://d11ak7fd9ypfb7.cloudfront.net/styles1100px/FR505NAR.jpg,,0.0,TRUE,InStock,0.999,,FR505NARXXXL,,,,Size,DROP_DOWN,XXXL,Color,DROP_DOWN,Navy,,,,,,,,,,,,,Fit,<p>R</p>,Length,<p>65</p>,Width,<p>45</p>,Height,<p>33</p>,Box Quantity,<p>8</p>,Inner Pack Quantity,<p>1</p>,Country Of Origin,<p>BD</p>,Standards,<p></p>,,,,
FR54,Product,FR54 - FR Stretch Denim Jean,Made from stretch cotton denim for maximum flexibility and durability. The jean has dual hazard protection and multiple pockets. The wide leg of the pants fits comfortable over work boots.,https://d11ak7fd9ypfb7.cloudfront.net/styles1100px/FR54INR.jpg,73.9,0.0,TRUE,InStock,0.999,,FR54INR30,,,,Size,DROP_DOWN,30;32;34;36;38;40;42;44;46;48;50;52,Color,DROP_DOWN,Indigo Tall;Indigo Short;Indigo,,,,,,,,,,,,,Fit,<p>R</p>,Length,<p>43</p>,Width,<p>28</p>,Height,<p>48</p>,Box Quantity,<p>24</p>,Inner Pack Quantity,<p>1</p>,Country Of Origin,<p>CN</p>,Standards,<ul><li>NFPA® 2112</li><li>NFPA® 70E</li><li>ASTM F1506-10a</li><li>ASTM F1959/F1959M-14e1   ATPV 14 CAL/CM2 (HAF 84.8%)</li></ul>,,,,
FR54,Variant,,Made from stretch cotton denim for maximum flexibility and durability. The jean has dual hazard protection and multiple pockets. The wide leg of the pants fits comfortable over work boots.,https://d11ak7fd9ypfb7.cloudfront.net/styles1100px/FR54INR.jpg,,0.0,TRUE,InStock,0.999,,FR54INR30,,,,Size,DROP_DOWN,30,Color,DROP_DOWN,Indigo,,,,,,,,,,,,,Fit,<p>R</p>,Length,<p>43</p>,Width,<p>28</p>,Height,<p>48</p>,Box Quantity,<p>24</p>,Inner Pack Quantity,<p>1</p>,Country Of Origin,<p>CN</p>,Standards,<ul><li>NFPA® 2112</li><li>NFPA® 70E</li><li>ASTM F1506-10a</li><li>ASTM F1959/F1959M-14e1   ATPV 14 CAL/CM2 (HAF 84.8%)</li></ul>,,,,
FR54,Variant,,Made from stretch cotton denim for maximum flexibility and durability. The jean has dual hazard protection and multiple pockets. The wide leg of the pants fits comfortable over work boots.,https://d11ak7fd9ypfb7.cloudfront.net/styles1100px/FR54INR.jpg,,0.0,TRUE,InStock,0.999,,FR54INR32,,,,Size,DROP_DOWN,32,Color,DROP_DOWN,Indigo,,,,,,,,,,,,,Fit,<p>R</p>,Length,<p>43</p>,Width,<p>28</p>,Height,<p>48</p>,Box Quantity,<p>24</p>,Inner Pack Quantity,<p>1</p>,Country Of Origin,<p>CN</p>,Standards,<ul><li>NFPA® 2112</li><li>NFPA® 70E</li><li>ASTM F1506-10a</li><li>ASTM F1959/F1959M-14e1   ATPV 14 CAL/CM2 (HAF 84.8%)</li></ul>,,,,
FR54,Variant,,Made from stretch cotton denim for maximum flexibility and durability. The jean has dual hazard protection and multiple pockets. The wide leg of the pants fits comfortable over work boots.,https://d11ak7fd9ypfb7.cloudfront.net/styles1100px/FR54INR.jpg,,0.0,TRUE,InStock,0.999,,FR54INR34,,,,Size,DROP_DOWN,34,Color,DROP_DOWN,Indigo,,,,,,,,,,,,,Fit,<p>R</p>,Length,<p>43</p>,Width,<p>28</p>,Height,<p>48</p>,Box Quantity,<p>24</p>,Inner Pack Quantity,<p>1</p>,Country Of Origin,<p>CN</p>,Standards,<ul><li>NFPA® 2112</li><li>NFPA® 70E</li><li>ASTM F1506-10a</li><li>ASTM F1959/F1959M-14e1   ATPV 14 CAL/CM2 (HAF 84.8%)</li></ul>,,,,
FR54,Variant,,Made from stretch cotton denim for maximum flexibility and durability. The jean has dual hazard protection and multiple pockets. The wide leg of the pants fits comfortable over work boots.,https://d11ak7fd9ypfb7.cloudfront.net/styles1100px/FR54INR.jpg,,0.0,TRUE,InStock,0.999,,FR54INR36,,,,Size,DROP_DOWN,36,Color,DROP_DOWN,Indigo,,,,,,,,,,,,,Fit,<p>R</p>,Length,<p>43</p>,Width,<p>28</p>,Height,<p>48</p>,Box Quantity,<p>24</p>,Inner Pack Quantity,<p>1</p>,Country Of Origin,<p>CN</p>,Standards,<ul><li>NFPA® 2112</li><li>NFPA® 70E</li><li>ASTM F1506-10a</li><li>ASTM F1959/F1959M-14e1   ATPV 14 CAL/CM2 (HAF 84.8%)</li></ul>,,,,
FR54,Variant,,Made from stretch cotton denim for maximum flexibility and durability. The jean has dual hazard protection and multiple pockets. The wide leg of the pants fits comfortable over work boots.,https://d11ak7fd9ypfb7.cloudfront.net/styles1100px/FR54INR.jpg,,0.0,TRUE,InStock,0.999,,FR54INR38,,,,Size,DROP_DOWN,38,Color,DROP_DOWN,Indigo,,,,,,,,,,,,,Fit,<p>R</p>,Length,<p>43</p>,Width,<p>28</p>,Height,<p>48</p>,Box Quantity,<p>24</p>,Inner Pack Quantity,<p>1</p>,Country Of Origin,<p>CN</p>,Standards,<ul><li>NFPA® 2112</li><li>NFPA® 70E</li><li>ASTM F1506-10a</li><li>ASTM F1959/F1959M-14e1   ATPV 14 CAL/CM2 (HAF 84.8%)</li></ul>,,,,
FR54,Variant,,Made from stretch cotton denim for maximum flexibility and durability. The jean has dual hazard protection and multiple pockets. The wide leg of the pants fits comfortable over work boots.,https://d11ak7fd9ypfb7.cloudfront.net/styles1100px/FR54INR.jpg,,0.0,TRUE,InStock,0.999,,FR54INR40,,,,Size,DROP_DOWN,40,Color,DROP_DOWN,Indigo,,,,,,,,,,,,,Fit,<p>R</p>,Length,<p>43</p>,Width,<p>28</p>,Height,<p>48</p>,Box Quantity,<p>24</p>,Inner Pack Quantity,<p>1</p>,Country Of Origin,<p>CN</p>,Standards,<ul><li>NFPA® 2112</li><li>NFPA® 70E</li><li>ASTM F1506-10a</li><li>ASTM F1959/F1959M-14e1   ATPV 14 CAL/CM2 (HAF 84.8%)</li></ul>,,,,
FR54,Variant,,Made from stretch cotton denim for maximum flexibility and durability. The jean has dual hazard protection and multiple pockets. The wide leg of the pants fits comfortable over work boots.,https://d11ak7fd9ypfb7.cloudfront.net/styles1100px/FR54INR.jpg,,0.0,TRUE,InStock,0.999,,FR54INR42,,,,Size,DROP_DOWN,42,Color,DROP_DOWN,Indigo,,,,,,,,,,,,,Fit,<p>R</p>,Length,<p>43</p>,Width,<p>28</p>,Height,<p>48</p>,Box Quantity,<p>24</p>,Inner Pack Quantity,<p>1</p>,Country Of Origin,<p>CN</p>,Standards,<ul><li>NFPA® 2112</li><li>NFPA® 70E</li><li>ASTM F1506-10a</li><li>ASTM F1959/F1959M-14e1   ATPV 14 CAL/CM2 (HAF 84.8%)</li></ul>,,,,
FR54,Variant,,Made from stretch cotton denim for maximum flexibility and durability. The jean has dual hazard protection and multiple pockets. The wide leg of the pants fits comfortable over work boots.,https://d11ak7fd9ypfb7.cloudfront.net/styles1100px/FR54INR.jpg,,0.0,TRUE,InStock,0.999,,FR54INR44,,,,Size,DROP_DOWN,44,Color,DROP_DOWN,Indigo,,,,,,,,,,,,,Fit,<p>R</p>,Length,<p>43</p>,Width,<p>28</p>,Height,<p>48</p>,Box Quantity,<p>24</p>,Inner Pack Quantity,<p>1</p>,Country Of Origin,<p>CN</p>,Standards,<ul><li>NFPA® 2112</li><li>NFPA® 70E</li><li>ASTM F1506-10a</li><li>ASTM F1959/F1959M-14e1   ATPV 14 CAL/CM2 (HAF 84.8%)</li></ul>,,,,
FR54,Variant,,Made from stretch cotton denim for maximum flexibility and durability. The jean has dual hazard protection and multiple pockets. The wide leg of the pants fits comfortable over work boots.,https://d11ak7fd9ypfb7.cloudfront.net/styles1100px/FR54INR.jpg,,0.0,TRUE,InStock,0.999,,FR54INR46,,,,Size,DROP_DOWN,46,Color,DROP_DOWN,Indigo,,,,,,,,,,,,,Fit,<p>R</p>,Length,<p>43</p>,Width,<p>28</p>,Height,<p>48</p>,Box Quantity,<p>24</p>,Inner Pack Quantity,<p>1</p>,Country Of Origin,<p>CN</p>,Standards,<ul><li>NFPA® 2112</li><li>NFPA® 70E</li><li>ASTM F1506-10a</li><li>ASTM F1959/F1959M-14e1   ATPV 14 CAL/CM2 (HAF 84.8%)</li></ul>,,,,
FR54,Variant,,Made from stretch cotton denim for maximum flexibility and durability. The jean has dual hazard protection and multiple pockets. The wide leg of the pants fits comfortable over work boots.,https://d11ak7fd9ypfb7.cloudfront.net/styles1100px/FR54INR.jpg,,0.0,TRUE,InStock,0.999,,FR54INR48,,,,Size,DROP_DOWN,48,Color,DROP_DOWN,Indigo,,,,,,,,,,,,,Fit,<p>R</p>,Length,<p>43</p>,Width,<p>28</p>,Height,<p>48</p>,Box Quantity,<p>24</p>,Inner Pack Quantity,<p>1</p>,Country Of Origin,<p>CN</p>,Standards,<ul><li>NFPA® 2112</li><li>NFPA® 70E</li><li>ASTM F1506-10a</li><li>ASTM F1959/F1959M-14e1   ATPV 14 CAL/CM2 (HAF 84.8%)</li></ul>,,,,
FR54,Variant,,Made from stretch cotton denim for maximum flexibility and durability. The jean has dual hazard protection and multiple pockets. The wide leg of the pants fits comfortable over work boots.,https://d11ak7fd9ypfb7.cloudfront.net/styles1100px/FR54INR.jpg,,0.0,TRUE,InStock,0.999,,FR54INR50,,,,Size,DROP_DOWN,50,Color,DROP_DOWN,Indigo,,,,,,,,,,,,,Fit,<p>R</p>,Length,<p>43</p>,Width,<p>28</p>,Height,<p>48</p>,Box Quantity,<p>24</p>,Inner Pack Quantity,<p>1</p>,Country Of Origin,<p>CN</p>,Standards,<ul><li>NFPA® 2112</li><li>NFPA® 70E</li><li>ASTM F1506-10a</li><li>ASTM F1959/F1959M-14e1   ATPV 14 CAL/CM2 (HAF 84.8%)</li></ul>,,,,
FR54,Variant,,Made from stretch cotton denim for maximum flexibility and durability. The jean has dual hazard protection and multiple pockets. The wide leg of the pants fits comfortable over work boots.,https://d11ak7fd9ypfb7.cloudfront.net/styles1100px/FR54INR.jpg,,0.0,TRUE,InStock,0.999,,FR54INR52,,,,Size,DROP_DOWN,52,Color,DROP_DOWN,Indigo,,,,,,,,,,,,,Fit,<p>R</p>,Length,<p>43</p>,Width,<p>28</p>,Height,<p>48</p>,Box Quantity,<p>24</p>,Inner Pack Quantity,<p>1</p>,Country Of Origin,<p>CN</p>,Standards,<ul><li>NFPA® 2112</li><li>NFPA® 70E</li><li>ASTM F1506-10a</li><li>ASTM F1959/F1959M-14e1   ATPV 14 CAL/CM2 (HAF 84.8%)</li></ul>,,,,
FR54,Variant,,Made from stretch cotton denim for maximum flexibility and durability. The jean has dual hazard protection and multiple pockets. The wide leg of the pants fits comfortable over work boots.,https://d11ak7fd9ypfb7.cloudfront.net/styles1100px/FR54INS.jpg,,0.0,TRUE,InStock,0.999,,FR54INS30,,,,Size,DROP_DOWN,30,Color,DROP_DOWN,Indigo Short,,,,,,,,,,,,,Fit,<p>S</p>,Length,<p>43</p>,Width,<p>28</p>,Height,<p>48</p>,Box Quantity,<p>24</p>,Inner Pack Quantity,<p>1</p>,Country Of Origin,<p>CN</p>,Standards,<ul><li>NFPA® 2112</li><li>NFPA® 70E</li><li>ASTM F1506-10a</li><li>ASTM F1959/F1959M-14e1   ATPV 14 CAL/CM2 (HAF 84.8%)</li></ul>,,,,
FR54,Variant,,Made from stretch cotton denim for maximum flexibility and durability. The jean has dual hazard protection and multiple pockets. The wide leg of the pants fits comfortable over work boots.,https://d11ak7fd9ypfb7.cloudfront.net/styles1100px/FR54INS.jpg,,0.0,TRUE,InStock,0.999,,FR54INS32,,,,Size,DROP_DOWN,32,Color,DROP_DOWN,Indigo Short,,,,,,,,,,,,,Fit,<p>S</p>,Length,<p>43</p>,Width,<p>28</p>,Height,<p>48</p>,Box Quantity,<p>24</p>,Inner Pack Quantity,<p>1</p>,Country Of Origin,<p>CN</p>,Standards,<ul><li>NFPA® 2112</li><li>NFPA® 70E</li><li>ASTM F1506-10a</li><li>ASTM F1959/F1959M-14e1   ATPV 14 CAL/CM2 (HAF 84.8%)</li></ul>,,,,
FR54,Variant,,Made from stretch cotton denim for maximum flexibility and durability. The jean has dual hazard protection and multiple pockets. The wide leg of the pants fits comfortable over work boots.,https://d11ak7fd9ypfb7.cloudfront.net/styles1100px/FR54INS.jpg,,0.0,TRUE,InStock,0.999,,FR54INS34,,,,Size,DROP_DOWN,34,Color,DROP_DOWN,Indigo Short,,,,,,,,,,,,,Fit,<p>S</p>,Length,<p>43</p>,Width,<p>28</p>,Height,<p>48</p>,Box Quantity,<p>24</p>,Inner Pack Quantity,<p>1</p>,Country Of Origin,<p>CN</p>,Standards,<ul><li>NFPA® 2112</li><li>NFPA® 70E</li><li>ASTM F1506-10a</li><li>ASTM F1959/F1959M-14e1   ATPV 14 CAL/CM2 (HAF 84.8%)</li></ul>,,,,
FR54,Variant,,Made from stretch cotton denim for maximum flexibility and durability. The jean has dual hazard protection and multiple pockets. The wide leg of the pants fits comfortable over work boots.,https://d11ak7fd9ypfb7.cloudfront.net/styles1100px/FR54INS.jpg,,0.0,TRUE,InStock,0.999,,FR54INS36,,,,Size,DROP_DOWN,36,Color,DROP_DOWN,Indigo Short,,,,,,,,,,,,,Fit,<p>S</p>,Length,<p>43</p>,Width,<p>28</p>,Height,<p>48</p>,Box Quantity,<p>24</p>,Inner Pack Quantity,<p>1</p>,Country Of Origin,<p>CN</p>,Standards,<ul><li>NFPA® 2112</li><li>NFPA® 70E</li><li>ASTM F1506-10a</li><li>ASTM F1959/F1959M-14e1   ATPV 14 CAL/CM2 (HAF 84.8%)</li></ul>,,,,
FR54,Variant,,Made from stretch cotton denim for maximum flexibility and durability. The jean has dual hazard protection and multiple pockets. The wide leg of the pants fits comfortable over work boots.,https://d11ak7fd9ypfb7.cloudfront.net/styles1100px/FR54INS.jpg,,0.0,TRUE,InStock,0.999,,FR54INS38,,,,Size,DROP_DOWN,38,Color,DROP_DOWN,Indigo Short,,,,,,,,,,,,,Fit,<p>S</p>,Length,<p>43</p>,Width,<p>28</p>,Height,<p>48</p>,Box Quantity,<p>24</p>,Inner Pack Quantity,<p>1</p>,Country Of Origin,<p>CN</p>,Standards,<ul><li>NFPA® 2112</li><li>NFPA® 70E</li><li>ASTM F1506-10a</li><li>ASTM F1959/F1959M-14e1   ATPV 14 CAL/CM2 (HAF 84.8%)</li></ul>,,,,
FR54,Variant,,Made from stretch cotton denim for maximum flexibility and durability. The jean has dual hazard protection and multiple pockets. The wide leg of the pants fits comfortable over work boots.,https://d11ak7fd9ypfb7.cloudfront.net/styles1100px/FR54INT.jpg,,0.0,TRUE,InStock,0.999,,FR54INT32,,,,Size,DROP_DOWN,32,Color,DROP_DOWN,Indigo Tall,,,,,,,,,,,,,Fit,<p>T</p>,Length,<p>43</p>,Width,<p>28</p>,Height,<p>48</p>,Box Quantity,<p>24</p>,Inner Pack Quantity,<p>1</p>,Country Of Origin,<p>CN</p>,Standards,<ul><li>NFPA® 2112</li><li>NFPA® 70E</li><li>ASTM F1506-10a</li><li>ASTM F1959/F1959M-14e1   ATPV 14 CAL/CM2 (HAF 84.8%)</li></ul>,,,,
FR54,Variant,,Made from stretch cotton denim for maximum flexibility and durability. The jean has dual hazard protection and multiple pockets. The wide leg of the pants fits comfortable over work boots.,https://d11ak7fd9ypfb7.cloudfront.net/styles1100px/FR54INT.jpg,,0.0,TRUE,InStock,0.999,,FR54INT34,,,,Size,DROP_DOWN,34,Color,DROP_DOWN,Indigo Tall,,,,,,,,,,,,,Fit,<p>T</p>,Length,<p>43</p>,Width,<p>28</p>,Height,<p>48</p>,Box Quantity,<p>24</p>,Inner Pack Quantity,<p>1</p>,Country Of Origin,<p>CN</p>,Standards,<ul><li>NFPA® 2112</li><li>NFPA® 70E</li><li>ASTM F1506-10a</li><li>ASTM F1959/F1959M-14e1   ATPV 14 CAL/CM2 (HAF 84.8%)</li></ul>,,,,
FR54,Variant,,Made from stretch cotton denim for maximum flexibility and durability. The jean has dual hazard protection and multiple pockets. The wide leg of the pants fits comfortable over work boots.,https://d11ak7fd9ypfb7.cloudfront.net/styles1100px/FR54INT.jpg,,0.0,TRUE,InStock,0.999,,FR54INT36,,,,Size,DROP_DOWN,36,Color,DROP_DOWN,Indigo Tall,,,,,,,,,,,,,Fit,<p>T</p>,Length,<p>43</p>,Width,<p>28</p>,Height,<p>48</p>,Box Quantity,<p>24</p>,Inner Pack Quantity,<p>1</p>,Country Of Origin,<p>CN</p>,Standards,<ul><li>NFPA® 2112</li><li>NFPA® 70E</li><li>ASTM F1506-10a</li><li>ASTM F1959/F1959M-14e1   ATPV 14 CAL/CM2 (HAF 84.8%)</li></ul>,,,,
FR54,Variant,,Made from stretch cotton denim for maximum flexibility and durability. The jean has dual hazard protection and multiple pockets. The wide leg of the pants fits comfortable over work boots.,https://d11ak7fd9ypfb7.cloudfront.net/styles1100px/FR54INT.jpg,,0.0,TRUE,InStock,0.999,,FR54INT38,,,,Size,DROP_DOWN,38,Color,DROP_DOWN,Indigo Tall,,,,,,,,,,,,,Fit,<p>T</p>,Length,<p>43</p>,Width,<p>28</p>,Height,<p>48</p>,Box Quantity,<p>24</p>,Inner Pack Quantity,<p>1</p>,Country Of Origin,<p>CN</p>,Standards,<ul><li>NFPA® 2112</li><li>NFPA® 70E</li><li>ASTM F1506-10a</li><li>ASTM F1959/F1959M-14e1   ATPV 14 CAL/CM2 (HAF 84.8%)</li></ul>,,,,
FR54,Variant,,Made from stretch cotton denim for maximum flexibility and durability. The jean has dual hazard protection and multiple pockets. The wide leg of the pants fits comfortable over work boots.,https://d11ak7fd9ypfb7.cloudfront.net/styles1100px/FR54INT.jpg,,0.0,TRUE,InStock,0.999,,FR54INT40,,,,Size,DROP_DOWN,40,Color,DROP_DOWN,Indigo Tall,,,,,,,,,,,,,Fit,<p>T</p>,Length,<p>43</p>,Width,<p>28</p>,Height,<p>48</p>,Box Quantity,<p>24</p>,Inner Pack Quantity,<p>1</p>,Country Of Origin,<p>CN</p>,Standards,<ul><li>NFPA® 2112</li><li>NFPA® 70E</li><li>ASTM F1506-10a</li><li>ASTM F1959/F1959M-14e1   ATPV 14 CAL/CM2 (HAF 84.8%)</li></ul>,,,,
FR54,Variant,,Made from stretch cotton denim for maximum flexibility and durability. The jean has dual hazard protection and multiple pockets. The wide leg of the pants fits comfortable over work boots.,https://d11ak7fd9ypfb7.cloudfront.net/styles1100px/FR54INT.jpg,,0.0,TRUE,InStock,0.999,,FR54INT42,,,,Size,DROP_DOWN,42,Color,DROP_DOWN,Indigo Tall,,,,,,,,,,,,,Fit,<p>T</p>,Length,<p>43</p>,Width,<p>28</p>,Height,<p>48</p>,Box Quantity,<p>24</p>,Inner Pack Quantity,<p>1</p>,Country Of Origin,<p>CN</p>,Standards,<ul><li>NFPA® 2112</li><li>NFPA® 70E</li><li>ASTM F1506-10a</li><li>ASTM F1959/F1959M-14e1   ATPV 14 CAL/CM2 (HAF 84.8%)</li></ul>,,,,
FR54,Variant,,Made from stretch cotton denim for maximum flexibility and durability. The jean has dual hazard protection and multiple pockets. The wide leg of the pants fits comfortable over work boots.,https://d11ak7fd9ypfb7.cloudfront.net/styles1100px/FR54INT.jpg,,0.0,TRUE,InStock,0.999,,FR54INT44,,,,Size,DROP_DOWN,44,Color,DROP_DOWN,Indigo Tall,,,,,,,,,,,,,Fit,<p>T</p>,Length,<p>43</p>,Width,<p>28</p>,Height,<p>48</p>,Box Quantity,<p>24</p>,Inner Pack Quantity,<p>1</p>,Country Of Origin,<p>CN</p>,Standards,<ul><li>NFPA® 2112</li><li>NFPA® 70E</li><li>ASTM F1506-10a</li><li>ASTM F1959/F1959M-14e1   ATPV 14 CAL/CM2 (HAF 84.8%)</li></ul>,,,,
FR54,Variant,,Made from stretch cotton denim for maximum flexibility and durability. The jean has dual hazard protection and multiple pockets. The wide leg of the pants fits comfortable over work boots.,https://d11ak7fd9ypfb7.cloudfront.net/styles1100px/FR54INT.jpg,,0.0,TRUE,InStock,0.999,,FR54INT46,,,,Size,DROP_DOWN,46,Color,DROP_DOWN,Indigo Tall,,,,,,,,,,,,,Fit,<p>T</p>,Length,<p>43</p>,Width,<p>28</p>,Height,<p>48</p>,Box Quantity,<p>24</p>,Inner Pack Quantity,<p>1</p>,Country Of Origin,<p>CN</p>,Standards,<ul><li>NFPA® 2112</li><li>NFPA® 70E</li><li>ASTM F1506-10a</li><li>ASTM F1959/F1959M-14e1   ATPV 14 CAL/CM2 (HAF 84.8%)</li></ul>,,,,
FR54,Variant,,Made from stretch cotton denim for maximum flexibility and durability. The jean has dual hazard protection and multiple pockets. The wide leg of the pants fits comfortable over work boots.,https://d11ak7fd9ypfb7.cloudfront.net/styles1100px/FR54INT.jpg,,0.0,TRUE,InStock,0.999,,FR54INT48,,,,Size,DROP_DOWN,48,Color,DROP_DOWN,Indigo Tall,,,,,,,,,,,,,Fit,<p>T</p>,Length,<p>43</p>,Width,<p>28</p>,Height,<p>48</p>,Box Quantity,<p>24</p>,Inner Pack Quantity,<p>1</p>,Country Of Origin,<p>CN</p>,Standards,<ul><li>NFPA® 2112</li><li>NFPA® 70E</li><li>ASTM F1506-10a</li><li>ASTM F1959/F1959M-14e1   ATPV 14 CAL/CM2 (HAF 84.8%)</li></ul>,,,,
FR705,Product,FR705 - ,,https://d11ak7fd9ypfb7.cloudfront.net/styles1100px/FR705KHR.jpg,171.9,0.0,TRUE,InStock,0.999,,FR705KHR4XL,,,,Size,DROP_DOWN,S;M;L;XL;XXL;XXXL;4XL;5XL;6XL,Color,DROP_DOWN,Navy;Khaki,,,,,,,,,,,,,Fit,<p>R</p>,Length,<p>38</p>,Width,<p>31</p>,Height,<p>45</p>,Box Quantity,<p>24</p>,Inner Pack Quantity,<p>1</p>,Country Of Origin,<p>BD</p>,Standards,<p></p>,,,,
FR705,Variant,,,https://d11ak7fd9ypfb7.cloudfront.net/styles1100px/FR705KHR.jpg,,0.0,TRUE,InStock,0.999,,FR705KHR4XL,,,,Size,DROP_DOWN,4XL,Color,DROP_DOWN,Khaki,,,,,,,,,,,,,Fit,<p>R</p>,Length,<p>38</p>,Width,<p>31</p>,Height,<p>45</p>,Box Quantity,<p>24</p>,Inner Pack Quantity,<p>1</p>,Country Of Origin,<p>BD</p>,Standards,<p></p>,,,,
FR705,Variant,,,https://d11ak7fd9ypfb7.cloudfront.net/styles1100px/FR705KHR.jpg,,0.0,TRUE,InStock,0.999,,FR705KHR5XL,,,,Size,DROP_DOWN,5XL,Color,DROP_DOWN,Khaki,,,,,,,,,,,,,Fit,<p>R</p>,Length,<p>38</p>,Width,<p>31</p>,Height,<p>45</p>,Box Quantity,<p>24</p>,Inner Pack Quantity,<p>1</p>,Country Of Origin,<p>BD</p>,Standards,<p></p>,,,,
FR705,Variant,,,https://d11ak7fd9ypfb7.cloudfront.net/styles1100px/FR705KHR.jpg,,0.0,TRUE,InStock,0.999,,FR705KHR6XL,,,,Size,DROP_DOWN,6XL,Color,DROP_DOWN,Khaki,,,,,,,,,,,,,Fit,<p>R</p>,Length,<p>38</p>,Width,<p>31</p>,Height,<p>45</p>,Box Quantity,<p>24</p>,Inner Pack Quantity,<p>1</p>,Country Of Origin,<p>BD</p>,Standards,<p></p>,,,,
FR705,Variant,,,https://d11ak7fd9ypfb7.cloudfront.net/styles1100px/FR705KHR.jpg,,0.0,TRUE,InStock,0.999,,FR705KHRL,,,,Size,DROP_DOWN,L,Color,DROP_DOWN,Khaki,,,,,,,,,,,,,Fit,<p>R</p>,Length,<p>38</p>,Width,<p>31</p>,Height,<p>45</p>,Box Quantity,<p>24</p>,Inner Pack Quantity,<p>1</p>,Country Of Origin,<p>BD</p>,Standards,<p></p>,,,,
FR705,Variant,,,https://d11ak7fd9ypfb7.cloudfront.net/styles1100px/FR705KHR.jpg,,0.0,TRUE,InStock,0.999,,FR705KHRM,,,,Size,DROP_DOWN,M,Color,DROP_DOWN,Khaki,,,,,,,,,,,,,Fit,<p>R</p>,Length,<p>38</p>,Width,<p>31</p>,Height,<p>45</p>,Box Quantity,<p>24</p>,Inner Pack Quantity,<p>1</p>,Country Of Origin,<p>BD</p>,Standards,<p></p>,,,,
FR705,Variant,,,https://d11ak7fd9ypfb7.cloudfront.net/styles1100px/FR705KHR.jpg,,0.0,TRUE,InStock,0.999,,FR705KHRS,,,,Size,DROP_DOWN,S,Color,DROP_DOWN,Khaki,,,,,,,,,,,,,Fit,<p>R</p>,Length,<p>38</p>,Width,<p>31</p>,Height,<p>45</p>,Box Quantity,<p>24</p>,Inner Pack Quantity,<p>1</p>,Country Of Origin,<p>BD</p>,Standards,<p></p>,,,,
FR705,Variant,,,https://d11ak7fd9ypfb7.cloudfront.net/styles1100px/FR705KHR.jpg,,0.0,TRUE,InStock,0.999,,FR705KHRXL,,,,Size,DROP_DOWN,XL,Color,DROP_DOWN,Khaki,,,,,,,,,,,,,Fit,<p>R</p>,Length,<p>38</p>,Width,<p>31</p>,Height,<p>45</p>,Box Quantity,<p>24</p>,Inner Pack Quantity,<p>1</p>,Country Of Origin,<p>BD</p>,Standards,<p></p>,,,,
FR705,Variant,,,https://d11ak7fd9ypfb7.cloudfront.net/styles1100px/FR705KHR.jpg,,0.0,TRUE,InStock,0.999,,FR705KHRXXL,,,,Size,DROP_DOWN,XXL,Color,DROP_DOWN,Khaki,,,,,,,,,,,,,Fit,<p>R</p>,Length,<p>38</p>,Width,<p>31</p>,Height,<p>45</p>,Box Quantity,<p>24</p>,Inner Pack Quantity,<p>1</p>,Country Of Origin,<p>BD</p>,Standards,<p></p>,,,,
FR705,Variant,,,https://d11ak7fd9ypfb7.cloudfront.net/styles1100px/FR705KHR.jpg,,0.0,TRUE,InStock,0.999,,FR705KHRXXXL,,,,Size,DROP_DOWN,XXXL,Color,DROP_DOWN,Khaki,,,,,,,,,,,,,Fit,<p>R</p>,Length,<p>38</p>,Width,<p>31</p>,Height,<p>45</p>,Box Quantity,<p>24</p>,Inner Pack Quantity,<p>1</p>,Country Of Origin,<p>BD</p>,Standards,<p></p>,,,,
FR705,Variant,,,https://d11ak7fd9ypfb7.cloudfront.net/styles1100px/FR705NAR.jpg,,0.0,TRUE,InStock,0.999,,FR705NAR4XL,,,,Size,DROP_DOWN,4XL,Color,DROP_DOWN,Navy,,,,,,,,,,,,,Fit,<p>R</p>,Length,<p>38</p>,Width,<p>31</p>,Height,<p>45</p>,Box Quantity,<p>24</p>,Inner Pack Quantity,<p>1</p>,Country Of Origin,<p>BD</p>,Standards,<p></p>,,,,
FR705,Variant,,,https://d11ak7fd9ypfb7.cloudfront.net/styles1100px/FR705NAR.jpg,,0.0,TRUE,InStock,0.999,,FR705NAR5XL,,,,Size,DROP_DOWN,5XL,Color,DROP_DOWN,Navy,,,,,,,,,,,,,Fit,<p>R</p>,Length,<p>38</p>,Width,<p>31</p>,Height,<p>45</p>,Box Quantity,<p>24</p>,Inner Pack Quantity,<p>1</p>,Country Of Origin,<p>BD</p>,Standards,<p></p>,,,,
FR705,Variant,,,https://d11ak7fd9ypfb7.cloudfront.net/styles1100px/FR705NAR.jpg,,0.0,TRUE,InStock,0.999,,FR705NAR6XL,,,,Size,DROP_DOWN,6XL,Color,DROP_DOWN,Navy,,,,,,,,,,,,,Fit,<p>R</p>,Length,<p>38</p>,Width,<p>31</p>,Height,<p>45</p>,Box Quantity,<p>24</p>,Inner Pack Quantity,<p>1</p>,Country Of Origin,<p>BD</p>,Standards,<p></p>,,,,
FR705,Variant,,,https://d11ak7fd9ypfb7.cloudfront.net/styles1100px/FR705NAR.jpg,,0.0,TRUE,InStock,0.999,,FR705NARL,,,,Size,DROP_DOWN,L,Color,DROP_DOWN,Navy,,,,,,,,,,,,,Fit,<p>R</p>,Length,<p>38</p>,Width,<p>31</p>,Height,<p>45</p>,Box Quantity,<p>24</p>,Inner Pack Quantity,<p>1</p>,Country Of Origin,<p>BD</p>,Standards,<p></p>,,,,
FR705,Variant,,,https://d11ak7fd9ypfb7.cloudfront.net/styles1100px/FR705NAR.jpg,,0.0,TRUE,InStock,0.999,,FR705NARM,,,,Size,DROP_DOWN,M,Color,DROP_DOWN,Navy,,,,,,,,,,,,,Fit,<p>R</p>,Length,<p>38</p>,Width,<p>31</p>,Height,<p>45</p>,Box Quantity,<p>24</p>,Inner Pack Quantity,<p>1</p>,Country Of Origin,<p>BD</p>,Standards,<p></p>,,,,
FR705,Variant,,,https://d11ak7fd9ypfb7.cloudfront.net/styles1100px/FR705NAR.jpg,,0.0,TRUE,InStock,0.999,,FR705NARS,,,,Size,DROP_DOWN,S,Color,DROP_DOWN,Navy,,,,,,,,,,,,,Fit,<p>R</p>,Length,<p>38</p>,Width,<p>31</p>,Height,<p>45</p>,Box Quantity,<p>24</p>,Inner Pack Quantity,<p>1</p>,Country Of Origin,<p>BD</p>,Standards,<p></p>,,,,
FR705,Variant,,,https://d11ak7fd9ypfb7.cloudfront.net/styles1100px/FR705NAR.jpg,,0.0,TRUE,InStock,0.999,,FR705NARXL,,,,Size,DROP_DOWN,XL,Color,DROP_DOWN,Navy,,,,,,,,,,,,,Fit,<p>R</p>,Length,<p>38</p>,Width,<p>31</p>,Height,<p>45</p>,Box Quantity,<p>24</p>,Inner Pack Quantity,<p>1</p>,Country Of Origin,<p>BD</p>,Standards,<p></p>,,,,
FR705,Variant,,,https://d11ak7fd9ypfb7.cloudfront.net/styles1100px/FR705NAR.jpg,,0.0,TRUE,InStock,0.999,,FR705NARXXL,,,,Size,DROP_DOWN,XXL,Color,DROP_DOWN,Navy,,,,,,,,,,,,,Fit,<p>R</p>,Length,<p>38</p>,Width,<p>31</p>,Height,<p>45</p>,Box Quantity,<p>24</p>,Inner Pack Quantity,<p>1</p>,Country Of Origin,<p>BD</p>,Standards,<p></p>,,,,
FR705,Variant,,,https://d11ak7fd9ypfb7.cloudfront.net/styles1100px/FR705NAR.jpg,,0.0,TRUE,InStock,0.999,,FR705NARXXXL,,,,Size,DROP_DOWN,XXXL,Color,DROP_DOWN,Navy,,,,,,,,,,,,,Fit,<p>R</p>,Length,<p>38</p>,Width,<p>31</p>,Height,<p>45</p>,Box Quantity,<p>24</p>,Inner Pack Quantity,<p>1</p>,Country Of Origin,<p>BD</p>,Standards,<p></p>,,,,
FR706,Product,FR706 - ,,https://d11ak7fd9ypfb7.cloudfront.net/styles1100px/FR706NAR.jpg,89.9,0.0,TRUE,InStock,0.999,,FR706NAR4XL,,,,Size,DROP_DOWN,S;M;L;XL;XXL;XXXL;4XL;5XL;6XL,Color,DROP_DOWN,Navy,,,,,,,,,,,,,Fit,<p>R</p>,Length,<p>38</p>,Width,<p>31</p>,Height,<p>45</p>,Box Quantity,<p>24</p>,Inner Pack Quantity,<p>1</p>,Country Of Origin,<p>BD</p>,Standards,<p></p>,,,,
FR706,Variant,,,https://d11ak7fd9ypfb7.cloudfront.net/styles1100px/FR706NAR.jpg,,0.0,TRUE,InStock,0.999,,FR706NAR4XL,,,,Size,DROP_DOWN,4XL,Color,DROP_DOWN,Navy,,,,,,,,,,,,,Fit,<p>R</p>,Length,<p>38</p>,Width,<p>31</p>,Height,<p>45</p>,Box Quantity,<p>24</p>,Inner Pack Quantity,<p>1</p>,Country Of Origin,<p>BD</p>,Standards,<p></p>,,,,
FR706,Variant,,,https://d11ak7fd9ypfb7.cloudfront.net/styles1100px/FR706NAR.jpg,,0.0,TRUE,InStock,0.999,,FR706NAR5XL,,,,Size,DROP_DOWN,5XL,Color,DROP_DOWN,Navy,,,,,,,,,,,,,Fit,<p>R</p>,Length,<p>38</p>,Width,<p>31</p>,Height,<p>45</p>,Box Quantity,<p>24</p>,Inner Pack Quantity,<p>1</p>,Country Of Origin,<p>BD</p>,Standards,<p></p>,,,,
FR706,Variant,,,https://d11ak7fd9ypfb7.cloudfront.net/styles1100px/FR706NAR.jpg,,0.0,TRUE,InStock,0.999,,FR706NAR6XL,,,,Size,DROP_DOWN,6XL,Color,DROP_DOWN,Navy,,,,,,,,,,,,,Fit,<p>R</p>,Length,<p>38</p>,Width,<p>31</p>,Height,<p>45</p>,Box Quantity,<p>24</p>,Inner Pack Quantity,<p>1</p>,Country Of Origin,<p>BD</p>,Standards,<p></p>,,,,
FR706,Variant,,,https://d11ak7fd9ypfb7.cloudfront.net/styles1100px/FR706NAR.jpg,,0.0,TRUE,InStock,0.999,,FR706NARL,,,,Size,DROP_DOWN,L,Color,DROP_DOWN,Navy,,,,,,,,,,,,,Fit,<p>R</p>,Length,<p>38</p>,Width,<p>31</p>,Height,<p>45</p>,Box Quantity,<p>24</p>,Inner Pack Quantity,<p>1</p>,Country Of Origin,<p>BD</p>,Standards,<p></p>,,,,
FR706,Variant,,,https://d11ak7fd9ypfb7.cloudfront.net/styles1100px/FR706NAR.jpg,,0.0,TRUE,InStock,0.999,,FR706NARM,,,,Size,DROP_DOWN,M,Color,DROP_DOWN,Navy,,,,,,,,,,,,,Fit,<p>R</p>,Length,<p>38</p>,Width,<p>31</p>,Height,<p>45</p>,Box Quantity,<p>24</p>,Inner Pack Quantity,<p>1</p>,Country Of Origin,<p>BD</p>,Standards,<p></p>,,,,
FR706,Variant,,,https://d11ak7fd9ypfb7.cloudfront.net/styles1100px/FR706NAR.jpg,,0.0,TRUE,InStock,0.999,,FR706NARS,,,,Size,DROP_DOWN,S,Color,DROP_DOWN,Navy,,,,,,,,,,,,,Fit,<p>R</p>,Length,<p>38</p>,Width,<p>31</p>,Height,<p>45</p>,Box Quantity,<p>24</p>,Inner Pack Quantity,<p>1</p>,Country Of Origin,<p>BD</p>,Standards,<p></p>,,,,
FR706,Variant,,,https://d11ak7fd9ypfb7.cloudfront.net/styles1100px/FR706NAR.jpg,,0.0,TRUE,InStock,0.999,,FR706NARXL,,,,Size,DROP_DOWN,XL,Color,DROP_DOWN,Navy,,,,,,,,,,,,,Fit,<p>R</p>,Length,<p>38</p>,Width,<p>31</p>,Height,<p>45</p>,Box Quantity,<p>24</p>,Inner Pack Quantity,<p>1</p>,Country Of Origin,<p>BD</p>,Standards,<p></p>,,,,
FR706,Variant,,,https://d11ak7fd9ypfb7.cloudfront.net/styles1100px/FR706NAR.jpg,,0.0,TRUE,InStock,0.999,,FR706NARXXL,,,,Size,DROP_DOWN,XXL,Color,DROP_DOWN,Navy,,,,,,,,,,,,,Fit,<p>R</p>,Length,<p>38</p>,Width,<p>31</p>,Height,<p>45</p>,Box Quantity,<p>24</p>,Inner Pack Quantity,<p>1</p>,Country Of Origin,<p>BD</p>,Standards,<p></p>,,,,
FR706,Variant,,,https://d11ak7fd9ypfb7.cloudfront.net/styles1100px/FR706NAR.jpg,,0.0,TRUE,InStock,0.999,,FR706NARXXXL,,,,Size,DROP_DOWN,XXXL,Color,DROP_DOWN,Navy,,,,,,,,,,,,,Fit,<p>R</p>,Length,<p>38</p>,Width,<p>31</p>,Height,<p>45</p>,Box Quantity,<p>24</p>,Inner Pack Quantity,<p>1</p>,Country Of Origin,<p>BD</p>,Standards,<p></p>,,,,
FR708,Product,FR708 - ,,https://d11ak7fd9ypfb7.cloudfront.net/styles1100px/FR708NAR.jpg,114.5,0.0,TRUE,InStock,0.999,,FR708NAR4XL,,,,Size,DROP_DOWN,M;L;XL;XXL;XXXL;4XL;5XL;6XL,Color,DROP_DOWN,Navy,,,,,,,,,,,,,Fit,<p>R</p>,Length,<p>65</p>,Width,<p>40</p>,Height,<p>48</p>,Box Quantity,<p>12</p>,Inner Pack Quantity,<p>1</p>,Country Of Origin,<p>BD</p>,Standards,<p></p>,,,,
FR708,Variant,,,https://d11ak7fd9ypfb7.cloudfront.net/styles1100px/FR708NAR.jpg,,0.0,TRUE,InStock,0.999,,FR708NAR4XL,,,,Size,DROP_DOWN,4XL,Color,DROP_DOWN,Navy,,,,,,,,,,,,,Fit,<p>R</p>,Length,<p>65</p>,Width,<p>40</p>,Height,<p>48</p>,Box Quantity,<p>12</p>,Inner Pack Quantity,<p>1</p>,Country Of Origin,<p>BD</p>,Standards,<p></p>,,,,
FR708,Variant,,,https://d11ak7fd9ypfb7.cloudfront.net/styles1100px/FR708NAR.jpg,,0.0,TRUE,InStock,0.999,,FR708NAR5XL,,,,Size,DROP_DOWN,5XL,Color,DROP_DOWN,Navy,,,,,,,,,,,,,Fit,<p>R</p>,Length,<p>65</p>,Width,<p>40</p>,Height,<p>48</p>,Box Quantity,<p>12</p>,Inner Pack Quantity,<p>1</p>,Country Of Origin,<p>BD</p>,Standards,<p></p>,,,,
FR708,Variant,,,https://d11ak7fd9ypfb7.cloudfront.net/styles1100px/FR708NAR.jpg,,0.0,TRUE,InStock,0.999,,FR708NAR6XL,,,,Size,DROP_DOWN,6XL,Color,DROP_DOWN,Navy,,,,,,,,,,,,,Fit,<p>R</p>,Length,<p>65</p>,Width,<p>40</p>,Height,<p>48</p>,Box Quantity,<p>12</p>,Inner Pack Quantity,<p>1</p>,Country Of Origin,<p>BD</p>,Standards,<p></p>,,,,
FR708,Variant,,,https://d11ak7fd9ypfb7.cloudfront.net/styles1100px/FR708NAR.jpg,,0.0,TRUE,InStock,0.999,,FR708NARL,,,,Size,DROP_DOWN,L,Color,DROP_DOWN,Navy,,,,,,,,,,,,,Fit,<p>R</p>,Length,<p>65</p>,Width,<p>40</p>,Height,<p>48</p>,Box Quantity,<p>12</p>,Inner Pack Quantity,<p>1</p>,Country Of Origin,<p>BD</p>,Standards,<p></p>,,,,
FR708,Variant,,,https://d11ak7fd9ypfb7.cloudfront.net/styles1100px/FR708NAR.jpg,,0.0,TRUE,InStock,0.999,,FR708NARM,,,,Size,DROP_DOWN,M,Color,DROP_DOWN,Navy,,,,,,,,,,,,,Fit,<p>R</p>,Length,<p>65</p>,Width,<p>40</p>,Height,<p>48</p>,Box Quantity,<p>12</p>,Inner Pack Quantity,<p>1</p>,Country Of Origin,<p>BD</p>,Standards,<p></p>,,,,
FR708,Variant,,,https://d11ak7fd9ypfb7.cloudfront.net/styles1100px/FR708NAR.jpg,,0.0,TRUE,InStock,0.999,,FR708NARXL,,,,Size,DROP_DOWN,XL,Color,DROP_DOWN,Navy,,,,,,,,,,,,,Fit,<p>R</p>,Length,<p>65</p>,Width,<p>40</p>,Height,<p>48</p>,Box Quantity,<p>12</p>,Inner Pack Quantity,<p>1</p>,Country Of Origin,<p>BD</p>,Standards,<p></p>,,,,
FR708,Variant,,,https://d11ak7fd9ypfb7.cloudfront.net/styles1100px/FR708NAR.jpg,,0.0,TRUE,InStock,0.999,,FR708NARXXL,,,,Size,DROP_DOWN,XXL,Color,DROP_DOWN,Navy,,,,,,,,,,,,,Fit,<p>R</p>,Length,<p>65</p>,Width,<p>40</p>,Height,<p>48</p>,Box Quantity,<p>12</p>,Inner Pack Quantity,<p>1</p>,Country Of Origin,<p>BD</p>,Standards,<p></p>,,,,
FR708,Variant,,,https://d11ak7fd9ypfb7.cloudfront.net/styles1100px/FR708NAR.jpg,,0.0,TRUE,InStock,0.999,,FR708NARXXXL,,,,Size,DROP_DOWN,XXXL,Color,DROP_DOWN,Navy,,,,,,,,,,,,,Fit,<p>R</p>,Length,<p>65</p>,Width,<p>40</p>,Height,<p>48</p>,Box Quantity,<p>12</p>,Inner Pack Quantity,<p>1</p>,Country Of Origin,<p>BD</p>,Standards,<p></p>,,,,
FR709,Product,FR709 - ,,https://d11ak7fd9ypfb7.cloudfront.net/styles1100px/FR709YBR.jpg,169.0,0.0,TRUE,InStock,0.999,,FR709YBR4XL,,,,Size,DROP_DOWN,S;M;L;XL;XXL;XXXL;4XL;5XL;6XL,Color,DROP_DOWN,Yellow/Black,,,,,,,,,,,,,Fit,<p>R</p>,Length,<p>55</p>,Width,<p>36</p>,Height,<p>35</p>,Box Quantity,<p>24</p>,Inner Pack Quantity,<p>1</p>,Country Of Origin,<p>CN</p>,Standards,<p></p>,,,,
FR709,Variant,,,https://d11ak7fd9ypfb7.cloudfront.net/styles1100px/FR709YBR.jpg,,0.0,TRUE,InStock,0.999,,FR709YBR4XL,,,,Size,DROP_DOWN,4XL,Color,DROP_DOWN,Yellow/Black,,,,,,,,,,,,,Fit,<p>R</p>,Length,<p>55</p>,Width,<p>36</p>,Height,<p>35</p>,Box Quantity,<p>24</p>,Inner Pack Quantity,<p>1</p>,Country Of Origin,<p>CN</p>,Standards,<p></p>,,,,
FR709,Variant,,,https://d11ak7fd9ypfb7.cloudfront.net/styles1100px/FR709YBR.jpg,,0.0,TRUE,InStock,0.999,,FR709YBR5XL,,,,Size,DROP_DOWN,5XL,Color,DROP_DOWN,Yellow/Black,,,,,,,,,,,,,Fit,<p>R</p>,Length,<p>55</p>,Width,<p>36</p>,Height,<p>35</p>,Box Quantity,<p>24</p>,Inner Pack Quantity,<p>1</p>,Country Of Origin,<p>CN</p>,Standards,<p></p>,,,,
FR709,Variant,,,https://d11ak7fd9ypfb7.cloudfront.net/styles1100px/FR709YBR.jpg,,0.0,TRUE,InStock,0.999,,FR709YBR6XL,,,,Size,DROP_DOWN,6XL,Color,DROP_DOWN,Yellow/Black,,,,,,,,,,,,,Fit,<p>R</p>,Length,<p>55</p>,Width,<p>36</p>,Height,<p>35</p>,Box Quantity,<p>24</p>,Inner Pack Quantity,<p>1</p>,Country Of Origin,<p>CN</p>,Standards,<p></p>,,,,
FR709,Variant,,,https://d11ak7fd9ypfb7.cloudfront.net/styles1100px/FR709YBR.jpg,,0.0,TRUE,InStock,0.999,,FR709YBRL,,,,Size,DROP_DOWN,L,Color,DROP_DOWN,Yellow/Black,,,,,,,,,,,,,Fit,<p>R</p>,Length,<p>55</p>,Width,<p>36</p>,Height,<p>30</p>,Box Quantity,<p>24</p>,Inner Pack Quantity,<p>1</p>,Country Of Origin,<p>CN</p>,Standards,<p></p>,,,,
FR709,Variant,,,https://d11ak7fd9ypfb7.cloudfront.net/styles1100px/FR709YBR.jpg,,0.0,TRUE,InStock,0.999,,FR709YBRM,,,,Size,DROP_DOWN,M,Color,DROP_DOWN,Yellow/Black,,,,,,,,,,,,,Fit,<p>R</p>,Length,<p>55</p>,Width,<p>36</p>,Height,<p>30</p>,Box Quantity,<p>24</p>,Inner Pack Quantity,<p>1</p>,Country Of Origin,<p>CN</p>,Standards,<p></p>,,,,
FR709,Variant,,,https://d11ak7fd9ypfb7.cloudfront.net/styles1100px/FR709YBR.jpg,,0.0,TRUE,InStock,0.999,,FR709YBRS,,,,Size,DROP_DOWN,S,Color,DROP_DOWN,Yellow/Black,,,,,,,,,,,,,Fit,<p>R</p>,Length,<p>55</p>,Width,<p>36</p>,Height,<p>30</p>,Box Quantity,<p>24</p>,Inner Pack Quantity,<p>1</p>,Country Of Origin,<p>CN</p>,Standards,<p></p>,,,,
FR709,Variant,,,https://d11ak7fd9ypfb7.cloudfront.net/styles1100px/FR709YBR.jpg,,0.0,TRUE,InStock,0.999,,FR709YBRXL,,,,Size,DROP_DOWN,XL,Color,DROP_DOWN,Yellow/Black,,,,,,,,,,,,,Fit,<p>R</p>,Length,<p>55</p>,Width,<p>36</p>,Height,<p>30</p>,Box Quantity,<p>24</p>,Inner Pack Quantity,<p>1</p>,Country Of Origin,<p>CN</p>,Standards,<p></p>,,,,
FR709,Variant,,,https://d11ak7fd9ypfb7.cloudfront.net/styles1100px/FR709YBR.jpg,,0.0,TRUE,InStock,0.999,,FR709YBRXXL,,,,Size,DROP_DOWN,XXL,Color,DROP_DOWN,Yellow/Black,,,,,,,,,,,,,Fit,<p>R</p>,Length,<p>55</p>,Width,<p>36</p>,Height,<p>30</p>,Box Quantity,<p>24</p>,Inner Pack Quantity,<p>1</p>,Country Of Origin,<p>CN</p>,Standards,<p></p>,,,,
FR709,Variant,,,https://d11ak7fd9ypfb7.cloudfront.net/styles1100px/FR709YBR.jpg,,0.0,TRUE,InStock,0.999,,FR709YBRXXXL,,,,Size,DROP_DOWN,XXXL,Color,DROP_DOWN,Yellow/Black,,,,,,,,,,,,,Fit,<p>R</p>,Length,<p>55</p>,Width,<p>36</p>,Height,<p>30</p>,Box Quantity,<p>24</p>,Inner Pack Quantity,<p>1</p>,Country Of Origin,<p>CN</p>,Standards,<p></p>,,,,
FR75,Product,FR75 - Hi-Vis FR Vest ,The FR75 is a great addition to our Flame Retardant vest collection. Certified to both American and European standards. The vest is also tested under test method ASTM D6413 which is used to measure the vertical flame resistance of textiles.,https://d11ak7fd9ypfb7.cloudfront.net/styles1100px/FR75ORR.jpg,24.8,0.0,TRUE,InStock,0.345,,FR75ORR4X/5X,,,,Size,DROP_DOWN,S/M;L/XL;XX/3X;4X/5X,Color,DROP_DOWN,Yellow;Orange,,,,,,,,,,,,,Fit,<p>R</p>,Length,<p>43</p>,Width,<p>28</p>,Height,<p>55</p>,Box Quantity,<p>60</p>,Inner Pack Quantity,<p>1</p>,Country Of Origin,<p>BD</p>,Standards,<ul><li>EN ISO 20471 Class 2</li><li>ANSI/ISEA 107 TYPE R CLASS 2</li><li>RIS-3279-TOM  ISSUE 1 (ORANGE ONLY)</li><li>EN ISO 14116 Index 1</li></ul>,,,,
FR75,Variant,,The FR75 is a great addition to our Flame Retardant vest collection. Certified to both American and European standards. The vest is also tested under test method ASTM D6413 which is used to measure the vertical flame resistance of textiles.,https://d11ak7fd9ypfb7.cloudfront.net/styles1100px/FR75ORR.jpg,,0.0,TRUE,InStock,0.345,,FR75ORR4X/5X,,,,Size,DROP_DOWN,4X/5X,Color,DROP_DOWN,Orange,,,,,,,,,,,,,Fit,<p>R</p>,Length,<p>43</p>,Width,<p>28</p>,Height,<p>55</p>,Box Quantity,<p>60</p>,Inner Pack Quantity,<p>1</p>,Country Of Origin,<p>BD</p>,Standards,<ul><li>EN ISO 20471 Class 2</li><li>ANSI/ISEA 107 TYPE R CLASS 2</li><li>RIS-3279-TOM  ISSUE 1 (ORANGE ONLY)</li><li>EN ISO 14116 Index 1</li></ul>,,,,
FR75,Variant,,The FR75 is a great addition to our Flame Retardant vest collection. Certified to both American and European standards. The vest is also tested under test method ASTM D6413 which is used to measure the vertical flame resistance of textiles.,https://d11ak7fd9ypfb7.cloudfront.net/styles1100px/FR75ORR.jpg,,0.0,TRUE,InStock,0.299,,FR75ORRL/XL,,,,Size,DROP_DOWN,L/XL,Color,DROP_DOWN,Orange,,,,,,,,,,,,,Fit,<p>R</p>,Length,<p>43</p>,Width,<p>28</p>,Height,<p>55</p>,Box Quantity,<p>60</p>,Inner Pack Quantity,<p>1</p>,Country Of Origin,<p>BD</p>,Standards,<ul><li>EN ISO 20471 Class 2</li><li>ANSI/ISEA 107 TYPE R CLASS 2</li><li>RIS-3279-TOM  ISSUE 1 (ORANGE ONLY)</li><li>EN ISO 14116 Index 1</li></ul>,,,,
FR75,Variant,,The FR75 is a great addition to our Flame Retardant vest collection. Certified to both American and European standards. The vest is also tested under test method ASTM D6413 which is used to measure the vertical flame resistance of textiles.,https://d11ak7fd9ypfb7.cloudfront.net/styles1100px/FR75ORR.jpg,,0.0,TRUE,InStock,0.279,,FR75ORRS/M,,,,Size,DROP_DOWN,S/M,Color,DROP_DOWN,Orange,,,,,,,,,,,,,Fit,<p>R</p>,Length,<p>43</p>,Width,<p>28</p>,Height,<p>55</p>,Box Quantity,<p>60</p>,Inner Pack Quantity,<p>1</p>,Country Of Origin,<p>BD</p>,Standards,<ul><li>EN ISO 20471 Class 2</li><li>ANSI/ISEA 107 TYPE R CLASS 2</li><li>RIS-3279-TOM  ISSUE 1 (ORANGE ONLY)</li><li>EN ISO 14116 Index 1</li></ul>,,,,
FR75,Variant,,The FR75 is a great addition to our Flame Retardant vest collection. Certified to both American and European standards. The vest is also tested under test method ASTM D6413 which is used to measure the vertical flame resistance of textiles.,https://d11ak7fd9ypfb7.cloudfront.net/styles1100px/FR75ORR.jpg,,0.0,TRUE,InStock,0.318,,FR75ORRXX/3X,,,,Size,DROP_DOWN,XX/3X,Color,DROP_DOWN,Orange,,,,,,,,,,,,,Fit,<p>R</p>,Length,<p>43</p>,Width,<p>28</p>,Height,<p>55</p>,Box Quantity,<p>60</p>,Inner Pack Quantity,<p>1</p>,Country Of Origin,<p>BD</p>,Standards,<ul><li>EN ISO 20471 Class 2</li><li>ANSI/ISEA 107 TYPE R CLASS 2</li><li>RIS-3279-TOM  ISSUE 1 (ORANGE ONLY)</li><li>EN ISO 14116 Index 1</li></ul>,,,,
FR75,Variant,,The FR75 is a great addition to our Flame Retardant vest collection. Certified to both American and European standards. The vest is also tested under test method ASTM D6413 which is used to measure the vertical flame resistance of textiles.,https://d11ak7fd9ypfb7.cloudfront.net/styles1100px/FR75YER.jpg,,0.0,TRUE,InStock,0.345,,FR75YER4X/5X,,,,Size,DROP_DOWN,4X/5X,Color,DROP_DOWN,Yellow,,,,,,,,,,,,,Fit,<p>R</p>,Length,<p>43</p>,Width,<p>28</p>,Height,<p>55</p>,Box Quantity,<p>60</p>,Inner Pack Quantity,<p>1</p>,Country Of Origin,<p>BD</p>,Standards,<ul><li>EN ISO 20471 Class 2</li><li>ANSI/ISEA 107 TYPE R CLASS 2</li><li>RIS-3279-TOM  ISSUE 1 (ORANGE ONLY)</li><li>EN ISO 14116 Index 1</li></ul>,,,,
FR75,Variant,,The FR75 is a great addition to our Flame Retardant vest collection. Certified to both American and European standards. The vest is also tested under test method ASTM D6413 which is used to measure the vertical flame resistance of textiles.,https://d11ak7fd9ypfb7.cloudfront.net/styles1100px/FR75YER.jpg,,0.0,TRUE,InStock,0.299,,FR75YERL/XL,,,,Size,DROP_DOWN,L/XL,Color,DROP_DOWN,Yellow,,,,,,,,,,,,,Fit,<p>R</p>,Length,<p>43</p>,Width,<p>28</p>,Height,<p>55</p>,Box Quantity,<p>60</p>,Inner Pack Quantity,<p>1</p>,Country Of Origin,<p>BD</p>,Standards,<ul><li>EN ISO 20471 Class 2</li><li>ANSI/ISEA 107 TYPE R CLASS 2</li><li>RIS-3279-TOM  ISSUE 1 (ORANGE ONLY)</li><li>EN ISO 14116 Index 1</li></ul>,,,,
FR75,Variant,,The FR75 is a great addition to our Flame Retardant vest collection. Certified to both American and European standards. The vest is also tested under test method ASTM D6413 which is used to measure the vertical flame resistance of textiles.,https://d11ak7fd9ypfb7.cloudfront.net/styles1100px/FR75YER.jpg,,0.0,TRUE,InStock,0.279,,FR75YERS/M,,,,Size,DROP_DOWN,S/M,Color,DROP_DOWN,Yellow,,,,,,,,,,,,,Fit,<p>R</p>,Length,<p>43</p>,Width,<p>28</p>,Height,<p>55</p>,Box Quantity,<p>60</p>,Inner Pack Quantity,<p>1</p>,Country Of Origin,<p>BD</p>,Standards,<ul><li>EN ISO 20471 Class 2</li><li>ANSI/ISEA 107 TYPE R CLASS 2</li><li>RIS-3279-TOM  ISSUE 1 (ORANGE ONLY)</li><li>EN ISO 14116 Index 1</li></ul>,,,,
FR75,Variant,,The FR75 is a great addition to our Flame Retardant vest collection. Certified to both American and European standards. The vest is also tested under test method ASTM D6413 which is used to measure the vertical flame resistance of textiles.,https://d11ak7fd9ypfb7.cloudfront.net/styles1100px/FR75YER.jpg,,0.0,TRUE,InStock,0.318,,FR75YERXX/3X,,,,Size,DROP_DOWN,XX/3X,Color,DROP_DOWN,Yellow,,,,,,,,,,,,,Fit,<p>R</p>,Length,<p>43</p>,Width,<p>28</p>,Height,<p>55</p>,Box Quantity,<p>60</p>,Inner Pack Quantity,<p>1</p>,Country Of Origin,<p>BD</p>,Standards,<ul><li>EN ISO 20471 Class 2</li><li>ANSI/ISEA 107 TYPE R CLASS 2</li><li>RIS-3279-TOM  ISSUE 1 (ORANGE ONLY)</li><li>EN ISO 14116 Index 1</li></ul>,,,,
FR89,Product,FR89 - Bizflame 88/12 FR Shirt,This stylish shirt is lightweight and comfortable. Maximum protection is guaranteed with permanent flame resistance and ARC2 protection against electric arc. The shirt tail will stay tucked in during movement and all day wear. Handy features include adjustable button cuffs and flapped chest pockets.,https://d11ak7fd9ypfb7.cloudfront.net/styles1100px/FR89GRR.jpg,61.0,0.0,TRUE,InStock,0.69,,FR89GRR4XL,,,,Size,DROP_DOWN,S;M;L;XL;XXL;XXXL;4XL;5XL;6XL,Color,DROP_DOWN,Khaki;Grey;Grey Tall;Navy Tall;Navy,,,,,,,,,,,,,Fit,<p>R</p>,Length,<p>38</p>,Width,<p>31</p>,Height,<p>45</p>,Box Quantity,<p>24</p>,Inner Pack Quantity,<p>1</p>,Country Of Origin,<p>BD</p>,Standards,<ul><li>VN610 151063</li><li>NFPA® 2112</li><li>NFPA® 70E</li><li>ASTM F1506-10a</li><li>EN ISO 11612   A1+A2 B1 C1</li><li>ASTM F1959/F1959M-12   ATPV 8.2 CAL/CM<sup>2</sup> (HAF 69.1%)</li><li>ELIM TESTING IN PROGRESS</li></ul>,,,,
FR89,Variant,,This stylish shirt is lightweight and comfortable. Maximum protection is guaranteed with permanent flame resistance and ARC2 protection against electric arc. The shirt tail will stay tucked in during movement and all day wear. Handy features include adjustable button cuffs and flapped chest pockets.,https://d11ak7fd9ypfb7.cloudfront.net/styles1100px/FR89GRR.jpg,,0.0,TRUE,InStock,0.69,,FR89GRR4XL,,,,Size,DROP_DOWN,4XL,Color,DROP_DOWN,Grey,,,,,,,,,,,,,Fit,<p>R</p>,Length,<p>38</p>,Width,<p>31</p>,Height,<p>45</p>,Box Quantity,<p>24</p>,Inner Pack Quantity,<p>1</p>,Country Of Origin,<p>BD</p>,Standards,<ul><li>VN610 151063</li><li>NFPA® 2112</li><li>NFPA® 70E</li><li>ASTM F1506-10a</li><li>EN ISO 11612   A1+A2 B1 C1</li><li>ASTM F1959/F1959M-12   ATPV 8.2 CAL/CM<sup>2</sup> (HAF 69.1%)</li><li>ELIM TESTING IN PROGRESS</li></ul>,,,,
FR89,Variant,,This stylish shirt is lightweight and comfortable. Maximum protection is guaranteed with permanent flame resistance and ARC2 protection against electric arc. The shirt tail will stay tucked in during movement and all day wear. Handy features include adjustable button cuffs and flapped chest pockets.,https://d11ak7fd9ypfb7.cloudfront.net/styles1100px/FR89GRR.jpg,,0.0,TRUE,InStock,0.7,,FR89GRR5XL,,,,Size,DROP_DOWN,5XL,Color,DROP_DOWN,Grey,,,,,,,,,,,,,Fit,<p>R</p>,Length,<p>38</p>,Width,<p>31</p>,Height,<p>45</p>,Box Quantity,<p>24</p>,Inner Pack Quantity,<p>1</p>,Country Of Origin,<p>BD</p>,Standards,<ul><li>VN610 151063</li><li>NFPA® 2112</li><li>NFPA® 70E</li><li>ASTM F1506-10a</li><li>EN ISO 11612   A1+A2 B1 C1</li><li>ASTM F1959/F1959M-12   ATPV 8.2 CAL/CM<sup>2</sup> (HAF 69.1%)</li><li>ELIM TESTING IN PROGRESS</li></ul>,,,,
FR89,Variant,,This stylish shirt is lightweight and comfortable. Maximum protection is guaranteed with permanent flame resistance and ARC2 protection against electric arc. The shirt tail will stay tucked in during movement and all day wear. Handy features include adjustable button cuffs and flapped chest pockets.,https://d11ak7fd9ypfb7.cloudfront.net/styles1100px/FR89GRR.jpg,,0.0,TRUE,InStock,0.72,,FR89GRR6XL,,,,Size,DROP_DOWN,6XL,Color,DROP_DOWN,Grey,,,,,,,,,,,,,Fit,<p>R</p>,Length,<p>38</p>,Width,<p>31</p>,Height,<p>45</p>,Box Quantity,<p>24</p>,Inner Pack Quantity,<p>1</p>,Country Of Origin,<p>BD</p>,Standards,<ul><li>VN610 151063</li><li>NFPA® 2112</li><li>NFPA® 70E</li><li>ASTM F1506-10a</li><li>EN ISO 11612   A1+A2 B1 C1</li><li>ASTM F1959/F1959M-12   ATPV 8.2 CAL/CM<sup>2</sup> (HAF 69.1%)</li><li>ELIM TESTING IN PROGRESS</li></ul>,,,,
FR89,Variant,,This stylish shirt is lightweight and comfortable. Maximum protection is guaranteed with permanent flame resistance and ARC2 protection against electric arc. The shirt tail will stay tucked in during movement and all day wear. Handy features include adjustable button cuffs and flapped chest pockets.,https://d11ak7fd9ypfb7.cloudfront.net/styles1100px/FR89GRR.jpg,,0.0,TRUE,InStock,0.6,,FR89GRRL,,,,Size,DROP_DOWN,L,Color,DROP_DOWN,Grey,,,,,,,,,,,,,Fit,<p>R</p>,Length,<p>38</p>,Width,<p>31</p>,Height,<p>45</p>,Box Quantity,<p>24</p>,Inner Pack Quantity,<p>1</p>,Country Of Origin,<p>BD</p>,Standards,<ul><li>VN610 151063</li><li>NFPA® 2112</li><li>NFPA® 70E</li><li>ASTM F1506-10a</li><li>EN ISO 11612   A1+A2 B1 C1</li><li>ASTM F1959/F1959M-12   ATPV 8.2 CAL/CM<sup>2</sup> (HAF 69.1%)</li><li>ELIM TESTING IN PROGRESS</li></ul>,,,,
FR89,Variant,,This stylish shirt is lightweight and comfortable. Maximum protection is guaranteed with permanent flame resistance and ARC2 protection against electric arc. The shirt tail will stay tucked in during movement and all day wear. Handy features include adjustable button cuffs and flapped chest pockets.,https://d11ak7fd9ypfb7.cloudfront.net/styles1100px/FR89GRR.jpg,,0.0,TRUE,InStock,0.58,,FR89GRRM,,,,Size,DROP_DOWN,M,Color,DROP_DOWN,Grey,,,,,,,,,,,,,Fit,<p>R</p>,Length,<p>38</p>,Width,<p>31</p>,Height,<p>45</p>,Box Quantity,<p>24</p>,Inner Pack Quantity,<p>1</p>,Country Of Origin,<p>BD</p>,Standards,<ul><li>VN610 151063</li><li>NFPA® 2112</li><li>NFPA® 70E</li><li>ASTM F1506-10a</li><li>EN ISO 11612   A1+A2 B1 C1</li><li>ASTM F1959/F1959M-12   ATPV 8.2 CAL/CM<sup>2</sup> (HAF 69.1%)</li><li>ELIM TESTING IN PROGRESS</li></ul>,,,,
FR89,Variant,,This stylish shirt is lightweight and comfortable. Maximum protection is guaranteed with permanent flame resistance and ARC2 protection against electric arc. The shirt tail will stay tucked in during movement and all day wear. Handy features include adjustable button cuffs and flapped chest pockets.,https://d11ak7fd9ypfb7.cloudfront.net/styles1100px/FR89GRR.jpg,,0.0,TRUE,InStock,0.56,,FR89GRRS,,,,Size,DROP_DOWN,S,Color,DROP_DOWN,Grey,,,,,,,,,,,,,Fit,<p>R</p>,Length,<p>38</p>,Width,<p>31</p>,Height,<p>45</p>,Box Quantity,<p>24</p>,Inner Pack Quantity,<p>1</p>,Country Of Origin,<p>BD</p>,Standards,<ul><li>VN610 151063</li><li>NFPA® 2112</li><li>NFPA® 70E</li><li>ASTM F1506-10a</li><li>EN ISO 11612   A1+A2 B1 C1</li><li>ASTM F1959/F1959M-12   ATPV 8.2 CAL/CM<sup>2</sup> (HAF 69.1%)</li><li>ELIM TESTING IN PROGRESS</li></ul>,,,,
FR89,Variant,,This stylish shirt is lightweight and comfortable. Maximum protection is guaranteed with permanent flame resistance and ARC2 protection against electric arc. The shirt tail will stay tucked in during movement and all day wear. Handy features include adjustable button cuffs and flapped chest pockets.,https://d11ak7fd9ypfb7.cloudfront.net/styles1100px/FR89GRR.jpg,,0.0,TRUE,InStock,0.62,,FR89GRRXL,,,,Size,DROP_DOWN,XL,Color,DROP_DOWN,Grey,,,,,,,,,,,,,Fit,<p>R</p>,Length,<p>38</p>,Width,<p>31</p>,Height,<p>45</p>,Box Quantity,<p>24</p>,Inner Pack Quantity,<p>1</p>,Country Of Origin,<p>BD</p>,Standards,<ul><li>VN610 151063</li><li>NFPA® 2112</li><li>NFPA® 70E</li><li>ASTM F1506-10a</li><li>EN ISO 11612   A1+A2 B1 C1</li><li>ASTM F1959/F1959M-12   ATPV 8.2 CAL/CM<sup>2</sup> (HAF 69.1%)</li><li>ELIM TESTING IN PROGRESS</li></ul>,,,,
FR89,Variant,,This stylish shirt is lightweight and comfortable. Maximum protection is guaranteed with permanent flame resistance and ARC2 protection against electric arc. The shirt tail will stay tucked in during movement and all day wear. Handy features include adjustable button cuffs and flapped chest pockets.,https://d11ak7fd9ypfb7.cloudfront.net/styles1100px/FR89GRR.jpg,,0.0,TRUE,InStock,0.66,,FR89GRRXXL,,,,Size,DROP_DOWN,XXL,Color,DROP_DOWN,Grey,,,,,,,,,,,,,Fit,<p>R</p>,Length,<p>38</p>,Width,<p>31</p>,Height,<p>45</p>,Box Quantity,<p>24</p>,Inner Pack Quantity,<p>1</p>,Country Of Origin,<p>BD</p>,Standards,<ul><li>VN610 151063</li><li>NFPA® 2112</li><li>NFPA® 70E</li><li>ASTM F1506-10a</li><li>EN ISO 11612   A1+A2 B1 C1</li><li>ASTM F1959/F1959M-12   ATPV 8.2 CAL/CM<sup>2</sup> (HAF 69.1%)</li><li>ELIM TESTING IN PROGRESS</li></ul>,,,,
FR89,Variant,,This stylish shirt is lightweight and comfortable. Maximum protection is guaranteed with permanent flame resistance and ARC2 protection against electric arc. The shirt tail will stay tucked in during movement and all day wear. Handy features include adjustable button cuffs and flapped chest pockets.,https://d11ak7fd9ypfb7.cloudfront.net/styles1100px/FR89GRR.jpg,,0.0,TRUE,InStock,0.68,,FR89GRRXXXL,,,,Size,DROP_DOWN,XXXL,Color,DROP_DOWN,Grey,,,,,,,,,,,,,Fit,<p>R</p>,Length,<p>38</p>,Width,<p>31</p>,Height,<p>45</p>,Box Quantity,<p>24</p>,Inner Pack Quantity,<p>1</p>,Country Of Origin,<p>BD</p>,Standards,<ul><li>VN610 151063</li><li>NFPA® 2112</li><li>NFPA® 70E</li><li>ASTM F1506-10a</li><li>EN ISO 11612   A1+A2 B1 C1</li><li>ASTM F1959/F1959M-12   ATPV 8.2 CAL/CM<sup>2</sup> (HAF 69.1%)</li><li>ELIM TESTING IN PROGRESS</li></ul>,,,,
FR89,Variant,,This stylish shirt is lightweight and comfortable. Maximum protection is guaranteed with permanent flame resistance and ARC2 protection against electric arc. The shirt tail will stay tucked in during movement and all day wear. Handy features include adjustable button cuffs and flapped chest pockets.,https://d11ak7fd9ypfb7.cloudfront.net/styles1100px/FR89GRT.jpg,,0.0,TRUE,InStock,0.71,,FR89GRT4XL,,,,Size,DROP_DOWN,4XL,Color,DROP_DOWN,Grey Tall,,,,,,,,,,,,,Fit,<p>T</p>,Length,<p>38</p>,Width,<p>31</p>,Height,<p>45</p>,Box Quantity,<p>24</p>,Inner Pack Quantity,<p>1</p>,Country Of Origin,<p>BD</p>,Standards,<ul><li>VN610 151063</li><li>NFPA® 2112</li><li>NFPA® 70E</li><li>ASTM F1506-10a</li><li>EN ISO 11612   A1+A2 B1 C1</li><li>ASTM F1959/F1959M-12   ATPV 8.2 CAL/CM<sup>2</sup> (HAF 69.1%)</li><li>ELIM TESTING IN PROGRESS</li></ul>,,,,
FR89,Variant,,This stylish shirt is lightweight and comfortable. Maximum protection is guaranteed with permanent flame resistance and ARC2 protection against electric arc. The shirt tail will stay tucked in during movement and all day wear. Handy features include adjustable button cuffs and flapped chest pockets.,https://d11ak7fd9ypfb7.cloudfront.net/styles1100px/FR89GRT.jpg,,0.0,TRUE,InStock,0.72,,FR89GRT5XL,,,,Size,DROP_DOWN,5XL,Color,DROP_DOWN,Grey Tall,,,,,,,,,,,,,Fit,<p>T</p>,Length,<p>38</p>,Width,<p>31</p>,Height,<p>45</p>,Box Quantity,<p>24</p>,Inner Pack Quantity,<p>1</p>,Country Of Origin,<p>BD</p>,Standards,<ul><li>VN610 151063</li><li>NFPA® 2112</li><li>NFPA® 70E</li><li>ASTM F1506-10a</li><li>EN ISO 11612   A1+A2 B1 C1</li><li>ASTM F1959/F1959M-12   ATPV 8.2 CAL/CM<sup>2</sup> (HAF 69.1%)</li><li>ELIM TESTING IN PROGRESS</li></ul>,,,,
FR89,Variant,,This stylish shirt is lightweight and comfortable. Maximum protection is guaranteed with permanent flame resistance and ARC2 protection against electric arc. The shirt tail will stay tucked in during movement and all day wear. Handy features include adjustable button cuffs and flapped chest pockets.,https://d11ak7fd9ypfb7.cloudfront.net/styles1100px/FR89GRT.jpg,,0.0,TRUE,InStock,0.62,,FR89GRTL,,,,Size,DROP_DOWN,L,Color,DROP_DOWN,Grey Tall,,,,,,,,,,,,,Fit,<p>T</p>,Length,<p>38</p>,Width,<p>31</p>,Height,<p>45</p>,Box Quantity,<p>24</p>,Inner Pack Quantity,<p>1</p>,Country Of Origin,<p>BD</p>,Standards,<ul><li>VN610 151063</li><li>NFPA® 2112</li><li>NFPA® 70E</li><li>ASTM F1506-10a</li><li>EN ISO 11612   A1+A2 B1 C1</li><li>ASTM F1959/F1959M-12   ATPV 8.2 CAL/CM<sup>2</sup> (HAF 69.1%)</li><li>ELIM TESTING IN PROGRESS</li></ul>,,,,
FR89,Variant,,This stylish shirt is lightweight and comfortable. Maximum protection is guaranteed with permanent flame resistance and ARC2 protection against electric arc. The shirt tail will stay tucked in during movement and all day wear. Handy features include adjustable button cuffs and flapped chest pockets.,https://d11ak7fd9ypfb7.cloudfront.net/styles1100px/FR89GRT.jpg,,0.0,TRUE,InStock,0.6,,FR89GRTM,,,,Size,DROP_DOWN,M,Color,DROP_DOWN,Grey Tall,,,,,,,,,,,,,Fit,<p>T</p>,Length,<p>38</p>,Width,<p>31</p>,Height,<p>45</p>,Box Quantity,<p>24</p>,Inner Pack Quantity,<p>1</p>,Country Of Origin,<p>BD</p>,Standards,<ul><li>VN610 151063</li><li>NFPA® 2112</li><li>NFPA® 70E</li><li>ASTM F1506-10a</li><li>EN ISO 11612   A1+A2 B1 C1</li><li>ASTM F1959/F1959M-12   ATPV 8.2 CAL/CM<sup>2</sup> (HAF 69.1%)</li><li>ELIM TESTING IN PROGRESS</li></ul>,,,,
FR89,Variant,,This stylish shirt is lightweight and comfortable. Maximum protection is guaranteed with permanent flame resistance and ARC2 protection against electric arc. The shirt tail will stay tucked in during movement and all day wear. Handy features include adjustable button cuffs and flapped chest pockets.,https://d11ak7fd9ypfb7.cloudfront.net/styles1100px/FR89GRT.jpg,,0.0,TRUE,InStock,0.64,,FR89GRTXL,,,,Size,DROP_DOWN,XL,Color,DROP_DOWN,Grey Tall,,,,,,,,,,,,,Fit,<p>T</p>,Length,<p>38</p>,Width,<p>31</p>,Height,<p>45</p>,Box Quantity,<p>24</p>,Inner Pack Quantity,<p>1</p>,Country Of Origin,<p>BD</p>,Standards,<ul><li>VN610 151063</li><li>NFPA® 2112</li><li>NFPA® 70E</li><li>ASTM F1506-10a</li><li>EN ISO 11612   A1+A2 B1 C1</li><li>ASTM F1959/F1959M-12   ATPV 8.2 CAL/CM<sup>2</sup> (HAF 69.1%)</li><li>ELIM TESTING IN PROGRESS</li></ul>,,,,
FR89,Variant,,This stylish shirt is lightweight and comfortable. Maximum protection is guaranteed with permanent flame resistance and ARC2 protection against electric arc. The shirt tail will stay tucked in during movement and all day wear. Handy features include adjustable button cuffs and flapped chest pockets.,https://d11ak7fd9ypfb7.cloudfront.net/styles1100px/FR89GRT.jpg,,0.0,TRUE,InStock,0.68,,FR89GRTXXL,,,,Size,DROP_DOWN,XXL,Color,DROP_DOWN,Grey Tall,,,,,,,,,,,,,Fit,<p>T</p>,Length,<p>38</p>,Width,<p>31</p>,Height,<p>45</p>,Box Quantity,<p>24</p>,Inner Pack Quantity,<p>1</p>,Country Of Origin,<p>BD</p>,Standards,<ul><li>VN610 151063</li><li>NFPA® 2112</li><li>NFPA® 70E</li><li>ASTM F1506-10a</li><li>EN ISO 11612   A1+A2 B1 C1</li><li>ASTM F1959/F1959M-12   ATPV 8.2 CAL/CM<sup>2</sup> (HAF 69.1%)</li><li>ELIM TESTING IN PROGRESS</li></ul>,,,,
FR89,Variant,,This stylish shirt is lightweight and comfortable. Maximum protection is guaranteed with permanent flame resistance and ARC2 protection against electric arc. The shirt tail will stay tucked in during movement and all day wear. Handy features include adjustable button cuffs and flapped chest pockets.,https://d11ak7fd9ypfb7.cloudfront.net/styles1100px/FR89GRT.jpg,,0.0,TRUE,InStock,0.7,,FR89GRTXXXL,,,,Size,DROP_DOWN,XXXL,Color,DROP_DOWN,Grey Tall,,,,,,,,,,,,,Fit,<p>T</p>,Length,<p>38</p>,Width,<p>31</p>,Height,<p>45</p>,Box Quantity,<p>24</p>,Inner Pack Quantity,<p>1</p>,Country Of Origin,<p>BD</p>,Standards,<ul><li>VN610 151063</li><li>NFPA® 2112</li><li>NFPA® 70E</li><li>ASTM F1506-10a</li><li>EN ISO 11612   A1+A2 B1 C1</li><li>ASTM F1959/F1959M-12   ATPV 8.2 CAL/CM<sup>2</sup> (HAF 69.1%)</li><li>ELIM TESTING IN PROGRESS</li></ul>,,,,
FR89,Variant,,This stylish shirt is lightweight and comfortable. Maximum protection is guaranteed with permanent flame resistance and ARC2 protection against electric arc. The shirt tail will stay tucked in during movement and all day wear. Handy features include adjustable button cuffs and flapped chest pockets.,https://d11ak7fd9ypfb7.cloudfront.net/styles1100px/FR89KHR.jpg,,0.0,TRUE,InStock,0.69,,FR89KHR4XL,,,,Size,DROP_DOWN,4XL,Color,DROP_DOWN,Khaki,,,,,,,,,,,,,Fit,<p>R</p>,Length,<p>38</p>,Width,<p>31</p>,Height,<p>45</p>,Box Quantity,<p>24</p>,Inner Pack Quantity,<p>1</p>,Country Of Origin,<p>BD</p>,Standards,<ul><li>VN610 151063</li><li>NFPA® 2112</li><li>NFPA® 70E</li><li>ASTM F1506-10a</li><li>EN ISO 11612   A1+A2 B1 C1</li><li>ASTM F1959/F1959M-12   ATPV 8.2 CAL/CM<sup>2</sup> (HAF 69.1%)</li><li>ELIM TESTING IN PROGRESS</li></ul>,,,,
FR89,Variant,,This stylish shirt is lightweight and comfortable. Maximum protection is guaranteed with permanent flame resistance and ARC2 protection against electric arc. The shirt tail will stay tucked in during movement and all day wear. Handy features include adjustable button cuffs and flapped chest pockets.,https://d11ak7fd9ypfb7.cloudfront.net/styles1100px/FR89KHR.jpg,,0.0,TRUE,InStock,0.7,,FR89KHR5XL,,,,Size,DROP_DOWN,5XL,Color,DROP_DOWN,Khaki,,,,,,,,,,,,,Fit,<p>R</p>,Length,<p>38</p>,Width,<p>31</p>,Height,<p>45</p>,Box Quantity,<p>24</p>,Inner Pack Quantity,<p>1</p>,Country Of Origin,<p>BD</p>,Standards,<ul><li>VN610 151063</li><li>NFPA® 2112</li><li>NFPA® 70E</li><li>ASTM F1506-10a</li><li>EN ISO 11612   A1+A2 B1 C1</li><li>ASTM F1959/F1959M-12   ATPV 8.2 CAL/CM<sup>2</sup> (HAF 69.1%)</li><li>ELIM TESTING IN PROGRESS</li></ul>,,,,
FR89,Variant,,This stylish shirt is lightweight and comfortable. Maximum protection is guaranteed with permanent flame resistance and ARC2 protection against electric arc. The shirt tail will stay tucked in during movement and all day wear. Handy features include adjustable button cuffs and flapped chest pockets.,https://d11ak7fd9ypfb7.cloudfront.net/styles1100px/FR89KHR.jpg,,0.0,TRUE,InStock,0.72,,FR89KHR6XL,,,,Size,DROP_DOWN,6XL,Color,DROP_DOWN,Khaki,,,,,,,,,,,,,Fit,<p>R</p>,Length,<p>38</p>,Width,<p>31</p>,Height,<p>45</p>,Box Quantity,<p>24</p>,Inner Pack Quantity,<p>1</p>,Country Of Origin,<p>BD</p>,Standards,<ul><li>VN610 151063</li><li>NFPA® 2112</li><li>NFPA® 70E</li><li>ASTM F1506-10a</li><li>EN ISO 11612   A1+A2 B1 C1</li><li>ASTM F1959/F1959M-12   ATPV 8.2 CAL/CM<sup>2</sup> (HAF 69.1%)</li><li>ELIM TESTING IN PROGRESS</li></ul>,,,,
FR89,Variant,,This stylish shirt is lightweight and comfortable. Maximum protection is guaranteed with permanent flame resistance and ARC2 protection against electric arc. The shirt tail will stay tucked in during movement and all day wear. Handy features include adjustable button cuffs and flapped chest pockets.,https://d11ak7fd9ypfb7.cloudfront.net/styles1100px/FR89KHR.jpg,,0.0,TRUE,InStock,0.6,,FR89KHRL,,,,Size,DROP_DOWN,L,Color,DROP_DOWN,Khaki,,,,,,,,,,,,,Fit,<p>R</p>,Length,<p>38</p>,Width,<p>31</p>,Height,<p>45</p>,Box Quantity,<p>24</p>,Inner Pack Quantity,<p>1</p>,Country Of Origin,<p>BD</p>,Standards,<ul><li>VN610 151063</li><li>NFPA® 2112</li><li>NFPA® 70E</li><li>ASTM F1506-10a</li><li>EN ISO 11612   A1+A2 B1 C1</li><li>ASTM F1959/F1959M-12   ATPV 8.2 CAL/CM<sup>2</sup> (HAF 69.1%)</li><li>ELIM TESTING IN PROGRESS</li></ul>,,,,
FR89,Variant,,This stylish shirt is lightweight and comfortable. Maximum protection is guaranteed with permanent flame resistance and ARC2 protection against electric arc. The shirt tail will stay tucked in during movement and all day wear. Handy features include adjustable button cuffs and flapped chest pockets.,https://d11ak7fd9ypfb7.cloudfront.net/styles1100px/FR89KHR.jpg,,0.0,TRUE,InStock,0.58,,FR89KHRM,,,,Size,DROP_DOWN,M,Color,DROP_DOWN,Khaki,,,,,,,,,,,,,Fit,<p>R</p>,Length,<p>38</p>,Width,<p>31</p>,Height,<p>45</p>,Box Quantity,<p>24</p>,Inner Pack Quantity,<p>1</p>,Country Of Origin,<p>BD</p>,Standards,<ul><li>VN610 151063</li><li>NFPA® 2112</li><li>NFPA® 70E</li><li>ASTM F1506-10a</li><li>EN ISO 11612   A1+A2 B1 C1</li><li>ASTM F1959/F1959M-12   ATPV 8.2 CAL/CM<sup>2</sup> (HAF 69.1%)</li><li>ELIM TESTING IN PROGRESS</li></ul>,,,,
FR89,Variant,,This stylish shirt is lightweight and comfortable. Maximum protection is guaranteed with permanent flame resistance and ARC2 protection against electric arc. The shirt tail will stay tucked in during movement and all day wear. Handy features include adjustable button cuffs and flapped chest pockets.,https://d11ak7fd9ypfb7.cloudfront.net/styles1100px/FR89KHR.jpg,,0.0,TRUE,InStock,0.56,,FR89KHRS,,,,Size,DROP_DOWN,S,Color,DROP_DOWN,Khaki,,,,,,,,,,,,,Fit,<p>R</p>,Length,<p>38</p>,Width,<p>31</p>,Height,<p>45</p>,Box Quantity,<p>24</p>,Inner Pack Quantity,<p>1</p>,Country Of Origin,<p>BD</p>,Standards,<ul><li>VN610 151063</li><li>NFPA® 2112</li><li>NFPA® 70E</li><li>ASTM F1506-10a</li><li>EN ISO 11612   A1+A2 B1 C1</li><li>ASTM F1959/F1959M-12   ATPV 8.2 CAL/CM<sup>2</sup> (HAF 69.1%)</li><li>ELIM TESTING IN PROGRESS</li></ul>,,,,
FR89,Variant,,This stylish shirt is lightweight and comfortable. Maximum protection is guaranteed with permanent flame resistance and ARC2 protection against electric arc. The shirt tail will stay tucked in during movement and all day wear. Handy features include adjustable button cuffs and flapped chest pockets.,https://d11ak7fd9ypfb7.cloudfront.net/styles1100px/FR89KHR.jpg,,0.0,TRUE,InStock,0.62,,FR89KHRXL,,,,Size,DROP_DOWN,XL,Color,DROP_DOWN,Khaki,,,,,,,,,,,,,Fit,<p>R</p>,Length,<p>38</p>,Width,<p>31</p>,Height,<p>45</p>,Box Quantity,<p>24</p>,Inner Pack Quantity,<p>1</p>,Country Of Origin,<p>BD</p>,Standards,<ul><li>VN610 151063</li><li>NFPA® 2112</li><li>NFPA® 70E</li><li>ASTM F1506-10a</li><li>EN ISO 11612   A1+A2 B1 C1</li><li>ASTM F1959/F1959M-12   ATPV 8.2 CAL/CM<sup>2</sup> (HAF 69.1%)</li><li>ELIM TESTING IN PROGRESS</li></ul>,,,,
FR89,Variant,,This stylish shirt is lightweight and comfortable. Maximum protection is guaranteed with permanent flame resistance and ARC2 protection against electric arc. The shirt tail will stay tucked in during movement and all day wear. Handy features include adjustable button cuffs and flapped chest pockets.,https://d11ak7fd9ypfb7.cloudfront.net/styles1100px/FR89KHR.jpg,,0.0,TRUE,InStock,0.66,,FR89KHRXXL,,,,Size,DROP_DOWN,XXL,Color,DROP_DOWN,Khaki,,,,,,,,,,,,,Fit,<p>R</p>,Length,<p>38</p>,Width,<p>31</p>,Height,<p>45</p>,Box Quantity,<p>24</p>,Inner Pack Quantity,<p>1</p>,Country Of Origin,<p>BD</p>,Standards,<ul><li>VN610 151063</li><li>NFPA® 2112</li><li>NFPA® 70E</li><li>ASTM F1506-10a</li><li>EN ISO 11612   A1+A2 B1 C1</li><li>ASTM F1959/F1959M-12   ATPV 8.2 CAL/CM<sup>2</sup> (HAF 69.1%)</li><li>ELIM TESTING IN PROGRESS</li></ul>,,,,
FR89,Variant,,This stylish shirt is lightweight and comfortable. Maximum protection is guaranteed with permanent flame resistance and ARC2 protection against electric arc. The shirt tail will stay tucked in during movement and all day wear. Handy features include adjustable button cuffs and flapped chest pockets.,https://d11ak7fd9ypfb7.cloudfront.net/styles1100px/FR89KHR.jpg,,0.0,TRUE,InStock,0.68,,FR89KHRXXXL,,,,Size,DROP_DOWN,XXXL,Color,DROP_DOWN,Khaki,,,,,,,,,,,,,Fit,<p>R</p>,Length,<p>38</p>,Width,<p>31</p>,Height,<p>45</p>,Box Quantity,<p>24</p>,Inner Pack Quantity,<p>1</p>,Country Of Origin,<p>BD</p>,Standards,<ul><li>VN610 151063</li><li>NFPA® 2112</li><li>NFPA® 70E</li><li>ASTM F1506-10a</li><li>EN ISO 11612   A1+A2 B1 C1</li><li>ASTM F1959/F1959M-12   ATPV 8.2 CAL/CM<sup>2</sup> (HAF 69.1%)</li><li>ELIM TESTING IN PROGRESS</li></ul>,,,,
FR89,Variant,,This stylish shirt is lightweight and comfortable. Maximum protection is guaranteed with permanent flame resistance and ARC2 protection against electric arc. The shirt tail will stay tucked in during movement and all day wear. Handy features include adjustable button cuffs and flapped chest pockets.,https://d11ak7fd9ypfb7.cloudfront.net/styles1100px/FR89NAR.jpg,,0.0,TRUE,InStock,0.69,,FR89NAR4XL,,,,Size,DROP_DOWN,4XL,Color,DROP_DOWN,Navy,,,,,,,,,,,,,Fit,<p>R</p>,Length,<p>38</p>,Width,<p>31</p>,Height,<p>45</p>,Box Quantity,<p>24</p>,Inner Pack Quantity,<p>1</p>,Country Of Origin,<p>BD</p>,Standards,<ul><li>VN610 151063</li><li>NFPA® 2112</li><li>NFPA® 70E</li><li>ASTM F1506-10a</li><li>EN ISO 11612   A1+A2 B1 C1</li><li>ASTM F1959/F1959M-12   ATPV 8.2 CAL/CM<sup>2</sup> (HAF 69.1%)</li><li>ELIM TESTING IN PROGRESS</li></ul>,,,,
FR89,Variant,,This stylish shirt is lightweight and comfortable. Maximum protection is guaranteed with permanent flame resistance and ARC2 protection against electric arc. The shirt tail will stay tucked in during movement and all day wear. Handy features include adjustable button cuffs and flapped chest pockets.,https://d11ak7fd9ypfb7.cloudfront.net/styles1100px/FR89NAR.jpg,,0.0,TRUE,InStock,0.7,,FR89NAR5XL,,,,Size,DROP_DOWN,5XL,Color,DROP_DOWN,Navy,,,,,,,,,,,,,Fit,<p>R</p>,Length,<p>38</p>,Width,<p>31</p>,Height,<p>45</p>,Box Quantity,<p>24</p>,Inner Pack Quantity,<p>1</p>,Country Of Origin,<p>BD</p>,Standards,<ul><li>VN610 151063</li><li>NFPA® 2112</li><li>NFPA® 70E</li><li>ASTM F1506-10a</li><li>EN ISO 11612   A1+A2 B1 C1</li><li>ASTM F1959/F1959M-12   ATPV 8.2 CAL/CM<sup>2</sup> (HAF 69.1%)</li><li>ELIM TESTING IN PROGRESS</li></ul>,,,,
FR89,Variant,,This stylish shirt is lightweight and comfortable. Maximum protection is guaranteed with permanent flame resistance and ARC2 protection against electric arc. The shirt tail will stay tucked in during movement and all day wear. Handy features include adjustable button cuffs and flapped chest pockets.,https://d11ak7fd9ypfb7.cloudfront.net/styles1100px/FR89NAR.jpg,,0.0,TRUE,InStock,0.72,,FR89NAR6XL,,,,Size,DROP_DOWN,6XL,Color,DROP_DOWN,Navy,,,,,,,,,,,,,Fit,<p>R</p>,Length,<p>38</p>,Width,<p>31</p>,Height,<p>45</p>,Box Quantity,<p>24</p>,Inner Pack Quantity,<p>1</p>,Country Of Origin,<p>BD</p>,Standards,<ul><li>VN610 151063</li><li>NFPA® 2112</li><li>NFPA® 70E</li><li>ASTM F1506-10a</li><li>EN ISO 11612   A1+A2 B1 C1</li><li>ASTM F1959/F1959M-12   ATPV 8.2 CAL/CM<sup>2</sup> (HAF 69.1%)</li><li>ELIM TESTING IN PROGRESS</li></ul>,,,,
FR89,Variant,,This stylish shirt is lightweight and comfortable. Maximum protection is guaranteed with permanent flame resistance and ARC2 protection against electric arc. The shirt tail will stay tucked in during movement and all day wear. Handy features include adjustable button cuffs and flapped chest pockets.,https://d11ak7fd9ypfb7.cloudfront.net/styles1100px/FR89NAR.jpg,,0.0,TRUE,InStock,0.6,,FR89NARL,,,,Size,DROP_DOWN,L,Color,DROP_DOWN,Navy,,,,,,,,,,,,,Fit,<p>R</p>,Length,<p>38</p>,Width,<p>31</p>,Height,<p>45</p>,Box Quantity,<p>24</p>,Inner Pack Quantity,<p>1</p>,Country Of Origin,<p>BD</p>,Standards,<ul><li>VN610 151063</li><li>NFPA® 2112</li><li>NFPA® 70E</li><li>ASTM F1506-10a</li><li>EN ISO 11612   A1+A2 B1 C1</li><li>ASTM F1959/F1959M-12   ATPV 8.2 CAL/CM<sup>2</sup> (HAF 69.1%)</li><li>ELIM TESTING IN PROGRESS</li></ul>,,,,
FR89,Variant,,This stylish shirt is lightweight and comfortable. Maximum protection is guaranteed with permanent flame resistance and ARC2 protection against electric arc. The shirt tail will stay tucked in during movement and all day wear. Handy features include adjustable button cuffs and flapped chest pockets.,https://d11ak7fd9ypfb7.cloudfront.net/styles1100px/FR89NAR.jpg,,0.0,TRUE,InStock,0.58,,FR89NARM,,,,Size,DROP_DOWN,M,Color,DROP_DOWN,Navy,,,,,,,,,,,,,Fit,<p>R</p>,Length,<p>38</p>,Width,<p>31</p>,Height,<p>45</p>,Box Quantity,<p>24</p>,Inner Pack Quantity,<p>1</p>,Country Of Origin,<p>BD</p>,Standards,<ul><li>VN610 151063</li><li>NFPA® 2112</li><li>NFPA® 70E</li><li>ASTM F1506-10a</li><li>EN ISO 11612   A1+A2 B1 C1</li><li>ASTM F1959/F1959M-12   ATPV 8.2 CAL/CM<sup>2</sup> (HAF 69.1%)</li><li>ELIM TESTING IN PROGRESS</li></ul>,,,,
FR89,Variant,,This stylish shirt is lightweight and comfortable. Maximum protection is guaranteed with permanent flame resistance and ARC2 protection against electric arc. The shirt tail will stay tucked in during movement and all day wear. Handy features include adjustable button cuffs and flapped chest pockets.,https://d11ak7fd9ypfb7.cloudfront.net/styles1100px/FR89NAR.jpg,,0.0,TRUE,InStock,0.56,,FR89NARS,,,,Size,DROP_DOWN,S,Color,DROP_DOWN,Navy,,,,,,,,,,,,,Fit,<p>R</p>,Length,<p>38</p>,Width,<p>31</p>,Height,<p>45</p>,Box Quantity,<p>24</p>,Inner Pack Quantity,<p>1</p>,Country Of Origin,<p>BD</p>,Standards,<ul><li>VN610 151063</li><li>NFPA® 2112</li><li>NFPA® 70E</li><li>ASTM F1506-10a</li><li>EN ISO 11612   A1+A2 B1 C1</li><li>ASTM F1959/F1959M-12   ATPV 8.2 CAL/CM<sup>2</sup> (HAF 69.1%)</li><li>ELIM TESTING IN PROGRESS</li></ul>,,,,
FR89,Variant,,This stylish shirt is lightweight and comfortable. Maximum protection is guaranteed with permanent flame resistance and ARC2 protection against electric arc. The shirt tail will stay tucked in during movement and all day wear. Handy features include adjustable button cuffs and flapped chest pockets.,https://d11ak7fd9ypfb7.cloudfront.net/styles1100px/FR89NAR.jpg,,0.0,TRUE,InStock,0.62,,FR89NARXL,,,,Size,DROP_DOWN,XL,Color,DROP_DOWN,Navy,,,,,,,,,,,,,Fit,<p>R</p>,Length,<p>38</p>,Width,<p>31</p>,Height,<p>45</p>,Box Quantity,<p>24</p>,Inner Pack Quantity,<p>1</p>,Country Of Origin,<p>BD</p>,Standards,<ul><li>VN610 151063</li><li>NFPA® 2112</li><li>NFPA® 70E</li><li>ASTM F1506-10a</li><li>EN ISO 11612   A1+A2 B1 C1</li><li>ASTM F1959/F1959M-12   ATPV 8.2 CAL/CM<sup>2</sup> (HAF 69.1%)</li><li>ELIM TESTING IN PROGRESS</li></ul>,,,,
FR89,Variant,,This stylish shirt is lightweight and comfortable. Maximum protection is guaranteed with permanent flame resistance and ARC2 protection against electric arc. The shirt tail will stay tucked in during movement and all day wear. Handy features include adjustable button cuffs and flapped chest pockets.,https://d11ak7fd9ypfb7.cloudfront.net/styles1100px/FR89NAR.jpg,,0.0,TRUE,InStock,0.66,,FR89NARXXL,,,,Size,DROP_DOWN,XXL,Color,DROP_DOWN,Navy,,,,,,,,,,,,,Fit,<p>R</p>,Length,<p>38</p>,Width,<p>31</p>,Height,<p>45</p>,Box Quantity,<p>24</p>,Inner Pack Quantity,<p>1</p>,Country Of Origin,<p>BD</p>,Standards,<ul><li>VN610 151063</li><li>NFPA® 2112</li><li>NFPA® 70E</li><li>ASTM F1506-10a</li><li>EN ISO 11612   A1+A2 B1 C1</li><li>ASTM F1959/F1959M-12   ATPV 8.2 CAL/CM<sup>2</sup> (HAF 69.1%)</li><li>ELIM TESTING IN PROGRESS</li></ul>,,,,
FR89,Variant,,This stylish shirt is lightweight and comfortable. Maximum protection is guaranteed with permanent flame resistance and ARC2 protection against electric arc. The shirt tail will stay tucked in during movement and all day wear. Handy features include adjustable button cuffs and flapped chest pockets.,https://d11ak7fd9ypfb7.cloudfront.net/styles1100px/FR89NAR.jpg,,0.0,TRUE,InStock,0.68,,FR89NARXXXL,,,,Size,DROP_DOWN,XXXL,Color,DROP_DOWN,Navy,,,,,,,,,,,,,Fit,<p>R</p>,Length,<p>38</p>,Width,<p>31</p>,Height,<p>45</p>,Box Quantity,<p>24</p>,Inner Pack Quantity,<p>1</p>,Country Of Origin,<p>BD</p>,Standards,<ul><li>VN610 151063</li><li>NFPA® 2112</li><li>NFPA® 70E</li><li>ASTM F1506-10a</li><li>EN ISO 11612   A1+A2 B1 C1</li><li>ASTM F1959/F1959M-12   ATPV 8.2 CAL/CM<sup>2</sup> (HAF 69.1%)</li><li>ELIM TESTING IN PROGRESS</li></ul>,,,,
FR89,Variant,,This stylish shirt is lightweight and comfortable. Maximum protection is guaranteed with permanent flame resistance and ARC2 protection against electric arc. The shirt tail will stay tucked in during movement and all day wear. Handy features include adjustable button cuffs and flapped chest pockets.,https://d11ak7fd9ypfb7.cloudfront.net/styles1100px/FR89NAT.jpg,,0.0,TRUE,InStock,0.71,,FR89NAT4XL,,,,Size,DROP_DOWN,4XL,Color,DROP_DOWN,Navy Tall,,,,,,,,,,,,,Fit,<p>T</p>,Length,<p>38</p>,Width,<p>31</p>,Height,<p>45</p>,Box Quantity,<p>24</p>,Inner Pack Quantity,<p>1</p>,Country Of Origin,<p>BD</p>,Standards,<ul><li>VN610 151063</li><li>NFPA® 2112</li><li>NFPA® 70E</li><li>ASTM F1506-10a</li><li>EN ISO 11612   A1+A2 B1 C1</li><li>ASTM F1959/F1959M-12   ATPV 8.2 CAL/CM<sup>2</sup> (HAF 69.1%)</li><li>ELIM TESTING IN PROGRESS</li></ul>,,,,
FR89,Variant,,This stylish shirt is lightweight and comfortable. Maximum protection is guaranteed with permanent flame resistance and ARC2 protection against electric arc. The shirt tail will stay tucked in during movement and all day wear. Handy features include adjustable button cuffs and flapped chest pockets.,https://d11ak7fd9ypfb7.cloudfront.net/styles1100px/FR89NAT.jpg,,0.0,TRUE,InStock,0.72,,FR89NAT5XL,,,,Size,DROP_DOWN,5XL,Color,DROP_DOWN,Navy Tall,,,,,,,,,,,,,Fit,<p>T</p>,Length,<p>38</p>,Width,<p>31</p>,Height,<p>45</p>,Box Quantity,<p>24</p>,Inner Pack Quantity,<p>1</p>,Country Of Origin,<p>BD</p>,Standards,<ul><li>VN610 151063</li><li>NFPA® 2112</li><li>NFPA® 70E</li><li>ASTM F1506-10a</li><li>EN ISO 11612   A1+A2 B1 C1</li><li>ASTM F1959/F1959M-12   ATPV 8.2 CAL/CM<sup>2</sup> (HAF 69.1%)</li><li>ELIM TESTING IN PROGRESS</li></ul>,,,,
FR89,Variant,,This stylish shirt is lightweight and comfortable. Maximum protection is guaranteed with permanent flame resistance and ARC2 protection against electric arc. The shirt tail will stay tucked in during movement and all day wear. Handy features include adjustable button cuffs and flapped chest pockets.,https://d11ak7fd9ypfb7.cloudfront.net/styles1100px/FR89NAT.jpg,,0.0,TRUE,InStock,0.62,,FR89NATL,,,,Size,DROP_DOWN,L,Color,DROP_DOWN,Navy Tall,,,,,,,,,,,,,Fit,<p>T</p>,Length,<p>38</p>,Width,<p>31</p>,Height,<p>45</p>,Box Quantity,<p>24</p>,Inner Pack Quantity,<p>1</p>,Country Of Origin,<p>BD</p>,Standards,<ul><li>VN610 151063</li><li>NFPA® 2112</li><li>NFPA® 70E</li><li>ASTM F1506-10a</li><li>EN ISO 11612   A1+A2 B1 C1</li><li>ASTM F1959/F1959M-12   ATPV 8.2 CAL/CM<sup>2</sup> (HAF 69.1%)</li><li>ELIM TESTING IN PROGRESS</li></ul>,,,,
FR89,Variant,,This stylish shirt is lightweight and comfortable. Maximum protection is guaranteed with permanent flame resistance and ARC2 protection against electric arc. The shirt tail will stay tucked in during movement and all day wear. Handy features include adjustable button cuffs and flapped chest pockets.,https://d11ak7fd9ypfb7.cloudfront.net/styles1100px/FR89NAT.jpg,,0.0,TRUE,InStock,0.6,,FR89NATM,,,,Size,DROP_DOWN,M,Color,DROP_DOWN,Navy Tall,,,,,,,,,,,,,Fit,<p>T</p>,Length,<p>38</p>,Width,<p>31</p>,Height,<p>45</p>,Box Quantity,<p>24</p>,Inner Pack Quantity,<p>1</p>,Country Of Origin,<p>BD</p>,Standards,<ul><li>VN610 151063</li><li>NFPA® 2112</li><li>NFPA® 70E</li><li>ASTM F1506-10a</li><li>EN ISO 11612   A1+A2 B1 C1</li><li>ASTM F1959/F1959M-12   ATPV 8.2 CAL/CM<sup>2</sup> (HAF 69.1%)</li><li>ELIM TESTING IN PROGRESS</li></ul>,,,,
FR89,Variant,,This stylish shirt is lightweight and comfortable. Maximum protection is guaranteed with permanent flame resistance and ARC2 protection against electric arc. The shirt tail will stay tucked in during movement and all day wear. Handy features include adjustable button cuffs and flapped chest pockets.,https://d11ak7fd9ypfb7.cloudfront.net/styles1100px/FR89NAT.jpg,,0.0,TRUE,InStock,0.64,,FR89NATXL,,,,Size,DROP_DOWN,XL,Color,DROP_DOWN,Navy Tall,,,,,,,,,,,,,Fit,<p>T</p>,Length,<p>38</p>,Width,<p>31</p>,Height,<p>45</p>,Box Quantity,<p>24</p>,Inner Pack Quantity,<p>1</p>,Country Of Origin,<p>BD</p>,Standards,<ul><li>VN610 151063</li><li>NFPA® 2112</li><li>NFPA® 70E</li><li>ASTM F1506-10a</li><li>EN ISO 11612   A1+A2 B1 C1</li><li>ASTM F1959/F1959M-12   ATPV 8.2 CAL/CM<sup>2</sup> (HAF 69.1%)</li><li>ELIM TESTING IN PROGRESS</li></ul>,,,,
FR89,Variant,,This stylish shirt is lightweight and comfortable. Maximum protection is guaranteed with permanent flame resistance and ARC2 protection against electric arc. The shirt tail will stay tucked in during movement and all day wear. Handy features include adjustable button cuffs and flapped chest pockets.,https://d11ak7fd9ypfb7.cloudfront.net/styles1100px/FR89NAT.jpg,,0.0,TRUE,InStock,0.68,,FR89NATXXL,,,,Size,DROP_DOWN,XXL,Color,DROP_DOWN,Navy Tall,,,,,,,,,,,,,Fit,<p>T</p>,Length,<p>38</p>,Width,<p>31</p>,Height,<p>45</p>,Box Quantity,<p>24</p>,Inner Pack Quantity,<p>1</p>,Country Of Origin,<p>BD</p>,Standards,<ul><li>VN610 151063</li><li>NFPA® 2112</li><li>NFPA® 70E</li><li>ASTM F1506-10a</li><li>EN ISO 11612   A1+A2 B1 C1</li><li>ASTM F1959/F1959M-12   ATPV 8.2 CAL/CM<sup>2</sup> (HAF 69.1%)</li><li>ELIM TESTING IN PROGRESS</li></ul>,,,,
FR89,Variant,,This stylish shirt is lightweight and comfortable. Maximum protection is guaranteed with permanent flame resistance and ARC2 protection against electric arc. The shirt tail will stay tucked in during movement and all day wear. Handy features include adjustable button cuffs and flapped chest pockets.,https://d11ak7fd9ypfb7.cloudfront.net/styles1100px/FR89NAT.jpg,,0.0,TRUE,InStock,0.7,,FR89NATXXXL,,,,Size,DROP_DOWN,XXXL,Color,DROP_DOWN,Navy Tall,,,,,,,,,,,,,Fit,<p>T</p>,Length,<p>38</p>,Width,<p>31</p>,Height,<p>45</p>,Box Quantity,<p>24</p>,Inner Pack Quantity,<p>1</p>,Country Of Origin,<p>BD</p>,Standards,<ul><li>VN610 151063</li><li>NFPA® 2112</li><li>NFPA® 70E</li><li>ASTM F1506-10a</li><li>EN ISO 11612   A1+A2 B1 C1</li><li>ASTM F1959/F1959M-12   ATPV 8.2 CAL/CM<sup>2</sup> (HAF 69.1%)</li><li>ELIM TESTING IN PROGRESS</li></ul>,,,,
FR94,Product,FR94 - Bizflame 88/12 Iona FR Coverall,"This durable coverall offers guaranteed flame resistance 100 washes. Suitable for a range of end uses, this item provides protection against radiant and convective heat. FR reflective tape provides enhanced visibility in low light conditions.",https://d11ak7fd9ypfb7.cloudfront.net/styles1100px/FR94GRR.jpg,103.9,0.0,TRUE,InStock,0.999,,FR94GRR4XL,,,,Size,DROP_DOWN,XS;S;M;L;XL;XXL;XXXL;4XL;5XL;6XL,Color,DROP_DOWN,Royal Blue;Khaki;Grey;Grey Tall;Navy Tall;Navy;Red;Orange,,,,,,,,,,,,,Fit,<p>R</p>,Length,<p>43</p>,Width,<p>28</p>,Height,<p>55</p>,Box Quantity,<p>18</p>,Inner Pack Quantity,<p>1</p>,Country Of Origin,<p>BD</p>,Standards,<ul><li>NFPA® 2112</li><li>ASTM F1506-10a</li><li>ASTM F1959/F1959M-12   ATPV 8.2 CAL/CM<sup>2</sup> (HAF 69.1%)</li><li>NFPA® 70E</li><li>EN ISO 11612   A1+A2 B1 C1</li></ul>,,,,
FR94,Variant,,"This durable coverall offers guaranteed flame resistance 100 washes. Suitable for a range of end uses, this item provides protection against radiant and convective heat. FR reflective tape provides enhanced visibility in low light conditions.",https://d11ak7fd9ypfb7.cloudfront.net/styles1100px/FR94GRR.jpg,,0.0,TRUE,InStock,0.999,,FR94GRR4XL,,,,Size,DROP_DOWN,4XL,Color,DROP_DOWN,Grey,,,,,,,,,,,,,Fit,<p>R</p>,Length,<p>43</p>,Width,<p>28</p>,Height,<p>55</p>,Box Quantity,<p>18</p>,Inner Pack Quantity,<p>1</p>,Country Of Origin,<p>BD</p>,Standards,<ul><li>NFPA® 2112</li><li>ASTM F1506-10a</li><li>ASTM F1959/F1959M-12   ATPV 8.2 CAL/CM<sup>2</sup> (HAF 69.1%)</li><li>NFPA® 70E</li><li>EN ISO 11612   A1+A2 B1 C1</li></ul>,,,,
FR94,Variant,,"This durable coverall offers guaranteed flame resistance 100 washes. Suitable for a range of end uses, this item provides protection against radiant and convective heat. FR reflective tape provides enhanced visibility in low light conditions.",https://d11ak7fd9ypfb7.cloudfront.net/styles1100px/FR94GRR.jpg,,0.0,TRUE,InStock,0.999,,FR94GRR5XL,,,,Size,DROP_DOWN,5XL,Color,DROP_DOWN,Grey,,,,,,,,,,,,,Fit,<p>R</p>,Length,<p>43</p>,Width,<p>28</p>,Height,<p>55</p>,Box Quantity,<p>18</p>,Inner Pack Quantity,<p>1</p>,Country Of Origin,<p>BD</p>,Standards,<ul><li>NFPA® 2112</li><li>ASTM F1506-10a</li><li>ASTM F1959/F1959M-12   ATPV 8.2 CAL/CM<sup>2</sup> (HAF 69.1%)</li><li>NFPA® 70E</li><li>EN ISO 11612   A1+A2 B1 C1</li></ul>,,,,
FR94,Variant,,"This durable coverall offers guaranteed flame resistance 100 washes. Suitable for a range of end uses, this item provides protection against radiant and convective heat. FR reflective tape provides enhanced visibility in low light conditions.",https://d11ak7fd9ypfb7.cloudfront.net/styles1100px/FR94GRR.jpg,,0.0,TRUE,InStock,0.999,,FR94GRR6XL,,,,Size,DROP_DOWN,6XL,Color,DROP_DOWN,Grey,,,,,,,,,,,,,Fit,<p>R</p>,Length,<p>43</p>,Width,<p>28</p>,Height,<p>55</p>,Box Quantity,<p>18</p>,Inner Pack Quantity,<p>1</p>,Country Of Origin,<p>BD</p>,Standards,<ul><li>NFPA® 2112</li><li>ASTM F1506-10a</li><li>ASTM F1959/F1959M-12   ATPV 8.2 CAL/CM<sup>2</sup> (HAF 69.1%)</li><li>NFPA® 70E</li><li>EN ISO 11612   A1+A2 B1 C1</li></ul>,,,,
FR94,Variant,,"This durable coverall offers guaranteed flame resistance 100 washes. Suitable for a range of end uses, this item provides protection against radiant and convective heat. FR reflective tape provides enhanced visibility in low light conditions.",https://d11ak7fd9ypfb7.cloudfront.net/styles1100px/FR94GRR.jpg,,0.0,TRUE,InStock,0.999,,FR94GRRL,,,,Size,DROP_DOWN,L,Color,DROP_DOWN,Grey,,,,,,,,,,,,,Fit,<p>R</p>,Length,<p>43</p>,Width,<p>28</p>,Height,<p>50</p>,Box Quantity,<p>18</p>,Inner Pack Quantity,<p>1</p>,Country Of Origin,<p>BD</p>,Standards,<ul><li>NFPA® 2112</li><li>ASTM F1506-10a</li><li>ASTM F1959/F1959M-12   ATPV 8.2 CAL/CM<sup>2</sup> (HAF 69.1%)</li><li>NFPA® 70E</li><li>EN ISO 11612   A1+A2 B1 C1</li></ul>,,,,
FR94,Variant,,"This durable coverall offers guaranteed flame resistance 100 washes. Suitable for a range of end uses, this item provides protection against radiant and convective heat. FR reflective tape provides enhanced visibility in low light conditions.",https://d11ak7fd9ypfb7.cloudfront.net/styles1100px/FR94GRR.jpg,,0.0,TRUE,InStock,0.999,,FR94GRRM,,,,Size,DROP_DOWN,M,Color,DROP_DOWN,Grey,,,,,,,,,,,,,Fit,<p>R</p>,Length,<p>43</p>,Width,<p>28</p>,Height,<p>50</p>,Box Quantity,<p>18</p>,Inner Pack Quantity,<p>1</p>,Country Of Origin,<p>BD</p>,Standards,<ul><li>NFPA® 2112</li><li>ASTM F1506-10a</li><li>ASTM F1959/F1959M-12   ATPV 8.2 CAL/CM<sup>2</sup> (HAF 69.1%)</li><li>NFPA® 70E</li><li>EN ISO 11612   A1+A2 B1 C1</li></ul>,,,,
FR94,Variant,,"This durable coverall offers guaranteed flame resistance 100 washes. Suitable for a range of end uses, this item provides protection against radiant and convective heat. FR reflective tape provides enhanced visibility in low light conditions.",https://d11ak7fd9ypfb7.cloudfront.net/styles1100px/FR94GRR.jpg,,0.0,TRUE,InStock,0.999,,FR94GRRS,,,,Size,DROP_DOWN,S,Color,DROP_DOWN,Grey,,,,,,,,,,,,,Fit,<p>R</p>,Length,<p>43</p>,Width,<p>28</p>,Height,<p>50</p>,Box Quantity,<p>18</p>,Inner Pack Quantity,<p>1</p>,Country Of Origin,<p>BD</p>,Standards,<ul><li>NFPA® 2112</li><li>ASTM F1506-10a</li><li>ASTM F1959/F1959M-12   ATPV 8.2 CAL/CM<sup>2</sup> (HAF 69.1%)</li><li>NFPA® 70E</li><li>EN ISO 11612   A1+A2 B1 C1</li></ul>,,,,
FR94,Variant,,"This durable coverall offers guaranteed flame resistance 100 washes. Suitable for a range of end uses, this item provides protection against radiant and convective heat. FR reflective tape provides enhanced visibility in low light conditions.",https://d11ak7fd9ypfb7.cloudfront.net/styles1100px/FR94GRR.jpg,,0.0,TRUE,InStock,0.999,,FR94GRRXL,,,,Size,DROP_DOWN,XL,Color,DROP_DOWN,Grey,,,,,,,,,,,,,Fit,<p>R</p>,Length,<p>43</p>,Width,<p>28</p>,Height,<p>50</p>,Box Quantity,<p>18</p>,Inner Pack Quantity,<p>1</p>,Country Of Origin,<p>BD</p>,Standards,<ul><li>NFPA® 2112</li><li>ASTM F1506-10a</li><li>ASTM F1959/F1959M-12   ATPV 8.2 CAL/CM<sup>2</sup> (HAF 69.1%)</li><li>NFPA® 70E</li><li>EN ISO 11612   A1+A2 B1 C1</li></ul>,,,,
FR94,Variant,,"This durable coverall offers guaranteed flame resistance 100 washes. Suitable for a range of end uses, this item provides protection against radiant and convective heat. FR reflective tape provides enhanced visibility in low light conditions.",https://d11ak7fd9ypfb7.cloudfront.net/styles1100px/FR94GRR.jpg,,0.0,TRUE,InStock,0.999,,FR94GRRXXL,,,,Size,DROP_DOWN,XXL,Color,DROP_DOWN,Grey,,,,,,,,,,,,,Fit,<p>R</p>,Length,<p>43</p>,Width,<p>28</p>,Height,<p>55</p>,Box Quantity,<p>18</p>,Inner Pack Quantity,<p>1</p>,Country Of Origin,<p>BD</p>,Standards,<ul><li>NFPA® 2112</li><li>ASTM F1506-10a</li><li>ASTM F1959/F1959M-12   ATPV 8.2 CAL/CM<sup>2</sup> (HAF 69.1%)</li><li>NFPA® 70E</li><li>EN ISO 11612   A1+A2 B1 C1</li></ul>,,,,
FR94,Variant,,"This durable coverall offers guaranteed flame resistance 100 washes. Suitable for a range of end uses, this item provides protection against radiant and convective heat. FR reflective tape provides enhanced visibility in low light conditions.",https://d11ak7fd9ypfb7.cloudfront.net/styles1100px/FR94GRR.jpg,,0.0,TRUE,InStock,0.999,,FR94GRRXXXL,,,,Size,DROP_DOWN,XXXL,Color,DROP_DOWN,Grey,,,,,,,,,,,,,Fit,<p>R</p>,Length,<p>43</p>,Width,<p>28</p>,Height,<p>55</p>,Box Quantity,<p>18</p>,Inner Pack Quantity,<p>1</p>,Country Of Origin,<p>BD</p>,Standards,<ul><li>NFPA® 2112</li><li>ASTM F1506-10a</li><li>ASTM F1959/F1959M-12   ATPV 8.2 CAL/CM<sup>2</sup> (HAF 69.1%)</li><li>NFPA® 70E</li><li>EN ISO 11612   A1+A2 B1 C1</li></ul>,,,,
FR94,Variant,,"This durable coverall offers guaranteed flame resistance 100 washes. Suitable for a range of end uses, this item provides protection against radiant and convective heat. FR reflective tape provides enhanced visibility in low light conditions.",https://d11ak7fd9ypfb7.cloudfront.net/styles1100px/FR94GRT.jpg,,0.0,TRUE,InStock,0.999,,FR94GRTL,,,,Size,DROP_DOWN,L,Color,DROP_DOWN,Grey Tall,,,,,,,,,,,,,Fit,<p>T</p>,Length,<p>43</p>,Width,<p>28</p>,Height,<p>58</p>,Box Quantity,<p>18</p>,Inner Pack Quantity,<p>1</p>,Country Of Origin,<p>BD</p>,Standards,<ul><li>NFPA® 2112</li><li>ASTM F1506-10a</li><li>ASTM F1959/F1959M-12   ATPV 8.2 CAL/CM<sup>2</sup> (HAF 69.1%)</li><li>NFPA® 70E</li><li>EN ISO 11612   A1+A2 B1 C1</li></ul>,,,,
FR94,Variant,,"This durable coverall offers guaranteed flame resistance 100 washes. Suitable for a range of end uses, this item provides protection against radiant and convective heat. FR reflective tape provides enhanced visibility in low light conditions.",https://d11ak7fd9ypfb7.cloudfront.net/styles1100px/FR94GRT.jpg,,0.0,TRUE,InStock,0.999,,FR94GRTM,,,,Size,DROP_DOWN,M,Color,DROP_DOWN,Grey Tall,,,,,,,,,,,,,Fit,<p>T</p>,Length,<p>43</p>,Width,<p>28</p>,Height,<p>58</p>,Box Quantity,<p>18</p>,Inner Pack Quantity,<p>1</p>,Country Of Origin,<p>BD</p>,Standards,<ul><li>NFPA® 2112</li><li>ASTM F1506-10a</li><li>ASTM F1959/F1959M-12   ATPV 8.2 CAL/CM<sup>2</sup> (HAF 69.1%)</li><li>NFPA® 70E</li><li>EN ISO 11612   A1+A2 B1 C1</li></ul>,,,,
FR94,Variant,,"This durable coverall offers guaranteed flame resistance 100 washes. Suitable for a range of end uses, this item provides protection against radiant and convective heat. FR reflective tape provides enhanced visibility in low light conditions.",https://d11ak7fd9ypfb7.cloudfront.net/styles1100px/FR94GRT.jpg,,0.0,TRUE,InStock,0.999,,FR94GRTXL,,,,Size,DROP_DOWN,XL,Color,DROP_DOWN,Grey Tall,,,,,,,,,,,,,Fit,<p>T</p>,Length,<p>43</p>,Width,<p>28</p>,Height,<p>58</p>,Box Quantity,<p>18</p>,Inner Pack Quantity,<p>1</p>,Country Of Origin,<p>BD</p>,Standards,<ul><li>NFPA® 2112</li><li>ASTM F1506-10a</li><li>ASTM F1959/F1959M-12   ATPV 8.2 CAL/CM<sup>2</sup> (HAF 69.1%)</li><li>NFPA® 70E</li><li>EN ISO 11612   A1+A2 B1 C1</li></ul>,,,,
FR94,Variant,,"This durable coverall offers guaranteed flame resistance 100 washes. Suitable for a range of end uses, this item provides protection against radiant and convective heat. FR reflective tape provides enhanced visibility in low light conditions.",https://d11ak7fd9ypfb7.cloudfront.net/styles1100px/FR94GRT.jpg,,0.0,TRUE,InStock,0.999,,FR94GRTXXL,,,,Size,DROP_DOWN,XXL,Color,DROP_DOWN,Grey Tall,,,,,,,,,,,,,Fit,<p>T</p>,Length,<p>43</p>,Width,<p>28</p>,Height,<p>58</p>,Box Quantity,<p>18</p>,Inner Pack Quantity,<p>1</p>,Country Of Origin,<p>BD</p>,Standards,<ul><li>NFPA® 2112</li><li>ASTM F1506-10a</li><li>ASTM F1959/F1959M-12   ATPV 8.2 CAL/CM<sup>2</sup> (HAF 69.1%)</li><li>NFPA® 70E</li><li>EN ISO 11612   A1+A2 B1 C1</li></ul>,,,,
FR94,Variant,,"This durable coverall offers guaranteed flame resistance 100 washes. Suitable for a range of end uses, this item provides protection against radiant and convective heat. FR reflective tape provides enhanced visibility in low light conditions.",https://d11ak7fd9ypfb7.cloudfront.net/styles1100px/FR94GRT.jpg,,0.0,TRUE,InStock,0.999,,FR94GRTXXXL,,,,Size,DROP_DOWN,XXXL,Color,DROP_DOWN,Grey Tall,,,,,,,,,,,,,Fit,<p>T</p>,Length,<p>43</p>,Width,<p>28</p>,Height,<p>58</p>,Box Quantity,<p>18</p>,Inner Pack Quantity,<p>1</p>,Country Of Origin,<p>BD</p>,Standards,<ul><li>NFPA® 2112</li><li>ASTM F1506-10a</li><li>ASTM F1959/F1959M-12   ATPV 8.2 CAL/CM<sup>2</sup> (HAF 69.1%)</li><li>NFPA® 70E</li><li>EN ISO 11612   A1+A2 B1 C1</li></ul>,,,,
FR94,Variant,,"This durable coverall offers guaranteed flame resistance 100 washes. Suitable for a range of end uses, this item provides protection against radiant and convective heat. FR reflective tape provides enhanced visibility in low light conditions.",https://d11ak7fd9ypfb7.cloudfront.net/styles1100px/FR94KHR.jpg,,0.0,TRUE,InStock,0.999,,FR94KHR4XL,,,,Size,DROP_DOWN,4XL,Color,DROP_DOWN,Khaki,,,,,,,,,,,,,Fit,<p>R</p>,Length,<p>43</p>,Width,<p>28</p>,Height,<p>55</p>,Box Quantity,<p>18</p>,Inner Pack Quantity,<p>1</p>,Country Of Origin,<p>BD</p>,Standards,<ul><li>NFPA® 2112</li><li>ASTM F1506-10a</li><li>ASTM F1959/F1959M-12   ATPV 8.2 CAL/CM<sup>2</sup> (HAF 69.1%)</li><li>NFPA® 70E</li><li>EN ISO 11612   A1+A2 B1 C1</li></ul>,,,,
FR94,Variant,,"This durable coverall offers guaranteed flame resistance 100 washes. Suitable for a range of end uses, this item provides protection against radiant and convective heat. FR reflective tape provides enhanced visibility in low light conditions.",https://d11ak7fd9ypfb7.cloudfront.net/styles1100px/FR94KHR.jpg,,0.0,TRUE,InStock,0.999,,FR94KHR5XL,,,,Size,DROP_DOWN,5XL,Color,DROP_DOWN,Khaki,,,,,,,,,,,,,Fit,<p>R</p>,Length,<p>43</p>,Width,<p>28</p>,Height,<p>55</p>,Box Quantity,<p>18</p>,Inner Pack Quantity,<p>1</p>,Country Of Origin,<p>BD</p>,Standards,<ul><li>NFPA® 2112</li><li>ASTM F1506-10a</li><li>ASTM F1959/F1959M-12   ATPV 8.2 CAL/CM<sup>2</sup> (HAF 69.1%)</li><li>NFPA® 70E</li><li>EN ISO 11612   A1+A2 B1 C1</li></ul>,,,,
FR94,Variant,,"This durable coverall offers guaranteed flame resistance 100 washes. Suitable for a range of end uses, this item provides protection against radiant and convective heat. FR reflective tape provides enhanced visibility in low light conditions.",https://d11ak7fd9ypfb7.cloudfront.net/styles1100px/FR94KHR.jpg,,0.0,TRUE,InStock,0.999,,FR94KHR6XL,,,,Size,DROP_DOWN,6XL,Color,DROP_DOWN,Khaki,,,,,,,,,,,,,Fit,<p>R</p>,Length,<p>43</p>,Width,<p>28</p>,Height,<p>55</p>,Box Quantity,<p>18</p>,Inner Pack Quantity,<p>1</p>,Country Of Origin,<p>BD</p>,Standards,<ul><li>NFPA® 2112</li><li>ASTM F1506-10a</li><li>ASTM F1959/F1959M-12   ATPV 8.2 CAL/CM<sup>2</sup> (HAF 69.1%)</li><li>NFPA® 70E</li><li>EN ISO 11612   A1+A2 B1 C1</li></ul>,,,,
FR94,Variant,,"This durable coverall offers guaranteed flame resistance 100 washes. Suitable for a range of end uses, this item provides protection against radiant and convective heat. FR reflective tape provides enhanced visibility in low light conditions.",https://d11ak7fd9ypfb7.cloudfront.net/styles1100px/FR94KHR.jpg,,0.0,TRUE,InStock,0.999,,FR94KHRL,,,,Size,DROP_DOWN,L,Color,DROP_DOWN,Khaki,,,,,,,,,,,,,Fit,<p>R</p>,Length,<p>43</p>,Width,<p>28</p>,Height,<p>50</p>,Box Quantity,<p>18</p>,Inner Pack Quantity,<p>1</p>,Country Of Origin,<p>BD</p>,Standards,<ul><li>NFPA® 2112</li><li>ASTM F1506-10a</li><li>ASTM F1959/F1959M-12   ATPV 8.2 CAL/CM<sup>2</sup> (HAF 69.1%)</li><li>NFPA® 70E</li><li>EN ISO 11612   A1+A2 B1 C1</li></ul>,,,,
FR94,Variant,,"This durable coverall offers guaranteed flame resistance 100 washes. Suitable for a range of end uses, this item provides protection against radiant and convective heat. FR reflective tape provides enhanced visibility in low light conditions.",https://d11ak7fd9ypfb7.cloudfront.net/styles1100px/FR94KHR.jpg,,0.0,TRUE,InStock,0.999,,FR94KHRM,,,,Size,DROP_DOWN,M,Color,DROP_DOWN,Khaki,,,,,,,,,,,,,Fit,<p>R</p>,Length,<p>43</p>,Width,<p>28</p>,Height,<p>50</p>,Box Quantity,<p>18</p>,Inner Pack Quantity,<p>1</p>,Country Of Origin,<p>BD</p>,Standards,<ul><li>NFPA® 2112</li><li>ASTM F1506-10a</li><li>ASTM F1959/F1959M-12   ATPV 8.2 CAL/CM<sup>2</sup> (HAF 69.1%)</li><li>NFPA® 70E</li><li>EN ISO 11612   A1+A2 B1 C1</li></ul>,,,,
FR94,Variant,,"This durable coverall offers guaranteed flame resistance 100 washes. Suitable for a range of end uses, this item provides protection against radiant and convective heat. FR reflective tape provides enhanced visibility in low light conditions.",https://d11ak7fd9ypfb7.cloudfront.net/styles1100px/FR94KHR.jpg,,0.0,TRUE,InStock,0.999,,FR94KHRS,,,,Size,DROP_DOWN,S,Color,DROP_DOWN,Khaki,,,,,,,,,,,,,Fit,<p>R</p>,Length,<p>43</p>,Width,<p>28</p>,Height,<p>50</p>,Box Quantity,<p>18</p>,Inner Pack Quantity,<p>1</p>,Country Of Origin,<p>BD</p>,Standards,<ul><li>NFPA® 2112</li><li>ASTM F1506-10a</li><li>ASTM F1959/F1959M-12   ATPV 8.2 CAL/CM<sup>2</sup> (HAF 69.1%)</li><li>NFPA® 70E</li><li>EN ISO 11612   A1+A2 B1 C1</li></ul>,,,,
FR94,Variant,,"This durable coverall offers guaranteed flame resistance 100 washes. Suitable for a range of end uses, this item provides protection against radiant and convective heat. FR reflective tape provides enhanced visibility in low light conditions.",https://d11ak7fd9ypfb7.cloudfront.net/styles1100px/FR94KHR.jpg,,0.0,TRUE,InStock,0.999,,FR94KHRXL,,,,Size,DROP_DOWN,XL,Color,DROP_DOWN,Khaki,,,,,,,,,,,,,Fit,<p>R</p>,Length,<p>43</p>,Width,<p>28</p>,Height,<p>50</p>,Box Quantity,<p>18</p>,Inner Pack Quantity,<p>1</p>,Country Of Origin,<p>BD</p>,Standards,<ul><li>NFPA® 2112</li><li>ASTM F1506-10a</li><li>ASTM F1959/F1959M-12   ATPV 8.2 CAL/CM<sup>2</sup> (HAF 69.1%)</li><li>NFPA® 70E</li><li>EN ISO 11612   A1+A2 B1 C1</li></ul>,,,,
FR94,Variant,,"This durable coverall offers guaranteed flame resistance 100 washes. Suitable for a range of end uses, this item provides protection against radiant and convective heat. FR reflective tape provides enhanced visibility in low light conditions.",https://d11ak7fd9ypfb7.cloudfront.net/styles1100px/FR94KHR.jpg,,0.0,TRUE,InStock,0.999,,FR94KHRXXL,,,,Size,DROP_DOWN,XXL,Color,DROP_DOWN,Khaki,,,,,,,,,,,,,Fit,<p>R</p>,Length,<p>43</p>,Width,<p>28</p>,Height,<p>55</p>,Box Quantity,<p>18</p>,Inner Pack Quantity,<p>1</p>,Country Of Origin,<p>BD</p>,Standards,<ul><li>NFPA® 2112</li><li>ASTM F1506-10a</li><li>ASTM F1959/F1959M-12   ATPV 8.2 CAL/CM<sup>2</sup> (HAF 69.1%)</li><li>NFPA® 70E</li><li>EN ISO 11612   A1+A2 B1 C1</li></ul>,,,,
FR94,Variant,,"This durable coverall offers guaranteed flame resistance 100 washes. Suitable for a range of end uses, this item provides protection against radiant and convective heat. FR reflective tape provides enhanced visibility in low light conditions.",https://d11ak7fd9ypfb7.cloudfront.net/styles1100px/FR94KHR.jpg,,0.0,TRUE,InStock,0.999,,FR94KHRXXXL,,,,Size,DROP_DOWN,XXXL,Color,DROP_DOWN,Khaki,,,,,,,,,,,,,Fit,<p>R</p>,Length,<p>43</p>,Width,<p>28</p>,Height,<p>55</p>,Box Quantity,<p>18</p>,Inner Pack Quantity,<p>1</p>,Country Of Origin,<p>BD</p>,Standards,<ul><li>NFPA® 2112</li><li>ASTM F1506-10a</li><li>ASTM F1959/F1959M-12   ATPV 8.2 CAL/CM<sup>2</sup> (HAF 69.1%)</li><li>NFPA® 70E</li><li>EN ISO 11612   A1+A2 B1 C1</li></ul>,,,,
FR94,Variant,,"This durable coverall offers guaranteed flame resistance 100 washes. Suitable for a range of end uses, this item provides protection against radiant and convective heat. FR reflective tape provides enhanced visibility in low light conditions.",https://d11ak7fd9ypfb7.cloudfront.net/styles1100px/FR94NAR.jpg,,0.0,TRUE,InStock,0.999,,FR94NAR4XL,,,,Size,DROP_DOWN,4XL,Color,DROP_DOWN,Navy,,,,,,,,,,,,,Fit,<p>R</p>,Length,<p>43</p>,Width,<p>28</p>,Height,<p>55</p>,Box Quantity,<p>18</p>,Inner Pack Quantity,<p>1</p>,Country Of Origin,<p>BD</p>,Standards,<ul><li>NFPA® 2112</li><li>ASTM F1506-10a</li><li>ASTM F1959/F1959M-12   ATPV 8.2 CAL/CM<sup>2</sup> (HAF 69.1%)</li><li>NFPA® 70E</li><li>EN ISO 11612   A1+A2 B1 C1</li></ul>,,,,
FR94,Variant,,"This durable coverall offers guaranteed flame resistance 100 washes. Suitable for a range of end uses, this item provides protection against radiant and convective heat. FR reflective tape provides enhanced visibility in low light conditions.",https://d11ak7fd9ypfb7.cloudfront.net/styles1100px/FR94NAR.jpg,,0.0,TRUE,InStock,0.999,,FR94NAR5XL,,,,Size,DROP_DOWN,5XL,Color,DROP_DOWN,Navy,,,,,,,,,,,,,Fit,<p>R</p>,Length,<p>43</p>,Width,<p>28</p>,Height,<p>55</p>,Box Quantity,<p>18</p>,Inner Pack Quantity,<p>1</p>,Country Of Origin,<p>BD</p>,Standards,<ul><li>NFPA® 2112</li><li>ASTM F1506-10a</li><li>ASTM F1959/F1959M-12   ATPV 8.2 CAL/CM<sup>2</sup> (HAF 69.1%)</li><li>NFPA® 70E</li><li>EN ISO 11612   A1+A2 B1 C1</li></ul>,,,,
FR94,Variant,,"This durable coverall offers guaranteed flame resistance 100 washes. Suitable for a range of end uses, this item provides protection against radiant and convective heat. FR reflective tape provides enhanced visibility in low light conditions.",https://d11ak7fd9ypfb7.cloudfront.net/styles1100px/FR94NAR.jpg,,0.0,TRUE,InStock,0.999,,FR94NAR6XL,,,,Size,DROP_DOWN,6XL,Color,DROP_DOWN,Navy,,,,,,,,,,,,,Fit,<p>R</p>,Length,<p>43</p>,Width,<p>28</p>,Height,<p>55</p>,Box Quantity,<p>18</p>,Inner Pack Quantity,<p>1</p>,Country Of Origin,<p>BD</p>,Standards,<ul><li>NFPA® 2112</li><li>ASTM F1506-10a</li><li>ASTM F1959/F1959M-12   ATPV 8.2 CAL/CM<sup>2</sup> (HAF 69.1%)</li><li>NFPA® 70E</li><li>EN ISO 11612   A1+A2 B1 C1</li></ul>,,,,
FR94,Variant,,"This durable coverall offers guaranteed flame resistance 100 washes. Suitable for a range of end uses, this item provides protection against radiant and convective heat. FR reflective tape provides enhanced visibility in low light conditions.",https://d11ak7fd9ypfb7.cloudfront.net/styles1100px/FR94NAR.jpg,,0.0,TRUE,InStock,0.999,,FR94NARL,,,,Size,DROP_DOWN,L,Color,DROP_DOWN,Navy,,,,,,,,,,,,,Fit,<p>R</p>,Length,<p>43</p>,Width,<p>28</p>,Height,<p>50</p>,Box Quantity,<p>18</p>,Inner Pack Quantity,<p>1</p>,Country Of Origin,<p>BD</p>,Standards,<ul><li>NFPA® 2112</li><li>ASTM F1506-10a</li><li>ASTM F1959/F1959M-12   ATPV 8.2 CAL/CM<sup>2</sup> (HAF 69.1%)</li><li>NFPA® 70E</li><li>EN ISO 11612   A1+A2 B1 C1</li></ul>,,,,
FR94,Variant,,"This durable coverall offers guaranteed flame resistance 100 washes. Suitable for a range of end uses, this item provides protection against radiant and convective heat. FR reflective tape provides enhanced visibility in low light conditions.",https://d11ak7fd9ypfb7.cloudfront.net/styles1100px/FR94NAR.jpg,,0.0,TRUE,InStock,0.999,,FR94NARM,,,,Size,DROP_DOWN,M,Color,DROP_DOWN,Navy,,,,,,,,,,,,,Fit,<p>R</p>,Length,<p>43</p>,Width,<p>28</p>,Height,<p>50</p>,Box Quantity,<p>18</p>,Inner Pack Quantity,<p>1</p>,Country Of Origin,<p>BD</p>,Standards,<ul><li>NFPA® 2112</li><li>ASTM F1506-10a</li><li>ASTM F1959/F1959M-12   ATPV 8.2 CAL/CM<sup>2</sup> (HAF 69.1%)</li><li>NFPA® 70E</li><li>EN ISO 11612   A1+A2 B1 C1</li></ul>,,,,
FR94,Variant,,"This durable coverall offers guaranteed flame resistance 100 washes. Suitable for a range of end uses, this item provides protection against radiant and convective heat. FR reflective tape provides enhanced visibility in low light conditions.",https://d11ak7fd9ypfb7.cloudfront.net/styles1100px/FR94NAR.jpg,,0.0,TRUE,InStock,0.999,,FR94NARS,,,,Size,DROP_DOWN,S,Color,DROP_DOWN,Navy,,,,,,,,,,,,,Fit,<p>R</p>,Length,<p>43</p>,Width,<p>28</p>,Height,<p>50</p>,Box Quantity,<p>18</p>,Inner Pack Quantity,<p>1</p>,Country Of Origin,<p>BD</p>,Standards,<ul><li>NFPA® 2112</li><li>ASTM F1506-10a</li><li>ASTM F1959/F1959M-12   ATPV 8.2 CAL/CM<sup>2</sup> (HAF 69.1%)</li><li>NFPA® 70E</li><li>EN ISO 11612   A1+A2 B1 C1</li></ul>,,,,
FR94,Variant,,"This durable coverall offers guaranteed flame resistance 100 washes. Suitable for a range of end uses, this item provides protection against radiant and convective heat. FR reflective tape provides enhanced visibility in low light conditions.",https://d11ak7fd9ypfb7.cloudfront.net/styles1100px/FR94NAR.jpg,,0.0,TRUE,InStock,0.999,,FR94NARXL,,,,Size,DROP_DOWN,XL,Color,DROP_DOWN,Navy,,,,,,,,,,,,,Fit,<p>R</p>,Length,<p>43</p>,Width,<p>28</p>,Height,<p>50</p>,Box Quantity,<p>18</p>,Inner Pack Quantity,<p>1</p>,Country Of Origin,<p>BD</p>,Standards,<ul><li>NFPA® 2112</li><li>ASTM F1506-10a</li><li>ASTM F1959/F1959M-12   ATPV 8.2 CAL/CM<sup>2</sup> (HAF 69.1%)</li><li>NFPA® 70E</li><li>EN ISO 11612   A1+A2 B1 C1</li></ul>,,,,
FR94,Variant,,"This durable coverall offers guaranteed flame resistance 100 washes. Suitable for a range of end uses, this item provides protection against radiant and convective heat. FR reflective tape provides enhanced visibility in low light conditions.",https://d11ak7fd9ypfb7.cloudfront.net/styles1100px/FR94NAR.jpg,,0.0,TRUE,InStock,0.999,,FR94NARXS,,,,Size,DROP_DOWN,XS,Color,DROP_DOWN,Navy,,,,,,,,,,,,,Fit,<p>R</p>,Length,<p>43</p>,Width,<p>28</p>,Height,<p>58</p>,Box Quantity,<p>18</p>,Inner Pack Quantity,<p>1</p>,Country Of Origin,<p></p>,Standards,<ul><li>NFPA® 2112</li><li>ASTM F1506-10a</li><li>ASTM F1959/F1959M-12   ATPV 8.2 CAL/CM<sup>2</sup> (HAF 69.1%)</li><li>NFPA® 70E</li><li>EN ISO 11612   A1+A2 B1 C1</li></ul>,,,,
FR94,Variant,,"This durable coverall offers guaranteed flame resistance 100 washes. Suitable for a range of end uses, this item provides protection against radiant and convective heat. FR reflective tape provides enhanced visibility in low light conditions.",https://d11ak7fd9ypfb7.cloudfront.net/styles1100px/FR94NAR.jpg,,0.0,TRUE,InStock,0.999,,FR94NARXXL,,,,Size,DROP_DOWN,XXL,Color,DROP_DOWN,Navy,,,,,,,,,,,,,Fit,<p>R</p>,Length,<p>43</p>,Width,<p>28</p>,Height,<p>55</p>,Box Quantity,<p>18</p>,Inner Pack Quantity,<p>1</p>,Country Of Origin,<p>BD</p>,Standards,<ul><li>NFPA® 2112</li><li>ASTM F1506-10a</li><li>ASTM F1959/F1959M-12   ATPV 8.2 CAL/CM<sup>2</sup> (HAF 69.1%)</li><li>NFPA® 70E</li><li>EN ISO 11612   A1+A2 B1 C1</li></ul>,,,,
FR94,Variant,,"This durable coverall offers guaranteed flame resistance 100 washes. Suitable for a range of end uses, this item provides protection against radiant and convective heat. FR reflective tape provides enhanced visibility in low light conditions.",https://d11ak7fd9ypfb7.cloudfront.net/styles1100px/FR94NAR.jpg,,0.0,TRUE,InStock,0.999,,FR94NARXXXL,,,,Size,DROP_DOWN,XXXL,Color,DROP_DOWN,Navy,,,,,,,,,,,,,Fit,<p>R</p>,Length,<p>43</p>,Width,<p>28</p>,Height,<p>55</p>,Box Quantity,<p>18</p>,Inner Pack Quantity,<p>1</p>,Country Of Origin,<p>BD</p>,Standards,<ul><li>NFPA® 2112</li><li>ASTM F1506-10a</li><li>ASTM F1959/F1959M-12   ATPV 8.2 CAL/CM<sup>2</sup> (HAF 69.1%)</li><li>NFPA® 70E</li><li>EN ISO 11612   A1+A2 B1 C1</li></ul>,,,,
FR94,Variant,,"This durable coverall offers guaranteed flame resistance 100 washes. Suitable for a range of end uses, this item provides protection against radiant and convective heat. FR reflective tape provides enhanced visibility in low light conditions.",https://d11ak7fd9ypfb7.cloudfront.net/styles1100px/FR94NAT.jpg,,0.0,TRUE,InStock,0.999,,FR94NAT4XL,,,,Size,DROP_DOWN,4XL,Color,DROP_DOWN,Navy Tall,,,,,,,,,,,,,Fit,<p>T</p>,Length,<p>43</p>,Width,<p>28</p>,Height,<p>58</p>,Box Quantity,<p>18</p>,Inner Pack Quantity,<p>1</p>,Country Of Origin,<p>BD</p>,Standards,<ul><li>NFPA® 2112</li><li>ASTM F1506-10a</li><li>ASTM F1959/F1959M-12   ATPV 8.2 CAL/CM<sup>2</sup> (HAF 69.1%)</li><li>NFPA® 70E</li><li>EN ISO 11612   A1+A2 B1 C1</li></ul>,,,,
FR94,Variant,,"This durable coverall offers guaranteed flame resistance 100 washes. Suitable for a range of end uses, this item provides protection against radiant and convective heat. FR reflective tape provides enhanced visibility in low light conditions.",https://d11ak7fd9ypfb7.cloudfront.net/styles1100px/FR94NAT.jpg,,0.0,TRUE,InStock,0.999,,FR94NATL,,,,Size,DROP_DOWN,L,Color,DROP_DOWN,Navy Tall,,,,,,,,,,,,,Fit,<p>T</p>,Length,<p>43</p>,Width,<p>28</p>,Height,<p>58</p>,Box Quantity,<p>18</p>,Inner Pack Quantity,<p>1</p>,Country Of Origin,<p>BD</p>,Standards,<ul><li>NFPA® 2112</li><li>ASTM F1506-10a</li><li>ASTM F1959/F1959M-12   ATPV 8.2 CAL/CM<sup>2</sup> (HAF 69.1%)</li><li>NFPA® 70E</li><li>EN ISO 11612   A1+A2 B1 C1</li></ul>,,,,
FR94,Variant,,"This durable coverall offers guaranteed flame resistance 100 washes. Suitable for a range of end uses, this item provides protection against radiant and convective heat. FR reflective tape provides enhanced visibility in low light conditions.",https://d11ak7fd9ypfb7.cloudfront.net/styles1100px/FR94NAT.jpg,,0.0,TRUE,InStock,0.999,,FR94NATM,,,,Size,DROP_DOWN,M,Color,DROP_DOWN,Navy Tall,,,,,,,,,,,,,Fit,<p>T</p>,Length,<p>43</p>,Width,<p>28</p>,Height,<p>58</p>,Box Quantity,<p>18</p>,Inner Pack Quantity,<p>1</p>,Country Of Origin,<p>BD</p>,Standards,<ul><li>NFPA® 2112</li><li>ASTM F1506-10a</li><li>ASTM F1959/F1959M-12   ATPV 8.2 CAL/CM<sup>2</sup> (HAF 69.1%)</li><li>NFPA® 70E</li><li>EN ISO 11612   A1+A2 B1 C1</li></ul>,,,,
FR94,Variant,,"This durable coverall offers guaranteed flame resistance 100 washes. Suitable for a range of end uses, this item provides protection against radiant and convective heat. FR reflective tape provides enhanced visibility in low light conditions.",https://d11ak7fd9ypfb7.cloudfront.net/styles1100px/FR94NAT.jpg,,0.0,TRUE,InStock,0.999,,FR94NATXL,,,,Size,DROP_DOWN,XL,Color,DROP_DOWN,Navy Tall,,,,,,,,,,,,,Fit,<p>T</p>,Length,<p>43</p>,Width,<p>28</p>,Height,<p>58</p>,Box Quantity,<p>18</p>,Inner Pack Quantity,<p>1</p>,Country Of Origin,<p>BD</p>,Standards,<ul><li>NFPA® 2112</li><li>ASTM F1506-10a</li><li>ASTM F1959/F1959M-12   ATPV 8.2 CAL/CM<sup>2</sup> (HAF 69.1%)</li><li>NFPA® 70E</li><li>EN ISO 11612   A1+A2 B1 C1</li></ul>,,,,
FR94,Variant,,"This durable coverall offers guaranteed flame resistance 100 washes. Suitable for a range of end uses, this item provides protection against radiant and convective heat. FR reflective tape provides enhanced visibility in low light conditions.",https://d11ak7fd9ypfb7.cloudfront.net/styles1100px/FR94NAT.jpg,,0.0,TRUE,InStock,0.999,,FR94NATXXL,,,,Size,DROP_DOWN,XXL,Color,DROP_DOWN,Navy Tall,,,,,,,,,,,,,Fit,<p>T</p>,Length,<p>43</p>,Width,<p>28</p>,Height,<p>58</p>,Box Quantity,<p>18</p>,Inner Pack Quantity,<p>1</p>,Country Of Origin,<p>BD</p>,Standards,<ul><li>NFPA® 2112</li><li>ASTM F1506-10a</li><li>ASTM F1959/F1959M-12   ATPV 8.2 CAL/CM<sup>2</sup> (HAF 69.1%)</li><li>NFPA® 70E</li><li>EN ISO 11612   A1+A2 B1 C1</li></ul>,,,,
FR94,Variant,,"This durable coverall offers guaranteed flame resistance 100 washes. Suitable for a range of end uses, this item provides protection against radiant and convective heat. FR reflective tape provides enhanced visibility in low light conditions.",https://d11ak7fd9ypfb7.cloudfront.net/styles1100px/FR94NAT.jpg,,0.0,TRUE,InStock,0.999,,FR94NATXXXL,,,,Size,DROP_DOWN,XXXL,Color,DROP_DOWN,Navy Tall,,,,,,,,,,,,,Fit,<p>T</p>,Length,<p>43</p>,Width,<p>28</p>,Height,<p>58</p>,Box Quantity,<p>18</p>,Inner Pack Quantity,<p>1</p>,Country Of Origin,<p>BD</p>,Standards,<ul><li>NFPA® 2112</li><li>ASTM F1506-10a</li><li>ASTM F1959/F1959M-12   ATPV 8.2 CAL/CM<sup>2</sup> (HAF 69.1%)</li><li>NFPA® 70E</li><li>EN ISO 11612   A1+A2 B1 C1</li></ul>,,,,
FR94,Variant,,"This durable coverall offers guaranteed flame resistance 100 washes. Suitable for a range of end uses, this item provides protection against radiant and convective heat. FR reflective tape provides enhanced visibility in low light conditions.",https://d11ak7fd9ypfb7.cloudfront.net/styles1100px/FR94ORR.jpg,,0.0,TRUE,InStock,0.999,,FR94ORR4XL,,,,Size,DROP_DOWN,4XL,Color,DROP_DOWN,Orange,,,,,,,,,,,,,Fit,<p>R</p>,Length,<p>43</p>,Width,<p>28</p>,Height,<p>55</p>,Box Quantity,<p>18</p>,Inner Pack Quantity,<p>1</p>,Country Of Origin,<p>BD</p>,Standards,<ul><li>NFPA® 2112</li><li>ASTM F1506-10a</li><li>ASTM F1959/F1959M-12   ATPV 8.2 CAL/CM<sup>2</sup> (HAF 69.1%)</li><li>NFPA® 70E</li><li>EN ISO 11612   A1+A2 B1 C1</li></ul>,,,,
FR94,Variant,,"This durable coverall offers guaranteed flame resistance 100 washes. Suitable for a range of end uses, this item provides protection against radiant and convective heat. FR reflective tape provides enhanced visibility in low light conditions.",https://d11ak7fd9ypfb7.cloudfront.net/styles1100px/FR94ORR.jpg,,0.0,TRUE,InStock,0.999,,FR94ORR5XL,,,,Size,DROP_DOWN,5XL,Color,DROP_DOWN,Orange,,,,,,,,,,,,,Fit,<p>R</p>,Length,<p>43</p>,Width,<p>28</p>,Height,<p>55</p>,Box Quantity,<p>18</p>,Inner Pack Quantity,<p>1</p>,Country Of Origin,<p>BD</p>,Standards,<ul><li>NFPA® 2112</li><li>ASTM F1506-10a</li><li>ASTM F1959/F1959M-12   ATPV 8.2 CAL/CM<sup>2</sup> (HAF 69.1%)</li><li>NFPA® 70E</li><li>EN ISO 11612   A1+A2 B1 C1</li></ul>,,,,
FR94,Variant,,"This durable coverall offers guaranteed flame resistance 100 washes. Suitable for a range of end uses, this item provides protection against radiant and convective heat. FR reflective tape provides enhanced visibility in low light conditions.",https://d11ak7fd9ypfb7.cloudfront.net/styles1100px/FR94ORR.jpg,,0.0,TRUE,InStock,0.999,,FR94ORR6XL,,,,Size,DROP_DOWN,6XL,Color,DROP_DOWN,Orange,,,,,,,,,,,,,Fit,<p>R</p>,Length,<p>43</p>,Width,<p>28</p>,Height,<p>55</p>,Box Quantity,<p>18</p>,Inner Pack Quantity,<p>1</p>,Country Of Origin,<p>BD</p>,Standards,<ul><li>NFPA® 2112</li><li>ASTM F1506-10a</li><li>ASTM F1959/F1959M-12   ATPV 8.2 CAL/CM<sup>2</sup> (HAF 69.1%)</li><li>NFPA® 70E</li><li>EN ISO 11612   A1+A2 B1 C1</li></ul>,,,,
FR94,Variant,,"This durable coverall offers guaranteed flame resistance 100 washes. Suitable for a range of end uses, this item provides protection against radiant and convective heat. FR reflective tape provides enhanced visibility in low light conditions.",https://d11ak7fd9ypfb7.cloudfront.net/styles1100px/FR94ORR.jpg,,0.0,TRUE,InStock,0.999,,FR94ORRL,,,,Size,DROP_DOWN,L,Color,DROP_DOWN,Orange,,,,,,,,,,,,,Fit,<p>R</p>,Length,<p>43</p>,Width,<p>28</p>,Height,<p>50</p>,Box Quantity,<p>18</p>,Inner Pack Quantity,<p>1</p>,Country Of Origin,<p>BD</p>,Standards,<ul><li>NFPA® 2112</li><li>ASTM F1506-10a</li><li>ASTM F1959/F1959M-12   ATPV 8.2 CAL/CM<sup>2</sup> (HAF 69.1%)</li><li>NFPA® 70E</li><li>EN ISO 11612   A1+A2 B1 C1</li></ul>,,,,
FR94,Variant,,"This durable coverall offers guaranteed flame resistance 100 washes. Suitable for a range of end uses, this item provides protection against radiant and convective heat. FR reflective tape provides enhanced visibility in low light conditions.",https://d11ak7fd9ypfb7.cloudfront.net/styles1100px/FR94ORR.jpg,,0.0,TRUE,InStock,0.999,,FR94ORRM,,,,Size,DROP_DOWN,M,Color,DROP_DOWN,Orange,,,,,,,,,,,,,Fit,<p>R</p>,Length,<p>43</p>,Width,<p>28</p>,Height,<p>50</p>,Box Quantity,<p>18</p>,Inner Pack Quantity,<p>1</p>,Country Of Origin,<p>BD</p>,Standards,<ul><li>NFPA® 2112</li><li>ASTM F1506-10a</li><li>ASTM F1959/F1959M-12   ATPV 8.2 CAL/CM<sup>2</sup> (HAF 69.1%)</li><li>NFPA® 70E</li><li>EN ISO 11612   A1+A2 B1 C1</li></ul>,,,,
FR94,Variant,,"This durable coverall offers guaranteed flame resistance 100 washes. Suitable for a range of end uses, this item provides protection against radiant and convective heat. FR reflective tape provides enhanced visibility in low light conditions.",https://d11ak7fd9ypfb7.cloudfront.net/styles1100px/FR94ORR.jpg,,0.0,TRUE,InStock,0.999,,FR94ORRS,,,,Size,DROP_DOWN,S,Color,DROP_DOWN,Orange,,,,,,,,,,,,,Fit,<p>R</p>,Length,<p>43</p>,Width,<p>28</p>,Height,<p>50</p>,Box Quantity,<p>18</p>,Inner Pack Quantity,<p>1</p>,Country Of Origin,<p>BD</p>,Standards,<ul><li>NFPA® 2112</li><li>ASTM F1506-10a</li><li>ASTM F1959/F1959M-12   ATPV 8.2 CAL/CM<sup>2</sup> (HAF 69.1%)</li><li>NFPA® 70E</li><li>EN ISO 11612   A1+A2 B1 C1</li></ul>,,,,
FR94,Variant,,"This durable coverall offers guaranteed flame resistance 100 washes. Suitable for a range of end uses, this item provides protection against radiant and convective heat. FR reflective tape provides enhanced visibility in low light conditions.",https://d11ak7fd9ypfb7.cloudfront.net/styles1100px/FR94ORR.jpg,,0.0,TRUE,InStock,0.999,,FR94ORRXL,,,,Size,DROP_DOWN,XL,Color,DROP_DOWN,Orange,,,,,,,,,,,,,Fit,<p>R</p>,Length,<p>43</p>,Width,<p>28</p>,Height,<p>50</p>,Box Quantity,<p>18</p>,Inner Pack Quantity,<p>1</p>,Country Of Origin,<p>BD</p>,Standards,<ul><li>NFPA® 2112</li><li>ASTM F1506-10a</li><li>ASTM F1959/F1959M-12   ATPV 8.2 CAL/CM<sup>2</sup> (HAF 69.1%)</li><li>NFPA® 70E</li><li>EN ISO 11612   A1+A2 B1 C1</li></ul>,,,,
FR94,Variant,,"This durable coverall offers guaranteed flame resistance 100 washes. Suitable for a range of end uses, this item provides protection against radiant and convective heat. FR reflective tape provides enhanced visibility in low light conditions.",https://d11ak7fd9ypfb7.cloudfront.net/styles1100px/FR94ORR.jpg,,0.0,TRUE,InStock,0.999,,FR94ORRXXL,,,,Size,DROP_DOWN,XXL,Color,DROP_DOWN,Orange,,,,,,,,,,,,,Fit,<p>R</p>,Length,<p>43</p>,Width,<p>28</p>,Height,<p>55</p>,Box Quantity,<p>18</p>,Inner Pack Quantity,<p>1</p>,Country Of Origin,<p>BD</p>,Standards,<ul><li>NFPA® 2112</li><li>ASTM F1506-10a</li><li>ASTM F1959/F1959M-12   ATPV 8.2 CAL/CM<sup>2</sup> (HAF 69.1%)</li><li>NFPA® 70E</li><li>EN ISO 11612   A1+A2 B1 C1</li></ul>,,,,
FR94,Variant,,"This durable coverall offers guaranteed flame resistance 100 washes. Suitable for a range of end uses, this item provides protection against radiant and convective heat. FR reflective tape provides enhanced visibility in low light conditions.",https://d11ak7fd9ypfb7.cloudfront.net/styles1100px/FR94ORR.jpg,,0.0,TRUE,InStock,0.999,,FR94ORRXXXL,,,,Size,DROP_DOWN,XXXL,Color,DROP_DOWN,Orange,,,,,,,,,,,,,Fit,<p>R</p>,Length,<p>43</p>,Width,<p>28</p>,Height,<p>55</p>,Box Quantity,<p>18</p>,Inner Pack Quantity,<p>1</p>,Country Of Origin,<p>BD</p>,Standards,<ul><li>NFPA® 2112</li><li>ASTM F1506-10a</li><li>ASTM F1959/F1959M-12   ATPV 8.2 CAL/CM<sup>2</sup> (HAF 69.1%)</li><li>NFPA® 70E</li><li>EN ISO 11612   A1+A2 B1 C1</li></ul>,,,,
FR94,Variant,,"This durable coverall offers guaranteed flame resistance 100 washes. Suitable for a range of end uses, this item provides protection against radiant and convective heat. FR reflective tape provides enhanced visibility in low light conditions.",https://d11ak7fd9ypfb7.cloudfront.net/styles1100px/FR94RBR.jpg,,0.0,TRUE,InStock,0.999,,FR94RBR4XL,,,,Size,DROP_DOWN,4XL,Color,DROP_DOWN,Royal Blue,,,,,,,,,,,,,Fit,<p>R</p>,Length,<p>43</p>,Width,<p>28</p>,Height,<p>55</p>,Box Quantity,<p>18</p>,Inner Pack Quantity,<p>1</p>,Country Of Origin,<p>BD</p>,Standards,<ul><li>NFPA® 2112</li><li>ASTM F1506-10a</li><li>ASTM F1959/F1959M-12   ATPV 8.2 CAL/CM<sup>2</sup> (HAF 69.1%)</li><li>NFPA® 70E</li><li>EN ISO 11612   A1+A2 B1 C1</li></ul>,,,,
FR94,Variant,,"This durable coverall offers guaranteed flame resistance 100 washes. Suitable for a range of end uses, this item provides protection against radiant and convective heat. FR reflective tape provides enhanced visibility in low light conditions.",https://d11ak7fd9ypfb7.cloudfront.net/styles1100px/FR94RBR.jpg,,0.0,TRUE,InStock,0.999,,FR94RBR5XL,,,,Size,DROP_DOWN,5XL,Color,DROP_DOWN,Royal Blue,,,,,,,,,,,,,Fit,<p>R</p>,Length,<p>43</p>,Width,<p>28</p>,Height,<p>55</p>,Box Quantity,<p>18</p>,Inner Pack Quantity,<p>1</p>,Country Of Origin,<p>BD</p>,Standards,<ul><li>NFPA® 2112</li><li>ASTM F1506-10a</li><li>ASTM F1959/F1959M-12   ATPV 8.2 CAL/CM<sup>2</sup> (HAF 69.1%)</li><li>NFPA® 70E</li><li>EN ISO 11612   A1+A2 B1 C1</li></ul>,,,,
FR94,Variant,,"This durable coverall offers guaranteed flame resistance 100 washes. Suitable for a range of end uses, this item provides protection against radiant and convective heat. FR reflective tape provides enhanced visibility in low light conditions.",https://d11ak7fd9ypfb7.cloudfront.net/styles1100px/FR94RBR.jpg,,0.0,TRUE,InStock,0.999,,FR94RBR6XL,,,,Size,DROP_DOWN,6XL,Color,DROP_DOWN,Royal Blue,,,,,,,,,,,,,Fit,<p>R</p>,Length,<p>43</p>,Width,<p>28</p>,Height,<p>55</p>,Box Quantity,<p>18</p>,Inner Pack Quantity,<p>1</p>,Country Of Origin,<p>BD</p>,Standards,<ul><li>NFPA® 2112</li><li>ASTM F1506-10a</li><li>ASTM F1959/F1959M-12   ATPV 8.2 CAL/CM<sup>2</sup> (HAF 69.1%)</li><li>NFPA® 70E</li><li>EN ISO 11612   A1+A2 B1 C1</li></ul>,,,,
FR94,Variant,,"This durable coverall offers guaranteed flame resistance 100 washes. Suitable for a range of end uses, this item provides protection against radiant and convective heat. FR reflective tape provides enhanced visibility in low light conditions.",https://d11ak7fd9ypfb7.cloudfront.net/styles1100px/FR94RBR.jpg,,0.0,TRUE,InStock,0.999,,FR94RBRL,,,,Size,DROP_DOWN,L,Color,DROP_DOWN,Royal Blue,,,,,,,,,,,,,Fit,<p>R</p>,Length,<p>43</p>,Width,<p>28</p>,Height,<p>50</p>,Box Quantity,<p>18</p>,Inner Pack Quantity,<p>1</p>,Country Of Origin,<p>BD</p>,Standards,<ul><li>NFPA® 2112</li><li>ASTM F1506-10a</li><li>ASTM F1959/F1959M-12   ATPV 8.2 CAL/CM<sup>2</sup> (HAF 69.1%)</li><li>NFPA® 70E</li><li>EN ISO 11612   A1+A2 B1 C1</li></ul>,,,,
FR94,Variant,,"This durable coverall offers guaranteed flame resistance 100 washes. Suitable for a range of end uses, this item provides protection against radiant and convective heat. FR reflective tape provides enhanced visibility in low light conditions.",https://d11ak7fd9ypfb7.cloudfront.net/styles1100px/FR94RBR.jpg,,0.0,TRUE,InStock,0.999,,FR94RBRM,,,,Size,DROP_DOWN,M,Color,DROP_DOWN,Royal Blue,,,,,,,,,,,,,Fit,<p>R</p>,Length,<p>43</p>,Width,<p>28</p>,Height,<p>50</p>,Box Quantity,<p>18</p>,Inner Pack Quantity,<p>1</p>,Country Of Origin,<p>BD</p>,Standards,<ul><li>NFPA® 2112</li><li>ASTM F1506-10a</li><li>ASTM F1959/F1959M-12   ATPV 8.2 CAL/CM<sup>2</sup> (HAF 69.1%)</li><li>NFPA® 70E</li><li>EN ISO 11612   A1+A2 B1 C1</li></ul>,,,,
FR94,Variant,,"This durable coverall offers guaranteed flame resistance 100 washes. Suitable for a range of end uses, this item provides protection against radiant and convective heat. FR reflective tape provides enhanced visibility in low light conditions.",https://d11ak7fd9ypfb7.cloudfront.net/styles1100px/FR94RBR.jpg,,0.0,TRUE,InStock,0.999,,FR94RBRS,,,,Size,DROP_DOWN,S,Color,DROP_DOWN,Royal Blue,,,,,,,,,,,,,Fit,<p>R</p>,Length,<p>43</p>,Width,<p>28</p>,Height,<p>50</p>,Box Quantity,<p>18</p>,Inner Pack Quantity,<p>1</p>,Country Of Origin,<p>BD</p>,Standards,<ul><li>NFPA® 2112</li><li>ASTM F1506-10a</li><li>ASTM F1959/F1959M-12   ATPV 8.2 CAL/CM<sup>2</sup> (HAF 69.1%)</li><li>NFPA® 70E</li><li>EN ISO 11612   A1+A2 B1 C1</li></ul>,,,,
FR94,Variant,,"This durable coverall offers guaranteed flame resistance 100 washes. Suitable for a range of end uses, this item provides protection against radiant and convective heat. FR reflective tape provides enhanced visibility in low light conditions.",https://d11ak7fd9ypfb7.cloudfront.net/styles1100px/FR94RBR.jpg,,0.0,TRUE,InStock,0.999,,FR94RBRXL,,,,Size,DROP_DOWN,XL,Color,DROP_DOWN,Royal Blue,,,,,,,,,,,,,Fit,<p>R</p>,Length,<p>43</p>,Width,<p>28</p>,Height,<p>50</p>,Box Quantity,<p>18</p>,Inner Pack Quantity,<p>1</p>,Country Of Origin,<p>BD</p>,Standards,<ul><li>NFPA® 2112</li><li>ASTM F1506-10a</li><li>ASTM F1959/F1959M-12   ATPV 8.2 CAL/CM<sup>2</sup> (HAF 69.1%)</li><li>NFPA® 70E</li><li>EN ISO 11612   A1+A2 B1 C1</li></ul>,,,,
FR94,Variant,,"This durable coverall offers guaranteed flame resistance 100 washes. Suitable for a range of end uses, this item provides protection against radiant and convective heat. FR reflective tape provides enhanced visibility in low light conditions.",https://d11ak7fd9ypfb7.cloudfront.net/styles1100px/FR94RBR.jpg,,0.0,TRUE,InStock,0.999,,FR94RBRXS,,,,Size,DROP_DOWN,XS,Color,DROP_DOWN,Royal Blue,,,,,,,,,,,,,Fit,<p>R</p>,Length,<p>43</p>,Width,<p>28</p>,Height,<p>58</p>,Box Quantity,<p>18</p>,Inner Pack Quantity,<p>1</p>,Country Of Origin,<p></p>,Standards,<ul><li>NFPA® 2112</li><li>ASTM F1506-10a</li><li>ASTM F1959/F1959M-12   ATPV 8.2 CAL/CM<sup>2</sup> (HAF 69.1%)</li><li>NFPA® 70E</li><li>EN ISO 11612   A1+A2 B1 C1</li></ul>,,,,
FR94,Variant,,"This durable coverall offers guaranteed flame resistance 100 washes. Suitable for a range of end uses, this item provides protection against radiant and convective heat. FR reflective tape provides enhanced visibility in low light conditions.",https://d11ak7fd9ypfb7.cloudfront.net/styles1100px/FR94RBR.jpg,,0.0,TRUE,InStock,0.999,,FR94RBRXXL,,,,Size,DROP_DOWN,XXL,Color,DROP_DOWN,Royal Blue,,,,,,,,,,,,,Fit,<p>R</p>,Length,<p>43</p>,Width,<p>28</p>,Height,<p>55</p>,Box Quantity,<p>18</p>,Inner Pack Quantity,<p>1</p>,Country Of Origin,<p>BD</p>,Standards,<ul><li>NFPA® 2112</li><li>ASTM F1506-10a</li><li>ASTM F1959/F1959M-12   ATPV 8.2 CAL/CM<sup>2</sup> (HAF 69.1%)</li><li>NFPA® 70E</li><li>EN ISO 11612   A1+A2 B1 C1</li></ul>,,,,
FR94,Variant,,"This durable coverall offers guaranteed flame resistance 100 washes. Suitable for a range of end uses, this item provides protection against radiant and convective heat. FR reflective tape provides enhanced visibility in low light conditions.",https://d11ak7fd9ypfb7.cloudfront.net/styles1100px/FR94RBR.jpg,,0.0,TRUE,InStock,0.999,,FR94RBRXXXL,,,,Size,DROP_DOWN,XXXL,Color,DROP_DOWN,Royal Blue,,,,,,,,,,,,,Fit,<p>R</p>,Length,<p>43</p>,Width,<p>28</p>,Height,<p>55</p>,Box Quantity,<p>18</p>,Inner Pack Quantity,<p>1</p>,Country Of Origin,<p>BD</p>,Standards,<ul><li>NFPA® 2112</li><li>ASTM F1506-10a</li><li>ASTM F1959/F1959M-12   ATPV 8.2 CAL/CM<sup>2</sup> (HAF 69.1%)</li><li>NFPA® 70E</li><li>EN ISO 11612   A1+A2 B1 C1</li></ul>,,,,
FR94,Variant,,"This durable coverall offers guaranteed flame resistance 100 washes. Suitable for a range of end uses, this item provides protection against radiant and convective heat. FR reflective tape provides enhanced visibility in low light conditions.",https://d11ak7fd9ypfb7.cloudfront.net/styles1100px/FR94RER.jpg,,0.0,TRUE,InStock,0.999,,FR94RER4XL,,,,Size,DROP_DOWN,4XL,Color,DROP_DOWN,Red,,,,,,,,,,,,,Fit,<p>R</p>,Length,<p>43</p>,Width,<p>28</p>,Height,<p>55</p>,Box Quantity,<p>18</p>,Inner Pack Quantity,<p>1</p>,Country Of Origin,<p>BD</p>,Standards,<ul><li>NFPA® 2112</li><li>ASTM F1506-10a</li><li>ASTM F1959/F1959M-12   ATPV 8.2 CAL/CM<sup>2</sup> (HAF 69.1%)</li><li>NFPA® 70E</li><li>EN ISO 11612   A1+A2 B1 C1</li></ul>,,,,
FR94,Variant,,"This durable coverall offers guaranteed flame resistance 100 washes. Suitable for a range of end uses, this item provides protection against radiant and convective heat. FR reflective tape provides enhanced visibility in low light conditions.",https://d11ak7fd9ypfb7.cloudfront.net/styles1100px/FR94RER.jpg,,0.0,TRUE,InStock,0.999,,FR94RER5XL,,,,Size,DROP_DOWN,5XL,Color,DROP_DOWN,Red,,,,,,,,,,,,,Fit,<p>R</p>,Length,<p>43</p>,Width,<p>28</p>,Height,<p>55</p>,Box Quantity,<p>18</p>,Inner Pack Quantity,<p>1</p>,Country Of Origin,<p>BD</p>,Standards,<ul><li>NFPA® 2112</li><li>ASTM F1506-10a</li><li>ASTM F1959/F1959M-12   ATPV 8.2 CAL/CM<sup>2</sup> (HAF 69.1%)</li><li>NFPA® 70E</li><li>EN ISO 11612   A1+A2 B1 C1</li></ul>,,,,
FR94,Variant,,"This durable coverall offers guaranteed flame resistance 100 washes. Suitable for a range of end uses, this item provides protection against radiant and convective heat. FR reflective tape provides enhanced visibility in low light conditions.",https://d11ak7fd9ypfb7.cloudfront.net/styles1100px/FR94RER.jpg,,0.0,TRUE,InStock,0.999,,FR94RER6XL,,,,Size,DROP_DOWN,6XL,Color,DROP_DOWN,Red,,,,,,,,,,,,,Fit,<p>R</p>,Length,<p>43</p>,Width,<p>28</p>,Height,<p>55</p>,Box Quantity,<p>18</p>,Inner Pack Quantity,<p>1</p>,Country Of Origin,<p>BD</p>,Standards,<ul><li>NFPA® 2112</li><li>ASTM F1506-10a</li><li>ASTM F1959/F1959M-12   ATPV 8.2 CAL/CM<sup>2</sup> (HAF 69.1%)</li><li>NFPA® 70E</li><li>EN ISO 11612   A1+A2 B1 C1</li></ul>,,,,
FR94,Variant,,"This durable coverall offers guaranteed flame resistance 100 washes. Suitable for a range of end uses, this item provides protection against radiant and convective heat. FR reflective tape provides enhanced visibility in low light conditions.",https://d11ak7fd9ypfb7.cloudfront.net/styles1100px/FR94RER.jpg,,0.0,TRUE,InStock,0.999,,FR94RERL,,,,Size,DROP_DOWN,L,Color,DROP_DOWN,Red,,,,,,,,,,,,,Fit,<p>R</p>,Length,<p>43</p>,Width,<p>28</p>,Height,<p>50</p>,Box Quantity,<p>18</p>,Inner Pack Quantity,<p>1</p>,Country Of Origin,<p>BD</p>,Standards,<ul><li>NFPA® 2112</li><li>ASTM F1506-10a</li><li>ASTM F1959/F1959M-12   ATPV 8.2 CAL/CM<sup>2</sup> (HAF 69.1%)</li><li>NFPA® 70E</li><li>EN ISO 11612   A1+A2 B1 C1</li></ul>,,,,
FR94,Variant,,"This durable coverall offers guaranteed flame resistance 100 washes. Suitable for a range of end uses, this item provides protection against radiant and convective heat. FR reflective tape provides enhanced visibility in low light conditions.",https://d11ak7fd9ypfb7.cloudfront.net/styles1100px/FR94RER.jpg,,0.0,TRUE,InStock,0.999,,FR94RERM,,,,Size,DROP_DOWN,M,Color,DROP_DOWN,Red,,,,,,,,,,,,,Fit,<p>R</p>,Length,<p>43</p>,Width,<p>28</p>,Height,<p>50</p>,Box Quantity,<p>18</p>,Inner Pack Quantity,<p>1</p>,Country Of Origin,<p>BD</p>,Standards,<ul><li>NFPA® 2112</li><li>ASTM F1506-10a</li><li>ASTM F1959/F1959M-12   ATPV 8.2 CAL/CM<sup>2</sup> (HAF 69.1%)</li><li>NFPA® 70E</li><li>EN ISO 11612   A1+A2 B1 C1</li></ul>,,,,
FR94,Variant,,"This durable coverall offers guaranteed flame resistance 100 washes. Suitable for a range of end uses, this item provides protection against radiant and convective heat. FR reflective tape provides enhanced visibility in low light conditions.",https://d11ak7fd9ypfb7.cloudfront.net/styles1100px/FR94RER.jpg,,0.0,TRUE,InStock,0.999,,FR94RERS,,,,Size,DROP_DOWN,S,Color,DROP_DOWN,Red,,,,,,,,,,,,,Fit,<p>R</p>,Length,<p>43</p>,Width,<p>28</p>,Height,<p>50</p>,Box Quantity,<p>18</p>,Inner Pack Quantity,<p>1</p>,Country Of Origin,<p>BD</p>,Standards,<ul><li>NFPA® 2112</li><li>ASTM F1506-10a</li><li>ASTM F1959/F1959M-12   ATPV 8.2 CAL/CM<sup>2</sup> (HAF 69.1%)</li><li>NFPA® 70E</li><li>EN ISO 11612   A1+A2 B1 C1</li></ul>,,,,
FR94,Variant,,"This durable coverall offers guaranteed flame resistance 100 washes. Suitable for a range of end uses, this item provides protection against radiant and convective heat. FR reflective tape provides enhanced visibility in low light conditions.",https://d11ak7fd9ypfb7.cloudfront.net/styles1100px/FR94RER.jpg,,0.0,TRUE,InStock,0.999,,FR94RERXL,,,,Size,DROP_DOWN,XL,Color,DROP_DOWN,Red,,,,,,,,,,,,,Fit,<p>R</p>,Length,<p>43</p>,Width,<p>28</p>,Height,<p>50</p>,Box Quantity,<p>18</p>,Inner Pack Quantity,<p>1</p>,Country Of Origin,<p>BD</p>,Standards,<ul><li>NFPA® 2112</li><li>ASTM F1506-10a</li><li>ASTM F1959/F1959M-12   ATPV 8.2 CAL/CM<sup>2</sup> (HAF 69.1%)</li><li>NFPA® 70E</li><li>EN ISO 11612   A1+A2 B1 C1</li></ul>,,,,
FR94,Variant,,"This durable coverall offers guaranteed flame resistance 100 washes. Suitable for a range of end uses, this item provides protection against radiant and convective heat. FR reflective tape provides enhanced visibility in low light conditions.",https://d11ak7fd9ypfb7.cloudfront.net/styles1100px/FR94RER.jpg,,0.0,TRUE,InStock,0.999,,FR94RERXXL,,,,Size,DROP_DOWN,XXL,Color,DROP_DOWN,Red,,,,,,,,,,,,,Fit,<p>R</p>,Length,<p>43</p>,Width,<p>28</p>,Height,<p>55</p>,Box Quantity,<p>18</p>,Inner Pack Quantity,<p>1</p>,Country Of Origin,<p>BD</p>,Standards,<ul><li>NFPA® 2112</li><li>ASTM F1506-10a</li><li>ASTM F1959/F1959M-12   ATPV 8.2 CAL/CM<sup>2</sup> (HAF 69.1%)</li><li>NFPA® 70E</li><li>EN ISO 11612   A1+A2 B1 C1</li></ul>,,,,
FR94,Variant,,"This durable coverall offers guaranteed flame resistance 100 washes. Suitable for a range of end uses, this item provides protection against radiant and convective heat. FR reflective tape provides enhanced visibility in low light conditions.",https://d11ak7fd9ypfb7.cloudfront.net/styles1100px/FR94RER.jpg,,0.0,TRUE,InStock,0.999,,FR94RERXXXL,,,,Size,DROP_DOWN,XXXL,Color,DROP_DOWN,Red,,,,,,,,,,,,,Fit,<p>R</p>,Length,<p>43</p>,Width,<p>28</p>,Height,<p>55</p>,Box Quantity,<p>18</p>,Inner Pack Quantity,<p>1</p>,Country Of Origin,<p>BD</p>,Standards,<ul><li>NFPA® 2112</li><li>ASTM F1506-10a</li><li>ASTM F1959/F1959M-12   ATPV 8.2 CAL/CM<sup>2</sup> (HAF 69.1%)</li><li>NFPA® 70E</li><li>EN ISO 11612   A1+A2 B1 C1</li></ul>,,,,
FR95,Product,FR95 - Bizflame 88/12 FR Hi-Vis Shirt,"This lightweight shirt offers guaranteed flame resistance for the life of the garment. Ideal for situations where extra visibility is required, FR95 is spacious and comfortable. Features include an action back for ease of movement and an extra long shirt tail to ensure the garment stays in place when tucked in.",https://d11ak7fd9ypfb7.cloudfront.net/styles1100px/FR95YER.jpg,163.5,0.0,TRUE,InStock,0.999,,FR95YER4XL,,,,Size,DROP_DOWN,S;M;L;XL;XXL;XXXL;4XL;5XL;6XL,Color,DROP_DOWN,Yellow,,,,,,,,,,,,,Fit,<p>R</p>,Length,<p>45</p>,Width,<p>37</p>,Height,<p>38</p>,Box Quantity,<p>24</p>,Inner Pack Quantity,<p>1</p>,Country Of Origin,<p>CN</p>,Standards,<ul><li>ASTM F1506-10a</li><li>NFPA® 2112</li><li>NFPA® 70E</li><li>ANSI/ISEA 107 TYPE R CLASS 3</li><li>ASTM F1959/F1959M-12   ATPV 9 cal cm<sup>2</sup> (HAF 75.6%)</li><li>EN ISO 20471 Class 3</li><li>EN ISO 11612   A1+A2B1C1F1</li></ul>,,,,
FR95,Variant,,"This lightweight shirt offers guaranteed flame resistance for the life of the garment. Ideal for situations where extra visibility is required, FR95 is spacious and comfortable. Features include an action back for ease of movement and an extra long shirt tail to ensure the garment stays in place when tucked in.",https://d11ak7fd9ypfb7.cloudfront.net/styles1100px/FR95YER.jpg,,0.0,TRUE,InStock,0.999,,FR95YER4XL,,,,Size,DROP_DOWN,4XL,Color,DROP_DOWN,Yellow,,,,,,,,,,,,,Fit,<p>R</p>,Length,<p>45</p>,Width,<p>37</p>,Height,<p>38</p>,Box Quantity,<p>24</p>,Inner Pack Quantity,<p>1</p>,Country Of Origin,<p>CN</p>,Standards,<ul><li>ASTM F1506-10a</li><li>NFPA® 2112</li><li>NFPA® 70E</li><li>ANSI/ISEA 107 TYPE R CLASS 3</li><li>ASTM F1959/F1959M-12   ATPV 9 cal cm<sup>2</sup> (HAF 75.6%)</li><li>EN ISO 20471 Class 3</li><li>EN ISO 11612   A1+A2B1C1F1</li></ul>,,,,
FR95,Variant,,"This lightweight shirt offers guaranteed flame resistance for the life of the garment. Ideal for situations where extra visibility is required, FR95 is spacious and comfortable. Features include an action back for ease of movement and an extra long shirt tail to ensure the garment stays in place when tucked in.",https://d11ak7fd9ypfb7.cloudfront.net/styles1100px/FR95YER.jpg,,0.0,TRUE,InStock,0.999,,FR95YER5XL,,,,Size,DROP_DOWN,5XL,Color,DROP_DOWN,Yellow,,,,,,,,,,,,,Fit,<p>R</p>,Length,<p>45</p>,Width,<p>37</p>,Height,<p>38</p>,Box Quantity,<p>24</p>,Inner Pack Quantity,<p>1</p>,Country Of Origin,<p>CN</p>,Standards,<ul><li>ASTM F1506-10a</li><li>NFPA® 2112</li><li>NFPA® 70E</li><li>ANSI/ISEA 107 TYPE R CLASS 3</li><li>ASTM F1959/F1959M-12   ATPV 9 cal cm<sup>2</sup> (HAF 75.6%)</li><li>EN ISO 20471 Class 3</li><li>EN ISO 11612   A1+A2B1C1F1</li></ul>,,,,
FR95,Variant,,"This lightweight shirt offers guaranteed flame resistance for the life of the garment. Ideal for situations where extra visibility is required, FR95 is spacious and comfortable. Features include an action back for ease of movement and an extra long shirt tail to ensure the garment stays in place when tucked in.",https://d11ak7fd9ypfb7.cloudfront.net/styles1100px/FR95YER.jpg,,0.0,TRUE,InStock,0.999,,FR95YER6XL,,,,Size,DROP_DOWN,6XL,Color,DROP_DOWN,Yellow,,,,,,,,,,,,,Fit,<p>R</p>,Length,<p>45</p>,Width,<p>37</p>,Height,<p>38</p>,Box Quantity,<p>24</p>,Inner Pack Quantity,<p>1</p>,Country Of Origin,<p>CN</p>,Standards,<ul><li>ASTM F1506-10a</li><li>NFPA® 2112</li><li>NFPA® 70E</li><li>ANSI/ISEA 107 TYPE R CLASS 3</li><li>ASTM F1959/F1959M-12   ATPV 9 cal cm<sup>2</sup> (HAF 75.6%)</li><li>EN ISO 20471 Class 3</li><li>EN ISO 11612   A1+A2B1C1F1</li></ul>,,,,
FR95,Variant,,"This lightweight shirt offers guaranteed flame resistance for the life of the garment. Ideal for situations where extra visibility is required, FR95 is spacious and comfortable. Features include an action back for ease of movement and an extra long shirt tail to ensure the garment stays in place when tucked in.",https://d11ak7fd9ypfb7.cloudfront.net/styles1100px/FR95YER.jpg,,0.0,TRUE,InStock,0.748,,FR95YERL,,,,Size,DROP_DOWN,L,Color,DROP_DOWN,Yellow,,,,,,,,,,,,,Fit,<p>R</p>,Length,<p>45</p>,Width,<p>37</p>,Height,<p>38</p>,Box Quantity,<p>24</p>,Inner Pack Quantity,<p>1</p>,Country Of Origin,<p>CN</p>,Standards,<ul><li>ASTM F1506-10a</li><li>NFPA® 2112</li><li>NFPA® 70E</li><li>ANSI/ISEA 107 TYPE R CLASS 3</li><li>ASTM F1959/F1959M-12   ATPV 9 cal cm<sup>2</sup> (HAF 75.6%)</li><li>EN ISO 20471 Class 3</li><li>EN ISO 11612   A1+A2B1C1F1</li></ul>,,,,
FR95,Variant,,"This lightweight shirt offers guaranteed flame resistance for the life of the garment. Ideal for situations where extra visibility is required, FR95 is spacious and comfortable. Features include an action back for ease of movement and an extra long shirt tail to ensure the garment stays in place when tucked in.",https://d11ak7fd9ypfb7.cloudfront.net/styles1100px/FR95YER.jpg,,0.0,TRUE,InStock,0.708,,FR95YERM,,,,Size,DROP_DOWN,M,Color,DROP_DOWN,Yellow,,,,,,,,,,,,,Fit,<p>R</p>,Length,<p>45</p>,Width,<p>37</p>,Height,<p>38</p>,Box Quantity,<p>24</p>,Inner Pack Quantity,<p>1</p>,Country Of Origin,<p>CN</p>,Standards,<ul><li>ASTM F1506-10a</li><li>NFPA® 2112</li><li>NFPA® 70E</li><li>ANSI/ISEA 107 TYPE R CLASS 3</li><li>ASTM F1959/F1959M-12   ATPV 9 cal cm<sup>2</sup> (HAF 75.6%)</li><li>EN ISO 20471 Class 3</li><li>EN ISO 11612   A1+A2B1C1F1</li></ul>,,,,
FR95,Variant,,"This lightweight shirt offers guaranteed flame resistance for the life of the garment. Ideal for situations where extra visibility is required, FR95 is spacious and comfortable. Features include an action back for ease of movement and an extra long shirt tail to ensure the garment stays in place when tucked in.",https://d11ak7fd9ypfb7.cloudfront.net/styles1100px/FR95YER.jpg,,0.0,TRUE,InStock,0.999,,FR95YERS,,,,Size,DROP_DOWN,S,Color,DROP_DOWN,Yellow,,,,,,,,,,,,,Fit,<p>R</p>,Length,<p>45</p>,Width,<p>37</p>,Height,<p>38</p>,Box Quantity,<p>24</p>,Inner Pack Quantity,<p>1</p>,Country Of Origin,<p>CN</p>,Standards,<ul><li>ASTM F1506-10a</li><li>NFPA® 2112</li><li>NFPA® 70E</li><li>ANSI/ISEA 107 TYPE R CLASS 3</li><li>ASTM F1959/F1959M-12   ATPV 9 cal cm<sup>2</sup> (HAF 75.6%)</li><li>EN ISO 20471 Class 3</li><li>EN ISO 11612   A1+A2B1C1F1</li></ul>,,,,
FR95,Variant,,"This lightweight shirt offers guaranteed flame resistance for the life of the garment. Ideal for situations where extra visibility is required, FR95 is spacious and comfortable. Features include an action back for ease of movement and an extra long shirt tail to ensure the garment stays in place when tucked in.",https://d11ak7fd9ypfb7.cloudfront.net/styles1100px/FR95YER.jpg,,0.0,TRUE,InStock,0.782,,FR95YERXL,,,,Size,DROP_DOWN,XL,Color,DROP_DOWN,Yellow,,,,,,,,,,,,,Fit,<p>R</p>,Length,<p>45</p>,Width,<p>37</p>,Height,<p>38</p>,Box Quantity,<p>24</p>,Inner Pack Quantity,<p>1</p>,Country Of Origin,<p>CN</p>,Standards,<ul><li>ASTM F1506-10a</li><li>NFPA® 2112</li><li>NFPA® 70E</li><li>ANSI/ISEA 107 TYPE R CLASS 3</li><li>ASTM F1959/F1959M-12   ATPV 9 cal cm<sup>2</sup> (HAF 75.6%)</li><li>EN ISO 20471 Class 3</li><li>EN ISO 11612   A1+A2B1C1F1</li></ul>,,,,
FR95,Variant,,"This lightweight shirt offers guaranteed flame resistance for the life of the garment. Ideal for situations where extra visibility is required, FR95 is spacious and comfortable. Features include an action back for ease of movement and an extra long shirt tail to ensure the garment stays in place when tucked in.",https://d11ak7fd9ypfb7.cloudfront.net/styles1100px/FR95YER.jpg,,0.0,TRUE,InStock,0.81,,FR95YERXXL,,,,Size,DROP_DOWN,XXL,Color,DROP_DOWN,Yellow,,,,,,,,,,,,,Fit,<p>R</p>,Length,<p>45</p>,Width,<p>37</p>,Height,<p>38</p>,Box Quantity,<p>24</p>,Inner Pack Quantity,<p>1</p>,Country Of Origin,<p>CN</p>,Standards,<ul><li>ASTM F1506-10a</li><li>NFPA® 2112</li><li>NFPA® 70E</li><li>ANSI/ISEA 107 TYPE R CLASS 3</li><li>ASTM F1959/F1959M-12   ATPV 9 cal cm<sup>2</sup> (HAF 75.6%)</li><li>EN ISO 20471 Class 3</li><li>EN ISO 11612   A1+A2B1C1F1</li></ul>,,,,
FR95,Variant,,"This lightweight shirt offers guaranteed flame resistance for the life of the garment. Ideal for situations where extra visibility is required, FR95 is spacious and comfortable. Features include an action back for ease of movement and an extra long shirt tail to ensure the garment stays in place when tucked in.",https://d11ak7fd9ypfb7.cloudfront.net/styles1100px/FR95YER.jpg,,0.0,TRUE,InStock,0.826,,FR95YERXXXL,,,,Size,DROP_DOWN,XXXL,Color,DROP_DOWN,Yellow,,,,,,,,,,,,,Fit,<p>R</p>,Length,<p>45</p>,Width,<p>37</p>,Height,<p>38</p>,Box Quantity,<p>24</p>,Inner Pack Quantity,<p>1</p>,Country Of Origin,<p>CN</p>,Standards,<ul><li>ASTM F1506-10a</li><li>NFPA® 2112</li><li>NFPA® 70E</li><li>ANSI/ISEA 107 TYPE R CLASS 3</li><li>ASTM F1959/F1959M-12   ATPV 9 cal cm<sup>2</sup> (HAF 75.6%)</li><li>EN ISO 20471 Class 3</li><li>EN ISO 11612   A1+A2B1C1F1</li></ul>,,,,
FR96,Product,FR96 - FR Hi-Vis Long Sleeve T-Shirt,"This comfortable t-shirt is made from an interlock knit fabric which is lightweight but offers high insulation. Ideal for use in a range of industries, this item offers permanent flame resistant.",https://d11ak7fd9ypfb7.cloudfront.net/styles1100px/FR96YER.jpg,115.0,0.0,TRUE,InStock,0.721,,FR96YER4XL,,,,Size,DROP_DOWN,S;M;L;XL;XXL;XXXL;4XL;5XL;6XL,Color,DROP_DOWN,Yellow,,,,,,,,,,,,,Fit,<p>R</p>,Length,<p>55</p>,Width,<p>36</p>,Height,<p>35</p>,Box Quantity,<p>24</p>,Inner Pack Quantity,<p>1</p>,Country Of Origin,<p>CN</p>,Standards,<ul><li>ANSI/ISEA 107 TYPE R CLASS 3</li><li>ASTM F1959/F1959M-12   ATPV 9 CAL/CM<sup>2</sup> (HAF 80.8%)</li><li>EN ISO 11612   A1+A2 B1 C1</li><li>EN ISO 11611 Class 1  A1</li><li>EN 1149 -5</li><li>EN ISO 20471 Class 3</li><li>IEC 61482-2 IEC 61482-1-2 Class 1</li><li>ELIM TESTING IN PROGRESS</li></ul>,,,,
FR96,Variant,,"This comfortable t-shirt is made from an interlock knit fabric which is lightweight but offers high insulation. Ideal for use in a range of industries, this item offers permanent flame resistant.",https://d11ak7fd9ypfb7.cloudfront.net/styles1100px/FR96YER.jpg,,0.0,TRUE,InStock,0.721,,FR96YER4XL,,,,Size,DROP_DOWN,4XL,Color,DROP_DOWN,Yellow,,,,,,,,,,,,,Fit,<p>R</p>,Length,<p>55</p>,Width,<p>36</p>,Height,<p>35</p>,Box Quantity,<p>24</p>,Inner Pack Quantity,<p>1</p>,Country Of Origin,<p>CN</p>,Standards,<ul><li>ANSI/ISEA 107 TYPE R CLASS 3</li><li>ASTM F1959/F1959M-12   ATPV 9 CAL/CM<sup>2</sup> (HAF 80.8%)</li><li>EN ISO 11612   A1+A2 B1 C1</li><li>EN ISO 11611 Class 1  A1</li><li>EN 1149 -5</li><li>EN ISO 20471 Class 3</li><li>IEC 61482-2 IEC 61482-1-2 Class 1</li><li>ELIM TESTING IN PROGRESS</li></ul>,,,,
FR96,Variant,,"This comfortable t-shirt is made from an interlock knit fabric which is lightweight but offers high insulation. Ideal for use in a range of industries, this item offers permanent flame resistant.",https://d11ak7fd9ypfb7.cloudfront.net/styles1100px/FR96YER.jpg,,0.0,TRUE,InStock,0.771,,FR96YER5XL,,,,Size,DROP_DOWN,5XL,Color,DROP_DOWN,Yellow,,,,,,,,,,,,,Fit,<p>R</p>,Length,<p>55</p>,Width,<p>36</p>,Height,<p>35</p>,Box Quantity,<p>24</p>,Inner Pack Quantity,<p>1</p>,Country Of Origin,<p>CN</p>,Standards,<ul><li>ANSI/ISEA 107 TYPE R CLASS 3</li><li>ASTM F1959/F1959M-12   ATPV 9 CAL/CM<sup>2</sup> (HAF 80.8%)</li><li>EN ISO 11612   A1+A2 B1 C1</li><li>EN ISO 11611 Class 1  A1</li><li>EN 1149 -5</li><li>EN ISO 20471 Class 3</li><li>IEC 61482-2 IEC 61482-1-2 Class 1</li><li>ELIM TESTING IN PROGRESS</li></ul>,,,,
FR96,Variant,,"This comfortable t-shirt is made from an interlock knit fabric which is lightweight but offers high insulation. Ideal for use in a range of industries, this item offers permanent flame resistant.",https://d11ak7fd9ypfb7.cloudfront.net/styles1100px/FR96YER.jpg,,0.0,TRUE,InStock,0.813,,FR96YER6XL,,,,Size,DROP_DOWN,6XL,Color,DROP_DOWN,Yellow,,,,,,,,,,,,,Fit,<p>R</p>,Length,<p>55</p>,Width,<p>36</p>,Height,<p>35</p>,Box Quantity,<p>24</p>,Inner Pack Quantity,<p>1</p>,Country Of Origin,<p>CN</p>,Standards,<ul><li>ANSI/ISEA 107 TYPE R CLASS 3</li><li>ASTM F1959/F1959M-12   ATPV 9 CAL/CM<sup>2</sup> (HAF 80.8%)</li><li>EN ISO 11612   A1+A2 B1 C1</li><li>EN ISO 11611 Class 1  A1</li><li>EN 1149 -5</li><li>EN ISO 20471 Class 3</li><li>IEC 61482-2 IEC 61482-1-2 Class 1</li><li>ELIM TESTING IN PROGRESS</li></ul>,,,,
FR96,Variant,,"This comfortable t-shirt is made from an interlock knit fabric which is lightweight but offers high insulation. Ideal for use in a range of industries, this item offers permanent flame resistant.",https://d11ak7fd9ypfb7.cloudfront.net/styles1100px/FR96YER.jpg,,0.0,TRUE,InStock,0.621,,FR96YERL,,,,Size,DROP_DOWN,L,Color,DROP_DOWN,Yellow,,,,,,,,,,,,,Fit,<p>R</p>,Length,<p>55</p>,Width,<p>36</p>,Height,<p>30</p>,Box Quantity,<p>24</p>,Inner Pack Quantity,<p>1</p>,Country Of Origin,<p>CN</p>,Standards,<ul><li>ANSI/ISEA 107 TYPE R CLASS 3</li><li>ASTM F1959/F1959M-12   ATPV 9 CAL/CM<sup>2</sup> (HAF 80.8%)</li><li>EN ISO 11612   A1+A2 B1 C1</li><li>EN ISO 11611 Class 1  A1</li><li>EN 1149 -5</li><li>EN ISO 20471 Class 3</li><li>IEC 61482-2 IEC 61482-1-2 Class 1</li><li>ELIM TESTING IN PROGRESS</li></ul>,,,,
FR96,Variant,,"This comfortable t-shirt is made from an interlock knit fabric which is lightweight but offers high insulation. Ideal for use in a range of industries, this item offers permanent flame resistant.",https://d11ak7fd9ypfb7.cloudfront.net/styles1100px/FR96YER.jpg,,0.0,TRUE,InStock,0.583,,FR96YERM,,,,Size,DROP_DOWN,M,Color,DROP_DOWN,Yellow,,,,,,,,,,,,,Fit,<p>R</p>,Length,<p>55</p>,Width,<p>36</p>,Height,<p>30</p>,Box Quantity,<p>24</p>,Inner Pack Quantity,<p>1</p>,Country Of Origin,<p>CN</p>,Standards,<ul><li>ANSI/ISEA 107 TYPE R CLASS 3</li><li>ASTM F1959/F1959M-12   ATPV 9 CAL/CM<sup>2</sup> (HAF 80.8%)</li><li>EN ISO 11612   A1+A2 B1 C1</li><li>EN ISO 11611 Class 1  A1</li><li>EN 1149 -5</li><li>EN ISO 20471 Class 3</li><li>IEC 61482-2 IEC 61482-1-2 Class 1</li><li>ELIM TESTING IN PROGRESS</li></ul>,,,,
FR96,Variant,,"This comfortable t-shirt is made from an interlock knit fabric which is lightweight but offers high insulation. Ideal for use in a range of industries, this item offers permanent flame resistant.",https://d11ak7fd9ypfb7.cloudfront.net/styles1100px/FR96YER.jpg,,0.0,TRUE,InStock,0.546,,FR96YERS,,,,Size,DROP_DOWN,S,Color,DROP_DOWN,Yellow,,,,,,,,,,,,,Fit,<p>R</p>,Length,<p>55</p>,Width,<p>36</p>,Height,<p>30</p>,Box Quantity,<p>24</p>,Inner Pack Quantity,<p>1</p>,Country Of Origin,<p>CN</p>,Standards,<ul><li>ANSI/ISEA 107 TYPE R CLASS 3</li><li>ASTM F1959/F1959M-12   ATPV 9 CAL/CM<sup>2</sup> (HAF 80.8%)</li><li>EN ISO 11612   A1+A2 B1 C1</li><li>EN ISO 11611 Class 1  A1</li><li>EN 1149 -5</li><li>EN ISO 20471 Class 3</li><li>IEC 61482-2 IEC 61482-1-2 Class 1</li><li>ELIM TESTING IN PROGRESS</li></ul>,,,,
FR96,Variant,,"This comfortable t-shirt is made from an interlock knit fabric which is lightweight but offers high insulation. Ideal for use in a range of industries, this item offers permanent flame resistant.",https://d11ak7fd9ypfb7.cloudfront.net/styles1100px/FR96YER.jpg,,0.0,TRUE,InStock,0.658,,FR96YERXL,,,,Size,DROP_DOWN,XL,Color,DROP_DOWN,Yellow,,,,,,,,,,,,,Fit,<p>R</p>,Length,<p>55</p>,Width,<p>36</p>,Height,<p>30</p>,Box Quantity,<p>24</p>,Inner Pack Quantity,<p>1</p>,Country Of Origin,<p>CN</p>,Standards,<ul><li>ANSI/ISEA 107 TYPE R CLASS 3</li><li>ASTM F1959/F1959M-12   ATPV 9 CAL/CM<sup>2</sup> (HAF 80.8%)</li><li>EN ISO 11612   A1+A2 B1 C1</li><li>EN ISO 11611 Class 1  A1</li><li>EN 1149 -5</li><li>EN ISO 20471 Class 3</li><li>IEC 61482-2 IEC 61482-1-2 Class 1</li><li>ELIM TESTING IN PROGRESS</li></ul>,,,,
FR96,Variant,,"This comfortable t-shirt is made from an interlock knit fabric which is lightweight but offers high insulation. Ideal for use in a range of industries, this item offers permanent flame resistant.",https://d11ak7fd9ypfb7.cloudfront.net/styles1100px/FR96YER.jpg,,0.0,TRUE,InStock,0.667,,FR96YERXXL,,,,Size,DROP_DOWN,XXL,Color,DROP_DOWN,Yellow,,,,,,,,,,,,,Fit,<p>R</p>,Length,<p>55</p>,Width,<p>36</p>,Height,<p>30</p>,Box Quantity,<p>24</p>,Inner Pack Quantity,<p>1</p>,Country Of Origin,<p>CN</p>,Standards,<ul><li>ANSI/ISEA 107 TYPE R CLASS 3</li><li>ASTM F1959/F1959M-12   ATPV 9 CAL/CM<sup>2</sup> (HAF 80.8%)</li><li>EN ISO 11612   A1+A2 B1 C1</li><li>EN ISO 11611 Class 1  A1</li><li>EN 1149 -5</li><li>EN ISO 20471 Class 3</li><li>IEC 61482-2 IEC 61482-1-2 Class 1</li><li>ELIM TESTING IN PROGRESS</li></ul>,,,,
FR96,Variant,,"This comfortable t-shirt is made from an interlock knit fabric which is lightweight but offers high insulation. Ideal for use in a range of industries, this item offers permanent flame resistant.",https://d11ak7fd9ypfb7.cloudfront.net/styles1100px/FR96YER.jpg,,0.0,TRUE,InStock,0.696,,FR96YERXXXL,,,,Size,DROP_DOWN,XXXL,Color,DROP_DOWN,Yellow,,,,,,,,,,,,,Fit,<p>R</p>,Length,<p>55</p>,Width,<p>36</p>,Height,<p>30</p>,Box Quantity,<p>24</p>,Inner Pack Quantity,<p>1</p>,Country Of Origin,<p>CN</p>,Standards,<ul><li>ANSI/ISEA 107 TYPE R CLASS 3</li><li>ASTM F1959/F1959M-12   ATPV 9 CAL/CM<sup>2</sup> (HAF 80.8%)</li><li>EN ISO 11612   A1+A2 B1 C1</li><li>EN ISO 11611 Class 1  A1</li><li>EN 1149 -5</li><li>EN ISO 20471 Class 3</li><li>IEC 61482-2 IEC 61482-1-2 Class 1</li><li>ELIM TESTING IN PROGRESS</li></ul>,,,,
FT05,Product,FT05 - Steelite Monsal Hiker Boot S3 WP HRO,.,https://d11ak7fd9ypfb7.cloudfront.net/styles1100px/FT05BKR.jpg,0.0,0.0,TRUE,InStock,0.999,,FT05BKR39,,,,Size,DROP_DOWN,39;40;41;42;43;44;45;46;47;48,Color,DROP_DOWN,Black,,,,,,,,,,,,,Fit,<p>R</p>,Length,<p>61</p>,Width,<p>32</p>,Height,<p>34</p>,Box Quantity,<p>8</p>,Inner Pack Quantity,<p>1</p>,Country Of Origin,<p>CN</p>,Standards,<ul><li>EN ISO 20345 S3  HRO CI SRC</li></ul>,,,,
FT05,Variant,,.,https://d11ak7fd9ypfb7.cloudfront.net/styles1100px/FT05BKR.jpg,,0.0,TRUE,InStock,0.999,,FT05BKR39,,,,Size,DROP_DOWN,39,Color,DROP_DOWN,Black,,,,,,,,,,,,,Fit,<p>R</p>,Length,<p>61</p>,Width,<p>32</p>,Height,<p>34</p>,Box Quantity,<p>8</p>,Inner Pack Quantity,<p>1</p>,Country Of Origin,<p>CN</p>,Standards,<ul><li>EN ISO 20345 S3  HRO CI SRC</li></ul>,,,,
FT05,Variant,,.,https://d11ak7fd9ypfb7.cloudfront.net/styles1100px/FT05BKR.jpg,,0.0,TRUE,InStock,0.999,,FT05BKR40,,,,Size,DROP_DOWN,40,Color,DROP_DOWN,Black,,,,,,,,,,,,,Fit,<p>R</p>,Length,<p>61</p>,Width,<p>32</p>,Height,<p>34</p>,Box Quantity,<p>8</p>,Inner Pack Quantity,<p>1</p>,Country Of Origin,<p>CN</p>,Standards,<ul><li>EN ISO 20345 S3  HRO CI SRC</li></ul>,,,,
FT05,Variant,,.,https://d11ak7fd9ypfb7.cloudfront.net/styles1100px/FT05BKR.jpg,,0.0,TRUE,InStock,0.999,,FT05BKR41,,,,Size,DROP_DOWN,41,Color,DROP_DOWN,Black,,,,,,,,,,,,,Fit,<p>R</p>,Length,<p>61</p>,Width,<p>32</p>,Height,<p>34</p>,Box Quantity,<p>8</p>,Inner Pack Quantity,<p>1</p>,Country Of Origin,<p>CN</p>,Standards,<ul><li>EN ISO 20345 S3  HRO CI SRC</li></ul>,,,,
FT05,Variant,,.,https://d11ak7fd9ypfb7.cloudfront.net/styles1100px/FT05BKR.jpg,,0.0,TRUE,InStock,0.999,,FT05BKR42,,,,Size,DROP_DOWN,42,Color,DROP_DOWN,Black,,,,,,,,,,,,,Fit,<p>R</p>,Length,<p>61</p>,Width,<p>32</p>,Height,<p>34</p>,Box Quantity,<p>8</p>,Inner Pack Quantity,<p>1</p>,Country Of Origin,<p>CN</p>,Standards,<ul><li>EN ISO 20345 S3  HRO CI SRC</li></ul>,,,,
FT05,Variant,,.,https://d11ak7fd9ypfb7.cloudfront.net/styles1100px/FT05BKR.jpg,,0.0,TRUE,InStock,0.999,,FT05BKR43,,,,Size,DROP_DOWN,43,Color,DROP_DOWN,Black,,,,,,,,,,,,,Fit,<p>R</p>,Length,<p>64</p>,Width,<p>33</p>,Height,<p>37</p>,Box Quantity,<p>8</p>,Inner Pack Quantity,<p>1</p>,Country Of Origin,<p>CN</p>,Standards,<ul><li>EN ISO 20345 S3  HRO CI SRC</li></ul>,,,,
FT05,Variant,,.,https://d11ak7fd9ypfb7.cloudfront.net/styles1100px/FT05BKR.jpg,,0.0,TRUE,InStock,0.999,,FT05BKR44,,,,Size,DROP_DOWN,44,Color,DROP_DOWN,Black,,,,,,,,,,,,,Fit,<p>R</p>,Length,<p>64</p>,Width,<p>33</p>,Height,<p>37</p>,Box Quantity,<p>8</p>,Inner Pack Quantity,<p>1</p>,Country Of Origin,<p>CN</p>,Standards,<ul><li>EN ISO 20345 S3  HRO CI SRC</li></ul>,,,,
FT05,Variant,,.,https://d11ak7fd9ypfb7.cloudfront.net/styles1100px/FT05BKR.jpg,,0.0,TRUE,InStock,0.999,,FT05BKR45,,,,Size,DROP_DOWN,45,Color,DROP_DOWN,Black,,,,,,,,,,,,,Fit,<p>R</p>,Length,<p>64</p>,Width,<p>33</p>,Height,<p>37</p>,Box Quantity,<p>8</p>,Inner Pack Quantity,<p>1</p>,Country Of Origin,<p>CN</p>,Standards,<ul><li>EN ISO 20345 S3  HRO CI SRC</li></ul>,,,,
FT05,Variant,,.,https://d11ak7fd9ypfb7.cloudfront.net/styles1100px/FT05BKR.jpg,,0.0,TRUE,InStock,0.999,,FT05BKR46,,,,Size,DROP_DOWN,46,Color,DROP_DOWN,Black,,,,,,,,,,,,,Fit,<p>R</p>,Length,<p>64</p>,Width,<p>33</p>,Height,<p>37</p>,Box Quantity,<p>8</p>,Inner Pack Quantity,<p>1</p>,Country Of Origin,<p>CN</p>,Standards,<ul><li>EN ISO 20345 S3  HRO CI SRC</li></ul>,,,,
FT05,Variant,,.,https://d11ak7fd9ypfb7.cloudfront.net/styles1100px/FT05BKR.jpg,,0.0,TRUE,InStock,0.999,,FT05BKR47,,,,Size,DROP_DOWN,47,Color,DROP_DOWN,Black,,,,,,,,,,,,,Fit,<p>R</p>,Length,<p>64</p>,Width,<p>33</p>,Height,<p>37</p>,Box Quantity,<p>8</p>,Inner Pack Quantity,<p>1</p>,Country Of Origin,<p>CN</p>,Standards,<ul><li>EN ISO 20345 S3  HRO CI SRC</li></ul>,,,,
FT05,Variant,,.,https://d11ak7fd9ypfb7.cloudfront.net/styles1100px/FT05BKR.jpg,,0.0,TRUE,InStock,0.999,,FT05BKR48,,,,Size,DROP_DOWN,48,Color,DROP_DOWN,Black,,,,,,,,,,,,,Fit,<p>R</p>,Length,<p>64</p>,Width,<p>33</p>,Height,<p>37</p>,Box Quantity,<p>8</p>,Inner Pack Quantity,<p>1</p>,Country Of Origin,<p>CN</p>,Standards,<ul><li>EN ISO 20345 S3  HRO CI SRC</li></ul>,,,,
FT15,Product,FT15 - Steelite Tove Trainer,"Protective steel toecap Puncture resistant steel midsole Black mesh air cushion insole Cement construction Dual density sole unit Slip, fuel and oil resistant rubber outsole",https://d11ak7fd9ypfb7.cloudfront.net/styles1100px/FT15BGN.jpg,72.5,0.0,TRUE,InStock,1.14,,FT15BGN38,,,,Size,DROP_DOWN,38;39;40;41;42;43;44;45;46;47,Color,DROP_DOWN,Black/Green,,,,,,,,,,,,,Fit,<p>N</p>,Length,<p>74</p>,Width,<p>41</p>,Height,<p>34</p>,Box Quantity,<p>12</p>,Inner Pack Quantity,<p>1</p>,Country Of Origin,<p>CN</p>,Standards,<ul><li>EN ISO 20345</li><li>AS 2210.3</li><li>ASTM F2413-11</li></ul>,,,,
FT15,Variant,,"Protective steel toecap Puncture resistant steel midsole Black mesh air cushion insole Cement construction Dual density sole unit Slip, fuel and oil resistant rubber outsole",https://d11ak7fd9ypfb7.cloudfront.net/styles1100px/FT15BGN.jpg,,0.0,TRUE,InStock,1.14,,FT15BGN38,,,,Size,DROP_DOWN,38,Color,DROP_DOWN,Black/Green,,,,,,,,,,,,,Fit,<p>N</p>,Length,<p>74</p>,Width,<p>41</p>,Height,<p>34</p>,Box Quantity,<p>12</p>,Inner Pack Quantity,<p>1</p>,Country Of Origin,<p>CN</p>,Standards,<ul><li>EN ISO 20345</li><li>AS 2210.3</li><li>ASTM F2413-11</li></ul>,,,,
FT15,Variant,,"Protective steel toecap Puncture resistant steel midsole Black mesh air cushion insole Cement construction Dual density sole unit Slip, fuel and oil resistant rubber outsole",https://d11ak7fd9ypfb7.cloudfront.net/styles1100px/FT15BGN.jpg,,0.0,TRUE,InStock,1.16,,FT15BGN39,,,,Size,DROP_DOWN,39,Color,DROP_DOWN,Black/Green,,,,,,,,,,,,,Fit,<p>N</p>,Length,<p>74</p>,Width,<p>41</p>,Height,<p>34</p>,Box Quantity,<p>12</p>,Inner Pack Quantity,<p>1</p>,Country Of Origin,<p>CN</p>,Standards,<ul><li>EN ISO 20345</li><li>AS 2210.3</li><li>ASTM F2413-11</li></ul>,,,,
FT15,Variant,,"Protective steel toecap Puncture resistant steel midsole Black mesh air cushion insole Cement construction Dual density sole unit Slip, fuel and oil resistant rubber outsole",https://d11ak7fd9ypfb7.cloudfront.net/styles1100px/FT15BGN.jpg,,0.0,TRUE,InStock,1.22,,FT15BGN40,,,,Size,DROP_DOWN,40,Color,DROP_DOWN,Black/Green,,,,,,,,,,,,,Fit,<p>N</p>,Length,<p>74</p>,Width,<p>41</p>,Height,<p>34</p>,Box Quantity,<p>12</p>,Inner Pack Quantity,<p>1</p>,Country Of Origin,<p>CN</p>,Standards,<ul><li>EN ISO 20345</li><li>AS 2210.3</li><li>ASTM F2413-11</li></ul>,,,,
FT15,Variant,,"Protective steel toecap Puncture resistant steel midsole Black mesh air cushion insole Cement construction Dual density sole unit Slip, fuel and oil resistant rubber outsole",https://d11ak7fd9ypfb7.cloudfront.net/styles1100px/FT15BGN.jpg,,0.0,TRUE,InStock,1.24,,FT15BGN41,,,,Size,DROP_DOWN,41,Color,DROP_DOWN,Black/Green,,,,,,,,,,,,,Fit,<p>N</p>,Length,<p>74</p>,Width,<p>41</p>,Height,<p>34</p>,Box Quantity,<p>12</p>,Inner Pack Quantity,<p>1</p>,Country Of Origin,<p>CN</p>,Standards,<ul><li>EN ISO 20345</li><li>AS 2210.3</li><li>ASTM F2413-11</li></ul>,,,,
FT15,Variant,,"Protective steel toecap Puncture resistant steel midsole Black mesh air cushion insole Cement construction Dual density sole unit Slip, fuel and oil resistant rubber outsole",https://d11ak7fd9ypfb7.cloudfront.net/styles1100px/FT15BGN.jpg,,0.0,TRUE,InStock,1.28,,FT15BGN42,,,,Size,DROP_DOWN,42,Color,DROP_DOWN,Black/Green,,,,,,,,,,,,,Fit,<p>N</p>,Length,<p>74</p>,Width,<p>41</p>,Height,<p>34</p>,Box Quantity,<p>12</p>,Inner Pack Quantity,<p>1</p>,Country Of Origin,<p>CN</p>,Standards,<ul><li>EN ISO 20345</li><li>AS 2210.3</li><li>ASTM F2413-11</li></ul>,,,,
FT15,Variant,,"Protective steel toecap Puncture resistant steel midsole Black mesh air cushion insole Cement construction Dual density sole unit Slip, fuel and oil resistant rubber outsole",https://d11ak7fd9ypfb7.cloudfront.net/styles1100px/FT15BGN.jpg,,0.0,TRUE,InStock,1.34,,FT15BGN43,,,,Size,DROP_DOWN,43,Color,DROP_DOWN,Black/Green,,,,,,,,,,,,,Fit,<p>N</p>,Length,<p>74</p>,Width,<p>41</p>,Height,<p>34</p>,Box Quantity,<p>12</p>,Inner Pack Quantity,<p>1</p>,Country Of Origin,<p>CN</p>,Standards,<ul><li>EN ISO 20345</li><li>AS 2210.3</li><li>ASTM F2413-11</li></ul>,,,,
FT15,Variant,,"Protective steel toecap Puncture resistant steel midsole Black mesh air cushion insole Cement construction Dual density sole unit Slip, fuel and oil resistant rubber outsole",https://d11ak7fd9ypfb7.cloudfront.net/styles1100px/FT15BGN.jpg,,0.0,TRUE,InStock,1.4,,FT15BGN44,,,,Size,DROP_DOWN,44,Color,DROP_DOWN,Black/Green,,,,,,,,,,,,,Fit,<p>N</p>,Length,<p>77</p>,Width,<p>44</p>,Height,<p>36</p>,Box Quantity,<p>12</p>,Inner Pack Quantity,<p>1</p>,Country Of Origin,<p>CN</p>,Standards,<ul><li>EN ISO 20345</li><li>AS 2210.3</li><li>ASTM F2413-11</li></ul>,,,,
FT15,Variant,,"Protective steel toecap Puncture resistant steel midsole Black mesh air cushion insole Cement construction Dual density sole unit Slip, fuel and oil resistant rubber outsole",https://d11ak7fd9ypfb7.cloudfront.net/styles1100px/FT15BGN.jpg,,0.0,TRUE,InStock,1.43,,FT15BGN45,,,,Size,DROP_DOWN,45,Color,DROP_DOWN,Black/Green,,,,,,,,,,,,,Fit,<p>N</p>,Length,<p>77</p>,Width,<p>44</p>,Height,<p>36</p>,Box Quantity,<p>12</p>,Inner Pack Quantity,<p>1</p>,Country Of Origin,<p>CN</p>,Standards,<ul><li>EN ISO 20345</li><li>AS 2210.3</li><li>ASTM F2413-11</li></ul>,,,,
FT15,Variant,,"Protective steel toecap Puncture resistant steel midsole Black mesh air cushion insole Cement construction Dual density sole unit Slip, fuel and oil resistant rubber outsole",https://d11ak7fd9ypfb7.cloudfront.net/styles1100px/FT15BGN.jpg,,0.0,TRUE,InStock,1.46,,FT15BGN46,,,,Size,DROP_DOWN,46,Color,DROP_DOWN,Black/Green,,,,,,,,,,,,,Fit,<p>N</p>,Length,<p>77</p>,Width,<p>44</p>,Height,<p>36</p>,Box Quantity,<p>12</p>,Inner Pack Quantity,<p>1</p>,Country Of Origin,<p>CN</p>,Standards,<ul><li>EN ISO 20345</li><li>AS 2210.3</li><li>ASTM F2413-11</li></ul>,,,,
FT15,Variant,,"Protective steel toecap Puncture resistant steel midsole Black mesh air cushion insole Cement construction Dual density sole unit Slip, fuel and oil resistant rubber outsole",https://d11ak7fd9ypfb7.cloudfront.net/styles1100px/FT15BGN.jpg,,0.0,TRUE,InStock,1.49,,FT15BGN47,,,,Size,DROP_DOWN,47,Color,DROP_DOWN,Black/Green,,,,,,,,,,,,,Fit,<p>N</p>,Length,<p>77</p>,Width,<p>44</p>,Height,<p>36</p>,Box Quantity,<p>12</p>,Inner Pack Quantity,<p>1</p>,Country Of Origin,<p>CN</p>,Standards,<ul><li>EN ISO 20345</li><li>AS 2210.3</li><li>ASTM F2413-11</li></ul>,,,,
FT18,Product,FT18 - Rinavore Safety Trainer,"The FT18 Compositelite Wire Lace safety hiker is a showstopping addition to our new performance line of footwear. The wire-lace system allows faster lacing and release from the footwear, enabling quick access and changeovers. The wire-lace system also adds a more supportive, even fit to accommodate varied foot shapes. This model has a full leather and suede upper enabling excellent abrasion results and premium quality.",https://d11ak7fd9ypfb7.cloudfront.net/styles1100px/FT18GGN.jpg,0.0,0.0,TRUE,InStock,0.999,,FT18GGN39,,,,Size,DROP_DOWN,39;40;41;42;43;44;45;46;47,Color,DROP_DOWN,Grey/Green,,,,,,,,,,,,,Fit,<p>N</p>,Length,<p>62</p>,Width,<p>42</p>,Height,<p>32</p>,Box Quantity,<p>10</p>,Inner Pack Quantity,<p>1</p>,Country Of Origin,<p>CN</p>,Standards,<p></p>,,,,
FT18,Variant,,"The FT18 Compositelite Wire Lace safety hiker is a showstopping addition to our new performance line of footwear. The wire-lace system allows faster lacing and release from the footwear, enabling quick access and changeovers. The wire-lace system also adds a more supportive, even fit to accommodate varied foot shapes. This model has a full leather and suede upper enabling excellent abrasion results and premium quality.",https://d11ak7fd9ypfb7.cloudfront.net/styles1100px/FT18GGN.jpg,,0.0,TRUE,InStock,0.999,,FT18GGN39,,,,Size,DROP_DOWN,39,Color,DROP_DOWN,Grey/Green,,,,,,,,,,,,,Fit,<p>N</p>,Length,<p>62</p>,Width,<p>42</p>,Height,<p>32</p>,Box Quantity,<p>10</p>,Inner Pack Quantity,<p>1</p>,Country Of Origin,<p>CN</p>,Standards,<p></p>,,,,
FT18,Variant,,"The FT18 Compositelite Wire Lace safety hiker is a showstopping addition to our new performance line of footwear. The wire-lace system allows faster lacing and release from the footwear, enabling quick access and changeovers. The wire-lace system also adds a more supportive, even fit to accommodate varied foot shapes. This model has a full leather and suede upper enabling excellent abrasion results and premium quality.",https://d11ak7fd9ypfb7.cloudfront.net/styles1100px/FT18GGN.jpg,,0.0,TRUE,InStock,0.999,,FT18GGN40,,,,Size,DROP_DOWN,40,Color,DROP_DOWN,Grey/Green,,,,,,,,,,,,,Fit,<p>N</p>,Length,<p>62</p>,Width,<p>42</p>,Height,<p>32</p>,Box Quantity,<p>10</p>,Inner Pack Quantity,<p>1</p>,Country Of Origin,<p>CN</p>,Standards,<p></p>,,,,
FT18,Variant,,"The FT18 Compositelite Wire Lace safety hiker is a showstopping addition to our new performance line of footwear. The wire-lace system allows faster lacing and release from the footwear, enabling quick access and changeovers. The wire-lace system also adds a more supportive, even fit to accommodate varied foot shapes. This model has a full leather and suede upper enabling excellent abrasion results and premium quality.",https://d11ak7fd9ypfb7.cloudfront.net/styles1100px/FT18GGN.jpg,,0.0,TRUE,InStock,0.999,,FT18GGN41,,,,Size,DROP_DOWN,41,Color,DROP_DOWN,Grey/Green,,,,,,,,,,,,,Fit,<p>N</p>,Length,<p>62</p>,Width,<p>42</p>,Height,<p>32</p>,Box Quantity,<p>10</p>,Inner Pack Quantity,<p>1</p>,Country Of Origin,<p>CN</p>,Standards,<p></p>,,,,
FT18,Variant,,"The FT18 Compositelite Wire Lace safety hiker is a showstopping addition to our new performance line of footwear. The wire-lace system allows faster lacing and release from the footwear, enabling quick access and changeovers. The wire-lace system also adds a more supportive, even fit to accommodate varied foot shapes. This model has a full leather and suede upper enabling excellent abrasion results and premium quality.",https://d11ak7fd9ypfb7.cloudfront.net/styles1100px/FT18GGN.jpg,,0.0,TRUE,InStock,0.999,,FT18GGN42,,,,Size,DROP_DOWN,42,Color,DROP_DOWN,Grey/Green,,,,,,,,,,,,,Fit,<p>N</p>,Length,<p>62</p>,Width,<p>44</p>,Height,<p>35</p>,Box Quantity,<p>10</p>,Inner Pack Quantity,<p>1</p>,Country Of Origin,<p>CN</p>,Standards,<p></p>,,,,
FT18,Variant,,"The FT18 Compositelite Wire Lace safety hiker is a showstopping addition to our new performance line of footwear. The wire-lace system allows faster lacing and release from the footwear, enabling quick access and changeovers. The wire-lace system also adds a more supportive, even fit to accommodate varied foot shapes. This model has a full leather and suede upper enabling excellent abrasion results and premium quality.",https://d11ak7fd9ypfb7.cloudfront.net/styles1100px/FT18GGN.jpg,,0.0,TRUE,InStock,0.999,,FT18GGN43,,,,Size,DROP_DOWN,43,Color,DROP_DOWN,Grey/Green,,,,,,,,,,,,,Fit,<p>N</p>,Length,<p>62</p>,Width,<p>44</p>,Height,<p>35</p>,Box Quantity,<p>10</p>,Inner Pack Quantity,<p>1</p>,Country Of Origin,<p>CN</p>,Standards,<p></p>,,,,
FT18,Variant,,"The FT18 Compositelite Wire Lace safety hiker is a showstopping addition to our new performance line of footwear. The wire-lace system allows faster lacing and release from the footwear, enabling quick access and changeovers. The wire-lace system also adds a more supportive, even fit to accommodate varied foot shapes. This model has a full leather and suede upper enabling excellent abrasion results and premium quality.",https://d11ak7fd9ypfb7.cloudfront.net/styles1100px/FT18GGN.jpg,,0.0,TRUE,InStock,0.999,,FT18GGN44,,,,Size,DROP_DOWN,44,Color,DROP_DOWN,Grey/Green,,,,,,,,,,,,,Fit,<p>N</p>,Length,<p>62</p>,Width,<p>44</p>,Height,<p>35</p>,Box Quantity,<p>10</p>,Inner Pack Quantity,<p>1</p>,Country Of Origin,<p>CN</p>,Standards,<p></p>,,,,
FT18,Variant,,"The FT18 Compositelite Wire Lace safety hiker is a showstopping addition to our new performance line of footwear. The wire-lace system allows faster lacing and release from the footwear, enabling quick access and changeovers. The wire-lace system also adds a more supportive, even fit to accommodate varied foot shapes. This model has a full leather and suede upper enabling excellent abrasion results and premium quality.",https://d11ak7fd9ypfb7.cloudfront.net/styles1100px/FT18GGN.jpg,,0.0,TRUE,InStock,0.999,,FT18GGN45,,,,Size,DROP_DOWN,45,Color,DROP_DOWN,Grey/Green,,,,,,,,,,,,,Fit,<p>N</p>,Length,<p>65</p>,Width,<p>48</p>,Height,<p>37</p>,Box Quantity,<p>10</p>,Inner Pack Quantity,<p>1</p>,Country Of Origin,<p>CN</p>,Standards,<p></p>,,,,
FT18,Variant,,"The FT18 Compositelite Wire Lace safety hiker is a showstopping addition to our new performance line of footwear. The wire-lace system allows faster lacing and release from the footwear, enabling quick access and changeovers. The wire-lace system also adds a more supportive, even fit to accommodate varied foot shapes. This model has a full leather and suede upper enabling excellent abrasion results and premium quality.",https://d11ak7fd9ypfb7.cloudfront.net/styles1100px/FT18GGN.jpg,,0.0,TRUE,InStock,0.999,,FT18GGN46,,,,Size,DROP_DOWN,46,Color,DROP_DOWN,Grey/Green,,,,,,,,,,,,,Fit,<p>N</p>,Length,<p>65</p>,Width,<p>48</p>,Height,<p>37</p>,Box Quantity,<p>10</p>,Inner Pack Quantity,<p>1</p>,Country Of Origin,<p>CN</p>,Standards,<p></p>,,,,
FT18,Variant,,"The FT18 Compositelite Wire Lace safety hiker is a showstopping addition to our new performance line of footwear. The wire-lace system allows faster lacing and release from the footwear, enabling quick access and changeovers. The wire-lace system also adds a more supportive, even fit to accommodate varied foot shapes. This model has a full leather and suede upper enabling excellent abrasion results and premium quality.",https://d11ak7fd9ypfb7.cloudfront.net/styles1100px/FT18GGN.jpg,,0.0,TRUE,InStock,0.999,,FT18GGN47,,,,Size,DROP_DOWN,47,Color,DROP_DOWN,Grey/Green,,,,,,,,,,,,,Fit,<p>N</p>,Length,<p>65</p>,Width,<p>48</p>,Height,<p>37</p>,Box Quantity,<p>10</p>,Inner Pack Quantity,<p>1</p>,Country Of Origin,<p>CN</p>,Standards,<p></p>,,,,
FW05,Product,FW05 - Steelite Fur Lined Protector Boot,"Protective steel toecap Puncture resistant steel midsole Direct injected dual density construction Lightweight PU cushioned midsole Slip, fuel and oil resistant PU outsole Cold insulating fur lining Removable EVA cushion footbed",https://d11ak7fd9ypfb7.cloudfront.net/styles1100px/FW05BKR.jpg,0.0,0.0,TRUE,InStock,1.56,,FW05BKR37,,,,Size,DROP_DOWN,37;38;39;40;41;42;43;44;45,Color,DROP_DOWN,Black,,,,,,,,,,,,,Fit,<p>R</p>,Length,<p>66</p>,Width,<p>59</p>,Height,<p>35</p>,Box Quantity,<p>10</p>,Inner Pack Quantity,<p>1</p>,Country Of Origin,<p>CN</p>,Standards,<ul><li>EN ISO 20345</li><li>ASTM F2413-18</li></ul>,,,,
FW05,Variant,,"Protective steel toecap Puncture resistant steel midsole Direct injected dual density construction Lightweight PU cushioned midsole Slip, fuel and oil resistant PU outsole Cold insulating fur lining Removable EVA cushion footbed",https://d11ak7fd9ypfb7.cloudfront.net/styles1100px/FW05BKR.jpg,,0.0,TRUE,InStock,1.56,,FW05BKR37,,,,Size,DROP_DOWN,37,Color,DROP_DOWN,Black,,,,,,,,,,,,,Fit,<p>R</p>,Length,<p>66</p>,Width,<p>59</p>,Height,<p>35</p>,Box Quantity,<p>10</p>,Inner Pack Quantity,<p>1</p>,Country Of Origin,<p>CN</p>,Standards,<ul><li>EN ISO 20345</li><li>ASTM F2413-18</li></ul>,,,,
FW05,Variant,,"Protective steel toecap Puncture resistant steel midsole Direct injected dual density construction Lightweight PU cushioned midsole Slip, fuel and oil resistant PU outsole Cold insulating fur lining Removable EVA cushion footbed",https://d11ak7fd9ypfb7.cloudfront.net/styles1100px/FW05BKR.jpg,,0.0,TRUE,InStock,1.6,,FW05BKR38,,,,Size,DROP_DOWN,38,Color,DROP_DOWN,Black,,,,,,,,,,,,,Fit,<p>R</p>,Length,<p>66</p>,Width,<p>59</p>,Height,<p>35</p>,Box Quantity,<p>10</p>,Inner Pack Quantity,<p>1</p>,Country Of Origin,<p>CN</p>,Standards,<ul><li>EN ISO 20345</li><li>ASTM F2413-18</li></ul>,,,,
FW05,Variant,,"Protective steel toecap Puncture resistant steel midsole Direct injected dual density construction Lightweight PU cushioned midsole Slip, fuel and oil resistant PU outsole Cold insulating fur lining Removable EVA cushion footbed",https://d11ak7fd9ypfb7.cloudfront.net/styles1100px/FW05BKR.jpg,,0.0,TRUE,InStock,1.6,,FW05BKR39,,,,Size,DROP_DOWN,39,Color,DROP_DOWN,Black,,,,,,,,,,,,,Fit,<p>R</p>,Length,<p>66</p>,Width,<p>59</p>,Height,<p>35</p>,Box Quantity,<p>10</p>,Inner Pack Quantity,<p>1</p>,Country Of Origin,<p>CN</p>,Standards,<ul><li>EN ISO 20345</li><li>ASTM F2413-18</li></ul>,,,,
FW05,Variant,,"Protective steel toecap Puncture resistant steel midsole Direct injected dual density construction Lightweight PU cushioned midsole Slip, fuel and oil resistant PU outsole Cold insulating fur lining Removable EVA cushion footbed",https://d11ak7fd9ypfb7.cloudfront.net/styles1100px/FW05BKR.jpg,,0.0,TRUE,InStock,1.58,,FW05BKR40,,,,Size,DROP_DOWN,40,Color,DROP_DOWN,Black,,,,,,,,,,,,,Fit,<p>R</p>,Length,<p>66</p>,Width,<p>59</p>,Height,<p>35</p>,Box Quantity,<p>10</p>,Inner Pack Quantity,<p>1</p>,Country Of Origin,<p>CN</p>,Standards,<ul><li>EN ISO 20345</li><li>ASTM F2413-18</li></ul>,,,,
FW05,Variant,,"Protective steel toecap Puncture resistant steel midsole Direct injected dual density construction Lightweight PU cushioned midsole Slip, fuel and oil resistant PU outsole Cold insulating fur lining Removable EVA cushion footbed",https://d11ak7fd9ypfb7.cloudfront.net/styles1100px/FW05BKR.jpg,,0.0,TRUE,InStock,1.63,,FW05BKR41,,,,Size,DROP_DOWN,41,Color,DROP_DOWN,Black,,,,,,,,,,,,,Fit,<p>R</p>,Length,<p>66</p>,Width,<p>59</p>,Height,<p>35</p>,Box Quantity,<p>10</p>,Inner Pack Quantity,<p>1</p>,Country Of Origin,<p>CN</p>,Standards,<ul><li>EN ISO 20345</li><li>ASTM F2413-18</li></ul>,,,,
FW05,Variant,,"Protective steel toecap Puncture resistant steel midsole Direct injected dual density construction Lightweight PU cushioned midsole Slip, fuel and oil resistant PU outsole Cold insulating fur lining Removable EVA cushion footbed",https://d11ak7fd9ypfb7.cloudfront.net/styles1100px/FW05BKR.jpg,,0.0,TRUE,InStock,1.68,,FW05BKR42,,,,Size,DROP_DOWN,42,Color,DROP_DOWN,Black,,,,,,,,,,,,,Fit,<p>R</p>,Length,<p>66</p>,Width,<p>59</p>,Height,<p>35</p>,Box Quantity,<p>10</p>,Inner Pack Quantity,<p>1</p>,Country Of Origin,<p>CN</p>,Standards,<ul><li>EN ISO 20345</li><li>ASTM F2413-18</li></ul>,,,,
FW05,Variant,,"Protective steel toecap Puncture resistant steel midsole Direct injected dual density construction Lightweight PU cushioned midsole Slip, fuel and oil resistant PU outsole Cold insulating fur lining Removable EVA cushion footbed",https://d11ak7fd9ypfb7.cloudfront.net/styles1100px/FW05BKR.jpg,,0.0,TRUE,InStock,1.74,,FW05BKR43,,,,Size,DROP_DOWN,43,Color,DROP_DOWN,Black,,,,,,,,,,,,,Fit,<p>R</p>,Length,<p>66</p>,Width,<p>59</p>,Height,<p>35</p>,Box Quantity,<p>10</p>,Inner Pack Quantity,<p>1</p>,Country Of Origin,<p>CN</p>,Standards,<ul><li>EN ISO 20345</li><li>ASTM F2413-18</li></ul>,,,,
FW05,Variant,,"Protective steel toecap Puncture resistant steel midsole Direct injected dual density construction Lightweight PU cushioned midsole Slip, fuel and oil resistant PU outsole Cold insulating fur lining Removable EVA cushion footbed",https://d11ak7fd9ypfb7.cloudfront.net/styles1100px/FW05BKR.jpg,,0.0,TRUE,InStock,1.76,,FW05BKR44,,,,Size,DROP_DOWN,44,Color,DROP_DOWN,Black,,,,,,,,,,,,,Fit,<p>R</p>,Length,<p>70</p>,Width,<p>62</p>,Height,<p>37</p>,Box Quantity,<p>10</p>,Inner Pack Quantity,<p>1</p>,Country Of Origin,<p>CN</p>,Standards,<ul><li>EN ISO 20345</li><li>ASTM F2413-18</li></ul>,,,,
FW05,Variant,,"Protective steel toecap Puncture resistant steel midsole Direct injected dual density construction Lightweight PU cushioned midsole Slip, fuel and oil resistant PU outsole Cold insulating fur lining Removable EVA cushion footbed",https://d11ak7fd9ypfb7.cloudfront.net/styles1100px/FW05BKR.jpg,,0.0,TRUE,InStock,1.87,,FW05BKR45,,,,Size,DROP_DOWN,45,Color,DROP_DOWN,Black,,,,,,,,,,,,,Fit,<p>R</p>,Length,<p>70</p>,Width,<p>62</p>,Height,<p>37</p>,Box Quantity,<p>10</p>,Inner Pack Quantity,<p>1</p>,Country Of Origin,<p>CN</p>,Standards,<ul><li>EN ISO 20345</li><li>ASTM F2413-18</li></ul>,,,,
FW10,Product,FW10 - Steelite Protector Boot,"Protective steel toecap Puncture resistant steel midsole Direct injected dual density construction Lightweight PU cushioned midsole Slip, fuel and oil resistant outsole Removable EVA cushion footbed",https://d11ak7fd9ypfb7.cloudfront.net/styles1100px/FW10BKR.jpg,36.4,0.0,TRUE,InStock,0.82,,FW10BKR35,,,,Size,DROP_DOWN,35;36;37;38;39;40;41;42;43;44;45;46;47;48;49;50;51;52,Color,DROP_DOWN,Black,,,,,,,,,,,,,Fit,<p>R</p>,Length,<p>61</p>,Width,<p>40</p>,Height,<p>35</p>,Box Quantity,<p>12</p>,Inner Pack Quantity,<p>1</p>,Country Of Origin,<p>CN</p>,Standards,<ul><li>EN ISO 20345</li><li>ASTM F2413-18</li><li>AS 2210.3</li></ul>,,,,
FW10,Variant,,"Protective steel toecap Puncture resistant steel midsole Direct injected dual density construction Lightweight PU cushioned midsole Slip, fuel and oil resistant outsole Removable EVA cushion footbed",https://d11ak7fd9ypfb7.cloudfront.net/styles1100px/FW10BKR.jpg,,0.0,TRUE,InStock,0.82,,FW10BKR35,,,,Size,DROP_DOWN,35,Color,DROP_DOWN,Black,,,,,,,,,,,,,Fit,<p>R</p>,Length,<p>61</p>,Width,<p>40</p>,Height,<p>35</p>,Box Quantity,<p>12</p>,Inner Pack Quantity,<p>1</p>,Country Of Origin,<p>CN</p>,Standards,<ul><li>EN ISO 20345</li><li>ASTM F2413-18</li><li>AS 2210.3</li></ul>,,,,
FW10,Variant,,"Protective steel toecap Puncture resistant steel midsole Direct injected dual density construction Lightweight PU cushioned midsole Slip, fuel and oil resistant outsole Removable EVA cushion footbed",https://d11ak7fd9ypfb7.cloudfront.net/styles1100px/FW10BKR.jpg,,0.0,TRUE,InStock,1.11,,FW10BKR36,,,,Size,DROP_DOWN,36,Color,DROP_DOWN,Black,,,,,,,,,,,,,Fit,<p>R</p>,Length,<p>61</p>,Width,<p>40</p>,Height,<p>35</p>,Box Quantity,<p>12</p>,Inner Pack Quantity,<p>1</p>,Country Of Origin,<p>CN</p>,Standards,<ul><li>EN ISO 20345</li><li>ASTM F2413-18</li><li>AS 2210.3</li></ul>,,,,
FW10,Variant,,"Protective steel toecap Puncture resistant steel midsole Direct injected dual density construction Lightweight PU cushioned midsole Slip, fuel and oil resistant outsole Removable EVA cushion footbed",https://d11ak7fd9ypfb7.cloudfront.net/styles1100px/FW10BKR.jpg,,0.0,TRUE,InStock,1.15,,FW10BKR37,,,,Size,DROP_DOWN,37,Color,DROP_DOWN,Black,,,,,,,,,,,,,Fit,<p>R</p>,Length,<p>61</p>,Width,<p>40</p>,Height,<p>35</p>,Box Quantity,<p>12</p>,Inner Pack Quantity,<p>1</p>,Country Of Origin,<p>CN</p>,Standards,<ul><li>EN ISO 20345</li><li>ASTM F2413-18</li><li>AS 2210.3</li></ul>,,,,
FW10,Variant,,"Protective steel toecap Puncture resistant steel midsole Direct injected dual density construction Lightweight PU cushioned midsole Slip, fuel and oil resistant outsole Removable EVA cushion footbed",https://d11ak7fd9ypfb7.cloudfront.net/styles1100px/FW10BKR.jpg,,0.0,TRUE,InStock,1.18,,FW10BKR38,,,,Size,DROP_DOWN,38,Color,DROP_DOWN,Black,,,,,,,,,,,,,Fit,<p>R</p>,Length,<p>61</p>,Width,<p>40</p>,Height,<p>35</p>,Box Quantity,<p>12</p>,Inner Pack Quantity,<p>1</p>,Country Of Origin,<p>CN</p>,Standards,<ul><li>EN ISO 20345</li><li>ASTM F2413-18</li><li>AS 2210.3</li></ul>,,,,
FW10,Variant,,"Protective steel toecap Puncture resistant steel midsole Direct injected dual density construction Lightweight PU cushioned midsole Slip, fuel and oil resistant outsole Removable EVA cushion footbed",https://d11ak7fd9ypfb7.cloudfront.net/styles1100px/FW10BKR.jpg,,0.0,TRUE,InStock,1.22,,FW10BKR39,,,,Size,DROP_DOWN,39,Color,DROP_DOWN,Black,,,,,,,,,,,,,Fit,<p>R</p>,Length,<p>61</p>,Width,<p>40</p>,Height,<p>35</p>,Box Quantity,<p>12</p>,Inner Pack Quantity,<p>1</p>,Country Of Origin,<p>CN</p>,Standards,<ul><li>EN ISO 20345</li><li>ASTM F2413-18</li><li>AS 2210.3</li></ul>,,,,
FW10,Variant,,"Protective steel toecap Puncture resistant steel midsole Direct injected dual density construction Lightweight PU cushioned midsole Slip, fuel and oil resistant outsole Removable EVA cushion footbed",https://d11ak7fd9ypfb7.cloudfront.net/styles1100px/FW10BKR.jpg,,0.0,TRUE,InStock,1.28,,FW10BKR40,,,,Size,DROP_DOWN,40,Color,DROP_DOWN,Black,,,,,,,,,,,,,Fit,<p>R</p>,Length,<p>64</p>,Width,<p>42</p>,Height,<p>37</p>,Box Quantity,<p>12</p>,Inner Pack Quantity,<p>1</p>,Country Of Origin,<p>CN</p>,Standards,<ul><li>EN ISO 20345</li><li>ASTM F2413-18</li><li>AS 2210.3</li></ul>,,,,
FW10,Variant,,"Protective steel toecap Puncture resistant steel midsole Direct injected dual density construction Lightweight PU cushioned midsole Slip, fuel and oil resistant outsole Removable EVA cushion footbed",https://d11ak7fd9ypfb7.cloudfront.net/styles1100px/FW10BKR.jpg,,0.0,TRUE,InStock,1.31,,FW10BKR41,,,,Size,DROP_DOWN,41,Color,DROP_DOWN,Black,,,,,,,,,,,,,Fit,<p>R</p>,Length,<p>64</p>,Width,<p>42</p>,Height,<p>37</p>,Box Quantity,<p>12</p>,Inner Pack Quantity,<p>1</p>,Country Of Origin,<p>CN</p>,Standards,<ul><li>EN ISO 20345</li><li>ASTM F2413-18</li><li>AS 2210.3</li></ul>,,,,
FW10,Variant,,"Protective steel toecap Puncture resistant steel midsole Direct injected dual density construction Lightweight PU cushioned midsole Slip, fuel and oil resistant outsole Removable EVA cushion footbed",https://d11ak7fd9ypfb7.cloudfront.net/styles1100px/FW10BKR.jpg,,0.0,TRUE,InStock,1.35,,FW10BKR42,,,,Size,DROP_DOWN,42,Color,DROP_DOWN,Black,,,,,,,,,,,,,Fit,<p>R</p>,Length,<p>64</p>,Width,<p>42</p>,Height,<p>37</p>,Box Quantity,<p>12</p>,Inner Pack Quantity,<p>1</p>,Country Of Origin,<p>CN</p>,Standards,<ul><li>EN ISO 20345</li><li>ASTM F2413-18</li><li>AS 2210.3</li></ul>,,,,
FW10,Variant,,"Protective steel toecap Puncture resistant steel midsole Direct injected dual density construction Lightweight PU cushioned midsole Slip, fuel and oil resistant outsole Removable EVA cushion footbed",https://d11ak7fd9ypfb7.cloudfront.net/styles1100px/FW10BKR.jpg,,0.0,TRUE,InStock,1.42,,FW10BKR43,,,,Size,DROP_DOWN,43,Color,DROP_DOWN,Black,,,,,,,,,,,,,Fit,<p>R</p>,Length,<p>68</p>,Width,<p>43</p>,Height,<p>37</p>,Box Quantity,<p>12</p>,Inner Pack Quantity,<p>1</p>,Country Of Origin,<p>CN</p>,Standards,<ul><li>EN ISO 20345</li><li>ASTM F2413-18</li><li>AS 2210.3</li></ul>,,,,
FW10,Variant,,"Protective steel toecap Puncture resistant steel midsole Direct injected dual density construction Lightweight PU cushioned midsole Slip, fuel and oil resistant outsole Removable EVA cushion footbed",https://d11ak7fd9ypfb7.cloudfront.net/styles1100px/FW10BKR.jpg,,0.0,TRUE,InStock,1.44,,FW10BKR44,,,,Size,DROP_DOWN,44,Color,DROP_DOWN,Black,,,,,,,,,,,,,Fit,<p>R</p>,Length,<p>68</p>,Width,<p>43</p>,Height,<p>37</p>,Box Quantity,<p>12</p>,Inner Pack Quantity,<p>1</p>,Country Of Origin,<p>CN</p>,Standards,<ul><li>EN ISO 20345</li><li>ASTM F2413-18</li><li>AS 2210.3</li></ul>,,,,
FW10,Variant,,"Protective steel toecap Puncture resistant steel midsole Direct injected dual density construction Lightweight PU cushioned midsole Slip, fuel and oil resistant outsole Removable EVA cushion footbed",https://d11ak7fd9ypfb7.cloudfront.net/styles1100px/FW10BKR.jpg,,0.0,TRUE,InStock,1.5,,FW10BKR45,,,,Size,DROP_DOWN,45,Color,DROP_DOWN,Black,,,,,,,,,,,,,Fit,<p>R</p>,Length,<p>71</p>,Width,<p>45</p>,Height,<p>38</p>,Box Quantity,<p>12</p>,Inner Pack Quantity,<p>1</p>,Country Of Origin,<p>CN</p>,Standards,<ul><li>EN ISO 20345</li><li>ASTM F2413-18</li><li>AS 2210.3</li></ul>,,,,
FW10,Variant,,"Protective steel toecap Puncture resistant steel midsole Direct injected dual density construction Lightweight PU cushioned midsole Slip, fuel and oil resistant outsole Removable EVA cushion footbed",https://d11ak7fd9ypfb7.cloudfront.net/styles1100px/FW10BKR.jpg,,0.0,TRUE,InStock,1.56,,FW10BKR46,,,,Size,DROP_DOWN,46,Color,DROP_DOWN,Black,,,,,,,,,,,,,Fit,<p>R</p>,Length,<p>71</p>,Width,<p>45</p>,Height,<p>38</p>,Box Quantity,<p>12</p>,Inner Pack Quantity,<p>1</p>,Country Of Origin,<p>CN</p>,Standards,<ul><li>EN ISO 20345</li><li>ASTM F2413-18</li><li>AS 2210.3</li></ul>,,,,
FW10,Variant,,"Protective steel toecap Puncture resistant steel midsole Direct injected dual density construction Lightweight PU cushioned midsole Slip, fuel and oil resistant outsole Removable EVA cushion footbed",https://d11ak7fd9ypfb7.cloudfront.net/styles1100px/FW10BKR.jpg,,0.0,TRUE,InStock,1.74,,FW10BKR47,,,,Size,DROP_DOWN,47,Color,DROP_DOWN,Black,,,,,,,,,,,,,Fit,<p>R</p>,Length,<p>71</p>,Width,<p>45</p>,Height,<p>38</p>,Box Quantity,<p>12</p>,Inner Pack Quantity,<p>1</p>,Country Of Origin,<p>CN</p>,Standards,<ul><li>EN ISO 20345</li><li>ASTM F2413-18</li><li>AS 2210.3</li></ul>,,,,
FW10,Variant,,"Protective steel toecap Puncture resistant steel midsole Direct injected dual density construction Lightweight PU cushioned midsole Slip, fuel and oil resistant outsole Removable EVA cushion footbed",https://d11ak7fd9ypfb7.cloudfront.net/styles1100px/FW10BKR.jpg,,0.0,TRUE,InStock,1.82,,FW10BKR48,,,,Size,DROP_DOWN,48,Color,DROP_DOWN,Black,,,,,,,,,,,,,Fit,<p>R</p>,Length,<p>71</p>,Width,<p>45</p>,Height,<p>38</p>,Box Quantity,<p>12</p>,Inner Pack Quantity,<p>1</p>,Country Of Origin,<p>CN</p>,Standards,<ul><li>EN ISO 20345</li><li>ASTM F2413-18</li><li>AS 2210.3</li></ul>,,,,
FW10,Variant,,"Protective steel toecap Puncture resistant steel midsole Direct injected dual density construction Lightweight PU cushioned midsole Slip, fuel and oil resistant outsole Removable EVA cushion footbed",https://d11ak7fd9ypfb7.cloudfront.net/styles1100px/FW10BKR.jpg,,0.0,TRUE,InStock,1.82,,FW10BKR49,,,,Size,DROP_DOWN,49,Color,DROP_DOWN,Black,,,,,,,,,,,,,Fit,<p>R</p>,Length,<p>75</p>,Width,<p>48</p>,Height,<p>41</p>,Box Quantity,<p>12</p>,Inner Pack Quantity,<p>1</p>,Country Of Origin,<p>CN</p>,Standards,<ul><li>EN ISO 20345</li><li>ASTM F2413-18</li><li>AS 2210.3</li></ul>,,,,
FW10,Variant,,"Protective steel toecap Puncture resistant steel midsole Direct injected dual density construction Lightweight PU cushioned midsole Slip, fuel and oil resistant outsole Removable EVA cushion footbed",https://d11ak7fd9ypfb7.cloudfront.net/styles1100px/FW10BKR.jpg,,0.0,TRUE,InStock,1.84,,FW10BKR50,,,,Size,DROP_DOWN,50,Color,DROP_DOWN,Black,,,,,,,,,,,,,Fit,<p>R</p>,Length,<p>75</p>,Width,<p>48</p>,Height,<p>41</p>,Box Quantity,<p>12</p>,Inner Pack Quantity,<p>1</p>,Country Of Origin,<p>CN</p>,Standards,<ul><li>EN ISO 20345</li><li>ASTM F2413-18</li><li>AS 2210.3</li></ul>,,,,
FW10,Variant,,"Protective steel toecap Puncture resistant steel midsole Direct injected dual density construction Lightweight PU cushioned midsole Slip, fuel and oil resistant outsole Removable EVA cushion footbed",https://d11ak7fd9ypfb7.cloudfront.net/styles1100px/FW10BKR.jpg,,0.0,TRUE,InStock,1.86,,FW10BKR51,,,,Size,DROP_DOWN,51,Color,DROP_DOWN,Black,,,,,,,,,,,,,Fit,<p>R</p>,Length,<p>75</p>,Width,<p>48</p>,Height,<p>41</p>,Box Quantity,<p>12</p>,Inner Pack Quantity,<p>1</p>,Country Of Origin,<p>CN</p>,Standards,<ul><li>EN ISO 20345</li><li>ASTM F2413-18</li><li>AS 2210.3</li></ul>,,,,
FW10,Variant,,"Protective steel toecap Puncture resistant steel midsole Direct injected dual density construction Lightweight PU cushioned midsole Slip, fuel and oil resistant outsole Removable EVA cushion footbed",https://d11ak7fd9ypfb7.cloudfront.net/styles1100px/FW10BKR.jpg,,0.0,TRUE,InStock,1.88,,FW10BKR52,,,,Size,DROP_DOWN,52,Color,DROP_DOWN,Black,,,,,,,,,,,,,Fit,<p>R</p>,Length,<p>75</p>,Width,<p>48</p>,Height,<p>41</p>,Box Quantity,<p>12</p>,Inner Pack Quantity,<p>1</p>,Country Of Origin,<p>CN</p>,Standards,<ul><li>EN ISO 20345</li><li>ASTM F2413-18</li><li>AS 2210.3</li></ul>,,,,
FW14,Product,FW14 - Steelite Protector Shoe,"Protective steel toecap Puncture resistant steel midsole Direct injected dual density construction Lightweight PU cushioned midsole Slip, fuel and oil resistant PU outsole Removable EVA cushion footbed",https://d11ak7fd9ypfb7.cloudfront.net/styles1100px/FW14BKR.jpg,36.4,0.0,TRUE,InStock,0.98,,FW14BKR35,,,,Size,DROP_DOWN,35;36;37;38;39;40;41;42;43;44;45;46;47;48;49;50;51;52,Color,DROP_DOWN,Black,,,,,,,,,,,,,Fit,<p>R</p>,Length,<p>61</p>,Width,<p>40</p>,Height,<p>35</p>,Box Quantity,<p>12</p>,Inner Pack Quantity,<p>1</p>,Country Of Origin,<p>CN</p>,Standards,<ul><li>EN ISO 20345</li><li>ASTM F2413-18</li><li>AS 2210.3</li></ul>,,,,
FW14,Variant,,"Protective steel toecap Puncture resistant steel midsole Direct injected dual density construction Lightweight PU cushioned midsole Slip, fuel and oil resistant PU outsole Removable EVA cushion footbed",https://d11ak7fd9ypfb7.cloudfront.net/styles1100px/FW14BKR.jpg,,0.0,TRUE,InStock,0.98,,FW14BKR35,,,,Size,DROP_DOWN,35,Color,DROP_DOWN,Black,,,,,,,,,,,,,Fit,<p>R</p>,Length,<p>61</p>,Width,<p>40</p>,Height,<p>35</p>,Box Quantity,<p>12</p>,Inner Pack Quantity,<p>1</p>,Country Of Origin,<p>CN</p>,Standards,<ul><li>EN ISO 20345</li><li>ASTM F2413-18</li><li>AS 2210.3</li></ul>,,,,
FW14,Variant,,"Protective steel toecap Puncture resistant steel midsole Direct injected dual density construction Lightweight PU cushioned midsole Slip, fuel and oil resistant PU outsole Removable EVA cushion footbed",https://d11ak7fd9ypfb7.cloudfront.net/styles1100px/FW14BKR.jpg,,0.0,TRUE,InStock,1.01,,FW14BKR36,,,,Size,DROP_DOWN,36,Color,DROP_DOWN,Black,,,,,,,,,,,,,Fit,<p>R</p>,Length,<p>61</p>,Width,<p>40</p>,Height,<p>35</p>,Box Quantity,<p>12</p>,Inner Pack Quantity,<p>1</p>,Country Of Origin,<p>CN</p>,Standards,<ul><li>EN ISO 20345</li><li>ASTM F2413-18</li><li>AS 2210.3</li></ul>,,,,
FW14,Variant,,"Protective steel toecap Puncture resistant steel midsole Direct injected dual density construction Lightweight PU cushioned midsole Slip, fuel and oil resistant PU outsole Removable EVA cushion footbed",https://d11ak7fd9ypfb7.cloudfront.net/styles1100px/FW14BKR.jpg,,0.0,TRUE,InStock,1.04,,FW14BKR37,,,,Size,DROP_DOWN,37,Color,DROP_DOWN,Black,,,,,,,,,,,,,Fit,<p>R</p>,Length,<p>61</p>,Width,<p>40</p>,Height,<p>35</p>,Box Quantity,<p>12</p>,Inner Pack Quantity,<p>1</p>,Country Of Origin,<p>CN</p>,Standards,<ul><li>EN ISO 20345</li><li>ASTM F2413-18</li><li>AS 2210.3</li></ul>,,,,
FW14,Variant,,"Protective steel toecap Puncture resistant steel midsole Direct injected dual density construction Lightweight PU cushioned midsole Slip, fuel and oil resistant PU outsole Removable EVA cushion footbed",https://d11ak7fd9ypfb7.cloudfront.net/styles1100px/FW14BKR.jpg,,0.0,TRUE,InStock,1.07,,FW14BKR38,,,,Size,DROP_DOWN,38,Color,DROP_DOWN,Black,,,,,,,,,,,,,Fit,<p>R</p>,Length,<p>61</p>,Width,<p>40</p>,Height,<p>35</p>,Box Quantity,<p>12</p>,Inner Pack Quantity,<p>1</p>,Country Of Origin,<p>CN</p>,Standards,<ul><li>EN ISO 20345</li><li>ASTM F2413-18</li><li>AS 2210.3</li></ul>,,,,
FW14,Variant,,"Protective steel toecap Puncture resistant steel midsole Direct injected dual density construction Lightweight PU cushioned midsole Slip, fuel and oil resistant PU outsole Removable EVA cushion footbed",https://d11ak7fd9ypfb7.cloudfront.net/styles1100px/FW14BKR.jpg,,0.0,TRUE,InStock,1.1,,FW14BKR39,,,,Size,DROP_DOWN,39,Color,DROP_DOWN,Black,,,,,,,,,,,,,Fit,<p>R</p>,Length,<p>61</p>,Width,<p>40</p>,Height,<p>35</p>,Box Quantity,<p>12</p>,Inner Pack Quantity,<p>1</p>,Country Of Origin,<p>CN</p>,Standards,<ul><li>EN ISO 20345</li><li>ASTM F2413-18</li><li>AS 2210.3</li></ul>,,,,
FW14,Variant,,"Protective steel toecap Puncture resistant steel midsole Direct injected dual density construction Lightweight PU cushioned midsole Slip, fuel and oil resistant PU outsole Removable EVA cushion footbed",https://d11ak7fd9ypfb7.cloudfront.net/styles1100px/FW14BKR.jpg,,0.0,TRUE,InStock,1.13,,FW14BKR40,,,,Size,DROP_DOWN,40,Color,DROP_DOWN,Black,,,,,,,,,,,,,Fit,<p>R</p>,Length,<p>64</p>,Width,<p>42</p>,Height,<p>37</p>,Box Quantity,<p>12</p>,Inner Pack Quantity,<p>1</p>,Country Of Origin,<p>CN</p>,Standards,<ul><li>EN ISO 20345</li><li>ASTM F2413-18</li><li>AS 2210.3</li></ul>,,,,
FW14,Variant,,"Protective steel toecap Puncture resistant steel midsole Direct injected dual density construction Lightweight PU cushioned midsole Slip, fuel and oil resistant PU outsole Removable EVA cushion footbed",https://d11ak7fd9ypfb7.cloudfront.net/styles1100px/FW14BKR.jpg,,0.0,TRUE,InStock,1.22,,FW14BKR41,,,,Size,DROP_DOWN,41,Color,DROP_DOWN,Black,,,,,,,,,,,,,Fit,<p>R</p>,Length,<p>64</p>,Width,<p>42</p>,Height,<p>37</p>,Box Quantity,<p>12</p>,Inner Pack Quantity,<p>1</p>,Country Of Origin,<p>CN</p>,Standards,<ul><li>EN ISO 20345</li><li>ASTM F2413-18</li><li>AS 2210.3</li></ul>,,,,
FW14,Variant,,"Protective steel toecap Puncture resistant steel midsole Direct injected dual density construction Lightweight PU cushioned midsole Slip, fuel and oil resistant PU outsole Removable EVA cushion footbed",https://d11ak7fd9ypfb7.cloudfront.net/styles1100px/FW14BKR.jpg,,0.0,TRUE,InStock,1.19,,FW14BKR42,,,,Size,DROP_DOWN,42,Color,DROP_DOWN,Black,,,,,,,,,,,,,Fit,<p>R</p>,Length,<p>64</p>,Width,<p>42</p>,Height,<p>37</p>,Box Quantity,<p>12</p>,Inner Pack Quantity,<p>1</p>,Country Of Origin,<p>CN</p>,Standards,<ul><li>EN ISO 20345</li><li>ASTM F2413-18</li><li>AS 2210.3</li></ul>,,,,
FW14,Variant,,"Protective steel toecap Puncture resistant steel midsole Direct injected dual density construction Lightweight PU cushioned midsole Slip, fuel and oil resistant PU outsole Removable EVA cushion footbed",https://d11ak7fd9ypfb7.cloudfront.net/styles1100px/FW14BKR.jpg,,0.0,TRUE,InStock,1.22,,FW14BKR43,,,,Size,DROP_DOWN,43,Color,DROP_DOWN,Black,,,,,,,,,,,,,Fit,<p>R</p>,Length,<p>68</p>,Width,<p>43</p>,Height,<p>37</p>,Box Quantity,<p>12</p>,Inner Pack Quantity,<p>1</p>,Country Of Origin,<p>CN</p>,Standards,<ul><li>EN ISO 20345</li><li>ASTM F2413-18</li><li>AS 2210.3</li></ul>,,,,
FW14,Variant,,"Protective steel toecap Puncture resistant steel midsole Direct injected dual density construction Lightweight PU cushioned midsole Slip, fuel and oil resistant PU outsole Removable EVA cushion footbed",https://d11ak7fd9ypfb7.cloudfront.net/styles1100px/FW14BKR.jpg,,0.0,TRUE,InStock,1.25,,FW14BKR44,,,,Size,DROP_DOWN,44,Color,DROP_DOWN,Black,,,,,,,,,,,,,Fit,<p>R</p>,Length,<p>68</p>,Width,<p>43</p>,Height,<p>37</p>,Box Quantity,<p>12</p>,Inner Pack Quantity,<p>1</p>,Country Of Origin,<p>CN</p>,Standards,<ul><li>EN ISO 20345</li><li>ASTM F2413-18</li><li>AS 2210.3</li></ul>,,,,
FW14,Variant,,"Protective steel toecap Puncture resistant steel midsole Direct injected dual density construction Lightweight PU cushioned midsole Slip, fuel and oil resistant PU outsole Removable EVA cushion footbed",https://d11ak7fd9ypfb7.cloudfront.net/styles1100px/FW14BKR.jpg,,0.0,TRUE,InStock,1.28,,FW14BKR45,,,,Size,DROP_DOWN,45,Color,DROP_DOWN,Black,,,,,,,,,,,,,Fit,<p>R</p>,Length,<p>71</p>,Width,<p>45</p>,Height,<p>38</p>,Box Quantity,<p>12</p>,Inner Pack Quantity,<p>1</p>,Country Of Origin,<p>CN</p>,Standards,<ul><li>EN ISO 20345</li><li>ASTM F2413-18</li><li>AS 2210.3</li></ul>,,,,
FW14,Variant,,"Protective steel toecap Puncture resistant steel midsole Direct injected dual density construction Lightweight PU cushioned midsole Slip, fuel and oil resistant PU outsole Removable EVA cushion footbed",https://d11ak7fd9ypfb7.cloudfront.net/styles1100px/FW14BKR.jpg,,0.0,TRUE,InStock,1.31,,FW14BKR46,,,,Size,DROP_DOWN,46,Color,DROP_DOWN,Black,,,,,,,,,,,,,Fit,<p>R</p>,Length,<p>71</p>,Width,<p>45</p>,Height,<p>38</p>,Box Quantity,<p>12</p>,Inner Pack Quantity,<p>1</p>,Country Of Origin,<p>CN</p>,Standards,<ul><li>EN ISO 20345</li><li>ASTM F2413-18</li><li>AS 2210.3</li></ul>,,,,
FW14,Variant,,"Protective steel toecap Puncture resistant steel midsole Direct injected dual density construction Lightweight PU cushioned midsole Slip, fuel and oil resistant PU outsole Removable EVA cushion footbed",https://d11ak7fd9ypfb7.cloudfront.net/styles1100px/FW14BKR.jpg,,0.0,TRUE,InStock,1.34,,FW14BKR47,,,,Size,DROP_DOWN,47,Color,DROP_DOWN,Black,,,,,,,,,,,,,Fit,<p>R</p>,Length,<p>71</p>,Width,<p>45</p>,Height,<p>38</p>,Box Quantity,<p>12</p>,Inner Pack Quantity,<p>1</p>,Country Of Origin,<p>CN</p>,Standards,<ul><li>EN ISO 20345</li><li>ASTM F2413-18</li><li>AS 2210.3</li></ul>,,,,
FW14,Variant,,"Protective steel toecap Puncture resistant steel midsole Direct injected dual density construction Lightweight PU cushioned midsole Slip, fuel and oil resistant PU outsole Removable EVA cushion footbed",https://d11ak7fd9ypfb7.cloudfront.net/styles1100px/FW14BKR.jpg,,0.0,TRUE,InStock,1.37,,FW14BKR48,,,,Size,DROP_DOWN,48,Color,DROP_DOWN,Black,,,,,,,,,,,,,Fit,<p>R</p>,Length,<p>71</p>,Width,<p>45</p>,Height,<p>38</p>,Box Quantity,<p>12</p>,Inner Pack Quantity,<p>1</p>,Country Of Origin,<p>CN</p>,Standards,<ul><li>EN ISO 20345</li><li>ASTM F2413-18</li><li>AS 2210.3</li></ul>,,,,
FW14,Variant,,"Protective steel toecap Puncture resistant steel midsole Direct injected dual density construction Lightweight PU cushioned midsole Slip, fuel and oil resistant PU outsole Removable EVA cushion footbed",https://d11ak7fd9ypfb7.cloudfront.net/styles1100px/FW14BKR.jpg,,0.0,TRUE,InStock,1.4,,FW14BKR49,,,,Size,DROP_DOWN,49,Color,DROP_DOWN,Black,,,,,,,,,,,,,Fit,<p>R</p>,Length,<p>75</p>,Width,<p>48</p>,Height,<p>41</p>,Box Quantity,<p>12</p>,Inner Pack Quantity,<p>1</p>,Country Of Origin,<p>CN</p>,Standards,<ul><li>EN ISO 20345</li><li>ASTM F2413-18</li><li>AS 2210.3</li></ul>,,,,
FW14,Variant,,"Protective steel toecap Puncture resistant steel midsole Direct injected dual density construction Lightweight PU cushioned midsole Slip, fuel and oil resistant PU outsole Removable EVA cushion footbed",https://d11ak7fd9ypfb7.cloudfront.net/styles1100px/FW14BKR.jpg,,0.0,TRUE,InStock,1.43,,FW14BKR50,,,,Size,DROP_DOWN,50,Color,DROP_DOWN,Black,,,,,,,,,,,,,Fit,<p>R</p>,Length,<p>75</p>,Width,<p>48</p>,Height,<p>41</p>,Box Quantity,<p>12</p>,Inner Pack Quantity,<p>1</p>,Country Of Origin,<p>CN</p>,Standards,<ul><li>EN ISO 20345</li><li>ASTM F2413-18</li><li>AS 2210.3</li></ul>,,,,
FW14,Variant,,"Protective steel toecap Puncture resistant steel midsole Direct injected dual density construction Lightweight PU cushioned midsole Slip, fuel and oil resistant PU outsole Removable EVA cushion footbed",https://d11ak7fd9ypfb7.cloudfront.net/styles1100px/FW14BKR.jpg,,0.0,TRUE,InStock,1.46,,FW14BKR51,,,,Size,DROP_DOWN,51,Color,DROP_DOWN,Black,,,,,,,,,,,,,Fit,<p>R</p>,Length,<p>75</p>,Width,<p>48</p>,Height,<p>41</p>,Box Quantity,<p>12</p>,Inner Pack Quantity,<p>1</p>,Country Of Origin,<p>CN</p>,Standards,<ul><li>EN ISO 20345</li><li>ASTM F2413-18</li><li>AS 2210.3</li></ul>,,,,
FW14,Variant,,"Protective steel toecap Puncture resistant steel midsole Direct injected dual density construction Lightweight PU cushioned midsole Slip, fuel and oil resistant PU outsole Removable EVA cushion footbed",https://d11ak7fd9ypfb7.cloudfront.net/styles1100px/FW14BKR.jpg,,0.0,TRUE,InStock,1.48,,FW14BKR52,,,,Size,DROP_DOWN,52,Color,DROP_DOWN,Black,,,,,,,,,,,,,Fit,<p>R</p>,Length,<p>75</p>,Width,<p>48</p>,Height,<p>41</p>,Box Quantity,<p>12</p>,Inner Pack Quantity,<p>1</p>,Country Of Origin,<p>CN</p>,Standards,<ul><li>EN ISO 20345</li><li>ASTM F2413-18</li><li>AS 2210.3</li></ul>,,,,
FW17,Product,FW17 - Steelite Welted Safety Boot,"Protective steel toecap Full grain Nubuck leather Welt construction Slip, fuel and oil resistant rubber outsole Heat resistant outsole",https://d11ak7fd9ypfb7.cloudfront.net/styles1100px/FW17HOR.jpg,0.0,0.0,TRUE,InStock,1.597,,FW17HOR40,,,,Size,DROP_DOWN,40;42;43;44;45,Color,DROP_DOWN,Honey,,,,,,,,,,,,,Fit,<p>R</p>,Length,<p>64</p>,Width,<p>47</p>,Height,<p>34</p>,Box Quantity,<p>10</p>,Inner Pack Quantity,<p>1</p>,Country Of Origin,<p>CN</p>,Standards,<ul><li>EN ISO 20345</li><li>ASTM F2413-18</li></ul>,,,,
FW17,Variant,,"Protective steel toecap Full grain Nubuck leather Welt construction Slip, fuel and oil resistant rubber outsole Heat resistant outsole",https://d11ak7fd9ypfb7.cloudfront.net/styles1100px/FW17HOR.jpg,,0.0,TRUE,InStock,1.597,,FW17HOR40,,,,Size,DROP_DOWN,40,Color,DROP_DOWN,Honey,,,,,,,,,,,,,Fit,<p>R</p>,Length,<p>64</p>,Width,<p>47</p>,Height,<p>34</p>,Box Quantity,<p>10</p>,Inner Pack Quantity,<p>1</p>,Country Of Origin,<p>CN</p>,Standards,<ul><li>EN ISO 20345</li><li>ASTM F2413-18</li></ul>,,,,
FW17,Variant,,"Protective steel toecap Full grain Nubuck leather Welt construction Slip, fuel and oil resistant rubber outsole Heat resistant outsole",https://d11ak7fd9ypfb7.cloudfront.net/styles1100px/FW17HOR.jpg,,0.0,TRUE,InStock,1.813,,FW17HOR42,,,,Size,DROP_DOWN,42,Color,DROP_DOWN,Honey,,,,,,,,,,,,,Fit,<p>R</p>,Length,<p>64</p>,Width,<p>47</p>,Height,<p>34</p>,Box Quantity,<p>10</p>,Inner Pack Quantity,<p>1</p>,Country Of Origin,<p>CN</p>,Standards,<ul><li>EN ISO 20345</li><li>ASTM F2413-18</li></ul>,,,,
FW17,Variant,,"Protective steel toecap Full grain Nubuck leather Welt construction Slip, fuel and oil resistant rubber outsole Heat resistant outsole",https://d11ak7fd9ypfb7.cloudfront.net/styles1100px/FW17HOR.jpg,,0.0,TRUE,InStock,1.9,,FW17HOR43,,,,Size,DROP_DOWN,43,Color,DROP_DOWN,Honey,,,,,,,,,,,,,Fit,<p>R</p>,Length,<p>64</p>,Width,<p>47</p>,Height,<p>34</p>,Box Quantity,<p>10</p>,Inner Pack Quantity,<p>1</p>,Country Of Origin,<p>CN</p>,Standards,<ul><li>EN ISO 20345</li><li>ASTM F2413-18</li></ul>,,,,
FW17,Variant,,"Protective steel toecap Full grain Nubuck leather Welt construction Slip, fuel and oil resistant rubber outsole Heat resistant outsole",https://d11ak7fd9ypfb7.cloudfront.net/styles1100px/FW17HOR.jpg,,0.0,TRUE,InStock,2.039,,FW17HOR44,,,,Size,DROP_DOWN,44,Color,DROP_DOWN,Honey,,,,,,,,,,,,,Fit,<p>R</p>,Length,<p>64</p>,Width,<p>49</p>,Height,<p>36</p>,Box Quantity,<p>10</p>,Inner Pack Quantity,<p>1</p>,Country Of Origin,<p>CN</p>,Standards,<ul><li>EN ISO 20345</li><li>ASTM F2413-18</li></ul>,,,,
FW17,Variant,,"Protective steel toecap Full grain Nubuck leather Welt construction Slip, fuel and oil resistant rubber outsole Heat resistant outsole",https://d11ak7fd9ypfb7.cloudfront.net/styles1100px/FW17HOR.jpg,,0.0,TRUE,InStock,2.059,,FW17HOR45,,,,Size,DROP_DOWN,45,Color,DROP_DOWN,Honey,,,,,,,,,,,,,Fit,<p>R</p>,Length,<p>64</p>,Width,<p>49</p>,Height,<p>36</p>,Box Quantity,<p>10</p>,Inner Pack Quantity,<p>1</p>,Country Of Origin,<p>CN</p>,Standards,<ul><li>EN ISO 20345</li><li>ASTM F2413-18</li></ul>,,,,
FW22,Product,FW22 - Steelite Metatarsal Boot,"Protective steel toecap Puncture resistant steel midsole Dual density sole unit Lightweight PU cushioned midsole Slip, fuel and oil resistant rubber outsole Heat resistant outsole Metatarsal impact protection",https://d11ak7fd9ypfb7.cloudfront.net/styles1100px/FW22BKR.jpg,0.0,0.0,TRUE,InStock,1.682,,FW22BKR40,,,,Size,DROP_DOWN,40;44,Color,DROP_DOWN,Black,,,,,,,,,,,,,Fit,<p>R</p>,Length,<p>65</p>,Width,<p>49.5</p>,Height,<p>36</p>,Box Quantity,<p>12</p>,Inner Pack Quantity,<p>1</p>,Country Of Origin,<p>CN</p>,Standards,<ul><li>EN ISO 20345</li><li>ASTM F2413-18</li></ul>,,,,
FW22,Variant,,"Protective steel toecap Puncture resistant steel midsole Dual density sole unit Lightweight PU cushioned midsole Slip, fuel and oil resistant rubber outsole Heat resistant outsole Metatarsal impact protection",https://d11ak7fd9ypfb7.cloudfront.net/styles1100px/FW22BKR.jpg,,0.0,TRUE,InStock,1.682,,FW22BKR40,,,,Size,DROP_DOWN,40,Color,DROP_DOWN,Black,,,,,,,,,,,,,Fit,<p>R</p>,Length,<p>65</p>,Width,<p>49.5</p>,Height,<p>36</p>,Box Quantity,<p>12</p>,Inner Pack Quantity,<p>1</p>,Country Of Origin,<p>CN</p>,Standards,<ul><li>EN ISO 20345</li><li>ASTM F2413-18</li></ul>,,,,
FW22,Variant,,"Protective steel toecap Puncture resistant steel midsole Dual density sole unit Lightweight PU cushioned midsole Slip, fuel and oil resistant rubber outsole Heat resistant outsole Metatarsal impact protection",https://d11ak7fd9ypfb7.cloudfront.net/styles1100px/FW22BKR.jpg,,0.0,TRUE,InStock,1.967,,FW22BKR44,,,,Size,DROP_DOWN,44,Color,DROP_DOWN,Black,,,,,,,,,,,,,Fit,<p>R</p>,Length,<p>70</p>,Width,<p>53.5</p>,Height,<p>39</p>,Box Quantity,<p>12</p>,Inner Pack Quantity,<p>1</p>,Country Of Origin,<p>CN</p>,Standards,<ul><li>EN ISO 20345</li><li>ASTM F2413-18</li></ul>,,,,
FW31,Product,FW31 - Steelite Mid Cut Nubuck Boot,"Protective steel toecap Full grain Nubuck leather Cement construction Lightweight EVA cushioned midsole Slip, fuel and oil resistant rubber outsole Heat resistant outsole Removable EVA cushion footbed High wicking breathable mesh lining",https://d11ak7fd9ypfb7.cloudfront.net/styles1100px/FW31HOR.jpg,0.0,0.0,TRUE,InStock,1.34,,FW31HOR39,,,,Size,DROP_DOWN,39;40;42,Color,DROP_DOWN,Honey,,,,,,,,,,,,,Fit,<p>R</p>,Length,<p>64</p>,Width,<p>58</p>,Height,<p>35</p>,Box Quantity,<p>10</p>,Inner Pack Quantity,<p>1</p>,Country Of Origin,<p>CN</p>,Standards,<ul><li>EN ISO 20345</li></ul>,,,,
FW31,Variant,,"Protective steel toecap Full grain Nubuck leather Cement construction Lightweight EVA cushioned midsole Slip, fuel and oil resistant rubber outsole Heat resistant outsole Removable EVA cushion footbed High wicking breathable mesh lining",https://d11ak7fd9ypfb7.cloudfront.net/styles1100px/FW31HOR.jpg,,0.0,TRUE,InStock,1.34,,FW31HOR39,,,,Size,DROP_DOWN,39,Color,DROP_DOWN,Honey,,,,,,,,,,,,,Fit,<p>R</p>,Length,<p>64</p>,Width,<p>58</p>,Height,<p>35</p>,Box Quantity,<p>10</p>,Inner Pack Quantity,<p>1</p>,Country Of Origin,<p>CN</p>,Standards,<ul><li>EN ISO 20345</li></ul>,,,,
FW31,Variant,,"Protective steel toecap Full grain Nubuck leather Cement construction Lightweight EVA cushioned midsole Slip, fuel and oil resistant rubber outsole Heat resistant outsole Removable EVA cushion footbed High wicking breathable mesh lining",https://d11ak7fd9ypfb7.cloudfront.net/styles1100px/FW31HOR.jpg,,0.0,TRUE,InStock,1.36,,FW31HOR40,,,,Size,DROP_DOWN,40,Color,DROP_DOWN,Honey,,,,,,,,,,,,,Fit,<p>R</p>,Length,<p>64</p>,Width,<p>58</p>,Height,<p>35</p>,Box Quantity,<p>10</p>,Inner Pack Quantity,<p>1</p>,Country Of Origin,<p>CN</p>,Standards,<ul><li>EN ISO 20345</li></ul>,,,,
FW31,Variant,,"Protective steel toecap Full grain Nubuck leather Cement construction Lightweight EVA cushioned midsole Slip, fuel and oil resistant rubber outsole Heat resistant outsole Removable EVA cushion footbed High wicking breathable mesh lining",https://d11ak7fd9ypfb7.cloudfront.net/styles1100px/FW31HOR.jpg,,0.0,TRUE,InStock,1.42,,FW31HOR42,,,,Size,DROP_DOWN,42,Color,DROP_DOWN,Honey,,,,,,,,,,,,,Fit,<p>R</p>,Length,<p>64</p>,Width,<p>58</p>,Height,<p>35</p>,Box Quantity,<p>10</p>,Inner Pack Quantity,<p>1</p>,Country Of Origin,<p>CN</p>,Standards,<ul><li>EN ISO 20345</li></ul>,,,,
FW33,Product,FW33 - Steelite Arx Safety Trainer,"Protective steel toecap Puncture resistant steel midsole Cement construction Lightweight EVA cushioned midsole Slip, fuel and oil resistant rubber outsole Heat resistant outsole Removable EVA cushion footbed",https://d11ak7fd9ypfb7.cloudfront.net/styles1100px/FW33BKR.jpg,0.0,0.0,TRUE,InStock,1.35,,FW33BKR40,,,,Size,DROP_DOWN,40;41;42;43;44;47,Color,DROP_DOWN,Black,,,,,,,,,,,,,Fit,<p>R</p>,Length,<p>62</p>,Width,<p>42</p>,Height,<p>38</p>,Box Quantity,<p>12</p>,Inner Pack Quantity,<p>1</p>,Country Of Origin,<p>CN</p>,Standards,<ul><li>EN ISO 20345</li></ul>,,,,
FW33,Variant,,"Protective steel toecap Puncture resistant steel midsole Cement construction Lightweight EVA cushioned midsole Slip, fuel and oil resistant rubber outsole Heat resistant outsole Removable EVA cushion footbed",https://d11ak7fd9ypfb7.cloudfront.net/styles1100px/FW33BKR.jpg,,0.0,TRUE,InStock,1.35,,FW33BKR40,,,,Size,DROP_DOWN,40,Color,DROP_DOWN,Black,,,,,,,,,,,,,Fit,<p>R</p>,Length,<p>62</p>,Width,<p>42</p>,Height,<p>38</p>,Box Quantity,<p>12</p>,Inner Pack Quantity,<p>1</p>,Country Of Origin,<p>CN</p>,Standards,<ul><li>EN ISO 20345</li></ul>,,,,
FW33,Variant,,"Protective steel toecap Puncture resistant steel midsole Cement construction Lightweight EVA cushioned midsole Slip, fuel and oil resistant rubber outsole Heat resistant outsole Removable EVA cushion footbed",https://d11ak7fd9ypfb7.cloudfront.net/styles1100px/FW33BKR.jpg,,0.0,TRUE,InStock,1.259,,FW33BKR41,,,,Size,DROP_DOWN,41,Color,DROP_DOWN,Black,,,,,,,,,,,,,Fit,<p>R</p>,Length,<p>62</p>,Width,<p>42</p>,Height,<p>38</p>,Box Quantity,<p>12</p>,Inner Pack Quantity,<p>1</p>,Country Of Origin,<p>CN</p>,Standards,<ul><li>EN ISO 20345</li></ul>,,,,
FW33,Variant,,"Protective steel toecap Puncture resistant steel midsole Cement construction Lightweight EVA cushioned midsole Slip, fuel and oil resistant rubber outsole Heat resistant outsole Removable EVA cushion footbed",https://d11ak7fd9ypfb7.cloudfront.net/styles1100px/FW33BKR.jpg,,0.0,TRUE,InStock,1.306,,FW33BKR42,,,,Size,DROP_DOWN,42,Color,DROP_DOWN,Black,,,,,,,,,,,,,Fit,<p>R</p>,Length,<p>68</p>,Width,<p>44</p>,Height,<p>38</p>,Box Quantity,<p>12</p>,Inner Pack Quantity,<p>1</p>,Country Of Origin,<p>CN</p>,Standards,<ul><li>EN ISO 20345</li></ul>,,,,
FW33,Variant,,"Protective steel toecap Puncture resistant steel midsole Cement construction Lightweight EVA cushioned midsole Slip, fuel and oil resistant rubber outsole Heat resistant outsole Removable EVA cushion footbed",https://d11ak7fd9ypfb7.cloudfront.net/styles1100px/FW33BKR.jpg,,0.0,TRUE,InStock,1.313,,FW33BKR43,,,,Size,DROP_DOWN,43,Color,DROP_DOWN,Black,,,,,,,,,,,,,Fit,<p>R</p>,Length,<p>68</p>,Width,<p>44</p>,Height,<p>38</p>,Box Quantity,<p>12</p>,Inner Pack Quantity,<p>1</p>,Country Of Origin,<p>CN</p>,Standards,<ul><li>EN ISO 20345</li></ul>,,,,
FW33,Variant,,"Protective steel toecap Puncture resistant steel midsole Cement construction Lightweight EVA cushioned midsole Slip, fuel and oil resistant rubber outsole Heat resistant outsole Removable EVA cushion footbed",https://d11ak7fd9ypfb7.cloudfront.net/styles1100px/FW33BKR.jpg,,0.0,TRUE,InStock,1.334,,FW33BKR44,,,,Size,DROP_DOWN,44,Color,DROP_DOWN,Black,,,,,,,,,,,,,Fit,<p>R</p>,Length,<p>68</p>,Width,<p>44</p>,Height,<p>38</p>,Box Quantity,<p>12</p>,Inner Pack Quantity,<p>1</p>,Country Of Origin,<p>CN</p>,Standards,<ul><li>EN ISO 20345</li></ul>,,,,
FW33,Variant,,"Protective steel toecap Puncture resistant steel midsole Cement construction Lightweight EVA cushioned midsole Slip, fuel and oil resistant rubber outsole Heat resistant outsole Removable EVA cushion footbed",https://d11ak7fd9ypfb7.cloudfront.net/styles1100px/FW33BKR.jpg,,0.0,TRUE,InStock,1.7,,FW33BKR47,,,,Size,DROP_DOWN,47,Color,DROP_DOWN,Black,,,,,,,,,,,,,Fit,<p>R</p>,Length,<p>71</p>,Width,<p>44</p>,Height,<p>39</p>,Box Quantity,<p>12</p>,Inner Pack Quantity,<p>1</p>,Country Of Origin,<p>CN</p>,Standards,<ul><li>EN ISO 20345</li></ul>,,,,
FW34,Product,FW34 - Steelite Lusum Safety Trainer,"Protective steel toecap Puncture resistant steel midsole Cement construction Lightweight EVA cushioned midsole Slip, fuel and oil resistant rubber outsole Heat resistant outsole Removable EVA cushion footbed",https://d11ak7fd9ypfb7.cloudfront.net/styles1100px/FW34BKR.jpg,0.0,0.0,TRUE,InStock,1.5,,FW34BKR43,,,,Size,DROP_DOWN,43,Color,DROP_DOWN,Black,,,,,,,,,,,,,Fit,<p>R</p>,Length,<p>68</p>,Width,<p>44</p>,Height,<p>38</p>,Box Quantity,<p>12</p>,Inner Pack Quantity,<p>1</p>,Country Of Origin,<p>CN</p>,Standards,<ul><li>EN ISO 20345</li><li>AS 2210.3</li><li>ASTM F2413-11</li></ul>,,,,
FW57,Product,FW57 - Steelite All Weather Boot S3 WR,"Protective steel toecap Puncture resistant steel midsole Direct injected dual density construction Lightweight PU cushioned midsole Slip, fuel and oil resistant TPU outsole Waterproof membrane Removable EVA cushion footbed",https://d11ak7fd9ypfb7.cloudfront.net/styles1100px/FW57BKR.jpg,118.4,0.0,TRUE,InStock,1.448,Footwear;Boots,FW57BKR38,,,,Size,DROP_DOWN,38;39;40;41;42;43;44;45;46;47;48,Color,DROP_DOWN,Black,,,,,,,,,,,,,Fit,<p>R</p>,Length,<p>62</p>,Width,<p>51</p>,Height,<p>35</p>,Box Quantity,<p>10</p>,Inner Pack Quantity,<p>1</p>,Country Of Origin,<p>CN</p>,Standards,<ul><li>EN ISO 20345</li><li>ASTM F2413-18</li><li>AS 2210.3</li></ul>,,,,
FW57,Variant,,"Protective steel toecap Puncture resistant steel midsole Direct injected dual density construction Lightweight PU cushioned midsole Slip, fuel and oil resistant TPU outsole Waterproof membrane Removable EVA cushion footbed",https://d11ak7fd9ypfb7.cloudfront.net/styles1100px/FW57BKR.jpg,,0.0,TRUE,InStock,1.448,,FW57BKR38,,,,Size,DROP_DOWN,38,Color,DROP_DOWN,Black,,,,,,,,,,,,,Fit,<p>R</p>,Length,<p>62</p>,Width,<p>51</p>,Height,<p>35</p>,Box Quantity,<p>10</p>,Inner Pack Quantity,<p>1</p>,Country Of Origin,<p>CN</p>,Standards,<ul><li>EN ISO 20345</li><li>ASTM F2413-18</li><li>AS 2210.3</li></ul>,,,,
FW57,Variant,,"Protective steel toecap Puncture resistant steel midsole Direct injected dual density construction Lightweight PU cushioned midsole Slip, fuel and oil resistant TPU outsole Waterproof membrane Removable EVA cushion footbed",https://d11ak7fd9ypfb7.cloudfront.net/styles1100px/FW57BKR.jpg,,0.0,TRUE,InStock,1.508,,FW57BKR39,,,,Size,DROP_DOWN,39,Color,DROP_DOWN,Black,,,,,,,,,,,,,Fit,<p>R</p>,Length,<p>62</p>,Width,<p>51</p>,Height,<p>35</p>,Box Quantity,<p>10</p>,Inner Pack Quantity,<p>1</p>,Country Of Origin,<p>CN</p>,Standards,<ul><li>EN ISO 20345</li><li>ASTM F2413-18</li><li>AS 2210.3</li></ul>,,,,
FW57,Variant,,"Protective steel toecap Puncture resistant steel midsole Direct injected dual density construction Lightweight PU cushioned midsole Slip, fuel and oil resistant TPU outsole Waterproof membrane Removable EVA cushion footbed",https://d11ak7fd9ypfb7.cloudfront.net/styles1100px/FW57BKR.jpg,,0.0,TRUE,InStock,1.516,,FW57BKR40,,,,Size,DROP_DOWN,40,Color,DROP_DOWN,Black,,,,,,,,,,,,,Fit,<p>R</p>,Length,<p>62</p>,Width,<p>51</p>,Height,<p>35</p>,Box Quantity,<p>10</p>,Inner Pack Quantity,<p>1</p>,Country Of Origin,<p>CN</p>,Standards,<ul><li>EN ISO 20345</li><li>ASTM F2413-18</li><li>AS 2210.3</li></ul>,,,,
FW57,Variant,,"Protective steel toecap Puncture resistant steel midsole Direct injected dual density construction Lightweight PU cushioned midsole Slip, fuel and oil resistant TPU outsole Waterproof membrane Removable EVA cushion footbed",https://d11ak7fd9ypfb7.cloudfront.net/styles1100px/FW57BKR.jpg,,0.0,TRUE,InStock,1.59,,FW57BKR41,,,,Size,DROP_DOWN,41,Color,DROP_DOWN,Black,,,,,,,,,,,,,Fit,<p>R</p>,Length,<p>62</p>,Width,<p>51</p>,Height,<p>35</p>,Box Quantity,<p>10</p>,Inner Pack Quantity,<p>1</p>,Country Of Origin,<p>CN</p>,Standards,<ul><li>EN ISO 20345</li><li>ASTM F2413-18</li><li>AS 2210.3</li></ul>,,,,
FW57,Variant,,"Protective steel toecap Puncture resistant steel midsole Direct injected dual density construction Lightweight PU cushioned midsole Slip, fuel and oil resistant TPU outsole Waterproof membrane Removable EVA cushion footbed",https://d11ak7fd9ypfb7.cloudfront.net/styles1100px/FW57BKR.jpg,,0.0,TRUE,InStock,1.61,,FW57BKR42,,,,Size,DROP_DOWN,42,Color,DROP_DOWN,Black,,,,,,,,,,,,,Fit,<p>R</p>,Length,<p>62</p>,Width,<p>51</p>,Height,<p>35</p>,Box Quantity,<p>10</p>,Inner Pack Quantity,<p>1</p>,Country Of Origin,<p>CN</p>,Standards,<ul><li>EN ISO 20345</li><li>ASTM F2413-18</li><li>AS 2210.3</li></ul>,,,,
FW57,Variant,,"Protective steel toecap Puncture resistant steel midsole Direct injected dual density construction Lightweight PU cushioned midsole Slip, fuel and oil resistant TPU outsole Waterproof membrane Removable EVA cushion footbed",https://d11ak7fd9ypfb7.cloudfront.net/styles1100px/FW57BKR.jpg,,0.0,TRUE,InStock,1.743,,FW57BKR43,,,,Size,DROP_DOWN,43,Color,DROP_DOWN,Black,,,,,,,,,,,,,Fit,<p>R</p>,Length,<p>64</p>,Width,<p>51</p>,Height,<p>37</p>,Box Quantity,<p>10</p>,Inner Pack Quantity,<p>1</p>,Country Of Origin,<p>CN</p>,Standards,<ul><li>EN ISO 20345</li><li>ASTM F2413-18</li><li>AS 2210.3</li></ul>,,,,
FW57,Variant,,"Protective steel toecap Puncture resistant steel midsole Direct injected dual density construction Lightweight PU cushioned midsole Slip, fuel and oil resistant TPU outsole Waterproof membrane Removable EVA cushion footbed",https://d11ak7fd9ypfb7.cloudfront.net/styles1100px/FW57BKR.jpg,,0.0,TRUE,InStock,1.811,,FW57BKR44,,,,Size,DROP_DOWN,44,Color,DROP_DOWN,Black,,,,,,,,,,,,,Fit,<p>R</p>,Length,<p>64</p>,Width,<p>51</p>,Height,<p>37</p>,Box Quantity,<p>10</p>,Inner Pack Quantity,<p>1</p>,Country Of Origin,<p>CN</p>,Standards,<ul><li>EN ISO 20345</li><li>ASTM F2413-18</li><li>AS 2210.3</li></ul>,,,,
FW57,Variant,,"Protective steel toecap Puncture resistant steel midsole Direct injected dual density construction Lightweight PU cushioned midsole Slip, fuel and oil resistant TPU outsole Waterproof membrane Removable EVA cushion footbed",https://d11ak7fd9ypfb7.cloudfront.net/styles1100px/FW57BKR.jpg,,0.0,TRUE,InStock,1.825,,FW57BKR45,,,,Size,DROP_DOWN,45,Color,DROP_DOWN,Black,,,,,,,,,,,,,Fit,<p>R</p>,Length,<p>64</p>,Width,<p>51</p>,Height,<p>37</p>,Box Quantity,<p>10</p>,Inner Pack Quantity,<p>1</p>,Country Of Origin,<p>CN</p>,Standards,<ul><li>EN ISO 20345</li><li>ASTM F2413-18</li><li>AS 2210.3</li></ul>,,,,
FW57,Variant,,"Protective steel toecap Puncture resistant steel midsole Direct injected dual density construction Lightweight PU cushioned midsole Slip, fuel and oil resistant TPU outsole Waterproof membrane Removable EVA cushion footbed",https://d11ak7fd9ypfb7.cloudfront.net/styles1100px/FW57BKR.jpg,,0.0,TRUE,InStock,1.857,,FW57BKR46,,,,Size,DROP_DOWN,46,Color,DROP_DOWN,Black,,,,,,,,,,,,,Fit,<p>R</p>,Length,<p>64</p>,Width,<p>51</p>,Height,<p>37</p>,Box Quantity,<p>10</p>,Inner Pack Quantity,<p>1</p>,Country Of Origin,<p>CN</p>,Standards,<ul><li>EN ISO 20345</li><li>ASTM F2413-18</li><li>AS 2210.3</li></ul>,,,,
FW57,Variant,,"Protective steel toecap Puncture resistant steel midsole Direct injected dual density construction Lightweight PU cushioned midsole Slip, fuel and oil resistant TPU outsole Waterproof membrane Removable EVA cushion footbed",https://d11ak7fd9ypfb7.cloudfront.net/styles1100px/FW57BKR.jpg,,0.0,TRUE,InStock,1.914,,FW57BKR47,,,,Size,DROP_DOWN,47,Color,DROP_DOWN,Black,,,,,,,,,,,,,Fit,<p>R</p>,Length,<p>64</p>,Width,<p>51</p>,Height,<p>37</p>,Box Quantity,<p>10</p>,Inner Pack Quantity,<p>1</p>,Country Of Origin,<p>CN</p>,Standards,<ul><li>EN ISO 20345</li><li>ASTM F2413-18</li><li>AS 2210.3</li></ul>,,,,
FW57,Variant,,"Protective steel toecap Puncture resistant steel midsole Direct injected dual density construction Lightweight PU cushioned midsole Slip, fuel and oil resistant TPU outsole Waterproof membrane Removable EVA cushion footbed",https://d11ak7fd9ypfb7.cloudfront.net/styles1100px/FW57BKR.jpg,,0.0,TRUE,InStock,1.947,,FW57BKR48,,,,Size,DROP_DOWN,48,Color,DROP_DOWN,Black,,,,,,,,,,,,,Fit,<p>R</p>,Length,<p>64</p>,Width,<p>51</p>,Height,<p>37</p>,Box Quantity,<p>10</p>,Inner Pack Quantity,<p>1</p>,Country Of Origin,<p>CN</p>,Standards,<ul><li>EN ISO 20345</li><li>ASTM F2413-18</li><li>AS 2210.3</li></ul>,,,,
FW63,Product,FW63 - Steelite Trekker Boot,"Protective steel toecap Puncture resistant steel midsole Direct injected dual density construction Lightweight PU cushioned midsole Slip, fuel and oil resistant PU outsole Removable EVA cushion footbed 3D breathable mesh lining",https://d11ak7fd9ypfb7.cloudfront.net/styles1100px/FW63BKR.jpg,50.4,0.0,TRUE,InStock,1.4,Footwear;Boots,FW63BKR36,,,,Size,DROP_DOWN,36;37;38;39;40;41;42;43;44;45;46;47;48,Color,DROP_DOWN,Black,,,,,,,,,,,,,Fit,<p>R</p>,Length,<p>60</p>,Width,<p>43</p>,Height,<p>34</p>,Box Quantity,<p>10</p>,Inner Pack Quantity,<p>1</p>,Country Of Origin,<p>CN</p>,Standards,<ul><li>EN ISO 20345</li><li>ASTM F2413-18</li></ul>,,,,
FW63,Variant,,"Protective steel toecap Puncture resistant steel midsole Direct injected dual density construction Lightweight PU cushioned midsole Slip, fuel and oil resistant PU outsole Removable EVA cushion footbed 3D breathable mesh lining",https://d11ak7fd9ypfb7.cloudfront.net/styles1100px/FW63BKR.jpg,,0.0,TRUE,InStock,1.4,,FW63BKR36,,,,Size,DROP_DOWN,36,Color,DROP_DOWN,Black,,,,,,,,,,,,,Fit,<p>R</p>,Length,<p>60</p>,Width,<p>43</p>,Height,<p>34</p>,Box Quantity,<p>10</p>,Inner Pack Quantity,<p>1</p>,Country Of Origin,<p>CN</p>,Standards,<ul><li>EN ISO 20345</li><li>ASTM F2413-18</li></ul>,,,,
FW63,Variant,,"Protective steel toecap Puncture resistant steel midsole Direct injected dual density construction Lightweight PU cushioned midsole Slip, fuel and oil resistant PU outsole Removable EVA cushion footbed 3D breathable mesh lining",https://d11ak7fd9ypfb7.cloudfront.net/styles1100px/FW63BKR.jpg,,0.0,TRUE,InStock,1.41,,FW63BKR37,,,,Size,DROP_DOWN,37,Color,DROP_DOWN,Black,,,,,,,,,,,,,Fit,<p>R</p>,Length,<p>60</p>,Width,<p>43</p>,Height,<p>34</p>,Box Quantity,<p>10</p>,Inner Pack Quantity,<p>1</p>,Country Of Origin,<p>CN</p>,Standards,<ul><li>EN ISO 20345</li><li>ASTM F2413-18</li></ul>,,,,
FW63,Variant,,"Protective steel toecap Puncture resistant steel midsole Direct injected dual density construction Lightweight PU cushioned midsole Slip, fuel and oil resistant PU outsole Removable EVA cushion footbed 3D breathable mesh lining",https://d11ak7fd9ypfb7.cloudfront.net/styles1100px/FW63BKR.jpg,,0.0,TRUE,InStock,1.42,,FW63BKR38,,,,Size,DROP_DOWN,38,Color,DROP_DOWN,Black,,,,,,,,,,,,,Fit,<p>R</p>,Length,<p>60</p>,Width,<p>43</p>,Height,<p>34</p>,Box Quantity,<p>10</p>,Inner Pack Quantity,<p>1</p>,Country Of Origin,<p>CN</p>,Standards,<ul><li>EN ISO 20345</li><li>ASTM F2413-18</li></ul>,,,,
FW63,Variant,,"Protective steel toecap Puncture resistant steel midsole Direct injected dual density construction Lightweight PU cushioned midsole Slip, fuel and oil resistant PU outsole Removable EVA cushion footbed 3D breathable mesh lining",https://d11ak7fd9ypfb7.cloudfront.net/styles1100px/FW63BKR.jpg,,0.0,TRUE,InStock,1.427,,FW63BKR39,,,,Size,DROP_DOWN,39,Color,DROP_DOWN,Black,,,,,,,,,,,,,Fit,<p>R</p>,Length,<p>60</p>,Width,<p>43</p>,Height,<p>34</p>,Box Quantity,<p>10</p>,Inner Pack Quantity,<p>1</p>,Country Of Origin,<p>CN</p>,Standards,<ul><li>EN ISO 20345</li><li>ASTM F2413-18</li></ul>,,,,
FW63,Variant,,"Protective steel toecap Puncture resistant steel midsole Direct injected dual density construction Lightweight PU cushioned midsole Slip, fuel and oil resistant PU outsole Removable EVA cushion footbed 3D breathable mesh lining",https://d11ak7fd9ypfb7.cloudfront.net/styles1100px/FW63BKR.jpg,,0.0,TRUE,InStock,1.43,,FW63BKR40,,,,Size,DROP_DOWN,40,Color,DROP_DOWN,Black,,,,,,,,,,,,,Fit,<p>R</p>,Length,<p>60</p>,Width,<p>43</p>,Height,<p>34</p>,Box Quantity,<p>10</p>,Inner Pack Quantity,<p>1</p>,Country Of Origin,<p>CN</p>,Standards,<ul><li>EN ISO 20345</li><li>ASTM F2413-18</li></ul>,,,,
FW63,Variant,,"Protective steel toecap Puncture resistant steel midsole Direct injected dual density construction Lightweight PU cushioned midsole Slip, fuel and oil resistant PU outsole Removable EVA cushion footbed 3D breathable mesh lining",https://d11ak7fd9ypfb7.cloudfront.net/styles1100px/FW63BKR.jpg,,0.0,TRUE,InStock,1.44,,FW63BKR41,,,,Size,DROP_DOWN,41,Color,DROP_DOWN,Black,,,,,,,,,,,,,Fit,<p>R</p>,Length,<p>60</p>,Width,<p>43</p>,Height,<p>34</p>,Box Quantity,<p>10</p>,Inner Pack Quantity,<p>1</p>,Country Of Origin,<p>CN</p>,Standards,<ul><li>EN ISO 20345</li><li>ASTM F2413-18</li></ul>,,,,
FW63,Variant,,"Protective steel toecap Puncture resistant steel midsole Direct injected dual density construction Lightweight PU cushioned midsole Slip, fuel and oil resistant PU outsole Removable EVA cushion footbed 3D breathable mesh lining",https://d11ak7fd9ypfb7.cloudfront.net/styles1100px/FW63BKR.jpg,,0.0,TRUE,InStock,1.45,,FW63BKR42,,,,Size,DROP_DOWN,42,Color,DROP_DOWN,Black,,,,,,,,,,,,,Fit,<p>R</p>,Length,<p>60</p>,Width,<p>43</p>,Height,<p>34</p>,Box Quantity,<p>10</p>,Inner Pack Quantity,<p>1</p>,Country Of Origin,<p>CN</p>,Standards,<ul><li>EN ISO 20345</li><li>ASTM F2413-18</li></ul>,,,,
FW63,Variant,,"Protective steel toecap Puncture resistant steel midsole Direct injected dual density construction Lightweight PU cushioned midsole Slip, fuel and oil resistant PU outsole Removable EVA cushion footbed 3D breathable mesh lining",https://d11ak7fd9ypfb7.cloudfront.net/styles1100px/FW63BKR.jpg,,0.0,TRUE,InStock,1.46,,FW63BKR43,,,,Size,DROP_DOWN,43,Color,DROP_DOWN,Black,,,,,,,,,,,,,Fit,<p>R</p>,Length,<p>60</p>,Width,<p>43</p>,Height,<p>34</p>,Box Quantity,<p>10</p>,Inner Pack Quantity,<p>1</p>,Country Of Origin,<p>CN</p>,Standards,<ul><li>EN ISO 20345</li><li>ASTM F2413-18</li></ul>,,,,
FW63,Variant,,"Protective steel toecap Puncture resistant steel midsole Direct injected dual density construction Lightweight PU cushioned midsole Slip, fuel and oil resistant PU outsole Removable EVA cushion footbed 3D breathable mesh lining",https://d11ak7fd9ypfb7.cloudfront.net/styles1100px/FW63BKR.jpg,,0.0,TRUE,InStock,1.47,,FW63BKR44,,,,Size,DROP_DOWN,44,Color,DROP_DOWN,Black,,,,,,,,,,,,,Fit,<p>R</p>,Length,<p>60</p>,Width,<p>43</p>,Height,<p>34</p>,Box Quantity,<p>10</p>,Inner Pack Quantity,<p>1</p>,Country Of Origin,<p>CN</p>,Standards,<ul><li>EN ISO 20345</li><li>ASTM F2413-18</li></ul>,,,,
FW63,Variant,,"Protective steel toecap Puncture resistant steel midsole Direct injected dual density construction Lightweight PU cushioned midsole Slip, fuel and oil resistant PU outsole Removable EVA cushion footbed 3D breathable mesh lining",https://d11ak7fd9ypfb7.cloudfront.net/styles1100px/FW63BKR.jpg,,0.0,TRUE,InStock,1.48,,FW63BKR45,,,,Size,DROP_DOWN,45,Color,DROP_DOWN,Black,,,,,,,,,,,,,Fit,<p>R</p>,Length,<p>60</p>,Width,<p>43</p>,Height,<p>34</p>,Box Quantity,<p>10</p>,Inner Pack Quantity,<p>1</p>,Country Of Origin,<p>CN</p>,Standards,<ul><li>EN ISO 20345</li><li>ASTM F2413-18</li></ul>,,,,
FW63,Variant,,"Protective steel toecap Puncture resistant steel midsole Direct injected dual density construction Lightweight PU cushioned midsole Slip, fuel and oil resistant PU outsole Removable EVA cushion footbed 3D breathable mesh lining",https://d11ak7fd9ypfb7.cloudfront.net/styles1100px/FW63BKR.jpg,,0.0,TRUE,InStock,1.49,,FW63BKR46,,,,Size,DROP_DOWN,46,Color,DROP_DOWN,Black,,,,,,,,,,,,,Fit,<p>R</p>,Length,<p>60</p>,Width,<p>43</p>,Height,<p>34</p>,Box Quantity,<p>10</p>,Inner Pack Quantity,<p>1</p>,Country Of Origin,<p>CN</p>,Standards,<ul><li>EN ISO 20345</li><li>ASTM F2413-18</li></ul>,,,,
FW63,Variant,,"Protective steel toecap Puncture resistant steel midsole Direct injected dual density construction Lightweight PU cushioned midsole Slip, fuel and oil resistant PU outsole Removable EVA cushion footbed 3D breathable mesh lining",https://d11ak7fd9ypfb7.cloudfront.net/styles1100px/FW63BKR.jpg,,0.0,TRUE,InStock,1.5,,FW63BKR47,,,,Size,DROP_DOWN,47,Color,DROP_DOWN,Black,,,,,,,,,,,,,Fit,<p>R</p>,Length,<p>60</p>,Width,<p>43</p>,Height,<p>34</p>,Box Quantity,<p>10</p>,Inner Pack Quantity,<p>1</p>,Country Of Origin,<p>CN</p>,Standards,<ul><li>EN ISO 20345</li><li>ASTM F2413-18</li></ul>,,,,
FW63,Variant,,"Protective steel toecap Puncture resistant steel midsole Direct injected dual density construction Lightweight PU cushioned midsole Slip, fuel and oil resistant PU outsole Removable EVA cushion footbed 3D breathable mesh lining",https://d11ak7fd9ypfb7.cloudfront.net/styles1100px/FW63BKR.jpg,,0.0,TRUE,InStock,1.51,,FW63BKR48,,,,Size,DROP_DOWN,48,Color,DROP_DOWN,Black,,,,,,,,,,,,,Fit,<p>R</p>,Length,<p>60</p>,Width,<p>43</p>,Height,<p>34</p>,Box Quantity,<p>10</p>,Inner Pack Quantity,<p>1</p>,Country Of Origin,<p>CN</p>,Standards,<ul><li>EN ISO 20345</li><li>ASTM F2413-18</li></ul>,,,,
FW64,Product,FW64 - Steelite Trekker Shoe,"Protective steel toecap Puncture resistant steel midsole Direct injected dual density construction Lightweight PU cushioned midsole Slip, fuel and oil resistant PU outsole Removable EVA cushion footbed 3D breathable mesh lining",https://d11ak7fd9ypfb7.cloudfront.net/styles1100px/FW64BKR.jpg,46.5,0.0,TRUE,InStock,1.46,,FW64BKR41,,,,Size,DROP_DOWN,41;43;47,Color,DROP_DOWN,Black,,,,,,,,,,,,,Fit,<p>R</p>,Length,<p>63</p>,Width,<p>47</p>,Height,<p>37</p>,Box Quantity,<p>12</p>,Inner Pack Quantity,<p>1</p>,Country Of Origin,<p>CN</p>,Standards,<ul><li>EN ISO 20345</li><li>ASTM F2413-18</li></ul>,,,,
FW64,Variant,,"Protective steel toecap Puncture resistant steel midsole Direct injected dual density construction Lightweight PU cushioned midsole Slip, fuel and oil resistant PU outsole Removable EVA cushion footbed 3D breathable mesh lining",https://d11ak7fd9ypfb7.cloudfront.net/styles1100px/FW64BKR.jpg,,0.0,TRUE,InStock,1.46,,FW64BKR41,,,,Size,DROP_DOWN,41,Color,DROP_DOWN,Black,,,,,,,,,,,,,Fit,<p>R</p>,Length,<p>63</p>,Width,<p>47</p>,Height,<p>37</p>,Box Quantity,<p>12</p>,Inner Pack Quantity,<p>1</p>,Country Of Origin,<p>CN</p>,Standards,<ul><li>EN ISO 20345</li><li>ASTM F2413-18</li></ul>,,,,
FW64,Variant,,"Protective steel toecap Puncture resistant steel midsole Direct injected dual density construction Lightweight PU cushioned midsole Slip, fuel and oil resistant PU outsole Removable EVA cushion footbed 3D breathable mesh lining",https://d11ak7fd9ypfb7.cloudfront.net/styles1100px/FW64BKR.jpg,,0.0,TRUE,InStock,1.46,,FW64BKR43,,,,Size,DROP_DOWN,43,Color,DROP_DOWN,Black,,,,,,,,,,,,,Fit,<p>R</p>,Length,<p>66</p>,Width,<p>49</p>,Height,<p>37</p>,Box Quantity,<p>12</p>,Inner Pack Quantity,<p>1</p>,Country Of Origin,<p>CN</p>,Standards,<ul><li>EN ISO 20345</li><li>ASTM F2413-18</li></ul>,,,,
FW64,Variant,,"Protective steel toecap Puncture resistant steel midsole Direct injected dual density construction Lightweight PU cushioned midsole Slip, fuel and oil resistant PU outsole Removable EVA cushion footbed 3D breathable mesh lining",https://d11ak7fd9ypfb7.cloudfront.net/styles1100px/FW64BKR.jpg,,0.0,TRUE,InStock,1.6,,FW64BKR47,,,,Size,DROP_DOWN,47,Color,DROP_DOWN,Black,,,,,,,,,,,,,Fit,<p>R</p>,Length,<p>69</p>,Width,<p>51</p>,Height,<p>37</p>,Box Quantity,<p>12</p>,Inner Pack Quantity,<p>1</p>,Country Of Origin,<p>CN</p>,Standards,<ul><li>EN ISO 20345</li><li>ASTM F2413-18</li></ul>,,,,
FW65,Product,FW65 - Steelite TaskForce Boot,"Protective steel toecap Puncture resistant steel midsole Water resistant upper Cement construction Lightweight EVA cushioned midsole Slip, fuel and oil resistant rubber outsole Heat resistant outsole Aggressive outsole pattern for high traction Achilles foam flex pad Removable EVA cushion footbed",https://d11ak7fd9ypfb7.cloudfront.net/styles1100px/FW65BKR.jpg,0.0,0.0,TRUE,InStock,1.6,,FW65BKR42,,,,Size,DROP_DOWN,42;45,Color,DROP_DOWN,Black,,,,,,,,,,,,,Fit,<p>R</p>,Length,<p>64</p>,Width,<p>54</p>,Height,<p>36</p>,Box Quantity,<p>8</p>,Inner Pack Quantity,<p>1</p>,Country Of Origin,<p>CN</p>,Standards,<ul><li>EN ISO 20345</li><li>ASTM F2413-18 SD</li></ul>,,,,
FW65,Variant,,"Protective steel toecap Puncture resistant steel midsole Water resistant upper Cement construction Lightweight EVA cushioned midsole Slip, fuel and oil resistant rubber outsole Heat resistant outsole Aggressive outsole pattern for high traction Achilles foam flex pad Removable EVA cushion footbed",https://d11ak7fd9ypfb7.cloudfront.net/styles1100px/FW65BKR.jpg,,0.0,TRUE,InStock,1.6,,FW65BKR42,,,,Size,DROP_DOWN,42,Color,DROP_DOWN,Black,,,,,,,,,,,,,Fit,<p>R</p>,Length,<p>64</p>,Width,<p>54</p>,Height,<p>36</p>,Box Quantity,<p>8</p>,Inner Pack Quantity,<p>1</p>,Country Of Origin,<p>CN</p>,Standards,<ul><li>EN ISO 20345</li><li>ASTM F2413-18 SD</li></ul>,,,,
FW65,Variant,,"Protective steel toecap Puncture resistant steel midsole Water resistant upper Cement construction Lightweight EVA cushioned midsole Slip, fuel and oil resistant rubber outsole Heat resistant outsole Aggressive outsole pattern for high traction Achilles foam flex pad Removable EVA cushion footbed",https://d11ak7fd9ypfb7.cloudfront.net/styles1100px/FW65BKR.jpg,,0.0,TRUE,InStock,1.86,,FW65BKR45,,,,Size,DROP_DOWN,45,Color,DROP_DOWN,Black,,,,,,,,,,,,,Fit,<p>R</p>,Length,<p>68</p>,Width,<p>54</p>,Height,<p>38</p>,Box Quantity,<p>8</p>,Inner Pack Quantity,<p>1</p>,Country Of Origin,<p>CN</p>,Standards,<ul><li>EN ISO 20345</li><li>ASTM F2413-18 SD</li></ul>,,,,
FW69,Product,FW69 - Steelite Mustang Boot,"Protective steel toecap Puncture resistant steel midsole Direct injected dual density construction Lightweight PU cushioned midsole Slip, fuel and oil resistant TPU outsole 360 degree rubber external chassis system Removable EVA cushion footbed",https://d11ak7fd9ypfb7.cloudfront.net/styles1100px/FW69BKR.jpg,80.5,0.0,TRUE,InStock,1.432,,FW69BKR38,,,,Size,DROP_DOWN,38;39;40;41;42;43;44;45;46;47;48,Color,DROP_DOWN,Black;Brown,,,,,,,,,,,,,Fit,<p>R</p>,Length,<p>62</p>,Width,<p>44</p>,Height,<p>34</p>,Box Quantity,<p>10</p>,Inner Pack Quantity,<p>1</p>,Country Of Origin,<p>CN</p>,Standards,<ul><li>EN ISO 20345</li><li>ASTM F2413-18</li><li>AS 2210.3</li></ul>,,,,
FW69,Variant,,"Protective steel toecap Puncture resistant steel midsole Direct injected dual density construction Lightweight PU cushioned midsole Slip, fuel and oil resistant TPU outsole 360 degree rubber external chassis system Removable EVA cushion footbed",https://d11ak7fd9ypfb7.cloudfront.net/styles1100px/FW69BKR.jpg,,0.0,TRUE,InStock,1.432,,FW69BKR38,,,,Size,DROP_DOWN,38,Color,DROP_DOWN,Black,,,,,,,,,,,,,Fit,<p>R</p>,Length,<p>62</p>,Width,<p>44</p>,Height,<p>34</p>,Box Quantity,<p>10</p>,Inner Pack Quantity,<p>1</p>,Country Of Origin,<p>CN</p>,Standards,<ul><li>EN ISO 20345</li><li>ASTM F2413-18</li><li>AS 2210.3</li></ul>,,,,
FW69,Variant,,"Protective steel toecap Puncture resistant steel midsole Direct injected dual density construction Lightweight PU cushioned midsole Slip, fuel and oil resistant TPU outsole 360 degree rubber external chassis system Removable EVA cushion footbed",https://d11ak7fd9ypfb7.cloudfront.net/styles1100px/FW69BKR.jpg,,0.0,TRUE,InStock,1.478,,FW69BKR39,,,,Size,DROP_DOWN,39,Color,DROP_DOWN,Black,,,,,,,,,,,,,Fit,<p>R</p>,Length,<p>62</p>,Width,<p>44</p>,Height,<p>34</p>,Box Quantity,<p>10</p>,Inner Pack Quantity,<p>1</p>,Country Of Origin,<p>CN</p>,Standards,<ul><li>EN ISO 20345</li><li>ASTM F2413-18</li><li>AS 2210.3</li></ul>,,,,
FW69,Variant,,"Protective steel toecap Puncture resistant steel midsole Direct injected dual density construction Lightweight PU cushioned midsole Slip, fuel and oil resistant TPU outsole 360 degree rubber external chassis system Removable EVA cushion footbed",https://d11ak7fd9ypfb7.cloudfront.net/styles1100px/FW69BKR.jpg,,0.0,TRUE,InStock,1.515,,FW69BKR40,,,,Size,DROP_DOWN,40,Color,DROP_DOWN,Black,,,,,,,,,,,,,Fit,<p>R</p>,Length,<p>62</p>,Width,<p>44</p>,Height,<p>34</p>,Box Quantity,<p>10</p>,Inner Pack Quantity,<p>1</p>,Country Of Origin,<p>CN</p>,Standards,<ul><li>EN ISO 20345</li><li>ASTM F2413-18</li><li>AS 2210.3</li></ul>,,,,
FW69,Variant,,"Protective steel toecap Puncture resistant steel midsole Direct injected dual density construction Lightweight PU cushioned midsole Slip, fuel and oil resistant TPU outsole 360 degree rubber external chassis system Removable EVA cushion footbed",https://d11ak7fd9ypfb7.cloudfront.net/styles1100px/FW69BKR.jpg,,0.0,TRUE,InStock,1.573,,FW69BKR41,,,,Size,DROP_DOWN,41,Color,DROP_DOWN,Black,,,,,,,,,,,,,Fit,<p>R</p>,Length,<p>62</p>,Width,<p>44</p>,Height,<p>34</p>,Box Quantity,<p>10</p>,Inner Pack Quantity,<p>1</p>,Country Of Origin,<p>CN</p>,Standards,<ul><li>EN ISO 20345</li><li>ASTM F2413-18</li><li>AS 2210.3</li></ul>,,,,
FW69,Variant,,"Protective steel toecap Puncture resistant steel midsole Direct injected dual density construction Lightweight PU cushioned midsole Slip, fuel and oil resistant TPU outsole 360 degree rubber external chassis system Removable EVA cushion footbed",https://d11ak7fd9ypfb7.cloudfront.net/styles1100px/FW69BKR.jpg,,0.0,TRUE,InStock,1.58,,FW69BKR42,,,,Size,DROP_DOWN,42,Color,DROP_DOWN,Black,,,,,,,,,,,,,Fit,<p>R</p>,Length,<p>62</p>,Width,<p>44</p>,Height,<p>34</p>,Box Quantity,<p>10</p>,Inner Pack Quantity,<p>1</p>,Country Of Origin,<p>CN</p>,Standards,<ul><li>EN ISO 20345</li><li>ASTM F2413-18</li><li>AS 2210.3</li></ul>,,,,
FW69,Variant,,"Protective steel toecap Puncture resistant steel midsole Direct injected dual density construction Lightweight PU cushioned midsole Slip, fuel and oil resistant TPU outsole 360 degree rubber external chassis system Removable EVA cushion footbed",https://d11ak7fd9ypfb7.cloudfront.net/styles1100px/FW69BKR.jpg,,0.0,TRUE,InStock,1.636,,FW69BKR43,,,,Size,DROP_DOWN,43,Color,DROP_DOWN,Black,,,,,,,,,,,,,Fit,<p>R</p>,Length,<p>64</p>,Width,<p>46</p>,Height,<p>36</p>,Box Quantity,<p>10</p>,Inner Pack Quantity,<p>1</p>,Country Of Origin,<p>CN</p>,Standards,<ul><li>EN ISO 20345</li><li>ASTM F2413-18</li><li>AS 2210.3</li></ul>,,,,
FW69,Variant,,"Protective steel toecap Puncture resistant steel midsole Direct injected dual density construction Lightweight PU cushioned midsole Slip, fuel and oil resistant TPU outsole 360 degree rubber external chassis system Removable EVA cushion footbed",https://d11ak7fd9ypfb7.cloudfront.net/styles1100px/FW69BKR.jpg,,0.0,TRUE,InStock,1.714,,FW69BKR44,,,,Size,DROP_DOWN,44,Color,DROP_DOWN,Black,,,,,,,,,,,,,Fit,<p>R</p>,Length,<p>64</p>,Width,<p>46</p>,Height,<p>36</p>,Box Quantity,<p>10</p>,Inner Pack Quantity,<p>1</p>,Country Of Origin,<p>CN</p>,Standards,<ul><li>EN ISO 20345</li><li>ASTM F2413-18</li><li>AS 2210.3</li></ul>,,,,
FW69,Variant,,"Protective steel toecap Puncture resistant steel midsole Direct injected dual density construction Lightweight PU cushioned midsole Slip, fuel and oil resistant TPU outsole 360 degree rubber external chassis system Removable EVA cushion footbed",https://d11ak7fd9ypfb7.cloudfront.net/styles1100px/FW69BKR.jpg,,0.0,TRUE,InStock,1.766,,FW69BKR45,,,,Size,DROP_DOWN,45,Color,DROP_DOWN,Black,,,,,,,,,,,,,Fit,<p>R</p>,Length,<p>64</p>,Width,<p>46</p>,Height,<p>36</p>,Box Quantity,<p>10</p>,Inner Pack Quantity,<p>1</p>,Country Of Origin,<p>CN</p>,Standards,<ul><li>EN ISO 20345</li><li>ASTM F2413-18</li><li>AS 2210.3</li></ul>,,,,
FW69,Variant,,"Protective steel toecap Puncture resistant steel midsole Direct injected dual density construction Lightweight PU cushioned midsole Slip, fuel and oil resistant TPU outsole 360 degree rubber external chassis system Removable EVA cushion footbed",https://d11ak7fd9ypfb7.cloudfront.net/styles1100px/FW69BKR.jpg,,0.0,TRUE,InStock,1.862,,FW69BKR46,,,,Size,DROP_DOWN,46,Color,DROP_DOWN,Black,,,,,,,,,,,,,Fit,<p>R</p>,Length,<p>64</p>,Width,<p>46</p>,Height,<p>36</p>,Box Quantity,<p>10</p>,Inner Pack Quantity,<p>1</p>,Country Of Origin,<p>CN</p>,Standards,<ul><li>EN ISO 20345</li><li>ASTM F2413-18</li><li>AS 2210.3</li></ul>,,,,
FW69,Variant,,"Protective steel toecap Puncture resistant steel midsole Direct injected dual density construction Lightweight PU cushioned midsole Slip, fuel and oil resistant TPU outsole 360 degree rubber external chassis system Removable EVA cushion footbed",https://d11ak7fd9ypfb7.cloudfront.net/styles1100px/FW69BKR.jpg,,0.0,TRUE,InStock,1.902,,FW69BKR47,,,,Size,DROP_DOWN,47,Color,DROP_DOWN,Black,,,,,,,,,,,,,Fit,<p>R</p>,Length,<p>64</p>,Width,<p>46</p>,Height,<p>36</p>,Box Quantity,<p>10</p>,Inner Pack Quantity,<p>1</p>,Country Of Origin,<p>CN</p>,Standards,<ul><li>EN ISO 20345</li><li>ASTM F2413-18</li><li>AS 2210.3</li></ul>,,,,
FW69,Variant,,"Protective steel toecap Puncture resistant steel midsole Direct injected dual density construction Lightweight PU cushioned midsole Slip, fuel and oil resistant TPU outsole 360 degree rubber external chassis system Removable EVA cushion footbed",https://d11ak7fd9ypfb7.cloudfront.net/styles1100px/FW69BKR.jpg,,0.0,TRUE,InStock,1.969,,FW69BKR48,,,,Size,DROP_DOWN,48,Color,DROP_DOWN,Black,,,,,,,,,,,,,Fit,<p>R</p>,Length,<p>64</p>,Width,<p>46</p>,Height,<p>36</p>,Box Quantity,<p>10</p>,Inner Pack Quantity,<p>1</p>,Country Of Origin,<p>CN</p>,Standards,<ul><li>EN ISO 20345</li><li>ASTM F2413-18</li><li>AS 2210.3</li></ul>,,,,
FW69,Variant,,"Protective steel toecap Puncture resistant steel midsole Direct injected dual density construction Lightweight PU cushioned midsole Slip, fuel and oil resistant TPU outsole 360 degree rubber external chassis system Removable EVA cushion footbed",https://d11ak7fd9ypfb7.cloudfront.net/styles1100px/FW69BRR.jpg,,0.0,TRUE,InStock,1.462,,FW69BRR38,,,,Size,DROP_DOWN,38,Color,DROP_DOWN,Brown,,,,,,,,,,,,,Fit,<p>R</p>,Length,<p>62</p>,Width,<p>44</p>,Height,<p>34</p>,Box Quantity,<p>10</p>,Inner Pack Quantity,<p>1</p>,Country Of Origin,<p>CN</p>,Standards,<ul><li>EN ISO 20345</li><li>ASTM F2413-18</li><li>AS 2210.3</li></ul>,,,,
FW69,Variant,,"Protective steel toecap Puncture resistant steel midsole Direct injected dual density construction Lightweight PU cushioned midsole Slip, fuel and oil resistant TPU outsole 360 degree rubber external chassis system Removable EVA cushion footbed",https://d11ak7fd9ypfb7.cloudfront.net/styles1100px/FW69BRR.jpg,,0.0,TRUE,InStock,1.483,,FW69BRR39,,,,Size,DROP_DOWN,39,Color,DROP_DOWN,Brown,,,,,,,,,,,,,Fit,<p>R</p>,Length,<p>62</p>,Width,<p>44</p>,Height,<p>34</p>,Box Quantity,<p>10</p>,Inner Pack Quantity,<p>1</p>,Country Of Origin,<p>CN</p>,Standards,<ul><li>EN ISO 20345</li><li>ASTM F2413-18</li><li>AS 2210.3</li></ul>,,,,
FW69,Variant,,"Protective steel toecap Puncture resistant steel midsole Direct injected dual density construction Lightweight PU cushioned midsole Slip, fuel and oil resistant TPU outsole 360 degree rubber external chassis system Removable EVA cushion footbed",https://d11ak7fd9ypfb7.cloudfront.net/styles1100px/FW69BRR.jpg,,0.0,TRUE,InStock,1.515,,FW69BRR40,,,,Size,DROP_DOWN,40,Color,DROP_DOWN,Brown,,,,,,,,,,,,,Fit,<p>R</p>,Length,<p>62</p>,Width,<p>44</p>,Height,<p>34</p>,Box Quantity,<p>10</p>,Inner Pack Quantity,<p>1</p>,Country Of Origin,<p>CN</p>,Standards,<ul><li>EN ISO 20345</li><li>ASTM F2413-18</li><li>AS 2210.3</li></ul>,,,,
FW69,Variant,,"Protective steel toecap Puncture resistant steel midsole Direct injected dual density construction Lightweight PU cushioned midsole Slip, fuel and oil resistant TPU outsole 360 degree rubber external chassis system Removable EVA cushion footbed",https://d11ak7fd9ypfb7.cloudfront.net/styles1100px/FW69BRR.jpg,,0.0,TRUE,InStock,1.579,,FW69BRR41,,,,Size,DROP_DOWN,41,Color,DROP_DOWN,Brown,,,,,,,,,,,,,Fit,<p>R</p>,Length,<p>62</p>,Width,<p>44</p>,Height,<p>34</p>,Box Quantity,<p>10</p>,Inner Pack Quantity,<p>1</p>,Country Of Origin,<p>CN</p>,Standards,<ul><li>EN ISO 20345</li><li>ASTM F2413-18</li><li>AS 2210.3</li></ul>,,,,
FW69,Variant,,"Protective steel toecap Puncture resistant steel midsole Direct injected dual density construction Lightweight PU cushioned midsole Slip, fuel and oil resistant TPU outsole 360 degree rubber external chassis system Removable EVA cushion footbed",https://d11ak7fd9ypfb7.cloudfront.net/styles1100px/FW69BRR.jpg,,0.0,TRUE,InStock,1.668,,FW69BRR42,,,,Size,DROP_DOWN,42,Color,DROP_DOWN,Brown,,,,,,,,,,,,,Fit,<p>R</p>,Length,<p>62</p>,Width,<p>44</p>,Height,<p>34</p>,Box Quantity,<p>10</p>,Inner Pack Quantity,<p>1</p>,Country Of Origin,<p>CN</p>,Standards,<ul><li>EN ISO 20345</li><li>ASTM F2413-18</li><li>AS 2210.3</li></ul>,,,,
FW69,Variant,,"Protective steel toecap Puncture resistant steel midsole Direct injected dual density construction Lightweight PU cushioned midsole Slip, fuel and oil resistant TPU outsole 360 degree rubber external chassis system Removable EVA cushion footbed",https://d11ak7fd9ypfb7.cloudfront.net/styles1100px/FW69BRR.jpg,,0.0,TRUE,InStock,1.672,,FW69BRR43,,,,Size,DROP_DOWN,43,Color,DROP_DOWN,Brown,,,,,,,,,,,,,Fit,<p>R</p>,Length,<p>64</p>,Width,<p>46</p>,Height,<p>36</p>,Box Quantity,<p>10</p>,Inner Pack Quantity,<p>1</p>,Country Of Origin,<p>CN</p>,Standards,<ul><li>EN ISO 20345</li><li>ASTM F2413-18</li><li>AS 2210.3</li></ul>,,,,
FW69,Variant,,"Protective steel toecap Puncture resistant steel midsole Direct injected dual density construction Lightweight PU cushioned midsole Slip, fuel and oil resistant TPU outsole 360 degree rubber external chassis system Removable EVA cushion footbed",https://d11ak7fd9ypfb7.cloudfront.net/styles1100px/FW69BRR.jpg,,0.0,TRUE,InStock,1.77,,FW69BRR44,,,,Size,DROP_DOWN,44,Color,DROP_DOWN,Brown,,,,,,,,,,,,,Fit,<p>R</p>,Length,<p>64</p>,Width,<p>46</p>,Height,<p>36</p>,Box Quantity,<p>10</p>,Inner Pack Quantity,<p>1</p>,Country Of Origin,<p>CN</p>,Standards,<ul><li>EN ISO 20345</li><li>ASTM F2413-18</li><li>AS 2210.3</li></ul>,,,,
FW69,Variant,,"Protective steel toecap Puncture resistant steel midsole Direct injected dual density construction Lightweight PU cushioned midsole Slip, fuel and oil resistant TPU outsole 360 degree rubber external chassis system Removable EVA cushion footbed",https://d11ak7fd9ypfb7.cloudfront.net/styles1100px/FW69BRR.jpg,,0.0,TRUE,InStock,1.795,,FW69BRR45,,,,Size,DROP_DOWN,45,Color,DROP_DOWN,Brown,,,,,,,,,,,,,Fit,<p>R</p>,Length,<p>64</p>,Width,<p>46</p>,Height,<p>36</p>,Box Quantity,<p>10</p>,Inner Pack Quantity,<p>1</p>,Country Of Origin,<p>CN</p>,Standards,<ul><li>EN ISO 20345</li><li>ASTM F2413-18</li><li>AS 2210.3</li></ul>,,,,
FW69,Variant,,"Protective steel toecap Puncture resistant steel midsole Direct injected dual density construction Lightweight PU cushioned midsole Slip, fuel and oil resistant TPU outsole 360 degree rubber external chassis system Removable EVA cushion footbed",https://d11ak7fd9ypfb7.cloudfront.net/styles1100px/FW69BRR.jpg,,0.0,TRUE,InStock,1.895,,FW69BRR46,,,,Size,DROP_DOWN,46,Color,DROP_DOWN,Brown,,,,,,,,,,,,,Fit,<p>R</p>,Length,<p>64</p>,Width,<p>46</p>,Height,<p>36</p>,Box Quantity,<p>10</p>,Inner Pack Quantity,<p>1</p>,Country Of Origin,<p>CN</p>,Standards,<ul><li>EN ISO 20345</li><li>ASTM F2413-18</li><li>AS 2210.3</li></ul>,,,,
FW69,Variant,,"Protective steel toecap Puncture resistant steel midsole Direct injected dual density construction Lightweight PU cushioned midsole Slip, fuel and oil resistant TPU outsole 360 degree rubber external chassis system Removable EVA cushion footbed",https://d11ak7fd9ypfb7.cloudfront.net/styles1100px/FW69BRR.jpg,,0.0,TRUE,InStock,1.946,,FW69BRR47,,,,Size,DROP_DOWN,47,Color,DROP_DOWN,Brown,,,,,,,,,,,,,Fit,<p>R</p>,Length,<p>64</p>,Width,<p>46</p>,Height,<p>36</p>,Box Quantity,<p>10</p>,Inner Pack Quantity,<p>1</p>,Country Of Origin,<p>CN</p>,Standards,<ul><li>EN ISO 20345</li><li>ASTM F2413-18</li><li>AS 2210.3</li></ul>,,,,
FW69,Variant,,"Protective steel toecap Puncture resistant steel midsole Direct injected dual density construction Lightweight PU cushioned midsole Slip, fuel and oil resistant TPU outsole 360 degree rubber external chassis system Removable EVA cushion footbed",https://d11ak7fd9ypfb7.cloudfront.net/styles1100px/FW69BRR.jpg,,0.0,TRUE,InStock,2.078,,FW69BRR48,,,,Size,DROP_DOWN,48,Color,DROP_DOWN,Brown,,,,,,,,,,,,,Fit,<p>R</p>,Length,<p>64</p>,Width,<p>46</p>,Height,<p>36</p>,Box Quantity,<p>10</p>,Inner Pack Quantity,<p>1</p>,Country Of Origin,<p>CN</p>,Standards,<ul><li>EN ISO 20345</li><li>ASTM F2413-18</li><li>AS 2210.3</li></ul>,,,,
FW75,Product,FW75 - Neptune Rigger Boot,"Protective steel toecap Puncture resistant steel midsole Chemical resistant Waterproof Energy absorbing heel Slip, fuel and oil resistant PVC/Nitrile outsole Cold insulation",https://d11ak7fd9ypfb7.cloudfront.net/styles1100px/FW75BKR.jpg,0.0,0.0,TRUE,InStock,2.08,,FW75BKR38,,,,Size,DROP_DOWN,38,Color,DROP_DOWN,Black,,,,,,,,,,,,,Fit,<p>R</p>,Length,<p>44</p>,Width,<p>44</p>,Height,<p>44</p>,Box Quantity,<p>10</p>,Inner Pack Quantity,<p>1</p>,Country Of Origin,<p>CN</p>,Standards,<ul><li>EN ISO 20345</li><li>ASTM F2413-18</li><li>EN 13832-2:2018</li></ul>,,,,
FW90,Product,FW90 - PVC Wellington,CE certified Waterproof Slip resistant outsole Oil resistant outsole,https://d11ak7fd9ypfb7.cloudfront.net/styles1100px/FW90BKR.jpg,31.2,0.0,TRUE,InStock,1.33,,FW90BKR37,,,,Size,DROP_DOWN,37;38;39;40;41;42;43;44;45;46;47,Color,DROP_DOWN,Black,,,,,,,,,,,,,Fit,<p>R</p>,Length,<p>44</p>,Width,<p>44</p>,Height,<p>46</p>,Box Quantity,<p>10</p>,Inner Pack Quantity,<p>1</p>,Country Of Origin,<p>CN</p>,Standards,<ul><li>EN ISO 20347</li></ul>,,,,
FW90,Variant,,CE certified Waterproof Slip resistant outsole Oil resistant outsole,https://d11ak7fd9ypfb7.cloudfront.net/styles1100px/FW90BKR.jpg,,0.0,TRUE,InStock,1.33,,FW90BKR37,,,,Size,DROP_DOWN,37,Color,DROP_DOWN,Black,,,,,,,,,,,,,Fit,<p>R</p>,Length,<p>44</p>,Width,<p>44</p>,Height,<p>46</p>,Box Quantity,<p>10</p>,Inner Pack Quantity,<p>1</p>,Country Of Origin,<p>CN</p>,Standards,<ul><li>EN ISO 20347</li></ul>,,,,
FW90,Variant,,CE certified Waterproof Slip resistant outsole Oil resistant outsole,https://d11ak7fd9ypfb7.cloudfront.net/styles1100px/FW90BKR.jpg,,0.0,TRUE,InStock,1.38,,FW90BKR38,,,,Size,DROP_DOWN,38,Color,DROP_DOWN,Black,,,,,,,,,,,,,Fit,<p>R</p>,Length,<p>44</p>,Width,<p>44</p>,Height,<p>46</p>,Box Quantity,<p>10</p>,Inner Pack Quantity,<p>1</p>,Country Of Origin,<p>CN</p>,Standards,<ul><li>EN ISO 20347</li></ul>,,,,
FW90,Variant,,CE certified Waterproof Slip resistant outsole Oil resistant outsole,https://d11ak7fd9ypfb7.cloudfront.net/styles1100px/FW90BKR.jpg,,0.0,TRUE,InStock,1.43,,FW90BKR39,,,,Size,DROP_DOWN,39,Color,DROP_DOWN,Black,,,,,,,,,,,,,Fit,<p>R</p>,Length,<p>44</p>,Width,<p>44</p>,Height,<p>46</p>,Box Quantity,<p>10</p>,Inner Pack Quantity,<p>1</p>,Country Of Origin,<p>CN</p>,Standards,<ul><li>EN ISO 20347</li></ul>,,,,
FW90,Variant,,CE certified Waterproof Slip resistant outsole Oil resistant outsole,https://d11ak7fd9ypfb7.cloudfront.net/styles1100px/FW90BKR.jpg,,0.0,TRUE,InStock,1.5,,FW90BKR40,,,,Size,DROP_DOWN,40,Color,DROP_DOWN,Black,,,,,,,,,,,,,Fit,<p>R</p>,Length,<p>44</p>,Width,<p>44</p>,Height,<p>46</p>,Box Quantity,<p>10</p>,Inner Pack Quantity,<p>1</p>,Country Of Origin,<p>CN</p>,Standards,<ul><li>EN ISO 20347</li></ul>,,,,
FW90,Variant,,CE certified Waterproof Slip resistant outsole Oil resistant outsole,https://d11ak7fd9ypfb7.cloudfront.net/styles1100px/FW90BKR.jpg,,0.0,TRUE,InStock,1.57,,FW90BKR41,,,,Size,DROP_DOWN,41,Color,DROP_DOWN,Black,,,,,,,,,,,,,Fit,<p>R</p>,Length,<p>44</p>,Width,<p>44</p>,Height,<p>46</p>,Box Quantity,<p>10</p>,Inner Pack Quantity,<p>1</p>,Country Of Origin,<p>CN</p>,Standards,<ul><li>EN ISO 20347</li></ul>,,,,
FW90,Variant,,CE certified Waterproof Slip resistant outsole Oil resistant outsole,https://d11ak7fd9ypfb7.cloudfront.net/styles1100px/FW90BKR.jpg,,0.0,TRUE,InStock,1.64,,FW90BKR42,,,,Size,DROP_DOWN,42,Color,DROP_DOWN,Black,,,,,,,,,,,,,Fit,<p>R</p>,Length,<p>44</p>,Width,<p>44</p>,Height,<p>46</p>,Box Quantity,<p>10</p>,Inner Pack Quantity,<p>1</p>,Country Of Origin,<p>CN</p>,Standards,<ul><li>EN ISO 20347</li></ul>,,,,
FW90,Variant,,CE certified Waterproof Slip resistant outsole Oil resistant outsole,https://d11ak7fd9ypfb7.cloudfront.net/styles1100px/FW90BKR.jpg,,0.0,TRUE,InStock,1.71,,FW90BKR43,,,,Size,DROP_DOWN,43,Color,DROP_DOWN,Black,,,,,,,,,,,,,Fit,<p>R</p>,Length,<p>44</p>,Width,<p>44</p>,Height,<p>46</p>,Box Quantity,<p>10</p>,Inner Pack Quantity,<p>1</p>,Country Of Origin,<p>CN</p>,Standards,<ul><li>EN ISO 20347</li></ul>,,,,
FW90,Variant,,CE certified Waterproof Slip resistant outsole Oil resistant outsole,https://d11ak7fd9ypfb7.cloudfront.net/styles1100px/FW90BKR.jpg,,0.0,TRUE,InStock,1.78,,FW90BKR44,,,,Size,DROP_DOWN,44,Color,DROP_DOWN,Black,,,,,,,,,,,,,Fit,<p>R</p>,Length,<p>44</p>,Width,<p>44</p>,Height,<p>46</p>,Box Quantity,<p>10</p>,Inner Pack Quantity,<p>1</p>,Country Of Origin,<p>CN</p>,Standards,<ul><li>EN ISO 20347</li></ul>,,,,
FW90,Variant,,CE certified Waterproof Slip resistant outsole Oil resistant outsole,https://d11ak7fd9ypfb7.cloudfront.net/styles1100px/FW90BKR.jpg,,0.0,TRUE,InStock,1.85,,FW90BKR45,,,,Size,DROP_DOWN,45,Color,DROP_DOWN,Black,,,,,,,,,,,,,Fit,<p>R</p>,Length,<p>44</p>,Width,<p>44</p>,Height,<p>46</p>,Box Quantity,<p>10</p>,Inner Pack Quantity,<p>1</p>,Country Of Origin,<p>CN</p>,Standards,<ul><li>EN ISO 20347</li></ul>,,,,
FW90,Variant,,CE certified Waterproof Slip resistant outsole Oil resistant outsole,https://d11ak7fd9ypfb7.cloudfront.net/styles1100px/FW90BKR.jpg,,0.0,TRUE,InStock,1.92,,FW90BKR46,,,,Size,DROP_DOWN,46,Color,DROP_DOWN,Black,,,,,,,,,,,,,Fit,<p>R</p>,Length,<p>44</p>,Width,<p>44</p>,Height,<p>46</p>,Box Quantity,<p>10</p>,Inner Pack Quantity,<p>1</p>,Country Of Origin,<p>CN</p>,Standards,<ul><li>EN ISO 20347</li></ul>,,,,
FW90,Variant,,CE certified Waterproof Slip resistant outsole Oil resistant outsole,https://d11ak7fd9ypfb7.cloudfront.net/styles1100px/FW90BKR.jpg,,0.0,TRUE,InStock,2.06,,FW90BKR47,,,,Size,DROP_DOWN,47,Color,DROP_DOWN,Black,,,,,,,,,,,,,Fit,<p>R</p>,Length,<p>44</p>,Width,<p>44</p>,Height,<p>46</p>,Box Quantity,<p>10</p>,Inner Pack Quantity,<p>1</p>,Country Of Origin,<p>CN</p>,Standards,<ul><li>EN ISO 20347</li></ul>,,,,
FW95,Product,FW95 - Total Safety PVC Boot,"Protective steel toecap Puncture resistant steel midsole PVC/nitrile construction Slip, fuel and oil resistant PVC/nitrile outsole 100% waterproof Washable nylon inner lining Chemical resistant",https://d11ak7fd9ypfb7.cloudfront.net/styles1100px/FW95BKR.jpg,42.4,0.0,TRUE,InStock,1.9,,FW95BKR36,,,,Size,DROP_DOWN,36;37;38;39;40;41;42;43;44;45;46;47;48;49,Color,DROP_DOWN,Black,,,,,,,,,,,,,Fit,<p>R</p>,Length,<p>44</p>,Width,<p>44</p>,Height,<p>44</p>,Box Quantity,<p>10</p>,Inner Pack Quantity,<p>1</p>,Country Of Origin,<p>CN</p>,Standards,<ul><li>EN ISO 20345</li><li>ASTM F2413-18</li><li>EN 13832-2:2018</li><li>AS 2210.3</li></ul>,,,,
FW95,Variant,,"Protective steel toecap Puncture resistant steel midsole PVC/nitrile construction Slip, fuel and oil resistant PVC/nitrile outsole 100% waterproof Washable nylon inner lining Chemical resistant",https://d11ak7fd9ypfb7.cloudfront.net/styles1100px/FW95BKR.jpg,,0.0,TRUE,InStock,1.9,,FW95BKR36,,,,Size,DROP_DOWN,36,Color,DROP_DOWN,Black,,,,,,,,,,,,,Fit,<p>R</p>,Length,<p>44</p>,Width,<p>44</p>,Height,<p>44</p>,Box Quantity,<p>10</p>,Inner Pack Quantity,<p>1</p>,Country Of Origin,<p>CN</p>,Standards,<ul><li>EN ISO 20345</li><li>ASTM F2413-18</li><li>EN 13832-2:2018</li><li>AS 2210.3</li></ul>,,,,
FW95,Variant,,"Protective steel toecap Puncture resistant steel midsole PVC/nitrile construction Slip, fuel and oil resistant PVC/nitrile outsole 100% waterproof Washable nylon inner lining Chemical resistant",https://d11ak7fd9ypfb7.cloudfront.net/styles1100px/FW95BKR.jpg,,0.0,TRUE,InStock,1.88,,FW95BKR37,,,,Size,DROP_DOWN,37,Color,DROP_DOWN,Black,,,,,,,,,,,,,Fit,<p>R</p>,Length,<p>44</p>,Width,<p>44</p>,Height,<p>44</p>,Box Quantity,<p>10</p>,Inner Pack Quantity,<p>1</p>,Country Of Origin,<p>CN</p>,Standards,<ul><li>EN ISO 20345</li><li>ASTM F2413-18</li><li>EN 13832-2:2018</li><li>AS 2210.3</li></ul>,,,,
FW95,Variant,,"Protective steel toecap Puncture resistant steel midsole PVC/nitrile construction Slip, fuel and oil resistant PVC/nitrile outsole 100% waterproof Washable nylon inner lining Chemical resistant",https://d11ak7fd9ypfb7.cloudfront.net/styles1100px/FW95BKR.jpg,,0.0,TRUE,InStock,1.82,,FW95BKR38,,,,Size,DROP_DOWN,38,Color,DROP_DOWN,Black,,,,,,,,,,,,,Fit,<p>R</p>,Length,<p>44</p>,Width,<p>44</p>,Height,<p>44</p>,Box Quantity,<p>10</p>,Inner Pack Quantity,<p>1</p>,Country Of Origin,<p>CN</p>,Standards,<ul><li>EN ISO 20345</li><li>ASTM F2413-18</li><li>EN 13832-2:2018</li><li>AS 2210.3</li></ul>,,,,
FW95,Variant,,"Protective steel toecap Puncture resistant steel midsole PVC/nitrile construction Slip, fuel and oil resistant PVC/nitrile outsole 100% waterproof Washable nylon inner lining Chemical resistant",https://d11ak7fd9ypfb7.cloudfront.net/styles1100px/FW95BKR.jpg,,0.0,TRUE,InStock,1.98,,FW95BKR39,,,,Size,DROP_DOWN,39,Color,DROP_DOWN,Black,,,,,,,,,,,,,Fit,<p>R</p>,Length,<p>44</p>,Width,<p>44</p>,Height,<p>44</p>,Box Quantity,<p>10</p>,Inner Pack Quantity,<p>1</p>,Country Of Origin,<p>CN</p>,Standards,<ul><li>EN ISO 20345</li><li>ASTM F2413-18</li><li>EN 13832-2:2018</li><li>AS 2210.3</li></ul>,,,,
FW95,Variant,,"Protective steel toecap Puncture resistant steel midsole PVC/nitrile construction Slip, fuel and oil resistant PVC/nitrile outsole 100% waterproof Washable nylon inner lining Chemical resistant",https://d11ak7fd9ypfb7.cloudfront.net/styles1100px/FW95BKR.jpg,,0.0,TRUE,InStock,2,,FW95BKR40,,,,Size,DROP_DOWN,40,Color,DROP_DOWN,Black,,,,,,,,,,,,,Fit,<p>R</p>,Length,<p>44</p>,Width,<p>44</p>,Height,<p>44</p>,Box Quantity,<p>10</p>,Inner Pack Quantity,<p>1</p>,Country Of Origin,<p>CN</p>,Standards,<ul><li>EN ISO 20345</li><li>ASTM F2413-18</li><li>EN 13832-2:2018</li><li>AS 2210.3</li></ul>,,,,
FW95,Variant,,"Protective steel toecap Puncture resistant steel midsole PVC/nitrile construction Slip, fuel and oil resistant PVC/nitrile outsole 100% waterproof Washable nylon inner lining Chemical resistant",https://d11ak7fd9ypfb7.cloudfront.net/styles1100px/FW95BKR.jpg,,0.0,TRUE,InStock,2.11,,FW95BKR41,,,,Size,DROP_DOWN,41,Color,DROP_DOWN,Black,,,,,,,,,,,,,Fit,<p>R</p>,Length,<p>44</p>,Width,<p>44</p>,Height,<p>44</p>,Box Quantity,<p>10</p>,Inner Pack Quantity,<p>1</p>,Country Of Origin,<p>CN</p>,Standards,<ul><li>EN ISO 20345</li><li>ASTM F2413-18</li><li>EN 13832-2:2018</li><li>AS 2210.3</li></ul>,,,,
FW95,Variant,,"Protective steel toecap Puncture resistant steel midsole PVC/nitrile construction Slip, fuel and oil resistant PVC/nitrile outsole 100% waterproof Washable nylon inner lining Chemical resistant",https://d11ak7fd9ypfb7.cloudfront.net/styles1100px/FW95BKR.jpg,,0.0,TRUE,InStock,2.16,,FW95BKR42,,,,Size,DROP_DOWN,42,Color,DROP_DOWN,Black,,,,,,,,,,,,,Fit,<p>R</p>,Length,<p>44</p>,Width,<p>44</p>,Height,<p>44</p>,Box Quantity,<p>10</p>,Inner Pack Quantity,<p>1</p>,Country Of Origin,<p>CN</p>,Standards,<ul><li>EN ISO 20345</li><li>ASTM F2413-18</li><li>EN 13832-2:2018</li><li>AS 2210.3</li></ul>,,,,
FW95,Variant,,"Protective steel toecap Puncture resistant steel midsole PVC/nitrile construction Slip, fuel and oil resistant PVC/nitrile outsole 100% waterproof Washable nylon inner lining Chemical resistant",https://d11ak7fd9ypfb7.cloudfront.net/styles1100px/FW95BKR.jpg,,0.0,TRUE,InStock,2.304,,FW95BKR43,,,,Size,DROP_DOWN,43,Color,DROP_DOWN,Black,,,,,,,,,,,,,Fit,<p>R</p>,Length,<p>44</p>,Width,<p>44</p>,Height,<p>44</p>,Box Quantity,<p>10</p>,Inner Pack Quantity,<p>1</p>,Country Of Origin,<p>CN</p>,Standards,<ul><li>EN ISO 20345</li><li>ASTM F2413-18</li><li>EN 13832-2:2018</li><li>AS 2210.3</li></ul>,,,,
FW95,Variant,,"Protective steel toecap Puncture resistant steel midsole PVC/nitrile construction Slip, fuel and oil resistant PVC/nitrile outsole 100% waterproof Washable nylon inner lining Chemical resistant",https://d11ak7fd9ypfb7.cloudfront.net/styles1100px/FW95BKR.jpg,,0.0,TRUE,InStock,2.476,,FW95BKR44,,,,Size,DROP_DOWN,44,Color,DROP_DOWN,Black,,,,,,,,,,,,,Fit,<p>R</p>,Length,<p>44</p>,Width,<p>44</p>,Height,<p>44</p>,Box Quantity,<p>10</p>,Inner Pack Quantity,<p>1</p>,Country Of Origin,<p>CN</p>,Standards,<ul><li>EN ISO 20345</li><li>ASTM F2413-18</li><li>EN 13832-2:2018</li><li>AS 2210.3</li></ul>,,,,
FW95,Variant,,"Protective steel toecap Puncture resistant steel midsole PVC/nitrile construction Slip, fuel and oil resistant PVC/nitrile outsole 100% waterproof Washable nylon inner lining Chemical resistant",https://d11ak7fd9ypfb7.cloudfront.net/styles1100px/FW95BKR.jpg,,0.0,TRUE,InStock,2.632,,FW95BKR45,,,,Size,DROP_DOWN,45,Color,DROP_DOWN,Black,,,,,,,,,,,,,Fit,<p>R</p>,Length,<p>44</p>,Width,<p>44</p>,Height,<p>44</p>,Box Quantity,<p>10</p>,Inner Pack Quantity,<p>1</p>,Country Of Origin,<p>CN</p>,Standards,<ul><li>EN ISO 20345</li><li>ASTM F2413-18</li><li>EN 13832-2:2018</li><li>AS 2210.3</li></ul>,,,,
FW95,Variant,,"Protective steel toecap Puncture resistant steel midsole PVC/nitrile construction Slip, fuel and oil resistant PVC/nitrile outsole 100% waterproof Washable nylon inner lining Chemical resistant",https://d11ak7fd9ypfb7.cloudfront.net/styles1100px/FW95BKR.jpg,,0.0,TRUE,InStock,2.632,,FW95BKR46,,,,Size,DROP_DOWN,46,Color,DROP_DOWN,Black,,,,,,,,,,,,,Fit,<p>R</p>,Length,<p>44</p>,Width,<p>44</p>,Height,<p>44</p>,Box Quantity,<p>10</p>,Inner Pack Quantity,<p>1</p>,Country Of Origin,<p>CN</p>,Standards,<ul><li>EN ISO 20345</li><li>ASTM F2413-18</li><li>EN 13832-2:2018</li><li>AS 2210.3</li></ul>,,,,
FW95,Variant,,"Protective steel toecap Puncture resistant steel midsole PVC/nitrile construction Slip, fuel and oil resistant PVC/nitrile outsole 100% waterproof Washable nylon inner lining Chemical resistant",https://d11ak7fd9ypfb7.cloudfront.net/styles1100px/FW95BKR.jpg,,0.0,TRUE,InStock,2.64,,FW95BKR47,,,,Size,DROP_DOWN,47,Color,DROP_DOWN,Black,,,,,,,,,,,,,Fit,<p>R</p>,Length,<p>44</p>,Width,<p>44</p>,Height,<p>44</p>,Box Quantity,<p>10</p>,Inner Pack Quantity,<p>1</p>,Country Of Origin,<p>CN</p>,Standards,<ul><li>EN ISO 20345</li><li>ASTM F2413-18</li><li>EN 13832-2:2018</li><li>AS 2210.3</li></ul>,,,,
FW95,Variant,,"Protective steel toecap Puncture resistant steel midsole PVC/nitrile construction Slip, fuel and oil resistant PVC/nitrile outsole 100% waterproof Washable nylon inner lining Chemical resistant",https://d11ak7fd9ypfb7.cloudfront.net/styles1100px/FW95BKR.jpg,,0.0,TRUE,InStock,2.64,,FW95BKR48,,,,Size,DROP_DOWN,48,Color,DROP_DOWN,Black,,,,,,,,,,,,,Fit,<p>R</p>,Length,<p>44</p>,Width,<p>44</p>,Height,<p>44</p>,Box Quantity,<p>10</p>,Inner Pack Quantity,<p>1</p>,Country Of Origin,<p>CN</p>,Standards,<ul><li>EN ISO 20345</li><li>ASTM F2413-18</li><li>EN 13832-2:2018</li><li>AS 2210.3</li></ul>,,,,
FW95,Variant,,"Protective steel toecap Puncture resistant steel midsole PVC/nitrile construction Slip, fuel and oil resistant PVC/nitrile outsole 100% waterproof Washable nylon inner lining Chemical resistant",https://d11ak7fd9ypfb7.cloudfront.net/styles1100px/FW95BKR.jpg,,0.0,TRUE,InStock,2.68,,FW95BKR49,,,,Size,DROP_DOWN,49,Color,DROP_DOWN,Black,,,,,,,,,,,,,Fit,<p>R</p>,Length,<p>44</p>,Width,<p>44</p>,Height,<p>44</p>,Box Quantity,<p>10</p>,Inner Pack Quantity,<p>1</p>,Country Of Origin,<p>CN</p>,Standards,<ul><li>EN ISO 20345</li><li>ASTM F2413-18</li><li>EN 13832-2:2018</li><li>AS 2210.3</li></ul>,,,,
G465,Product,G465 - Glowtex 3-in-1 Bomber Jacket,"This 3-in-1 bomber jacket uses our highly innovative triple technology Glowtex® function. Offering advanced visibility by combining fluorescent fabric, HiVis Tex reflective tape and Glowtex® phosphorescence tape which glows in the dark. The detachable fur lining and collar in combination with the zip-out sleeves ensures this is a superbly adaptable garment.",https://d11ak7fd9ypfb7.cloudfront.net/styles1100px/G465YNR.jpg,111.0,0.0,TRUE,InStock,1.932,,G465YNR4XL,,,,Size,DROP_DOWN,M;L;XXL;XXXL;4XL,Color,DROP_DOWN,Yellow/Navy,,,,,,,,,,,,,Fit,<p>R</p>,Length,<p>65</p>,Width,<p>40</p>,Height,<p>54</p>,Box Quantity,<p>12</p>,Inner Pack Quantity,<p>1</p>,Country Of Origin,<p>CN</p>,Standards,<ul><li>EN ISO 20471 Class 3</li><li>ANSI/ISEA 107 TYPE R CLASS 3</li><li>EN 342   0.344 (M².K/W) 2 X</li><li>EN 343:2019 Class 3:1 X  WP 15000mm</li></ul>,,,,
G465,Variant,,"This 3-in-1 bomber jacket uses our highly innovative triple technology Glowtex® function. Offering advanced visibility by combining fluorescent fabric, HiVis Tex reflective tape and Glowtex® phosphorescence tape which glows in the dark. The detachable fur lining and collar in combination with the zip-out sleeves ensures this is a superbly adaptable garment.",https://d11ak7fd9ypfb7.cloudfront.net/styles1100px/G465YNR.jpg,,0.0,TRUE,InStock,1.932,,G465YNR4XL,,,,Size,DROP_DOWN,4XL,Color,DROP_DOWN,Yellow/Navy,,,,,,,,,,,,,Fit,<p>R</p>,Length,<p>65</p>,Width,<p>40</p>,Height,<p>54</p>,Box Quantity,<p>12</p>,Inner Pack Quantity,<p>1</p>,Country Of Origin,<p>CN</p>,Standards,<ul><li>EN ISO 20471 Class 3</li><li>ANSI/ISEA 107 TYPE R CLASS 3</li><li>EN 342   0.344 (M².K/W) 2 X</li><li>EN 343:2019 Class 3:1 X  WP 15000mm</li></ul>,,,,
G465,Variant,,"This 3-in-1 bomber jacket uses our highly innovative triple technology Glowtex® function. Offering advanced visibility by combining fluorescent fabric, HiVis Tex reflective tape and Glowtex® phosphorescence tape which glows in the dark. The detachable fur lining and collar in combination with the zip-out sleeves ensures this is a superbly adaptable garment.",https://d11ak7fd9ypfb7.cloudfront.net/styles1100px/G465YNR.jpg,,0.0,TRUE,InStock,1.632,,G465YNRL,,,,Size,DROP_DOWN,L,Color,DROP_DOWN,Yellow/Navy,,,,,,,,,,,,,Fit,<p>R</p>,Length,<p>65</p>,Width,<p>40</p>,Height,<p>54</p>,Box Quantity,<p>12</p>,Inner Pack Quantity,<p>1</p>,Country Of Origin,<p>CN</p>,Standards,<ul><li>EN ISO 20471 Class 3</li><li>ANSI/ISEA 107 TYPE R CLASS 3</li><li>EN 342   0.344 (M².K/W) 2 X</li><li>EN 343:2019 Class 3:1 X  WP 15000mm</li></ul>,,,,
G465,Variant,,"This 3-in-1 bomber jacket uses our highly innovative triple technology Glowtex® function. Offering advanced visibility by combining fluorescent fabric, HiVis Tex reflective tape and Glowtex® phosphorescence tape which glows in the dark. The detachable fur lining and collar in combination with the zip-out sleeves ensures this is a superbly adaptable garment.",https://d11ak7fd9ypfb7.cloudfront.net/styles1100px/G465YNR.jpg,,0.0,TRUE,InStock,1.578,,G465YNRM,,,,Size,DROP_DOWN,M,Color,DROP_DOWN,Yellow/Navy,,,,,,,,,,,,,Fit,<p>R</p>,Length,<p>65</p>,Width,<p>40</p>,Height,<p>54</p>,Box Quantity,<p>12</p>,Inner Pack Quantity,<p>1</p>,Country Of Origin,<p>CN</p>,Standards,<ul><li>EN ISO 20471 Class 3</li><li>ANSI/ISEA 107 TYPE R CLASS 3</li><li>EN 342   0.344 (M².K/W) 2 X</li><li>EN 343:2019 Class 3:1 X  WP 15000mm</li></ul>,,,,
G465,Variant,,"This 3-in-1 bomber jacket uses our highly innovative triple technology Glowtex® function. Offering advanced visibility by combining fluorescent fabric, HiVis Tex reflective tape and Glowtex® phosphorescence tape which glows in the dark. The detachable fur lining and collar in combination with the zip-out sleeves ensures this is a superbly adaptable garment.",https://d11ak7fd9ypfb7.cloudfront.net/styles1100px/G465YNR.jpg,,0.0,TRUE,InStock,1.775,,G465YNRXXL,,,,Size,DROP_DOWN,XXL,Color,DROP_DOWN,Yellow/Navy,,,,,,,,,,,,,Fit,<p>R</p>,Length,<p>65</p>,Width,<p>40</p>,Height,<p>54</p>,Box Quantity,<p>12</p>,Inner Pack Quantity,<p>1</p>,Country Of Origin,<p>CN</p>,Standards,<ul><li>EN ISO 20471 Class 3</li><li>ANSI/ISEA 107 TYPE R CLASS 3</li><li>EN 342   0.344 (M².K/W) 2 X</li><li>EN 343:2019 Class 3:1 X  WP 15000mm</li></ul>,,,,
G465,Variant,,"This 3-in-1 bomber jacket uses our highly innovative triple technology Glowtex® function. Offering advanced visibility by combining fluorescent fabric, HiVis Tex reflective tape and Glowtex® phosphorescence tape which glows in the dark. The detachable fur lining and collar in combination with the zip-out sleeves ensures this is a superbly adaptable garment.",https://d11ak7fd9ypfb7.cloudfront.net/styles1100px/G465YNR.jpg,,0.0,TRUE,InStock,1.845,,G465YNRXXXL,,,,Size,DROP_DOWN,XXXL,Color,DROP_DOWN,Yellow/Navy,,,,,,,,,,,,,Fit,<p>R</p>,Length,<p>65</p>,Width,<p>40</p>,Height,<p>54</p>,Box Quantity,<p>12</p>,Inner Pack Quantity,<p>1</p>,Country Of Origin,<p>CN</p>,Standards,<ul><li>EN ISO 20471 Class 3</li><li>ANSI/ISEA 107 TYPE R CLASS 3</li><li>EN 342   0.344 (M².K/W) 2 X</li><li>EN 343:2019 Class 3:1 X  WP 15000mm</li></ul>,,,,
G470,Product,G470 - Triple Technology Vest,"This classic vest uses our highly innovative triple technology Glowtex function. Offering advanced visibility by combining fluorescent fabric, HiVisTex reflective tape and Glowtex phosphorescence tape which glows in the dark. Suitable for day, night and zero light conditions.",https://d11ak7fd9ypfb7.cloudfront.net/styles1100px/G470YER.jpg,15.8,0.0,TRUE,InStock,0.225,,G470YERL/XL,,,,Size,DROP_DOWN,S/M;L/XL;XX/3X,Color,DROP_DOWN,Yellow,,,,,,,,,,,,,Fit,<p>R</p>,Length,<p>43</p>,Width,<p>28</p>,Height,<p>55</p>,Box Quantity,<p>100</p>,Inner Pack Quantity,<p>10</p>,Country Of Origin,<p>CN</p>,Standards,<ul><li>EN ISO 20471 Class 2</li><li>RIS-3279-TOM  ISSUE 1 (ORANGE ONLY)</li><li>ANSI/ISEA 107 TYPE R CLASS 2</li><li>AS 4602.1 Class D/N</li></ul>,,,,
G470,Variant,,"This classic vest uses our highly innovative triple technology Glowtex function. Offering advanced visibility by combining fluorescent fabric, HiVisTex reflective tape and Glowtex phosphorescence tape which glows in the dark. Suitable for day, night and zero light conditions.",https://d11ak7fd9ypfb7.cloudfront.net/styles1100px/G470YER.jpg,,0.0,TRUE,InStock,0.225,,G470YERL/XL,,,,Size,DROP_DOWN,L/XL,Color,DROP_DOWN,Yellow,,,,,,,,,,,,,Fit,<p>R</p>,Length,<p>43</p>,Width,<p>28</p>,Height,<p>55</p>,Box Quantity,<p>100</p>,Inner Pack Quantity,<p>10</p>,Country Of Origin,<p>CN</p>,Standards,<ul><li>EN ISO 20471 Class 2</li><li>RIS-3279-TOM  ISSUE 1 (ORANGE ONLY)</li><li>ANSI/ISEA 107 TYPE R CLASS 2</li><li>AS 4602.1 Class D/N</li></ul>,,,,
G470,Variant,,"This classic vest uses our highly innovative triple technology Glowtex function. Offering advanced visibility by combining fluorescent fabric, HiVisTex reflective tape and Glowtex phosphorescence tape which glows in the dark. Suitable for day, night and zero light conditions.",https://d11ak7fd9ypfb7.cloudfront.net/styles1100px/G470YER.jpg,,0.0,TRUE,InStock,0.214,,G470YERS/M,,,,Size,DROP_DOWN,S/M,Color,DROP_DOWN,Yellow,,,,,,,,,,,,,Fit,<p>R</p>,Length,<p>43</p>,Width,<p>28</p>,Height,<p>55</p>,Box Quantity,<p>100</p>,Inner Pack Quantity,<p>10</p>,Country Of Origin,<p>CN</p>,Standards,<ul><li>EN ISO 20471 Class 2</li><li>RIS-3279-TOM  ISSUE 1 (ORANGE ONLY)</li><li>ANSI/ISEA 107 TYPE R CLASS 2</li><li>AS 4602.1 Class D/N</li></ul>,,,,
G470,Variant,,"This classic vest uses our highly innovative triple technology Glowtex function. Offering advanced visibility by combining fluorescent fabric, HiVisTex reflective tape and Glowtex phosphorescence tape which glows in the dark. Suitable for day, night and zero light conditions.",https://d11ak7fd9ypfb7.cloudfront.net/styles1100px/G470YER.jpg,,0.0,TRUE,InStock,0.242,,G470YERXX/3X,,,,Size,DROP_DOWN,XX/3X,Color,DROP_DOWN,Yellow,,,,,,,,,,,,,Fit,<p>R</p>,Length,<p>43</p>,Width,<p>28</p>,Height,<p>55</p>,Box Quantity,<p>100</p>,Inner Pack Quantity,<p>10</p>,Country Of Origin,<p>CN</p>,Standards,<ul><li>EN ISO 20471 Class 2</li><li>RIS-3279-TOM  ISSUE 1 (ORANGE ONLY)</li><li>ANSI/ISEA 107 TYPE R CLASS 2</li><li>AS 4602.1 Class D/N</li></ul>,,,,
GL13,Product,GL13 - Knit Glove Insulatex Lined,Outer acrylic knit fabric Soft inner Insulatex lining offers warmth and comfort,https://d11ak7fd9ypfb7.cloudfront.net/styles1100px/GL13BKR.jpg,7.4,0.0,TRUE,InStock,0.088,,GL13BKR,,,,Size,DROP_DOWN,,Color,DROP_DOWN,Black,,,,,,,,,,,,,Fit,<p>R</p>,Length,<p>65</p>,Width,<p>40</p>,Height,<p>33</p>,Box Quantity,<p>144</p>,Inner Pack Quantity,<p>12</p>,Country Of Origin,<p>CN</p>,Standards,<p></p>,,,,
GL16,Product,GL16 - Touchscreen Knit Glove,This glove style gives great dexterity for the wearer Outer acrylic knit with metallic component allowing precise movement on touchscreen devices,https://d11ak7fd9ypfb7.cloudfront.net/styles1100px/GL16BKR.jpg,6.4,0.0,TRUE,InStock,0.044,,GL16BKRL/XL,,,,Size,DROP_DOWN,S/M;L/XL;XX/3X,Color,DROP_DOWN,Black,,,,,,,,,,,,,Fit,<p>R</p>,Length,<p>61</p>,Width,<p>40</p>,Height,<p>40</p>,Box Quantity,<p>336</p>,Inner Pack Quantity,<p>12</p>,Country Of Origin,<p>CN</p>,Standards,<p></p>,,,,
GL16,Variant,,This glove style gives great dexterity for the wearer Outer acrylic knit with metallic component allowing precise movement on touchscreen devices,https://d11ak7fd9ypfb7.cloudfront.net/styles1100px/GL16BKR.jpg,,0.0,TRUE,InStock,0.044,,GL16BKRL/XL,,,,Size,DROP_DOWN,L/XL,Color,DROP_DOWN,Black,,,,,,,,,,,,,Fit,<p>R</p>,Length,<p>61</p>,Width,<p>40</p>,Height,<p>40</p>,Box Quantity,<p>336</p>,Inner Pack Quantity,<p>12</p>,Country Of Origin,<p>CN</p>,Standards,<p></p>,,,,
GL16,Variant,,This glove style gives great dexterity for the wearer Outer acrylic knit with metallic component allowing precise movement on touchscreen devices,https://d11ak7fd9ypfb7.cloudfront.net/styles1100px/GL16BKR.jpg,,0.0,TRUE,InStock,0.04,,GL16BKRS/M,,,,Size,DROP_DOWN,S/M,Color,DROP_DOWN,Black,,,,,,,,,,,,,Fit,<p>R</p>,Length,<p>61</p>,Width,<p>40</p>,Height,<p>40</p>,Box Quantity,<p>336</p>,Inner Pack Quantity,<p>12</p>,Country Of Origin,<p>CN</p>,Standards,<p></p>,,,,
GL16,Variant,,This glove style gives great dexterity for the wearer Outer acrylic knit with metallic component allowing precise movement on touchscreen devices,https://d11ak7fd9ypfb7.cloudfront.net/styles1100px/GL16BKR.jpg,,0.0,TRUE,InStock,0.05,,GL16BKRXX/3X,,,,Size,DROP_DOWN,XX/3X,Color,DROP_DOWN,Black,,,,,,,,,,,,,Fit,<p>R</p>,Length,<p>61</p>,Width,<p>40</p>,Height,<p>40</p>,Box Quantity,<p>336</p>,Inner Pack Quantity,<p>12</p>,Country Of Origin,<p>CN</p>,Standards,<p></p>,,,,
H441,Product,H441 - Hi-Vis Rain Pants,"Like the Hi-Vis Rain Jacket, our Hi-Vis Rain Pants are lightweight and extremely practical. They can be layered over the wearers own pants for complete waterproof protection.",https://d11ak7fd9ypfb7.cloudfront.net/styles1100px/H441ORR.jpg,18.8,0.0,TRUE,InStock,0.481,,H441ORR4XL,,,,Size,DROP_DOWN,XS;S;M;L;XL;XXL;XXXL;4XL;5XL;6XL,Color,DROP_DOWN,Yellow;Orange,,,,,,,,,,,,,Fit,<p>R</p>,Length,<p>43</p>,Width,<p>28</p>,Height,<p>28</p>,Box Quantity,<p>24</p>,Inner Pack Quantity,<p>1</p>,Country Of Origin,<p>MM</p>,Standards,<ul><li>VN605151066</li><li>EN ISO 20471 Class 1</li><li>ANSI/ISEA 107 SUPPLEMENTAL CLASS E</li><li>AS/NZS 1906.4</li><li>EN 343:2019 Class 3:1 X  WP 5000mm</li><li>AS 4399   UPF 50+</li></ul>,,,,
H441,Variant,,"Like the Hi-Vis Rain Jacket, our Hi-Vis Rain Pants are lightweight and extremely practical. They can be layered over the wearers own pants for complete waterproof protection.",https://d11ak7fd9ypfb7.cloudfront.net/styles1100px/H441ORR.jpg,,0.0,TRUE,InStock,0.481,,H441ORR4XL,,,,Size,DROP_DOWN,4XL,Color,DROP_DOWN,Orange,,,,,,,,,,,,,Fit,<p>R</p>,Length,<p>43</p>,Width,<p>28</p>,Height,<p>28</p>,Box Quantity,<p>24</p>,Inner Pack Quantity,<p>1</p>,Country Of Origin,<p>MM</p>,Standards,<ul><li>VN605151066</li><li>EN ISO 20471 Class 1</li><li>ANSI/ISEA 107 SUPPLEMENTAL CLASS E</li><li>AS/NZS 1906.4</li><li>EN 343:2019 Class 3:1 X  WP 5000mm</li><li>AS 4399   UPF 50+</li></ul>,,,,
H441,Variant,,"Like the Hi-Vis Rain Jacket, our Hi-Vis Rain Pants are lightweight and extremely practical. They can be layered over the wearers own pants for complete waterproof protection.",https://d11ak7fd9ypfb7.cloudfront.net/styles1100px/H441ORR.jpg,,0.0,TRUE,InStock,0.495,,H441ORR5XL,,,,Size,DROP_DOWN,5XL,Color,DROP_DOWN,Orange,,,,,,,,,,,,,Fit,<p>R</p>,Length,<p>43</p>,Width,<p>28</p>,Height,<p>28</p>,Box Quantity,<p>24</p>,Inner Pack Quantity,<p>1</p>,Country Of Origin,<p>MM</p>,Standards,<ul><li>VN605151066</li><li>EN ISO 20471 Class 1</li><li>ANSI/ISEA 107 SUPPLEMENTAL CLASS E</li><li>AS/NZS 1906.4</li><li>EN 343:2019 Class 3:1 X  WP 5000mm</li><li>AS 4399   UPF 50+</li></ul>,,,,
H441,Variant,,"Like the Hi-Vis Rain Jacket, our Hi-Vis Rain Pants are lightweight and extremely practical. They can be layered over the wearers own pants for complete waterproof protection.",https://d11ak7fd9ypfb7.cloudfront.net/styles1100px/H441ORR.jpg,,0.0,TRUE,InStock,0.406,,H441ORRL,,,,Size,DROP_DOWN,L,Color,DROP_DOWN,Orange,,,,,,,,,,,,,Fit,<p>R</p>,Length,<p>43</p>,Width,<p>28</p>,Height,<p>24</p>,Box Quantity,<p>24</p>,Inner Pack Quantity,<p>1</p>,Country Of Origin,<p>MM</p>,Standards,<ul><li>VN605151066</li><li>EN ISO 20471 Class 1</li><li>ANSI/ISEA 107 SUPPLEMENTAL CLASS E</li><li>AS/NZS 1906.4</li><li>EN 343:2019 Class 3:1 X  WP 5000mm</li><li>AS 4399   UPF 50+</li></ul>,,,,
H441,Variant,,"Like the Hi-Vis Rain Jacket, our Hi-Vis Rain Pants are lightweight and extremely practical. They can be layered over the wearers own pants for complete waterproof protection.",https://d11ak7fd9ypfb7.cloudfront.net/styles1100px/H441ORR.jpg,,0.0,TRUE,InStock,0.394,,H441ORRM,,,,Size,DROP_DOWN,M,Color,DROP_DOWN,Orange,,,,,,,,,,,,,Fit,<p>R</p>,Length,<p>43</p>,Width,<p>28</p>,Height,<p>24</p>,Box Quantity,<p>24</p>,Inner Pack Quantity,<p>1</p>,Country Of Origin,<p>MM</p>,Standards,<ul><li>VN605151066</li><li>EN ISO 20471 Class 1</li><li>ANSI/ISEA 107 SUPPLEMENTAL CLASS E</li><li>AS/NZS 1906.4</li><li>EN 343:2019 Class 3:1 X  WP 5000mm</li><li>AS 4399   UPF 50+</li></ul>,,,,
H441,Variant,,"Like the Hi-Vis Rain Jacket, our Hi-Vis Rain Pants are lightweight and extremely practical. They can be layered over the wearers own pants for complete waterproof protection.",https://d11ak7fd9ypfb7.cloudfront.net/styles1100px/H441ORR.jpg,,0.0,TRUE,InStock,0.399,,H441ORRS,,,,Size,DROP_DOWN,S,Color,DROP_DOWN,Orange,,,,,,,,,,,,,Fit,<p>R</p>,Length,<p>43</p>,Width,<p>28</p>,Height,<p>24</p>,Box Quantity,<p>24</p>,Inner Pack Quantity,<p>1</p>,Country Of Origin,<p>MM</p>,Standards,<ul><li>VN605151066</li><li>EN ISO 20471 Class 1</li><li>ANSI/ISEA 107 SUPPLEMENTAL CLASS E</li><li>AS/NZS 1906.4</li><li>EN 343:2019 Class 3:1 X  WP 5000mm</li><li>AS 4399   UPF 50+</li></ul>,,,,
H441,Variant,,"Like the Hi-Vis Rain Jacket, our Hi-Vis Rain Pants are lightweight and extremely practical. They can be layered over the wearers own pants for complete waterproof protection.",https://d11ak7fd9ypfb7.cloudfront.net/styles1100px/H441ORR.jpg,,0.0,TRUE,InStock,0.447,,H441ORRXL,,,,Size,DROP_DOWN,XL,Color,DROP_DOWN,Orange,,,,,,,,,,,,,Fit,<p>R</p>,Length,<p>43</p>,Width,<p>28</p>,Height,<p>24</p>,Box Quantity,<p>24</p>,Inner Pack Quantity,<p>1</p>,Country Of Origin,<p>MM</p>,Standards,<ul><li>VN605151066</li><li>EN ISO 20471 Class 1</li><li>ANSI/ISEA 107 SUPPLEMENTAL CLASS E</li><li>AS/NZS 1906.4</li><li>EN 343:2019 Class 3:1 X  WP 5000mm</li><li>AS 4399   UPF 50+</li></ul>,,,,
H441,Variant,,"Like the Hi-Vis Rain Jacket, our Hi-Vis Rain Pants are lightweight and extremely practical. They can be layered over the wearers own pants for complete waterproof protection.",https://d11ak7fd9ypfb7.cloudfront.net/styles1100px/H441ORR.jpg,,0.0,TRUE,InStock,0.457,,H441ORRXXL,,,,Size,DROP_DOWN,XXL,Color,DROP_DOWN,Orange,,,,,,,,,,,,,Fit,<p>R</p>,Length,<p>43</p>,Width,<p>28</p>,Height,<p>28</p>,Box Quantity,<p>24</p>,Inner Pack Quantity,<p>1</p>,Country Of Origin,<p>MM</p>,Standards,<ul><li>VN605151066</li><li>EN ISO 20471 Class 1</li><li>ANSI/ISEA 107 SUPPLEMENTAL CLASS E</li><li>AS/NZS 1906.4</li><li>EN 343:2019 Class 3:1 X  WP 5000mm</li><li>AS 4399   UPF 50+</li></ul>,,,,
H441,Variant,,"Like the Hi-Vis Rain Jacket, our Hi-Vis Rain Pants are lightweight and extremely practical. They can be layered over the wearers own pants for complete waterproof protection.",https://d11ak7fd9ypfb7.cloudfront.net/styles1100px/H441ORR.jpg,,0.0,TRUE,InStock,0.479,,H441ORRXXXL,,,,Size,DROP_DOWN,XXXL,Color,DROP_DOWN,Orange,,,,,,,,,,,,,Fit,<p>R</p>,Length,<p>43</p>,Width,<p>28</p>,Height,<p>28</p>,Box Quantity,<p>24</p>,Inner Pack Quantity,<p>1</p>,Country Of Origin,<p>MM</p>,Standards,<ul><li>VN605151066</li><li>EN ISO 20471 Class 1</li><li>ANSI/ISEA 107 SUPPLEMENTAL CLASS E</li><li>AS/NZS 1906.4</li><li>EN 343:2019 Class 3:1 X  WP 5000mm</li><li>AS 4399   UPF 50+</li></ul>,,,,
H441,Variant,,"Like the Hi-Vis Rain Jacket, our Hi-Vis Rain Pants are lightweight and extremely practical. They can be layered over the wearers own pants for complete waterproof protection.",https://d11ak7fd9ypfb7.cloudfront.net/styles1100px/H441YER.jpg,,0.0,TRUE,InStock,0.481,,H441YER4XL,,,,Size,DROP_DOWN,4XL,Color,DROP_DOWN,Yellow,,,,,,,,,,,,,Fit,<p>R</p>,Length,<p>43</p>,Width,<p>28</p>,Height,<p>28</p>,Box Quantity,<p>24</p>,Inner Pack Quantity,<p>1</p>,Country Of Origin,<p>MM</p>,Standards,<ul><li>VN605151066</li><li>EN ISO 20471 Class 1</li><li>ANSI/ISEA 107 SUPPLEMENTAL CLASS E</li><li>AS/NZS 1906.4</li><li>EN 343:2019 Class 3:1 X  WP 5000mm</li><li>AS 4399   UPF 50+</li></ul>,,,,
H441,Variant,,"Like the Hi-Vis Rain Jacket, our Hi-Vis Rain Pants are lightweight and extremely practical. They can be layered over the wearers own pants for complete waterproof protection.",https://d11ak7fd9ypfb7.cloudfront.net/styles1100px/H441YER.jpg,,0.0,TRUE,InStock,0.495,,H441YER5XL,,,,Size,DROP_DOWN,5XL,Color,DROP_DOWN,Yellow,,,,,,,,,,,,,Fit,<p>R</p>,Length,<p>43</p>,Width,<p>28</p>,Height,<p>28</p>,Box Quantity,<p>24</p>,Inner Pack Quantity,<p>1</p>,Country Of Origin,<p>MM</p>,Standards,<ul><li>VN605151066</li><li>EN ISO 20471 Class 1</li><li>ANSI/ISEA 107 SUPPLEMENTAL CLASS E</li><li>AS/NZS 1906.4</li><li>EN 343:2019 Class 3:1 X  WP 5000mm</li><li>AS 4399   UPF 50+</li></ul>,,,,
H441,Variant,,"Like the Hi-Vis Rain Jacket, our Hi-Vis Rain Pants are lightweight and extremely practical. They can be layered over the wearers own pants for complete waterproof protection.",https://d11ak7fd9ypfb7.cloudfront.net/styles1100px/H441YER.jpg,,0.0,TRUE,InStock,0.51,,H441YER6XL,,,,Size,DROP_DOWN,6XL,Color,DROP_DOWN,Yellow,,,,,,,,,,,,,Fit,<p>R</p>,Length,<p>43</p>,Width,<p>28</p>,Height,<p>28</p>,Box Quantity,<p>24</p>,Inner Pack Quantity,<p>1</p>,Country Of Origin,<p>MM</p>,Standards,<ul><li>VN605151066</li><li>EN ISO 20471 Class 1</li><li>ANSI/ISEA 107 SUPPLEMENTAL CLASS E</li><li>AS/NZS 1906.4</li><li>EN 343:2019 Class 3:1 X  WP 5000mm</li><li>AS 4399   UPF 50+</li></ul>,,,,
H441,Variant,,"Like the Hi-Vis Rain Jacket, our Hi-Vis Rain Pants are lightweight and extremely practical. They can be layered over the wearers own pants for complete waterproof protection.",https://d11ak7fd9ypfb7.cloudfront.net/styles1100px/H441YER.jpg,,0.0,TRUE,InStock,0.406,,H441YERL,,,,Size,DROP_DOWN,L,Color,DROP_DOWN,Yellow,,,,,,,,,,,,,Fit,<p>R</p>,Length,<p>43</p>,Width,<p>28</p>,Height,<p>24</p>,Box Quantity,<p>24</p>,Inner Pack Quantity,<p>1</p>,Country Of Origin,<p>MM</p>,Standards,<ul><li>VN605151066</li><li>EN ISO 20471 Class 1</li><li>ANSI/ISEA 107 SUPPLEMENTAL CLASS E</li><li>AS/NZS 1906.4</li><li>EN 343:2019 Class 3:1 X  WP 5000mm</li><li>AS 4399   UPF 50+</li></ul>,,,,
H441,Variant,,"Like the Hi-Vis Rain Jacket, our Hi-Vis Rain Pants are lightweight and extremely practical. They can be layered over the wearers own pants for complete waterproof protection.",https://d11ak7fd9ypfb7.cloudfront.net/styles1100px/H441YER.jpg,,0.0,TRUE,InStock,0.394,,H441YERM,,,,Size,DROP_DOWN,M,Color,DROP_DOWN,Yellow,,,,,,,,,,,,,Fit,<p>R</p>,Length,<p>43</p>,Width,<p>28</p>,Height,<p>24</p>,Box Quantity,<p>24</p>,Inner Pack Quantity,<p>1</p>,Country Of Origin,<p>MM</p>,Standards,<ul><li>VN605151066</li><li>EN ISO 20471 Class 1</li><li>ANSI/ISEA 107 SUPPLEMENTAL CLASS E</li><li>AS/NZS 1906.4</li><li>EN 343:2019 Class 3:1 X  WP 5000mm</li><li>AS 4399   UPF 50+</li></ul>,,,,
H441,Variant,,"Like the Hi-Vis Rain Jacket, our Hi-Vis Rain Pants are lightweight and extremely practical. They can be layered over the wearers own pants for complete waterproof protection.",https://d11ak7fd9ypfb7.cloudfront.net/styles1100px/H441YER.jpg,,0.0,TRUE,InStock,0.399,,H441YERS,,,,Size,DROP_DOWN,S,Color,DROP_DOWN,Yellow,,,,,,,,,,,,,Fit,<p>R</p>,Length,<p>43</p>,Width,<p>28</p>,Height,<p>24</p>,Box Quantity,<p>24</p>,Inner Pack Quantity,<p>1</p>,Country Of Origin,<p>MM</p>,Standards,<ul><li>VN605151066</li><li>EN ISO 20471 Class 1</li><li>ANSI/ISEA 107 SUPPLEMENTAL CLASS E</li><li>AS/NZS 1906.4</li><li>EN 343:2019 Class 3:1 X  WP 5000mm</li><li>AS 4399   UPF 50+</li></ul>,,,,
H441,Variant,,"Like the Hi-Vis Rain Jacket, our Hi-Vis Rain Pants are lightweight and extremely practical. They can be layered over the wearers own pants for complete waterproof protection.",https://d11ak7fd9ypfb7.cloudfront.net/styles1100px/H441YER.jpg,,0.0,TRUE,InStock,0.447,,H441YERXL,,,,Size,DROP_DOWN,XL,Color,DROP_DOWN,Yellow,,,,,,,,,,,,,Fit,<p>R</p>,Length,<p>43</p>,Width,<p>28</p>,Height,<p>24</p>,Box Quantity,<p>24</p>,Inner Pack Quantity,<p>1</p>,Country Of Origin,<p>MM</p>,Standards,<ul><li>VN605151066</li><li>EN ISO 20471 Class 1</li><li>ANSI/ISEA 107 SUPPLEMENTAL CLASS E</li><li>AS/NZS 1906.4</li><li>EN 343:2019 Class 3:1 X  WP 5000mm</li><li>AS 4399   UPF 50+</li></ul>,,,,
H441,Variant,,"Like the Hi-Vis Rain Jacket, our Hi-Vis Rain Pants are lightweight and extremely practical. They can be layered over the wearers own pants for complete waterproof protection.",https://d11ak7fd9ypfb7.cloudfront.net/styles1100px/H441YER.jpg,,0.0,TRUE,InStock,0.39,,H441YERXS,,,,Size,DROP_DOWN,XS,Color,DROP_DOWN,Yellow,,,,,,,,,,,,,Fit,<p>R</p>,Length,<p>43</p>,Width,<p>28</p>,Height,<p>24</p>,Box Quantity,<p>24</p>,Inner Pack Quantity,<p>1</p>,Country Of Origin,<p>MM</p>,Standards,<ul><li>VN605151066</li><li>EN ISO 20471 Class 1</li><li>ANSI/ISEA 107 SUPPLEMENTAL CLASS E</li><li>AS/NZS 1906.4</li><li>EN 343:2019 Class 3:1 X  WP 5000mm</li><li>AS 4399   UPF 50+</li></ul>,,,,
H441,Variant,,"Like the Hi-Vis Rain Jacket, our Hi-Vis Rain Pants are lightweight and extremely practical. They can be layered over the wearers own pants for complete waterproof protection.",https://d11ak7fd9ypfb7.cloudfront.net/styles1100px/H441YER.jpg,,0.0,TRUE,InStock,0.457,,H441YERXXL,,,,Size,DROP_DOWN,XXL,Color,DROP_DOWN,Yellow,,,,,,,,,,,,,Fit,<p>R</p>,Length,<p>43</p>,Width,<p>28</p>,Height,<p>28</p>,Box Quantity,<p>24</p>,Inner Pack Quantity,<p>1</p>,Country Of Origin,<p>MM</p>,Standards,<ul><li>VN605151066</li><li>EN ISO 20471 Class 1</li><li>ANSI/ISEA 107 SUPPLEMENTAL CLASS E</li><li>AS/NZS 1906.4</li><li>EN 343:2019 Class 3:1 X  WP 5000mm</li><li>AS 4399   UPF 50+</li></ul>,,,,
H441,Variant,,"Like the Hi-Vis Rain Jacket, our Hi-Vis Rain Pants are lightweight and extremely practical. They can be layered over the wearers own pants for complete waterproof protection.",https://d11ak7fd9ypfb7.cloudfront.net/styles1100px/H441YER.jpg,,0.0,TRUE,InStock,0.469,,H441YERXXXL,,,,Size,DROP_DOWN,XXXL,Color,DROP_DOWN,Yellow,,,,,,,,,,,,,Fit,<p>R</p>,Length,<p>43</p>,Width,<p>28</p>,Height,<p>28</p>,Box Quantity,<p>24</p>,Inner Pack Quantity,<p>1</p>,Country Of Origin,<p>MM</p>,Standards,<ul><li>VN605151066</li><li>EN ISO 20471 Class 1</li><li>ANSI/ISEA 107 SUPPLEMENTAL CLASS E</li><li>AS/NZS 1906.4</li><li>EN 343:2019 Class 3:1 X  WP 5000mm</li><li>AS 4399   UPF 50+</li></ul>,,,,
H444,Product,H444 - Hi-Vis Classic Contrast Rain Pants,"Lightweight and practical, these stylish pants provide comfort and protection against adverse weather conditions. Features include waist elastication for comfort and ease of movement, snap adjustable hems for a secure fit and sealed seams for full protection against wind and rain.",https://d11ak7fd9ypfb7.cloudfront.net/styles1100px/H444YBR.jpg,21.4,0.0,TRUE,InStock,0.57,,H444YBR4XL,,,,Size,DROP_DOWN,S;M;L;XL;XXL;XXXL;4XL;5XL;6XL,Color,DROP_DOWN,Yellow/Black,,,,,,,,,,,,,Fit,<p>R</p>,Length,<p>43</p>,Width,<p>28</p>,Height,<p>24</p>,Box Quantity,<p>24</p>,Inner Pack Quantity,<p>1</p>,Country Of Origin,<p>MM</p>,Standards,<ul><li>VN605151066</li><li>EN ISO 20471 Class 1</li><li>ANSI/ISEA 107 SUPPLEMENTAL CLASS E</li><li>AS/NZS 1906.4</li><li>EN 343:2019 Class 3:1 X  WP 5000mm</li><li>AS 4399   UPF 50+</li></ul>,,,,
H444,Variant,,"Lightweight and practical, these stylish pants provide comfort and protection against adverse weather conditions. Features include waist elastication for comfort and ease of movement, snap adjustable hems for a secure fit and sealed seams for full protection against wind and rain.",https://d11ak7fd9ypfb7.cloudfront.net/styles1100px/H444YBR.jpg,,0.0,TRUE,InStock,0.57,,H444YBR4XL,,,,Size,DROP_DOWN,4XL,Color,DROP_DOWN,Yellow/Black,,,,,,,,,,,,,Fit,<p>R</p>,Length,<p>43</p>,Width,<p>28</p>,Height,<p>24</p>,Box Quantity,<p>24</p>,Inner Pack Quantity,<p>1</p>,Country Of Origin,<p>MM</p>,Standards,<ul><li>VN605151066</li><li>EN ISO 20471 Class 1</li><li>ANSI/ISEA 107 SUPPLEMENTAL CLASS E</li><li>AS/NZS 1906.4</li><li>EN 343:2019 Class 3:1 X  WP 5000mm</li><li>AS 4399   UPF 50+</li></ul>,,,,
H444,Variant,,"Lightweight and practical, these stylish pants provide comfort and protection against adverse weather conditions. Features include waist elastication for comfort and ease of movement, snap adjustable hems for a secure fit and sealed seams for full protection against wind and rain.",https://d11ak7fd9ypfb7.cloudfront.net/styles1100px/H444YBR.jpg,,0.0,TRUE,InStock,0.61,,H444YBR5XL,,,,Size,DROP_DOWN,5XL,Color,DROP_DOWN,Yellow/Black,,,,,,,,,,,,,Fit,<p>R</p>,Length,<p>43</p>,Width,<p>28</p>,Height,<p>24</p>,Box Quantity,<p>24</p>,Inner Pack Quantity,<p>1</p>,Country Of Origin,<p>MM</p>,Standards,<ul><li>VN605151066</li><li>EN ISO 20471 Class 1</li><li>ANSI/ISEA 107 SUPPLEMENTAL CLASS E</li><li>AS/NZS 1906.4</li><li>EN 343:2019 Class 3:1 X  WP 5000mm</li><li>AS 4399   UPF 50+</li></ul>,,,,
H444,Variant,,"Lightweight and practical, these stylish pants provide comfort and protection against adverse weather conditions. Features include waist elastication for comfort and ease of movement, snap adjustable hems for a secure fit and sealed seams for full protection against wind and rain.",https://d11ak7fd9ypfb7.cloudfront.net/styles1100px/H444YBR.jpg,,0.0,TRUE,InStock,0.63,,H444YBR6XL,,,,Size,DROP_DOWN,6XL,Color,DROP_DOWN,Yellow/Black,,,,,,,,,,,,,Fit,<p>R</p>,Length,<p>43</p>,Width,<p>28</p>,Height,<p>24</p>,Box Quantity,<p>24</p>,Inner Pack Quantity,<p>1</p>,Country Of Origin,<p>MM</p>,Standards,<ul><li>VN605151066</li><li>EN ISO 20471 Class 1</li><li>ANSI/ISEA 107 SUPPLEMENTAL CLASS E</li><li>AS/NZS 1906.4</li><li>EN 343:2019 Class 3:1 X  WP 5000mm</li><li>AS 4399   UPF 50+</li></ul>,,,,
H444,Variant,,"Lightweight and practical, these stylish pants provide comfort and protection against adverse weather conditions. Features include waist elastication for comfort and ease of movement, snap adjustable hems for a secure fit and sealed seams for full protection against wind and rain.",https://d11ak7fd9ypfb7.cloudfront.net/styles1100px/H444YBR.jpg,,0.0,TRUE,InStock,0.45,,H444YBRL,,,,Size,DROP_DOWN,L,Color,DROP_DOWN,Yellow/Black,,,,,,,,,,,,,Fit,<p>R</p>,Length,<p>43</p>,Width,<p>28</p>,Height,<p>24</p>,Box Quantity,<p>24</p>,Inner Pack Quantity,<p>1</p>,Country Of Origin,<p>MM</p>,Standards,<ul><li>VN605151066</li><li>EN ISO 20471 Class 1</li><li>ANSI/ISEA 107 SUPPLEMENTAL CLASS E</li><li>AS/NZS 1906.4</li><li>EN 343:2019 Class 3:1 X  WP 5000mm</li><li>AS 4399   UPF 50+</li></ul>,,,,
H444,Variant,,"Lightweight and practical, these stylish pants provide comfort and protection against adverse weather conditions. Features include waist elastication for comfort and ease of movement, snap adjustable hems for a secure fit and sealed seams for full protection against wind and rain.",https://d11ak7fd9ypfb7.cloudfront.net/styles1100px/H444YBR.jpg,,0.0,TRUE,InStock,0.42,,H444YBRM,,,,Size,DROP_DOWN,M,Color,DROP_DOWN,Yellow/Black,,,,,,,,,,,,,Fit,<p>R</p>,Length,<p>43</p>,Width,<p>28</p>,Height,<p>24</p>,Box Quantity,<p>24</p>,Inner Pack Quantity,<p>1</p>,Country Of Origin,<p>MM</p>,Standards,<ul><li>VN605151066</li><li>EN ISO 20471 Class 1</li><li>ANSI/ISEA 107 SUPPLEMENTAL CLASS E</li><li>AS/NZS 1906.4</li><li>EN 343:2019 Class 3:1 X  WP 5000mm</li><li>AS 4399   UPF 50+</li></ul>,,,,
H444,Variant,,"Lightweight and practical, these stylish pants provide comfort and protection against adverse weather conditions. Features include waist elastication for comfort and ease of movement, snap adjustable hems for a secure fit and sealed seams for full protection against wind and rain.",https://d11ak7fd9ypfb7.cloudfront.net/styles1100px/H444YBR.jpg,,0.0,TRUE,InStock,0.39,,H444YBRS,,,,Size,DROP_DOWN,S,Color,DROP_DOWN,Yellow/Black,,,,,,,,,,,,,Fit,<p>R</p>,Length,<p>43</p>,Width,<p>28</p>,Height,<p>24</p>,Box Quantity,<p>24</p>,Inner Pack Quantity,<p>1</p>,Country Of Origin,<p>MM</p>,Standards,<ul><li>VN605151066</li><li>EN ISO 20471 Class 1</li><li>ANSI/ISEA 107 SUPPLEMENTAL CLASS E</li><li>AS/NZS 1906.4</li><li>EN 343:2019 Class 3:1 X  WP 5000mm</li><li>AS 4399   UPF 50+</li></ul>,,,,
H444,Variant,,"Lightweight and practical, these stylish pants provide comfort and protection against adverse weather conditions. Features include waist elastication for comfort and ease of movement, snap adjustable hems for a secure fit and sealed seams for full protection against wind and rain.",https://d11ak7fd9ypfb7.cloudfront.net/styles1100px/H444YBR.jpg,,0.0,TRUE,InStock,0.48,,H444YBRXL,,,,Size,DROP_DOWN,XL,Color,DROP_DOWN,Yellow/Black,,,,,,,,,,,,,Fit,<p>R</p>,Length,<p>43</p>,Width,<p>28</p>,Height,<p>24</p>,Box Quantity,<p>24</p>,Inner Pack Quantity,<p>1</p>,Country Of Origin,<p>MM</p>,Standards,<ul><li>VN605151066</li><li>EN ISO 20471 Class 1</li><li>ANSI/ISEA 107 SUPPLEMENTAL CLASS E</li><li>AS/NZS 1906.4</li><li>EN 343:2019 Class 3:1 X  WP 5000mm</li><li>AS 4399   UPF 50+</li></ul>,,,,
H444,Variant,,"Lightweight and practical, these stylish pants provide comfort and protection against adverse weather conditions. Features include waist elastication for comfort and ease of movement, snap adjustable hems for a secure fit and sealed seams for full protection against wind and rain.",https://d11ak7fd9ypfb7.cloudfront.net/styles1100px/H444YBR.jpg,,0.0,TRUE,InStock,0.51,,H444YBRXXL,,,,Size,DROP_DOWN,XXL,Color,DROP_DOWN,Yellow/Black,,,,,,,,,,,,,Fit,<p>R</p>,Length,<p>43</p>,Width,<p>28</p>,Height,<p>24</p>,Box Quantity,<p>24</p>,Inner Pack Quantity,<p>1</p>,Country Of Origin,<p>MM</p>,Standards,<ul><li>VN605151066</li><li>EN ISO 20471 Class 1</li><li>ANSI/ISEA 107 SUPPLEMENTAL CLASS E</li><li>AS/NZS 1906.4</li><li>EN 343:2019 Class 3:1 X  WP 5000mm</li><li>AS 4399   UPF 50+</li></ul>,,,,
H444,Variant,,"Lightweight and practical, these stylish pants provide comfort and protection against adverse weather conditions. Features include waist elastication for comfort and ease of movement, snap adjustable hems for a secure fit and sealed seams for full protection against wind and rain.",https://d11ak7fd9ypfb7.cloudfront.net/styles1100px/H444YBR.jpg,,0.0,TRUE,InStock,0.54,,H444YBRXXXL,,,,Size,DROP_DOWN,XXXL,Color,DROP_DOWN,Yellow/Black,,,,,,,,,,,,,Fit,<p>R</p>,Length,<p>43</p>,Width,<p>28</p>,Height,<p>24</p>,Box Quantity,<p>24</p>,Inner Pack Quantity,<p>1</p>,Country Of Origin,<p>MM</p>,Standards,<ul><li>VN605151066</li><li>EN ISO 20471 Class 1</li><li>ANSI/ISEA 107 SUPPLEMENTAL CLASS E</li><li>AS/NZS 1906.4</li><li>EN 343:2019 Class 3:1 X  WP 5000mm</li><li>AS 4399   UPF 50+</li></ul>,,,,
H447,Product,H447 - ,,https://d11ak7fd9ypfb7.cloudfront.net/styles1100px/H447YER.jpg,21.9,0.0,TRUE,InStock,0.999,,H447YER4XL,,,,Size,DROP_DOWN,S;M;L;XL;XXL;XXXL;4XL;5XL,Color,DROP_DOWN,Yellow,,,,,,,,,,,,,Fit,<p>R</p>,Length,<p>65</p>,Width,<p>45</p>,Height,<p>30</p>,Box Quantity,<p>36</p>,Inner Pack Quantity,<p>1</p>,Country Of Origin,<p>MM</p>,Standards,<p></p>,,,,
H447,Variant,,,https://d11ak7fd9ypfb7.cloudfront.net/styles1100px/H447YER.jpg,,0.0,TRUE,InStock,0.999,,H447YER4XL,,,,Size,DROP_DOWN,4XL,Color,DROP_DOWN,Yellow,,,,,,,,,,,,,Fit,<p>R</p>,Length,<p>65</p>,Width,<p>45</p>,Height,<p>30</p>,Box Quantity,<p>36</p>,Inner Pack Quantity,<p>1</p>,Country Of Origin,<p>MM</p>,Standards,<p></p>,,,,
H447,Variant,,,https://d11ak7fd9ypfb7.cloudfront.net/styles1100px/H447YER.jpg,,0.0,TRUE,InStock,0.999,,H447YER5XL,,,,Size,DROP_DOWN,5XL,Color,DROP_DOWN,Yellow,,,,,,,,,,,,,Fit,<p>R</p>,Length,<p>65</p>,Width,<p>45</p>,Height,<p>30</p>,Box Quantity,<p>36</p>,Inner Pack Quantity,<p>1</p>,Country Of Origin,<p>MM</p>,Standards,<p></p>,,,,
H447,Variant,,,https://d11ak7fd9ypfb7.cloudfront.net/styles1100px/H447YER.jpg,,0.0,TRUE,InStock,0.999,,H447YERL,,,,Size,DROP_DOWN,L,Color,DROP_DOWN,Yellow,,,,,,,,,,,,,Fit,<p>R</p>,Length,<p>65</p>,Width,<p>45</p>,Height,<p>30</p>,Box Quantity,<p>36</p>,Inner Pack Quantity,<p>1</p>,Country Of Origin,<p>MM</p>,Standards,<p></p>,,,,
H447,Variant,,,https://d11ak7fd9ypfb7.cloudfront.net/styles1100px/H447YER.jpg,,0.0,TRUE,InStock,0.999,,H447YERM,,,,Size,DROP_DOWN,M,Color,DROP_DOWN,Yellow,,,,,,,,,,,,,Fit,<p>R</p>,Length,<p>65</p>,Width,<p>45</p>,Height,<p>30</p>,Box Quantity,<p>36</p>,Inner Pack Quantity,<p>1</p>,Country Of Origin,<p>MM</p>,Standards,<p></p>,,,,
H447,Variant,,,https://d11ak7fd9ypfb7.cloudfront.net/styles1100px/H447YER.jpg,,0.0,TRUE,InStock,0.999,,H447YERS,,,,Size,DROP_DOWN,S,Color,DROP_DOWN,Yellow,,,,,,,,,,,,,Fit,<p>R</p>,Length,<p>65</p>,Width,<p>45</p>,Height,<p>30</p>,Box Quantity,<p>36</p>,Inner Pack Quantity,<p>1</p>,Country Of Origin,<p>MM</p>,Standards,<p></p>,,,,
H447,Variant,,,https://d11ak7fd9ypfb7.cloudfront.net/styles1100px/H447YER.jpg,,0.0,TRUE,InStock,0.999,,H447YERXL,,,,Size,DROP_DOWN,XL,Color,DROP_DOWN,Yellow,,,,,,,,,,,,,Fit,<p>R</p>,Length,<p>65</p>,Width,<p>45</p>,Height,<p>30</p>,Box Quantity,<p>36</p>,Inner Pack Quantity,<p>1</p>,Country Of Origin,<p>MM</p>,Standards,<p></p>,,,,
H447,Variant,,,https://d11ak7fd9ypfb7.cloudfront.net/styles1100px/H447YER.jpg,,0.0,TRUE,InStock,0.999,,H447YERXXL,,,,Size,DROP_DOWN,XXL,Color,DROP_DOWN,Yellow,,,,,,,,,,,,,Fit,<p>R</p>,Length,<p>65</p>,Width,<p>45</p>,Height,<p>30</p>,Box Quantity,<p>36</p>,Inner Pack Quantity,<p>1</p>,Country Of Origin,<p>MM</p>,Standards,<p></p>,,,,
H447,Variant,,,https://d11ak7fd9ypfb7.cloudfront.net/styles1100px/H447YER.jpg,,0.0,TRUE,InStock,0.999,,H447YERXXXL,,,,Size,DROP_DOWN,XXXL,Color,DROP_DOWN,Yellow,,,,,,,,,,,,,Fit,<p>R</p>,Length,<p>65</p>,Width,<p>45</p>,Height,<p>30</p>,Box Quantity,<p>36</p>,Inner Pack Quantity,<p>1</p>,Country Of Origin,<p>MM</p>,Standards,<p></p>,,,,
H449,Product,H449 - ,,https://d11ak7fd9ypfb7.cloudfront.net/styles1100px/H449YER.jpg,31.0,0.0,TRUE,InStock,0.999,,H449YER4XL,,,,Size,DROP_DOWN,S;M;L;XL;XXL;XXXL;4XL;5XL,Color,DROP_DOWN,Yellow,,,,,,,,,,,,,Fit,<p>R</p>,Length,<p>65</p>,Width,<p>45</p>,Height,<p>33</p>,Box Quantity,<p>36</p>,Inner Pack Quantity,<p>1</p>,Country Of Origin,<p>MM</p>,Standards,<p></p>,,,,
H449,Variant,,,https://d11ak7fd9ypfb7.cloudfront.net/styles1100px/H449YER.jpg,,0.0,TRUE,InStock,0.999,,H449YER4XL,,,,Size,DROP_DOWN,4XL,Color,DROP_DOWN,Yellow,,,,,,,,,,,,,Fit,<p>R</p>,Length,<p>65</p>,Width,<p>45</p>,Height,<p>33</p>,Box Quantity,<p>36</p>,Inner Pack Quantity,<p>1</p>,Country Of Origin,<p>MM</p>,Standards,<p></p>,,,,
H449,Variant,,,https://d11ak7fd9ypfb7.cloudfront.net/styles1100px/H449YER.jpg,,0.0,TRUE,InStock,0.999,,H449YER5XL,,,,Size,DROP_DOWN,5XL,Color,DROP_DOWN,Yellow,,,,,,,,,,,,,Fit,<p>R</p>,Length,<p>65</p>,Width,<p>45</p>,Height,<p>33</p>,Box Quantity,<p>36</p>,Inner Pack Quantity,<p>1</p>,Country Of Origin,<p>MM</p>,Standards,<p></p>,,,,
H449,Variant,,,https://d11ak7fd9ypfb7.cloudfront.net/styles1100px/H449YER.jpg,,0.0,TRUE,InStock,0.999,,H449YERL,,,,Size,DROP_DOWN,L,Color,DROP_DOWN,Yellow,,,,,,,,,,,,,Fit,<p>R</p>,Length,<p>65</p>,Width,<p>45</p>,Height,<p>33</p>,Box Quantity,<p>36</p>,Inner Pack Quantity,<p>1</p>,Country Of Origin,<p>MM</p>,Standards,<p></p>,,,,
H449,Variant,,,https://d11ak7fd9ypfb7.cloudfront.net/styles1100px/H449YER.jpg,,0.0,TRUE,InStock,0.999,,H449YERM,,,,Size,DROP_DOWN,M,Color,DROP_DOWN,Yellow,,,,,,,,,,,,,Fit,<p>R</p>,Length,<p>65</p>,Width,<p>45</p>,Height,<p>33</p>,Box Quantity,<p>36</p>,Inner Pack Quantity,<p>1</p>,Country Of Origin,<p>MM</p>,Standards,<p></p>,,,,
H449,Variant,,,https://d11ak7fd9ypfb7.cloudfront.net/styles1100px/H449YER.jpg,,0.0,TRUE,InStock,0.999,,H449YERS,,,,Size,DROP_DOWN,S,Color,DROP_DOWN,Yellow,,,,,,,,,,,,,Fit,<p>R</p>,Length,<p>65</p>,Width,<p>45</p>,Height,<p>33</p>,Box Quantity,<p>36</p>,Inner Pack Quantity,<p>1</p>,Country Of Origin,<p>MM</p>,Standards,<p></p>,,,,
H449,Variant,,,https://d11ak7fd9ypfb7.cloudfront.net/styles1100px/H449YER.jpg,,0.0,TRUE,InStock,0.999,,H449YERXL,,,,Size,DROP_DOWN,XL,Color,DROP_DOWN,Yellow,,,,,,,,,,,,,Fit,<p>R</p>,Length,<p>65</p>,Width,<p>45</p>,Height,<p>33</p>,Box Quantity,<p>36</p>,Inner Pack Quantity,<p>1</p>,Country Of Origin,<p>MM</p>,Standards,<p></p>,,,,
H449,Variant,,,https://d11ak7fd9ypfb7.cloudfront.net/styles1100px/H449YER.jpg,,0.0,TRUE,InStock,0.999,,H449YERXXL,,,,Size,DROP_DOWN,XXL,Color,DROP_DOWN,Yellow,,,,,,,,,,,,,Fit,<p>R</p>,Length,<p>65</p>,Width,<p>45</p>,Height,<p>33</p>,Box Quantity,<p>36</p>,Inner Pack Quantity,<p>1</p>,Country Of Origin,<p>MM</p>,Standards,<p></p>,,,,
H449,Variant,,,https://d11ak7fd9ypfb7.cloudfront.net/styles1100px/H449YER.jpg,,0.0,TRUE,InStock,0.999,,H449YERXXXL,,,,Size,DROP_DOWN,XXXL,Color,DROP_DOWN,Yellow,,,,,,,,,,,,,Fit,<p>R</p>,Length,<p>65</p>,Width,<p>45</p>,Height,<p>33</p>,Box Quantity,<p>36</p>,Inner Pack Quantity,<p>1</p>,Country Of Origin,<p>MM</p>,Standards,<p></p>,,,,
HA10,Product,HA10 - Fleece Hat Insulatex Lined,Soft and stretchable polar fleece fabric Inner soft Insulatex lining offers warmth and comfort Can be worn under a helmet,https://d11ak7fd9ypfb7.cloudfront.net/styles1100px/HA10BKR.jpg,7.2,0.0,TRUE,InStock,0.08,,HA10BKR,,,,Size,DROP_DOWN,,Color,DROP_DOWN,Yellow;Black,,,,,,,,,,,,,Fit,<p>R</p>,Length,<p>65</p>,Width,<p>45</p>,Height,<p>36</p>,Box Quantity,<p>96</p>,Inner Pack Quantity,<p>12</p>,Country Of Origin,<p>BD</p>,Standards,<p></p>,,,,
HA10,Variant,,Soft and stretchable polar fleece fabric Inner soft Insulatex lining offers warmth and comfort Can be worn under a helmet,https://d11ak7fd9ypfb7.cloudfront.net/styles1100px/HA10YER.jpg,,0.0,TRUE,InStock,0.08,,HA10YER,,,,Size,DROP_DOWN,,Color,DROP_DOWN,Yellow,,,,,,,,,,,,,Fit,<p>R</p>,Length,<p>65</p>,Width,<p>45</p>,Height,<p>36</p>,Box Quantity,<p>96</p>,Inner Pack Quantity,<p>12</p>,Country Of Origin,<p>BD</p>,Standards,<p></p>,,,,
HA15,Product,"HA15 - 
Hi-Vis Ranger Hat","Wide brimmed, with mesh panels, this hat is ideal for the summer months. Drawcord adjustable for improved fit.",https://d11ak7fd9ypfb7.cloudfront.net/styles1100px/HA15YER.jpg,11.8,0.0,TRUE,InStock,0.107,,HA15YERL/XL,,,,Size,DROP_DOWN,S/M;L/XL,Color,DROP_DOWN,Yellow,,,,,,,,,,,,,Fit,<p>R</p>,Length,<p>64</p>,Width,<p>36</p>,Height,<p>60</p>,Box Quantity,<p>100</p>,Inner Pack Quantity,<p>10</p>,Country Of Origin,<p>CN</p>,Standards,<p></p>,,,,
HA15,Variant,,"Wide brimmed, with mesh panels, this hat is ideal for the summer months. Drawcord adjustable for improved fit.",https://d11ak7fd9ypfb7.cloudfront.net/styles1100px/HA15YER.jpg,,0.0,TRUE,InStock,0.107,,HA15YERL/XL,,,,Size,DROP_DOWN,L/XL,Color,DROP_DOWN,Yellow,,,,,,,,,,,,,Fit,<p>R</p>,Length,<p>64</p>,Width,<p>36</p>,Height,<p>60</p>,Box Quantity,<p>100</p>,Inner Pack Quantity,<p>10</p>,Country Of Origin,<p>CN</p>,Standards,<p></p>,,,,
HA15,Variant,,"Wide brimmed, with mesh panels, this hat is ideal for the summer months. Drawcord adjustable for improved fit.",https://d11ak7fd9ypfb7.cloudfront.net/styles1100px/HA15YER.jpg,,0.0,TRUE,InStock,0.107,,HA15YERS/M,,,,Size,DROP_DOWN,S/M,Color,DROP_DOWN,Yellow,,,,,,,,,,,,,Fit,<p>R</p>,Length,<p>64</p>,Width,<p>36</p>,Height,<p>60</p>,Box Quantity,<p>100</p>,Inner Pack Quantity,<p>10</p>,Country Of Origin,<p>CN</p>,Standards,<p></p>,,,,
HA16,Product,HA16 - Hi-Vis Neck Shade,This neck shade compatible with most hard hats and will keep you cool whilst protecting you from the sun's rays.,https://d11ak7fd9ypfb7.cloudfront.net/styles1100px/HA16ORR.jpg,4.8,0.0,TRUE,InStock,0.999,,HA16ORR,,,,Size,DROP_DOWN,,Color,DROP_DOWN,Yellow;Orange,,,,,,,,,,,,,Fit,<p>R</p>,Length,<p>65</p>,Width,<p>30</p>,Height,<p>38</p>,Box Quantity,<p>200</p>,Inner Pack Quantity,<p>10</p>,Country Of Origin,<p>CN</p>,Standards,<p></p>,,,,
HA16,Variant,,This neck shade compatible with most hard hats and will keep you cool whilst protecting you from the sun's rays.,https://d11ak7fd9ypfb7.cloudfront.net/styles1100px/HA16YER.jpg,,0.0,TRUE,InStock,0.999,,HA16YER,,,,Size,DROP_DOWN,,Color,DROP_DOWN,Yellow,,,,,,,,,,,,,Fit,<p>R</p>,Length,<p>65</p>,Width,<p>30</p>,Height,<p>38</p>,Box Quantity,<p>200</p>,Inner Pack Quantity,<p>10</p>,Country Of Origin,<p>CN</p>,Standards,<p></p>,,,,
HA20,Product,HA20 - Hi-Vis Mesh Sun Shield,This wide brimmed sun sheld is compatible with most hard hats and will keep you cool whilst protecting you from the sun's rays.,https://d11ak7fd9ypfb7.cloudfront.net/styles1100px/HA20ORR.jpg,14.6,0.0,TRUE,InStock,0.135,,HA20ORR,,,,Size,DROP_DOWN,,Color,DROP_DOWN,Yellow;Orange,,,,,,,,,,,,,Fit,<p>R</p>,Length,<p>64</p>,Width,<p>36</p>,Height,<p>60</p>,Box Quantity,<p>100</p>,Inner Pack Quantity,<p>10</p>,Country Of Origin,<p>CN</p>,Standards,<p></p>,,,,
HA20,Variant,,This wide brimmed sun sheld is compatible with most hard hats and will keep you cool whilst protecting you from the sun's rays.,https://d11ak7fd9ypfb7.cloudfront.net/styles1100px/HA20YER.jpg,,0.0,TRUE,InStock,0.135,,HA20YER,,,,Size,DROP_DOWN,,Color,DROP_DOWN,Yellow,,,,,,,,,,,,,Fit,<p>R</p>,Length,<p>64</p>,Width,<p>36</p>,Height,<p>60</p>,Box Quantity,<p>100</p>,Inner Pack Quantity,<p>10</p>,Country Of Origin,<p>CN</p>,Standards,<p></p>,,,,
HB11,Product,HB11 - Reflective Baseball Cap,"Made from 100% Polyester reflective fabric, this contemporary cap is sewn in six sections with reinforced twin stitching on all seams. The cap has an adjustable hook and loop strap at the back and vent holes on the crown provide ventilation for the wearer.",https://d11ak7fd9ypfb7.cloudfront.net/styles1100px/HB11SIR.jpg,9.2,0.0,TRUE,InStock,0.065,,HB11SIR,,,,Size,DROP_DOWN,,Color,DROP_DOWN,Silver,,,,,,,,,,,,,Fit,<p>R</p>,Length,<p>44</p>,Width,<p>44</p>,Height,<p>30</p>,Box Quantity,<p>100</p>,Inner Pack Quantity,<p>10</p>,Country Of Origin,<p>CN</p>,Standards,<p></p>,,,,
HV05,Product,HV05 - Illuminated Flashing Armband,Adjustable elastic straps for a secure fit Bright illuminated reflective panel 2 light settings: constant and pulse Compact and lightweight Battery life of 80 hours CR2032 3v battery included CE certified,https://d11ak7fd9ypfb7.cloudfront.net/styles1100px/HV05YER.jpg,4.6,0.0,TRUE,InStock,0.04,Accessories;Lighting,HV05YER,,,,Size,DROP_DOWN,,Color,DROP_DOWN,Yellow,,,,,,,,,,,,,Fit,<p>R</p>,Length,<p>62</p>,Width,<p>44</p>,Height,<p>52</p>,Box Quantity,<p>600</p>,Inner Pack Quantity,<p>25</p>,Country Of Origin,<p>CN</p>,Standards,<ul><li>CE</li><li>RoHS</li><li>EN 13356</li></ul>,,,,
HV12,Product,HV12 - USB Rechargeable Light Clip,"USB Rechargeable Light Clip can be easily attached to any hat, jacket, radio loop or belt, to ensure visibility for workers. Perfect for any night time activity.",https://d11ak7fd9ypfb7.cloudfront.net/styles1100px/HV12BKR.jpg,5.7,0.0,TRUE,InStock,0.03,,HV12BKR,,,,Size,DROP_DOWN,,Color,DROP_DOWN,Black,,,,,,,,,,,,,Fit,<p>R</p>,Length,<p>53</p>,Width,<p>34</p>,Height,<p>19</p>,Box Quantity,<p>480</p>,Inner Pack Quantity,<p>48</p>,Country Of Origin,<p>CN</p>,Standards,<ul><li>CE</li><li>RoHS</li></ul>,,,,
HV55,Product,HV55 - Hi-Vis Strap,"Adjustable Hook and Loop fastening for flexible sizing. Belt and shoulder band width is 7.5cm, providing a robust fit. Easy to wear and easy to remove. 3cm wide reflective tape for increased visibility.",https://d11ak7fd9ypfb7.cloudfront.net/styles1100px/HV55ORR.jpg,7.7,0.0,TRUE,InStock,0.124,,HV55ORR,,,,Size,DROP_DOWN,,Color,DROP_DOWN,Yellow;Orange,,,,,,,,,,,,,Fit,<p>R</p>,Length,<p>60</p>,Width,<p>32</p>,Height,<p>21</p>,Box Quantity,<p>120</p>,Inner Pack Quantity,<p>20</p>,Country Of Origin,<p>CN</p>,Standards,<ul><li>EN 13356</li></ul>,,,,
HV55,Variant,,"Adjustable Hook and Loop fastening for flexible sizing. Belt and shoulder band width is 7.5cm, providing a robust fit. Easy to wear and easy to remove. 3cm wide reflective tape for increased visibility.",https://d11ak7fd9ypfb7.cloudfront.net/styles1100px/HV55YER.jpg,,0.0,TRUE,InStock,0.124,,HV55YER,,,,Size,DROP_DOWN,,Color,DROP_DOWN,Yellow,,,,,,,,,,,,,Fit,<p>R</p>,Length,<p>60</p>,Width,<p>32</p>,Height,<p>21</p>,Box Quantity,<p>120</p>,Inner Pack Quantity,<p>20</p>,Country Of Origin,<p>CN</p>,Standards,<ul><li>EN 13356</li></ul>,,,,
ID12,Product,ID12 - Medical Information Contact,Offers immediate identification of a workers medical information which could ultimately save the life of the worker in accidents and emergencies. Language free with instantly recognizable icons for easy and global recognition.,https://d11ak7fd9ypfb7.cloudfront.net/styles1100px/ID12RER.jpg,2.1,0.0,TRUE,InStock,0.01,,ID12RER,,,,Size,DROP_DOWN,,Color,DROP_DOWN,Red,,,,,,,,,,,,,Fit,<p>R</p>,Length,<p>43</p>,Width,<p>28</p>,Height,<p>45</p>,Box Quantity,<p>800</p>,Inner Pack Quantity,<p>20</p>,Country Of Origin,<p>CN</p>,Standards,<p></p>,,,,
KN10,Product,KN10 - Ultra Safety Cutter,Blade retracts once the user disengages the blade slider button avoiding accidents Designed for right handed users Classic safety knife design,https://d11ak7fd9ypfb7.cloudfront.net/styles1100px/KN10BKR.jpg,7.1,0.0,TRUE,InStock,0.1,Accessories;Knives,KN10BKR,,,,Size,DROP_DOWN,,Color,DROP_DOWN,Black,,,,,,,,,,,,,Fit,<p>R</p>,Length,<p>59</p>,Width,<p>39</p>,Height,<p>34</p>,Box Quantity,<p>144</p>,Inner Pack Quantity,<p>12</p>,Country Of Origin,<p>CN</p>,Standards,<p></p>,,,,
KN18,Product,KN18 - Portwest Snap Off Knife,"Ergonomically designed for a stronger grip, quick blade adjustment Includes 3 replacement blades which are stored in the knife Rust resistant stainless steel blade holder",https://d11ak7fd9ypfb7.cloudfront.net/styles1100px/KN18BLU.jpg,3.9,0.0,TRUE,InStock,0.121,,KN18BLU,,,,Size,DROP_DOWN,,Color,DROP_DOWN,Blue,,,,,,,,,,,,,Fit,<p>U</p>,Length,<p>47</p>,Width,<p>32</p>,Height,<p>32.5</p>,Box Quantity,<p>144</p>,Inner Pack Quantity,<p>12</p>,Country Of Origin,<p>CN</p>,Standards,<p></p>,,,,
KN20,Product,KN20 - Pro Safety Cutter,Tough design with rubber grip for improved safety Blade retracts once the user disengages the blade slider button avoiding accidents Suitable for both right and left handed users,https://d11ak7fd9ypfb7.cloudfront.net/styles1100px/KN20SIR.jpg,7.6,0.0,TRUE,InStock,0.14,Accessories;Knives,KN20SIR,,,,Size,DROP_DOWN,,Color,DROP_DOWN,Silver,,,,,,,,,,,,,Fit,<p>R</p>,Length,<p>59</p>,Width,<p>39</p>,Height,<p>34</p>,Box Quantity,<p>144</p>,Inner Pack Quantity,<p>12</p>,Country Of Origin,<p>CN</p>,Standards,<ul><li>ISO 13688</li></ul>,,,,
KN30,Product,KN30 - Portwest Folding Utility Knife,Foldable aluminum knife for easy storage Quick blade change system One handed opening for working at height Rubber handle for better grip Useful metal belt clip Includes 5 replacement blades,https://d11ak7fd9ypfb7.cloudfront.net/styles1100px/KN30BLU.jpg,11.7,0.0,TRUE,InStock,0.175,,KN30BLU,,,,Size,DROP_DOWN,,Color,DROP_DOWN,Blue,,,,,,,,,,,,,Fit,<p>U</p>,Length,<p>46</p>,Width,<p>38</p>,Height,<p>22</p>,Box Quantity,<p>96</p>,Inner Pack Quantity,<p>8</p>,Country Of Origin,<p>CN</p>,Standards,<p></p>,,,,
KN40,Product,KN40 - Retractable Safety Cutter,"Auto retractable blade, which disengages when it loses contact with the cutting surface Quick blade change system Designed for heavy everyday use Accommodates use with a lanyard",https://d11ak7fd9ypfb7.cloudfront.net/styles1100px/KN40BLU.jpg,17.9,0.0,TRUE,InStock,0.26,Accessories;Knives,KN40BLU,,,,Size,DROP_DOWN,,Color,DROP_DOWN,Blue,,,,,,,,,,,,,Fit,<p>U</p>,Length,<p>55</p>,Width,<p>36</p>,Height,<p>45</p>,Box Quantity,<p>72</p>,Inner Pack Quantity,<p>12</p>,Country Of Origin,<p>CN</p>,Standards,<ul><li>ISO 13688</li></ul>,,,,
KN90,Product,KN90 - Replacement Blades for KN10 and KN20 (10),Replacement blades for KN10 and KN20 2 cutting edges 10 blades per pack Unparalleled sharpness Superior edge retention,https://d11ak7fd9ypfb7.cloudfront.net/styles1100px/KN90NCR.jpg,2.4,0.0,TRUE,InStock,0.04,Accessories;Knives,KN90NCR,,,,Size,DROP_DOWN,,Color,DROP_DOWN,No Colour,,,,,,,,,,,,,Fit,<p>R</p>,Length,<p>35</p>,Width,<p>18</p>,Height,<p>24</p>,Box Quantity,<p>500</p>,Inner Pack Quantity,<p>10</p>,Country Of Origin,<p>CN</p>,Standards,<p></p>,,,,
KN91,Product,KN91 - Replacement Blades for KN30 and KN40 Cutters (10),Replacement blades for KN30 and KN40 2 cutting edges 10 blades per pack Unparalleled sharpness Superior edge retention,https://d11ak7fd9ypfb7.cloudfront.net/styles1100px/KN91NCR.jpg,2.4,0.0,TRUE,InStock,0.04,Accessories;Knives,KN91NCR,,,,Size,DROP_DOWN,,Color,DROP_DOWN,No Colour,,,,,,,,,,,,,Fit,<p>R</p>,Length,<p>35</p>,Width,<p>18</p>,Height,<p>24</p>,Box Quantity,<p>500</p>,Inner Pack Quantity,<p>500</p>,Country Of Origin,<p>CN</p>,Standards,<p></p>,,,,
KN93,Product,KN93 - Portwest Snap Off KN18 Replacement Blades (10),"Replacement blades for KN18 8 cutting edges 10 blades per pack Generic size .7"" snap off blade fits most other designs",https://d11ak7fd9ypfb7.cloudfront.net/styles1100px/KN93NCR.jpg,2.6,0.0,TRUE,InStock,0.087,,KN93NCR,,,,Size,DROP_DOWN,,Color,DROP_DOWN,No Colour,,,,,,,,,,,,,Fit,<p>R</p>,Length,<p>40</p>,Width,<p>34</p>,Height,<p>29</p>,Box Quantity,<p>240</p>,Inner Pack Quantity,<p>240</p>,Country Of Origin,<p>CN</p>,Standards,<p></p>,,,,
KP05,Product,KP05 - Kneeling Pad,Lightweight EVA foam cushioning Reduces knee and back strain Integral carry handle,https://d11ak7fd9ypfb7.cloudfront.net/styles1100px/KP05BKR.jpg,5.8,0.0,TRUE,InStock,0.105,Accessories;Kneepads & Mats,KP05BKR,,,,Size,DROP_DOWN,,Color,DROP_DOWN,Black,,,,,,,,,,,,,Fit,<p>R</p>,Length,<p>65</p>,Width,<p>64</p>,Height,<p>42</p>,Box Quantity,<p>84</p>,Inner Pack Quantity,<p>28</p>,Country Of Origin,<p>CN</p>,Standards,<p></p>,,,,
KP20,Product,KP20 - Lightweight Knee Pad,Lightweight wrap-around design Tough outer shell for protection Breathable inner fabric allows air to circulate A thick foam center cushions the wearers knee,https://d11ak7fd9ypfb7.cloudfront.net/styles1100px/KP20BKR.jpg,13.4,0.0,TRUE,InStock,0.237,Accessories;Kneepads & Mats,KP20BKR,,,,Size,DROP_DOWN,,Color,DROP_DOWN,Black,,,,,,,,,,,,,Fit,<p>R</p>,Length,<p>61</p>,Width,<p>47</p>,Height,<p>58</p>,Box Quantity,<p>48</p>,Inner Pack Quantity,<p>1</p>,Country Of Origin,<p>CN</p>,Standards,<ul><li>EN 14404:2004+A1:2010 Type 1  level 0</li></ul>,,,,
KP30,Product,KP30 - Super Gel Knee Pad,Strong outer shell offers protection and traction Silicone gel inserts protect joints and provide greater comfort Ergonomically designed and tested straps ensure no pinching to the back of the leg,https://d11ak7fd9ypfb7.cloudfront.net/styles1100px/KP30BKR.jpg,20.5,0.0,TRUE,InStock,0.467,Accessories;Kneepads & Mats,KP30BKR,,,,Size,DROP_DOWN,,Color,DROP_DOWN,Black,,,,,,,,,,,,,Fit,<p>R</p>,Length,<p>58</p>,Width,<p>51</p>,Height,<p>58</p>,Box Quantity,<p>36</p>,Inner Pack Quantity,<p>1</p>,Country Of Origin,<p>CN</p>,Standards,<ul><li>EN 14404:2004+A1:2010 Type 1  level 0</li></ul>,,,,
KP40,Product,KP40 - Ultimate Gel Knee Pad,Designed to give stability to the wearer by virtue of its flexible and wide foot print Unrivaled comfort is provided by silicone gel inserts Ergonomically designed and tested straps ensure no pinching to the back of the leg A strong and durable outer shell makes for a long lasting tough knee pad,https://d11ak7fd9ypfb7.cloudfront.net/styles1100px/KP40BKR.jpg,26.7,0.0,TRUE,InStock,0.72,Accessories;Kneepads & Mats,KP40BKR,,,,Size,DROP_DOWN,,Color,DROP_DOWN,Black,,,,,,,,,,,,,Fit,<p>R</p>,Length,<p>71</p>,Width,<p>50</p>,Height,<p>69</p>,Box Quantity,<p>36</p>,Inner Pack Quantity,<p>1</p>,Country Of Origin,<p>CN</p>,Standards,<ul><li>EN 14404:2004+A1:2010 Type 1  level 1</li><li>CE</li></ul>,,,,
KX340,Product,KX340 - KX3 Ripstop Shorts,"Contemporary work shorts made from highly durable ripstop fabric that stretches as you move. Packed with functionality including a crotch gusset, side elastication and a high rise back waistband that ensures protection in all working positions. Multi-functional thigh pockets provide secure storage of phones, pens and tools.",https://d11ak7fd9ypfb7.cloudfront.net/styles1100px/KX340BKR.jpg,0.0,0.0,TRUE,InStock,0.507,,KX340BKR30,,,,Size,DROP_DOWN,30;32;34;36;38;40;42,Color,DROP_DOWN,Dark Navy;Black,,,,,,,,,,,,,Fit,<p>R</p>,Length,<p>43</p>,Width,<p>28</p>,Height,<p>40</p>,Box Quantity,<p>24</p>,Inner Pack Quantity,<p>1</p>,Country Of Origin,<p>BD</p>,Standards,<p></p>,,,,
KX340,Variant,,"Contemporary work shorts made from highly durable ripstop fabric that stretches as you move. Packed with functionality including a crotch gusset, side elastication and a high rise back waistband that ensures protection in all working positions. Multi-functional thigh pockets provide secure storage of phones, pens and tools.",https://d11ak7fd9ypfb7.cloudfront.net/styles1100px/KX340BKR.jpg,,0.0,TRUE,InStock,0.507,,KX340BKR30,,,,Size,DROP_DOWN,30,Color,DROP_DOWN,Black,,,,,,,,,,,,,Fit,<p>R</p>,Length,<p>43</p>,Width,<p>28</p>,Height,<p>40</p>,Box Quantity,<p>24</p>,Inner Pack Quantity,<p>1</p>,Country Of Origin,<p>BD</p>,Standards,<p></p>,,,,
KX340,Variant,,"Contemporary work shorts made from highly durable ripstop fabric that stretches as you move. Packed with functionality including a crotch gusset, side elastication and a high rise back waistband that ensures protection in all working positions. Multi-functional thigh pockets provide secure storage of phones, pens and tools.",https://d11ak7fd9ypfb7.cloudfront.net/styles1100px/KX340BKR.jpg,,0.0,TRUE,InStock,0.522,,KX340BKR32,,,,Size,DROP_DOWN,32,Color,DROP_DOWN,Black,,,,,,,,,,,,,Fit,<p>R</p>,Length,<p>43</p>,Width,<p>28</p>,Height,<p>40</p>,Box Quantity,<p>24</p>,Inner Pack Quantity,<p>1</p>,Country Of Origin,<p>BD</p>,Standards,<p></p>,,,,
KX340,Variant,,"Contemporary work shorts made from highly durable ripstop fabric that stretches as you move. Packed with functionality including a crotch gusset, side elastication and a high rise back waistband that ensures protection in all working positions. Multi-functional thigh pockets provide secure storage of phones, pens and tools.",https://d11ak7fd9ypfb7.cloudfront.net/styles1100px/KX340BKR.jpg,,0.0,TRUE,InStock,0.536,,KX340BKR34,,,,Size,DROP_DOWN,34,Color,DROP_DOWN,Black,,,,,,,,,,,,,Fit,<p>R</p>,Length,<p>43</p>,Width,<p>28</p>,Height,<p>40</p>,Box Quantity,<p>24</p>,Inner Pack Quantity,<p>1</p>,Country Of Origin,<p>BD</p>,Standards,<p></p>,,,,
KX340,Variant,,"Contemporary work shorts made from highly durable ripstop fabric that stretches as you move. Packed with functionality including a crotch gusset, side elastication and a high rise back waistband that ensures protection in all working positions. Multi-functional thigh pockets provide secure storage of phones, pens and tools.",https://d11ak7fd9ypfb7.cloudfront.net/styles1100px/KX340BKR.jpg,,0.0,TRUE,InStock,0.548,,KX340BKR36,,,,Size,DROP_DOWN,36,Color,DROP_DOWN,Black,,,,,,,,,,,,,Fit,<p>R</p>,Length,<p>43</p>,Width,<p>28</p>,Height,<p>40</p>,Box Quantity,<p>24</p>,Inner Pack Quantity,<p>1</p>,Country Of Origin,<p>BD</p>,Standards,<p></p>,,,,
KX340,Variant,,"Contemporary work shorts made from highly durable ripstop fabric that stretches as you move. Packed with functionality including a crotch gusset, side elastication and a high rise back waistband that ensures protection in all working positions. Multi-functional thigh pockets provide secure storage of phones, pens and tools.",https://d11ak7fd9ypfb7.cloudfront.net/styles1100px/KX340BKR.jpg,,0.0,TRUE,InStock,0.561,,KX340BKR38,,,,Size,DROP_DOWN,38,Color,DROP_DOWN,Black,,,,,,,,,,,,,Fit,<p>R</p>,Length,<p>43</p>,Width,<p>28</p>,Height,<p>40</p>,Box Quantity,<p>24</p>,Inner Pack Quantity,<p>1</p>,Country Of Origin,<p>BD</p>,Standards,<p></p>,,,,
KX340,Variant,,"Contemporary work shorts made from highly durable ripstop fabric that stretches as you move. Packed with functionality including a crotch gusset, side elastication and a high rise back waistband that ensures protection in all working positions. Multi-functional thigh pockets provide secure storage of phones, pens and tools.",https://d11ak7fd9ypfb7.cloudfront.net/styles1100px/KX340BKR.jpg,,0.0,TRUE,InStock,0.569,,KX340BKR40,,,,Size,DROP_DOWN,40,Color,DROP_DOWN,Black,,,,,,,,,,,,,Fit,<p>R</p>,Length,<p>43</p>,Width,<p>28</p>,Height,<p>40</p>,Box Quantity,<p>24</p>,Inner Pack Quantity,<p>1</p>,Country Of Origin,<p>BD</p>,Standards,<p></p>,,,,
KX340,Variant,,"Contemporary work shorts made from highly durable ripstop fabric that stretches as you move. Packed with functionality including a crotch gusset, side elastication and a high rise back waistband that ensures protection in all working positions. Multi-functional thigh pockets provide secure storage of phones, pens and tools.",https://d11ak7fd9ypfb7.cloudfront.net/styles1100px/KX340BKR.jpg,,0.0,TRUE,InStock,0.59,,KX340BKR42,,,,Size,DROP_DOWN,42,Color,DROP_DOWN,Black,,,,,,,,,,,,,Fit,<p>R</p>,Length,<p>43</p>,Width,<p>28</p>,Height,<p>40</p>,Box Quantity,<p>24</p>,Inner Pack Quantity,<p>1</p>,Country Of Origin,<p>BD</p>,Standards,<p></p>,,,,
KX340,Variant,,"Contemporary work shorts made from highly durable ripstop fabric that stretches as you move. Packed with functionality including a crotch gusset, side elastication and a high rise back waistband that ensures protection in all working positions. Multi-functional thigh pockets provide secure storage of phones, pens and tools.",https://d11ak7fd9ypfb7.cloudfront.net/styles1100px/KX340DNR.jpg,,0.0,TRUE,InStock,0.507,,KX340DNR30,,,,Size,DROP_DOWN,30,Color,DROP_DOWN,Dark Navy,,,,,,,,,,,,,Fit,<p>R</p>,Length,<p>43</p>,Width,<p>28</p>,Height,<p>40</p>,Box Quantity,<p>24</p>,Inner Pack Quantity,<p>1</p>,Country Of Origin,<p>BD</p>,Standards,<p></p>,,,,
KX340,Variant,,"Contemporary work shorts made from highly durable ripstop fabric that stretches as you move. Packed with functionality including a crotch gusset, side elastication and a high rise back waistband that ensures protection in all working positions. Multi-functional thigh pockets provide secure storage of phones, pens and tools.",https://d11ak7fd9ypfb7.cloudfront.net/styles1100px/KX340DNR.jpg,,0.0,TRUE,InStock,0.522,,KX340DNR32,,,,Size,DROP_DOWN,32,Color,DROP_DOWN,Dark Navy,,,,,,,,,,,,,Fit,<p>R</p>,Length,<p>43</p>,Width,<p>28</p>,Height,<p>40</p>,Box Quantity,<p>24</p>,Inner Pack Quantity,<p>1</p>,Country Of Origin,<p>BD</p>,Standards,<p></p>,,,,
KX340,Variant,,"Contemporary work shorts made from highly durable ripstop fabric that stretches as you move. Packed with functionality including a crotch gusset, side elastication and a high rise back waistband that ensures protection in all working positions. Multi-functional thigh pockets provide secure storage of phones, pens and tools.",https://d11ak7fd9ypfb7.cloudfront.net/styles1100px/KX340DNR.jpg,,0.0,TRUE,InStock,0.536,,KX340DNR34,,,,Size,DROP_DOWN,34,Color,DROP_DOWN,Dark Navy,,,,,,,,,,,,,Fit,<p>R</p>,Length,<p>43</p>,Width,<p>28</p>,Height,<p>40</p>,Box Quantity,<p>24</p>,Inner Pack Quantity,<p>1</p>,Country Of Origin,<p>BD</p>,Standards,<p></p>,,,,
KX340,Variant,,"Contemporary work shorts made from highly durable ripstop fabric that stretches as you move. Packed with functionality including a crotch gusset, side elastication and a high rise back waistband that ensures protection in all working positions. Multi-functional thigh pockets provide secure storage of phones, pens and tools.",https://d11ak7fd9ypfb7.cloudfront.net/styles1100px/KX340DNR.jpg,,0.0,TRUE,InStock,0.548,,KX340DNR36,,,,Size,DROP_DOWN,36,Color,DROP_DOWN,Dark Navy,,,,,,,,,,,,,Fit,<p>R</p>,Length,<p>43</p>,Width,<p>28</p>,Height,<p>40</p>,Box Quantity,<p>24</p>,Inner Pack Quantity,<p>1</p>,Country Of Origin,<p>BD</p>,Standards,<p></p>,,,,
KX340,Variant,,"Contemporary work shorts made from highly durable ripstop fabric that stretches as you move. Packed with functionality including a crotch gusset, side elastication and a high rise back waistband that ensures protection in all working positions. Multi-functional thigh pockets provide secure storage of phones, pens and tools.",https://d11ak7fd9ypfb7.cloudfront.net/styles1100px/KX340DNR.jpg,,0.0,TRUE,InStock,0.561,,KX340DNR38,,,,Size,DROP_DOWN,38,Color,DROP_DOWN,Dark Navy,,,,,,,,,,,,,Fit,<p>R</p>,Length,<p>43</p>,Width,<p>28</p>,Height,<p>40</p>,Box Quantity,<p>24</p>,Inner Pack Quantity,<p>1</p>,Country Of Origin,<p>BD</p>,Standards,<p></p>,,,,
KX340,Variant,,"Contemporary work shorts made from highly durable ripstop fabric that stretches as you move. Packed with functionality including a crotch gusset, side elastication and a high rise back waistband that ensures protection in all working positions. Multi-functional thigh pockets provide secure storage of phones, pens and tools.",https://d11ak7fd9ypfb7.cloudfront.net/styles1100px/KX340DNR.jpg,,0.0,TRUE,InStock,0.569,,KX340DNR40,,,,Size,DROP_DOWN,40,Color,DROP_DOWN,Dark Navy,,,,,,,,,,,,,Fit,<p>R</p>,Length,<p>43</p>,Width,<p>28</p>,Height,<p>40</p>,Box Quantity,<p>24</p>,Inner Pack Quantity,<p>1</p>,Country Of Origin,<p>BD</p>,Standards,<p></p>,,,,
KX340,Variant,,"Contemporary work shorts made from highly durable ripstop fabric that stretches as you move. Packed with functionality including a crotch gusset, side elastication and a high rise back waistband that ensures protection in all working positions. Multi-functional thigh pockets provide secure storage of phones, pens and tools.",https://d11ak7fd9ypfb7.cloudfront.net/styles1100px/KX340DNR.jpg,,0.0,TRUE,InStock,0.59,,KX340DNR42,,,,Size,DROP_DOWN,42,Color,DROP_DOWN,Dark Navy,,,,,,,,,,,,,Fit,<p>R</p>,Length,<p>43</p>,Width,<p>28</p>,Height,<p>40</p>,Box Quantity,<p>24</p>,Inner Pack Quantity,<p>1</p>,Country Of Origin,<p>BD</p>,Standards,<p></p>,,,,
KX370,Product,KX370 - KX3 Check Work Shirt,"The KX3 Work Shirt is a yarn dyed 100% cotton brushed check fabric, for warmth and style. Modern styling with added extra's for a long day on the job. Radio loops, Pen pocket and a shoulder and back yoke made in our hardwearing Kingsmill Twill fabric for extra durability.",https://d11ak7fd9ypfb7.cloudfront.net/styles1100px/KX370BRC.jpg,0.0,0.0,TRUE,InStock,0.999,,KX370BRCL,,,,Size,DROP_DOWN,S;M;L;XL;XXL;XXXL,Color,DROP_DOWN,Brown Check,,,,,,,,,,,,,Fit,<p>C</p>,Length,<p>43</p>,Width,<p>28</p>,Height,<p>35</p>,Box Quantity,<p>24</p>,Inner Pack Quantity,<p>1</p>,Country Of Origin,<p>BD</p>,Standards,<p></p>,,,,
KX370,Variant,,"The KX3 Work Shirt is a yarn dyed 100% cotton brushed check fabric, for warmth and style. Modern styling with added extra's for a long day on the job. Radio loops, Pen pocket and a shoulder and back yoke made in our hardwearing Kingsmill Twill fabric for extra durability.",https://d11ak7fd9ypfb7.cloudfront.net/styles1100px/KX370BRC.jpg,,0.0,TRUE,InStock,0.999,,KX370BRCL,,,,Size,DROP_DOWN,L,Color,DROP_DOWN,Brown Check,,,,,,,,,,,,,Fit,<p>C</p>,Length,<p>43</p>,Width,<p>28</p>,Height,<p>35</p>,Box Quantity,<p>24</p>,Inner Pack Quantity,<p>1</p>,Country Of Origin,<p>BD</p>,Standards,<p></p>,,,,
KX370,Variant,,"The KX3 Work Shirt is a yarn dyed 100% cotton brushed check fabric, for warmth and style. Modern styling with added extra's for a long day on the job. Radio loops, Pen pocket and a shoulder and back yoke made in our hardwearing Kingsmill Twill fabric for extra durability.",https://d11ak7fd9ypfb7.cloudfront.net/styles1100px/KX370BRC.jpg,,0.0,TRUE,InStock,0.999,,KX370BRCM,,,,Size,DROP_DOWN,M,Color,DROP_DOWN,Brown Check,,,,,,,,,,,,,Fit,<p>C</p>,Length,<p>43</p>,Width,<p>28</p>,Height,<p>35</p>,Box Quantity,<p>24</p>,Inner Pack Quantity,<p>1</p>,Country Of Origin,<p>BD</p>,Standards,<p></p>,,,,
KX370,Variant,,"The KX3 Work Shirt is a yarn dyed 100% cotton brushed check fabric, for warmth and style. Modern styling with added extra's for a long day on the job. Radio loops, Pen pocket and a shoulder and back yoke made in our hardwearing Kingsmill Twill fabric for extra durability.",https://d11ak7fd9ypfb7.cloudfront.net/styles1100px/KX370BRC.jpg,,0.0,TRUE,InStock,0.999,,KX370BRCS,,,,Size,DROP_DOWN,S,Color,DROP_DOWN,Brown Check,,,,,,,,,,,,,Fit,<p>C</p>,Length,<p>43</p>,Width,<p>28</p>,Height,<p>35</p>,Box Quantity,<p>24</p>,Inner Pack Quantity,<p>1</p>,Country Of Origin,<p>BD</p>,Standards,<p></p>,,,,
KX370,Variant,,"The KX3 Work Shirt is a yarn dyed 100% cotton brushed check fabric, for warmth and style. Modern styling with added extra's for a long day on the job. Radio loops, Pen pocket and a shoulder and back yoke made in our hardwearing Kingsmill Twill fabric for extra durability.",https://d11ak7fd9ypfb7.cloudfront.net/styles1100px/KX370BRC.jpg,,0.0,TRUE,InStock,0.999,,KX370BRCXL,,,,Size,DROP_DOWN,XL,Color,DROP_DOWN,Brown Check,,,,,,,,,,,,,Fit,<p>C</p>,Length,<p>43</p>,Width,<p>28</p>,Height,<p>35</p>,Box Quantity,<p>24</p>,Inner Pack Quantity,<p>1</p>,Country Of Origin,<p>BD</p>,Standards,<p></p>,,,,
KX370,Variant,,"The KX3 Work Shirt is a yarn dyed 100% cotton brushed check fabric, for warmth and style. Modern styling with added extra's for a long day on the job. Radio loops, Pen pocket and a shoulder and back yoke made in our hardwearing Kingsmill Twill fabric for extra durability.",https://d11ak7fd9ypfb7.cloudfront.net/styles1100px/KX370BRC.jpg,,0.0,TRUE,InStock,0.999,,KX370BRCXXL,,,,Size,DROP_DOWN,XXL,Color,DROP_DOWN,Brown Check,,,,,,,,,,,,,Fit,<p>C</p>,Length,<p>43</p>,Width,<p>28</p>,Height,<p>35</p>,Box Quantity,<p>24</p>,Inner Pack Quantity,<p>1</p>,Country Of Origin,<p>BD</p>,Standards,<p></p>,,,,
KX370,Variant,,"The KX3 Work Shirt is a yarn dyed 100% cotton brushed check fabric, for warmth and style. Modern styling with added extra's for a long day on the job. Radio loops, Pen pocket and a shoulder and back yoke made in our hardwearing Kingsmill Twill fabric for extra durability.",https://d11ak7fd9ypfb7.cloudfront.net/styles1100px/KX370BRC.jpg,,0.0,TRUE,InStock,0.999,,KX370BRCXXXL,,,,Size,DROP_DOWN,XXXL,Color,DROP_DOWN,Brown Check,,,,,,,,,,,,,Fit,<p>C</p>,Length,<p>43</p>,Width,<p>28</p>,Height,<p>35</p>,Box Quantity,<p>24</p>,Inner Pack Quantity,<p>1</p>,Country Of Origin,<p>BD</p>,Standards,<p></p>,,,,
L440,Product,L440 - Essentials Rainsuit (2 Piece Suit),"The Essentials Rainsuit offers excellent waterproof protection in one convenient set. This great value lightweight classic suit is a must have with its taped seams. Features include 2 pockets at front of Jacket and 2 side pass through pockets in the pant, with a pack-away adjustable hood and a back vent for ventilation. The Jacket also has inner elasticated cuffs to prevent water entry and the pant has a fully elasticated waistband and snap adjustable hem for an easy wear. This suit comes packaged together in one bag that is ideal for retail.",https://d11ak7fd9ypfb7.cloudfront.net/styles1100px/L440NAR.jpg,26.5,0.0,TRUE,InStock,1.015,,L440NARL,,,,Size,DROP_DOWN,S;M;L;XL;XXL;XXXL,Color,DROP_DOWN,Navy;Yellow,,,,,,,,,,,,,Fit,<p>R</p>,Length,<p>48</p>,Width,<p>29</p>,Height,<p>36</p>,Box Quantity,<p>18</p>,Inner Pack Quantity,<p>1</p>,Country Of Origin,<p>CN</p>,Standards,<ul><li>EN 343:2019 Class 3:1 X  WP 5000mm</li></ul>,,,,
L440,Variant,,"The Essentials Rainsuit offers excellent waterproof protection in one convenient set. This great value lightweight classic suit is a must have with its taped seams. Features include 2 pockets at front of Jacket and 2 side pass through pockets in the pant, with a pack-away adjustable hood and a back vent for ventilation. The Jacket also has inner elasticated cuffs to prevent water entry and the pant has a fully elasticated waistband and snap adjustable hem for an easy wear. This suit comes packaged together in one bag that is ideal for retail.",https://d11ak7fd9ypfb7.cloudfront.net/styles1100px/L440NAR.jpg,,0.0,TRUE,InStock,1.015,,L440NARL,,,,Size,DROP_DOWN,L,Color,DROP_DOWN,Navy,,,,,,,,,,,,,Fit,<p>R</p>,Length,<p>48</p>,Width,<p>29</p>,Height,<p>36</p>,Box Quantity,<p>18</p>,Inner Pack Quantity,<p>1</p>,Country Of Origin,<p>CN</p>,Standards,<ul><li>EN 343:2019 Class 3:1 X  WP 5000mm</li></ul>,,,,
L440,Variant,,"The Essentials Rainsuit offers excellent waterproof protection in one convenient set. This great value lightweight classic suit is a must have with its taped seams. Features include 2 pockets at front of Jacket and 2 side pass through pockets in the pant, with a pack-away adjustable hood and a back vent for ventilation. The Jacket also has inner elasticated cuffs to prevent water entry and the pant has a fully elasticated waistband and snap adjustable hem for an easy wear. This suit comes packaged together in one bag that is ideal for retail.",https://d11ak7fd9ypfb7.cloudfront.net/styles1100px/L440NAR.jpg,,0.0,TRUE,InStock,0.932,,L440NARM,,,,Size,DROP_DOWN,M,Color,DROP_DOWN,Navy,,,,,,,,,,,,,Fit,<p>R</p>,Length,<p>48</p>,Width,<p>29</p>,Height,<p>36</p>,Box Quantity,<p>18</p>,Inner Pack Quantity,<p>1</p>,Country Of Origin,<p>CN</p>,Standards,<ul><li>EN 343:2019 Class 3:1 X  WP 5000mm</li></ul>,,,,
L440,Variant,,"The Essentials Rainsuit offers excellent waterproof protection in one convenient set. This great value lightweight classic suit is a must have with its taped seams. Features include 2 pockets at front of Jacket and 2 side pass through pockets in the pant, with a pack-away adjustable hood and a back vent for ventilation. The Jacket also has inner elasticated cuffs to prevent water entry and the pant has a fully elasticated waistband and snap adjustable hem for an easy wear. This suit comes packaged together in one bag that is ideal for retail.",https://d11ak7fd9ypfb7.cloudfront.net/styles1100px/L440NAR.jpg,,0.0,TRUE,InStock,0.918,,L440NARS,,,,Size,DROP_DOWN,S,Color,DROP_DOWN,Navy,,,,,,,,,,,,,Fit,<p>R</p>,Length,<p>48</p>,Width,<p>29</p>,Height,<p>36</p>,Box Quantity,<p>18</p>,Inner Pack Quantity,<p>1</p>,Country Of Origin,<p>CN</p>,Standards,<ul><li>EN 343:2019 Class 3:1 X  WP 5000mm</li></ul>,,,,
L440,Variant,,"The Essentials Rainsuit offers excellent waterproof protection in one convenient set. This great value lightweight classic suit is a must have with its taped seams. Features include 2 pockets at front of Jacket and 2 side pass through pockets in the pant, with a pack-away adjustable hood and a back vent for ventilation. The Jacket also has inner elasticated cuffs to prevent water entry and the pant has a fully elasticated waistband and snap adjustable hem for an easy wear. This suit comes packaged together in one bag that is ideal for retail.",https://d11ak7fd9ypfb7.cloudfront.net/styles1100px/L440NAR.jpg,,0.0,TRUE,InStock,1.036,,L440NARXL,,,,Size,DROP_DOWN,XL,Color,DROP_DOWN,Navy,,,,,,,,,,,,,Fit,<p>R</p>,Length,<p>48</p>,Width,<p>29</p>,Height,<p>36</p>,Box Quantity,<p>18</p>,Inner Pack Quantity,<p>1</p>,Country Of Origin,<p>CN</p>,Standards,<ul><li>EN 343:2019 Class 3:1 X  WP 5000mm</li></ul>,,,,
L440,Variant,,"The Essentials Rainsuit offers excellent waterproof protection in one convenient set. This great value lightweight classic suit is a must have with its taped seams. Features include 2 pockets at front of Jacket and 2 side pass through pockets in the pant, with a pack-away adjustable hood and a back vent for ventilation. The Jacket also has inner elasticated cuffs to prevent water entry and the pant has a fully elasticated waistband and snap adjustable hem for an easy wear. This suit comes packaged together in one bag that is ideal for retail.",https://d11ak7fd9ypfb7.cloudfront.net/styles1100px/L440NAR.jpg,,0.0,TRUE,InStock,1.063,,L440NARXXL,,,,Size,DROP_DOWN,XXL,Color,DROP_DOWN,Navy,,,,,,,,,,,,,Fit,<p>R</p>,Length,<p>48</p>,Width,<p>29</p>,Height,<p>36</p>,Box Quantity,<p>18</p>,Inner Pack Quantity,<p>1</p>,Country Of Origin,<p>CN</p>,Standards,<ul><li>EN 343:2019 Class 3:1 X  WP 5000mm</li></ul>,,,,
L440,Variant,,"The Essentials Rainsuit offers excellent waterproof protection in one convenient set. This great value lightweight classic suit is a must have with its taped seams. Features include 2 pockets at front of Jacket and 2 side pass through pockets in the pant, with a pack-away adjustable hood and a back vent for ventilation. The Jacket also has inner elasticated cuffs to prevent water entry and the pant has a fully elasticated waistband and snap adjustable hem for an easy wear. This suit comes packaged together in one bag that is ideal for retail.",https://d11ak7fd9ypfb7.cloudfront.net/styles1100px/L440NAR.jpg,,0.0,TRUE,InStock,1.105,,L440NARXXXL,,,,Size,DROP_DOWN,XXXL,Color,DROP_DOWN,Navy,,,,,,,,,,,,,Fit,<p>R</p>,Length,<p>48</p>,Width,<p>29</p>,Height,<p>36</p>,Box Quantity,<p>18</p>,Inner Pack Quantity,<p>1</p>,Country Of Origin,<p>CN</p>,Standards,<ul><li>EN 343:2019 Class 3:1 X  WP 5000mm</li></ul>,,,,
L440,Variant,,"The Essentials Rainsuit offers excellent waterproof protection in one convenient set. This great value lightweight classic suit is a must have with its taped seams. Features include 2 pockets at front of Jacket and 2 side pass through pockets in the pant, with a pack-away adjustable hood and a back vent for ventilation. The Jacket also has inner elasticated cuffs to prevent water entry and the pant has a fully elasticated waistband and snap adjustable hem for an easy wear. This suit comes packaged together in one bag that is ideal for retail.",https://d11ak7fd9ypfb7.cloudfront.net/styles1100px/L440YER.jpg,,0.0,TRUE,InStock,1.015,,L440YERL,,,,Size,DROP_DOWN,L,Color,DROP_DOWN,Yellow,,,,,,,,,,,,,Fit,<p>R</p>,Length,<p>48</p>,Width,<p>29</p>,Height,<p>36</p>,Box Quantity,<p>18</p>,Inner Pack Quantity,<p>1</p>,Country Of Origin,<p>CN</p>,Standards,<ul><li>EN 343:2019 Class 3:1 X  WP 5000mm</li></ul>,,,,
L440,Variant,,"The Essentials Rainsuit offers excellent waterproof protection in one convenient set. This great value lightweight classic suit is a must have with its taped seams. Features include 2 pockets at front of Jacket and 2 side pass through pockets in the pant, with a pack-away adjustable hood and a back vent for ventilation. The Jacket also has inner elasticated cuffs to prevent water entry and the pant has a fully elasticated waistband and snap adjustable hem for an easy wear. This suit comes packaged together in one bag that is ideal for retail.",https://d11ak7fd9ypfb7.cloudfront.net/styles1100px/L440YER.jpg,,0.0,TRUE,InStock,0.932,,L440YERM,,,,Size,DROP_DOWN,M,Color,DROP_DOWN,Yellow,,,,,,,,,,,,,Fit,<p>R</p>,Length,<p>48</p>,Width,<p>29</p>,Height,<p>36</p>,Box Quantity,<p>18</p>,Inner Pack Quantity,<p>1</p>,Country Of Origin,<p>CN</p>,Standards,<ul><li>EN 343:2019 Class 3:1 X  WP 5000mm</li></ul>,,,,
L440,Variant,,"The Essentials Rainsuit offers excellent waterproof protection in one convenient set. This great value lightweight classic suit is a must have with its taped seams. Features include 2 pockets at front of Jacket and 2 side pass through pockets in the pant, with a pack-away adjustable hood and a back vent for ventilation. The Jacket also has inner elasticated cuffs to prevent water entry and the pant has a fully elasticated waistband and snap adjustable hem for an easy wear. This suit comes packaged together in one bag that is ideal for retail.",https://d11ak7fd9ypfb7.cloudfront.net/styles1100px/L440YER.jpg,,0.0,TRUE,InStock,0.918,,L440YERS,,,,Size,DROP_DOWN,S,Color,DROP_DOWN,Yellow,,,,,,,,,,,,,Fit,<p>R</p>,Length,<p>48</p>,Width,<p>29</p>,Height,<p>36</p>,Box Quantity,<p>18</p>,Inner Pack Quantity,<p>1</p>,Country Of Origin,<p>CN</p>,Standards,<ul><li>EN 343:2019 Class 3:1 X  WP 5000mm</li></ul>,,,,
L440,Variant,,"The Essentials Rainsuit offers excellent waterproof protection in one convenient set. This great value lightweight classic suit is a must have with its taped seams. Features include 2 pockets at front of Jacket and 2 side pass through pockets in the pant, with a pack-away adjustable hood and a back vent for ventilation. The Jacket also has inner elasticated cuffs to prevent water entry and the pant has a fully elasticated waistband and snap adjustable hem for an easy wear. This suit comes packaged together in one bag that is ideal for retail.",https://d11ak7fd9ypfb7.cloudfront.net/styles1100px/L440YER.jpg,,0.0,TRUE,InStock,1.036,,L440YERXL,,,,Size,DROP_DOWN,XL,Color,DROP_DOWN,Yellow,,,,,,,,,,,,,Fit,<p>R</p>,Length,<p>48</p>,Width,<p>29</p>,Height,<p>36</p>,Box Quantity,<p>18</p>,Inner Pack Quantity,<p>1</p>,Country Of Origin,<p>CN</p>,Standards,<ul><li>EN 343:2019 Class 3:1 X  WP 5000mm</li></ul>,,,,
L440,Variant,,"The Essentials Rainsuit offers excellent waterproof protection in one convenient set. This great value lightweight classic suit is a must have with its taped seams. Features include 2 pockets at front of Jacket and 2 side pass through pockets in the pant, with a pack-away adjustable hood and a back vent for ventilation. The Jacket also has inner elasticated cuffs to prevent water entry and the pant has a fully elasticated waistband and snap adjustable hem for an easy wear. This suit comes packaged together in one bag that is ideal for retail.",https://d11ak7fd9ypfb7.cloudfront.net/styles1100px/L440YER.jpg,,0.0,TRUE,InStock,1.063,,L440YERXXL,,,,Size,DROP_DOWN,XXL,Color,DROP_DOWN,Yellow,,,,,,,,,,,,,Fit,<p>R</p>,Length,<p>48</p>,Width,<p>29</p>,Height,<p>36</p>,Box Quantity,<p>18</p>,Inner Pack Quantity,<p>1</p>,Country Of Origin,<p>CN</p>,Standards,<ul><li>EN 343:2019 Class 3:1 X  WP 5000mm</li></ul>,,,,
L440,Variant,,"The Essentials Rainsuit offers excellent waterproof protection in one convenient set. This great value lightweight classic suit is a must have with its taped seams. Features include 2 pockets at front of Jacket and 2 side pass through pockets in the pant, with a pack-away adjustable hood and a back vent for ventilation. The Jacket also has inner elasticated cuffs to prevent water entry and the pant has a fully elasticated waistband and snap adjustable hem for an easy wear. This suit comes packaged together in one bag that is ideal for retail.",https://d11ak7fd9ypfb7.cloudfront.net/styles1100px/L440YER.jpg,,0.0,TRUE,InStock,1.105,,L440YERXXXL,,,,Size,DROP_DOWN,XXXL,Color,DROP_DOWN,Yellow,,,,,,,,,,,,,Fit,<p>R</p>,Length,<p>48</p>,Width,<p>29</p>,Height,<p>36</p>,Box Quantity,<p>18</p>,Inner Pack Quantity,<p>1</p>,Country Of Origin,<p>CN</p>,Standards,<ul><li>EN 343:2019 Class 3:1 X  WP 5000mm</li></ul>,,,,
L470,Product,L470 - Vega LED Vest,"Combining innovative integrated LED lights with high visibility material and HiVisTex reflective tape, this vest offers excellent visibility in all lighting conditions.",https://d11ak7fd9ypfb7.cloudfront.net/styles1100px/L470YER.jpg,29.9,0.0,TRUE,InStock,0.251,,L470YERL/XL,,,,Size,DROP_DOWN,L/XL;XX/3X,Color,DROP_DOWN,Yellow,,,,,,,,,,,,,Fit,<p>R</p>,Length,<p>65</p>,Width,<p>36</p>,Height,<p>46</p>,Box Quantity,<p>60</p>,Inner Pack Quantity,<p>10</p>,Country Of Origin,<p>CN</p>,Standards,<ul><li>EN ISO 20471 Class 2</li><li>RIS-3279-TOM  ISSUE 1 (ORANGE ONLY)</li><li>ANSI/ISEA 107 TYPE R CLASS 2</li></ul>,,,,
L470,Variant,,"Combining innovative integrated LED lights with high visibility material and HiVisTex reflective tape, this vest offers excellent visibility in all lighting conditions.",https://d11ak7fd9ypfb7.cloudfront.net/styles1100px/L470YER.jpg,,0.0,TRUE,InStock,0.251,,L470YERL/XL,,,,Size,DROP_DOWN,L/XL,Color,DROP_DOWN,Yellow,,,,,,,,,,,,,Fit,<p>R</p>,Length,<p>65</p>,Width,<p>36</p>,Height,<p>46</p>,Box Quantity,<p>60</p>,Inner Pack Quantity,<p>10</p>,Country Of Origin,<p>CN</p>,Standards,<ul><li>EN ISO 20471 Class 2</li><li>RIS-3279-TOM  ISSUE 1 (ORANGE ONLY)</li><li>ANSI/ISEA 107 TYPE R CLASS 2</li></ul>,,,,
L470,Variant,,"Combining innovative integrated LED lights with high visibility material and HiVisTex reflective tape, this vest offers excellent visibility in all lighting conditions.",https://d11ak7fd9ypfb7.cloudfront.net/styles1100px/L470YER.jpg,,0.0,TRUE,InStock,0.266,,L470YERXX/3X,,,,Size,DROP_DOWN,XX/3X,Color,DROP_DOWN,Yellow,,,,,,,,,,,,,Fit,<p>R</p>,Length,<p>65</p>,Width,<p>36</p>,Height,<p>46</p>,Box Quantity,<p>60</p>,Inner Pack Quantity,<p>10</p>,Country Of Origin,<p>CN</p>,Standards,<ul><li>EN ISO 20471 Class 2</li><li>RIS-3279-TOM  ISSUE 1 (ORANGE ONLY)</li><li>ANSI/ISEA 107 TYPE R CLASS 2</li></ul>,,,,
L476,Product,L476 - Orion LED Executive Vest,This executive vest features innovative integrated LED lights to maximize visibility. Multiple pockets offer excellent personal security. A clear ID pocket for security passes and cards compliment this unique garment.,https://d11ak7fd9ypfb7.cloudfront.net/styles1100px/L476YER.jpg,38.8,0.0,TRUE,InStock,0.299,,L476YERL,,,,Size,DROP_DOWN,S;M;L;XL;XXL;XXXL,Color,DROP_DOWN,Yellow,,,,,,,,,,,,,Fit,<p>R</p>,Length,<p>65</p>,Width,<p>36</p>,Height,<p>37</p>,Box Quantity,<p>48</p>,Inner Pack Quantity,<p>1</p>,Country Of Origin,<p>CN</p>,Standards,<ul><li>EN ISO 20471 Class 2</li><li>RIS-3279-TOM  ISSUE 1 (ORANGE ONLY)</li><li>ANSI/ISEA 107 TYPE R CLASS 2</li></ul>,,,,
L476,Variant,,This executive vest features innovative integrated LED lights to maximize visibility. Multiple pockets offer excellent personal security. A clear ID pocket for security passes and cards compliment this unique garment.,https://d11ak7fd9ypfb7.cloudfront.net/styles1100px/L476YER.jpg,,0.0,TRUE,InStock,0.299,,L476YERL,,,,Size,DROP_DOWN,L,Color,DROP_DOWN,Yellow,,,,,,,,,,,,,Fit,<p>R</p>,Length,<p>65</p>,Width,<p>36</p>,Height,<p>37</p>,Box Quantity,<p>48</p>,Inner Pack Quantity,<p>1</p>,Country Of Origin,<p>CN</p>,Standards,<ul><li>EN ISO 20471 Class 2</li><li>RIS-3279-TOM  ISSUE 1 (ORANGE ONLY)</li><li>ANSI/ISEA 107 TYPE R CLASS 2</li></ul>,,,,
L476,Variant,,This executive vest features innovative integrated LED lights to maximize visibility. Multiple pockets offer excellent personal security. A clear ID pocket for security passes and cards compliment this unique garment.,https://d11ak7fd9ypfb7.cloudfront.net/styles1100px/L476YER.jpg,,0.0,TRUE,InStock,0.292,,L476YERM,,,,Size,DROP_DOWN,M,Color,DROP_DOWN,Yellow,,,,,,,,,,,,,Fit,<p>R</p>,Length,<p>65</p>,Width,<p>36</p>,Height,<p>37</p>,Box Quantity,<p>48</p>,Inner Pack Quantity,<p>1</p>,Country Of Origin,<p>CN</p>,Standards,<ul><li>EN ISO 20471 Class 2</li><li>RIS-3279-TOM  ISSUE 1 (ORANGE ONLY)</li><li>ANSI/ISEA 107 TYPE R CLASS 2</li></ul>,,,,
L476,Variant,,This executive vest features innovative integrated LED lights to maximize visibility. Multiple pockets offer excellent personal security. A clear ID pocket for security passes and cards compliment this unique garment.,https://d11ak7fd9ypfb7.cloudfront.net/styles1100px/L476YER.jpg,,0.0,TRUE,InStock,0.29,,L476YERS,,,,Size,DROP_DOWN,S,Color,DROP_DOWN,Yellow,,,,,,,,,,,,,Fit,<p>R</p>,Length,<p>65</p>,Width,<p>36</p>,Height,<p>37</p>,Box Quantity,<p>48</p>,Inner Pack Quantity,<p>1</p>,Country Of Origin,<p>CN</p>,Standards,<ul><li>EN ISO 20471 Class 2</li><li>RIS-3279-TOM  ISSUE 1 (ORANGE ONLY)</li><li>ANSI/ISEA 107 TYPE R CLASS 2</li></ul>,,,,
L476,Variant,,This executive vest features innovative integrated LED lights to maximize visibility. Multiple pockets offer excellent personal security. A clear ID pocket for security passes and cards compliment this unique garment.,https://d11ak7fd9ypfb7.cloudfront.net/styles1100px/L476YER.jpg,,0.0,TRUE,InStock,0.31,,L476YERXL,,,,Size,DROP_DOWN,XL,Color,DROP_DOWN,Yellow,,,,,,,,,,,,,Fit,<p>R</p>,Length,<p>65</p>,Width,<p>36</p>,Height,<p>37</p>,Box Quantity,<p>48</p>,Inner Pack Quantity,<p>1</p>,Country Of Origin,<p>CN</p>,Standards,<ul><li>EN ISO 20471 Class 2</li><li>RIS-3279-TOM  ISSUE 1 (ORANGE ONLY)</li><li>ANSI/ISEA 107 TYPE R CLASS 2</li></ul>,,,,
L476,Variant,,This executive vest features innovative integrated LED lights to maximize visibility. Multiple pockets offer excellent personal security. A clear ID pocket for security passes and cards compliment this unique garment.,https://d11ak7fd9ypfb7.cloudfront.net/styles1100px/L476YER.jpg,,0.0,TRUE,InStock,0.318,,L476YERXXL,,,,Size,DROP_DOWN,XXL,Color,DROP_DOWN,Yellow,,,,,,,,,,,,,Fit,<p>R</p>,Length,<p>65</p>,Width,<p>36</p>,Height,<p>37</p>,Box Quantity,<p>48</p>,Inner Pack Quantity,<p>1</p>,Country Of Origin,<p>CN</p>,Standards,<ul><li>EN ISO 20471 Class 2</li><li>RIS-3279-TOM  ISSUE 1 (ORANGE ONLY)</li><li>ANSI/ISEA 107 TYPE R CLASS 2</li></ul>,,,,
L476,Variant,,This executive vest features innovative integrated LED lights to maximize visibility. Multiple pockets offer excellent personal security. A clear ID pocket for security passes and cards compliment this unique garment.,https://d11ak7fd9ypfb7.cloudfront.net/styles1100px/L476YER.jpg,,0.0,TRUE,InStock,0.323,,L476YERXXXL,,,,Size,DROP_DOWN,XXXL,Color,DROP_DOWN,Yellow,,,,,,,,,,,,,Fit,<p>R</p>,Length,<p>65</p>,Width,<p>36</p>,Height,<p>37</p>,Box Quantity,<p>48</p>,Inner Pack Quantity,<p>1</p>,Country Of Origin,<p>CN</p>,Standards,<ul><li>EN ISO 20471 Class 2</li><li>RIS-3279-TOM  ISSUE 1 (ORANGE ONLY)</li><li>ANSI/ISEA 107 TYPE R CLASS 2</li></ul>,,,,
LW70,Product,LW70 - Ladies Hi-Vis Breathable Jacket,"An extremely stylish women's classic hi-vis jacket. The contemporary silhouette together with the angled reflective tape ensures an attractive flattering fit. The breathable, durable oxford fabric, curved back hem, detachable hood and secure zipped pockets makes it suitable for a multiple of working environments.",https://d11ak7fd9ypfb7.cloudfront.net/styles1100px/LW70YER.jpg,77.0,0.0,TRUE,InStock,0.93,,LW70YERL,,,,Size,DROP_DOWN,XS;S;M;L;XL;XXL;XXXL,Color,DROP_DOWN,Yellow,,,,,,,,,,,,,Fit,<p>R</p>,Length,<p>55</p>,Width,<p>36</p>,Height,<p>42</p>,Box Quantity,<p>24</p>,Inner Pack Quantity,<p>1</p>,Country Of Origin,<p>MM</p>,Standards,<ul><li>EN ISO 20471 Class 3</li><li>RIS-3279-TOM  ISSUE 1 (ORANGE ONLY)</li><li>ANSI/ISEA 107 TYPE R CLASS 3</li><li>EN 343:2019 Class 4:3 X  WP 10000mm MVP 10000g/m²/24hrs</li></ul>,,,,
LW70,Variant,,"An extremely stylish women's classic hi-vis jacket. The contemporary silhouette together with the angled reflective tape ensures an attractive flattering fit. The breathable, durable oxford fabric, curved back hem, detachable hood and secure zipped pockets makes it suitable for a multiple of working environments.",https://d11ak7fd9ypfb7.cloudfront.net/styles1100px/LW70YER.jpg,,0.0,TRUE,InStock,0.93,,LW70YERL,,,,Size,DROP_DOWN,L,Color,DROP_DOWN,Yellow,,,,,,,,,,,,,Fit,<p>R</p>,Length,<p>55</p>,Width,<p>36</p>,Height,<p>42</p>,Box Quantity,<p>24</p>,Inner Pack Quantity,<p>1</p>,Country Of Origin,<p>MM</p>,Standards,<ul><li>EN ISO 20471 Class 3</li><li>RIS-3279-TOM  ISSUE 1 (ORANGE ONLY)</li><li>ANSI/ISEA 107 TYPE R CLASS 3</li><li>EN 343:2019 Class 4:3 X  WP 10000mm MVP 10000g/m²/24hrs</li></ul>,,,,
LW70,Variant,,"An extremely stylish women's classic hi-vis jacket. The contemporary silhouette together with the angled reflective tape ensures an attractive flattering fit. The breathable, durable oxford fabric, curved back hem, detachable hood and secure zipped pockets makes it suitable for a multiple of working environments.",https://d11ak7fd9ypfb7.cloudfront.net/styles1100px/LW70YER.jpg,,0.0,TRUE,InStock,0.89,,LW70YERM,,,,Size,DROP_DOWN,M,Color,DROP_DOWN,Yellow,,,,,,,,,,,,,Fit,<p>R</p>,Length,<p>55</p>,Width,<p>36</p>,Height,<p>42</p>,Box Quantity,<p>24</p>,Inner Pack Quantity,<p>1</p>,Country Of Origin,<p>MM</p>,Standards,<ul><li>EN ISO 20471 Class 3</li><li>RIS-3279-TOM  ISSUE 1 (ORANGE ONLY)</li><li>ANSI/ISEA 107 TYPE R CLASS 3</li><li>EN 343:2019 Class 4:3 X  WP 10000mm MVP 10000g/m²/24hrs</li></ul>,,,,
LW70,Variant,,"An extremely stylish women's classic hi-vis jacket. The contemporary silhouette together with the angled reflective tape ensures an attractive flattering fit. The breathable, durable oxford fabric, curved back hem, detachable hood and secure zipped pockets makes it suitable for a multiple of working environments.",https://d11ak7fd9ypfb7.cloudfront.net/styles1100px/LW70YER.jpg,,0.0,TRUE,InStock,0.86,,LW70YERS,,,,Size,DROP_DOWN,S,Color,DROP_DOWN,Yellow,,,,,,,,,,,,,Fit,<p>R</p>,Length,<p>55</p>,Width,<p>36</p>,Height,<p>42</p>,Box Quantity,<p>24</p>,Inner Pack Quantity,<p>1</p>,Country Of Origin,<p>MM</p>,Standards,<ul><li>EN ISO 20471 Class 3</li><li>RIS-3279-TOM  ISSUE 1 (ORANGE ONLY)</li><li>ANSI/ISEA 107 TYPE R CLASS 3</li><li>EN 343:2019 Class 4:3 X  WP 10000mm MVP 10000g/m²/24hrs</li></ul>,,,,
LW70,Variant,,"An extremely stylish women's classic hi-vis jacket. The contemporary silhouette together with the angled reflective tape ensures an attractive flattering fit. The breathable, durable oxford fabric, curved back hem, detachable hood and secure zipped pockets makes it suitable for a multiple of working environments.",https://d11ak7fd9ypfb7.cloudfront.net/styles1100px/LW70YER.jpg,,0.0,TRUE,InStock,0.95,,LW70YERXL,,,,Size,DROP_DOWN,XL,Color,DROP_DOWN,Yellow,,,,,,,,,,,,,Fit,<p>R</p>,Length,<p>55</p>,Width,<p>36</p>,Height,<p>46</p>,Box Quantity,<p>24</p>,Inner Pack Quantity,<p>1</p>,Country Of Origin,<p>MM</p>,Standards,<ul><li>EN ISO 20471 Class 3</li><li>RIS-3279-TOM  ISSUE 1 (ORANGE ONLY)</li><li>ANSI/ISEA 107 TYPE R CLASS 3</li><li>EN 343:2019 Class 4:3 X  WP 10000mm MVP 10000g/m²/24hrs</li></ul>,,,,
LW70,Variant,,"An extremely stylish women's classic hi-vis jacket. The contemporary silhouette together with the angled reflective tape ensures an attractive flattering fit. The breathable, durable oxford fabric, curved back hem, detachable hood and secure zipped pockets makes it suitable for a multiple of working environments.",https://d11ak7fd9ypfb7.cloudfront.net/styles1100px/LW70YER.jpg,,0.0,TRUE,InStock,0.82,,LW70YERXS,,,,Size,DROP_DOWN,XS,Color,DROP_DOWN,Yellow,,,,,,,,,,,,,Fit,<p>R</p>,Length,<p>55</p>,Width,<p>36</p>,Height,<p>42</p>,Box Quantity,<p>24</p>,Inner Pack Quantity,<p>1</p>,Country Of Origin,<p>MM</p>,Standards,<ul><li>EN ISO 20471 Class 3</li><li>RIS-3279-TOM  ISSUE 1 (ORANGE ONLY)</li><li>ANSI/ISEA 107 TYPE R CLASS 3</li><li>EN 343:2019 Class 4:3 X  WP 10000mm MVP 10000g/m²/24hrs</li></ul>,,,,
LW70,Variant,,"An extremely stylish women's classic hi-vis jacket. The contemporary silhouette together with the angled reflective tape ensures an attractive flattering fit. The breathable, durable oxford fabric, curved back hem, detachable hood and secure zipped pockets makes it suitable for a multiple of working environments.",https://d11ak7fd9ypfb7.cloudfront.net/styles1100px/LW70YER.jpg,,0.0,TRUE,InStock,0.98,,LW70YERXXL,,,,Size,DROP_DOWN,XXL,Color,DROP_DOWN,Yellow,,,,,,,,,,,,,Fit,<p>R</p>,Length,<p>55</p>,Width,<p>36</p>,Height,<p>46</p>,Box Quantity,<p>24</p>,Inner Pack Quantity,<p>1</p>,Country Of Origin,<p>MM</p>,Standards,<ul><li>EN ISO 20471 Class 3</li><li>RIS-3279-TOM  ISSUE 1 (ORANGE ONLY)</li><li>ANSI/ISEA 107 TYPE R CLASS 3</li><li>EN 343:2019 Class 4:3 X  WP 10000mm MVP 10000g/m²/24hrs</li></ul>,,,,
LW70,Variant,,"An extremely stylish women's classic hi-vis jacket. The contemporary silhouette together with the angled reflective tape ensures an attractive flattering fit. The breathable, durable oxford fabric, curved back hem, detachable hood and secure zipped pockets makes it suitable for a multiple of working environments.",https://d11ak7fd9ypfb7.cloudfront.net/styles1100px/LW70YER.jpg,,0.0,TRUE,InStock,1.1,,LW70YERXXXL,,,,Size,DROP_DOWN,XXXL,Color,DROP_DOWN,Yellow,,,,,,,,,,,,,Fit,<p>R</p>,Length,<p>55</p>,Width,<p>36</p>,Height,<p>46</p>,Box Quantity,<p>24</p>,Inner Pack Quantity,<p>1</p>,Country Of Origin,<p>MM</p>,Standards,<ul><li>EN ISO 20471 Class 3</li><li>RIS-3279-TOM  ISSUE 1 (ORANGE ONLY)</li><li>ANSI/ISEA 107 TYPE R CLASS 3</li><li>EN 343:2019 Class 4:3 X  WP 10000mm MVP 10000g/m²/24hrs</li></ul>,,,,
LW72,Product,LW72 - Women's Pro Polo Shirt,"This contemporary ladies polo shirt, combines breathable Cotton Comfort fabric with HiVisTex Pro tape. This garment offers outstanding freedom of movement while holding a feminine fit.",https://d11ak7fd9ypfb7.cloudfront.net/styles1100px/LW72YBR.jpg,0.0,0.0,TRUE,InStock,0.262,,LW72YBRL,,,,Size,DROP_DOWN,XS;S;M;L;XL;XXL,Color,DROP_DOWN,Yellow/Black,,,,,,,,,,,,,Fit,<p>R</p>,Length,<p>43</p>,Width,<p>28</p>,Height,<p>40</p>,Box Quantity,<p>48</p>,Inner Pack Quantity,<p>1</p>,Country Of Origin,<p>BD</p>,Standards,<ul><li>EN ISO 20471 Class 2</li><li>RIS-3279-TOM  ISSUE 1 (ORANGE ONLY)</li></ul>,,,,
LW72,Variant,,"This contemporary ladies polo shirt, combines breathable Cotton Comfort fabric with HiVisTex Pro tape. This garment offers outstanding freedom of movement while holding a feminine fit.",https://d11ak7fd9ypfb7.cloudfront.net/styles1100px/LW72YBR.jpg,,0.0,TRUE,InStock,0.262,,LW72YBRL,,,,Size,DROP_DOWN,L,Color,DROP_DOWN,Yellow/Black,,,,,,,,,,,,,Fit,<p>R</p>,Length,<p>43</p>,Width,<p>28</p>,Height,<p>40</p>,Box Quantity,<p>48</p>,Inner Pack Quantity,<p>1</p>,Country Of Origin,<p>BD</p>,Standards,<ul><li>EN ISO 20471 Class 2</li><li>RIS-3279-TOM  ISSUE 1 (ORANGE ONLY)</li></ul>,,,,
LW72,Variant,,"This contemporary ladies polo shirt, combines breathable Cotton Comfort fabric with HiVisTex Pro tape. This garment offers outstanding freedom of movement while holding a feminine fit.",https://d11ak7fd9ypfb7.cloudfront.net/styles1100px/LW72YBR.jpg,,0.0,TRUE,InStock,0.255,,LW72YBRM,,,,Size,DROP_DOWN,M,Color,DROP_DOWN,Yellow/Black,,,,,,,,,,,,,Fit,<p>R</p>,Length,<p>43</p>,Width,<p>28</p>,Height,<p>40</p>,Box Quantity,<p>48</p>,Inner Pack Quantity,<p>1</p>,Country Of Origin,<p>BD</p>,Standards,<ul><li>EN ISO 20471 Class 2</li><li>RIS-3279-TOM  ISSUE 1 (ORANGE ONLY)</li></ul>,,,,
LW72,Variant,,"This contemporary ladies polo shirt, combines breathable Cotton Comfort fabric with HiVisTex Pro tape. This garment offers outstanding freedom of movement while holding a feminine fit.",https://d11ak7fd9ypfb7.cloudfront.net/styles1100px/LW72YBR.jpg,,0.0,TRUE,InStock,0.248,,LW72YBRS,,,,Size,DROP_DOWN,S,Color,DROP_DOWN,Yellow/Black,,,,,,,,,,,,,Fit,<p>R</p>,Length,<p>43</p>,Width,<p>28</p>,Height,<p>40</p>,Box Quantity,<p>48</p>,Inner Pack Quantity,<p>1</p>,Country Of Origin,<p>BD</p>,Standards,<ul><li>EN ISO 20471 Class 2</li><li>RIS-3279-TOM  ISSUE 1 (ORANGE ONLY)</li></ul>,,,,
LW72,Variant,,"This contemporary ladies polo shirt, combines breathable Cotton Comfort fabric with HiVisTex Pro tape. This garment offers outstanding freedom of movement while holding a feminine fit.",https://d11ak7fd9ypfb7.cloudfront.net/styles1100px/LW72YBR.jpg,,0.0,TRUE,InStock,0.273,,LW72YBRXL,,,,Size,DROP_DOWN,XL,Color,DROP_DOWN,Yellow/Black,,,,,,,,,,,,,Fit,<p>R</p>,Length,<p>43</p>,Width,<p>28</p>,Height,<p>40</p>,Box Quantity,<p>48</p>,Inner Pack Quantity,<p>1</p>,Country Of Origin,<p>BD</p>,Standards,<ul><li>EN ISO 20471 Class 2</li><li>RIS-3279-TOM  ISSUE 1 (ORANGE ONLY)</li></ul>,,,,
LW72,Variant,,"This contemporary ladies polo shirt, combines breathable Cotton Comfort fabric with HiVisTex Pro tape. This garment offers outstanding freedom of movement while holding a feminine fit.",https://d11ak7fd9ypfb7.cloudfront.net/styles1100px/LW72YBR.jpg,,0.0,TRUE,InStock,0.243,,LW72YBRXS,,,,Size,DROP_DOWN,XS,Color,DROP_DOWN,Yellow/Black,,,,,,,,,,,,,Fit,<p>R</p>,Length,<p>43</p>,Width,<p>28</p>,Height,<p>40</p>,Box Quantity,<p>48</p>,Inner Pack Quantity,<p>1</p>,Country Of Origin,<p>BD</p>,Standards,<ul><li>EN ISO 20471 Class 2</li><li>RIS-3279-TOM  ISSUE 1 (ORANGE ONLY)</li></ul>,,,,
LW72,Variant,,"This contemporary ladies polo shirt, combines breathable Cotton Comfort fabric with HiVisTex Pro tape. This garment offers outstanding freedom of movement while holding a feminine fit.",https://d11ak7fd9ypfb7.cloudfront.net/styles1100px/LW72YBR.jpg,,0.0,TRUE,InStock,0.297,,LW72YBRXXL,,,,Size,DROP_DOWN,XXL,Color,DROP_DOWN,Yellow/Black,,,,,,,,,,,,,Fit,<p>R</p>,Length,<p>43</p>,Width,<p>28</p>,Height,<p>40</p>,Box Quantity,<p>48</p>,Inner Pack Quantity,<p>1</p>,Country Of Origin,<p>BD</p>,Standards,<ul><li>EN ISO 20471 Class 2</li><li>RIS-3279-TOM  ISSUE 1 (ORANGE ONLY)</li></ul>,,,,
LW74,Product,LW74 - Ladies Hi-Vis Winter Jacket,"The Women's Hi-Vis Winter Jacket offers the wearer all the benefits of our contemporary silhouette and fit with the addition of a quilted lining for warmth and comfort. The angled reflective tape creates a modern and streamlined design. This insulated jacket along with its’ durable oxford fabric, curved back hem, adjustable cuffs and detachable hood is suitable for working in multiple of environments.",https://d11ak7fd9ypfb7.cloudfront.net/styles1100px/LW74YER.jpg,84.4,0.0,TRUE,InStock,1.13,,LW74YERL,,,,Size,DROP_DOWN,XS;S;M;L;XL;XXL;XXXL,Color,DROP_DOWN,Yellow,,,,,,,,,,,,,Fit,<p>R</p>,Length,<p>65</p>,Width,<p>40</p>,Height,<p>43</p>,Box Quantity,<p>12</p>,Inner Pack Quantity,<p>1</p>,Country Of Origin,<p>CN</p>,Standards,<ul><li>ANSI/ISEA 107 TYPE R CLASS 3</li><li>EN 343:2019 Class 3:1 X  WP 15000mm</li><li>EN ISO 20471 Class 3</li></ul>,,,,
LW74,Variant,,"The Women's Hi-Vis Winter Jacket offers the wearer all the benefits of our contemporary silhouette and fit with the addition of a quilted lining for warmth and comfort. The angled reflective tape creates a modern and streamlined design. This insulated jacket along with its’ durable oxford fabric, curved back hem, adjustable cuffs and detachable hood is suitable for working in multiple of environments.",https://d11ak7fd9ypfb7.cloudfront.net/styles1100px/LW74YER.jpg,,0.0,TRUE,InStock,1.13,,LW74YERL,,,,Size,DROP_DOWN,L,Color,DROP_DOWN,Yellow,,,,,,,,,,,,,Fit,<p>R</p>,Length,<p>65</p>,Width,<p>40</p>,Height,<p>43</p>,Box Quantity,<p>12</p>,Inner Pack Quantity,<p>1</p>,Country Of Origin,<p>CN</p>,Standards,<ul><li>ANSI/ISEA 107 TYPE R CLASS 3</li><li>EN 343:2019 Class 3:1 X  WP 15000mm</li><li>EN ISO 20471 Class 3</li></ul>,,,,
LW74,Variant,,"The Women's Hi-Vis Winter Jacket offers the wearer all the benefits of our contemporary silhouette and fit with the addition of a quilted lining for warmth and comfort. The angled reflective tape creates a modern and streamlined design. This insulated jacket along with its’ durable oxford fabric, curved back hem, adjustable cuffs and detachable hood is suitable for working in multiple of environments.",https://d11ak7fd9ypfb7.cloudfront.net/styles1100px/LW74YER.jpg,,0.0,TRUE,InStock,1.09,,LW74YERM,,,,Size,DROP_DOWN,M,Color,DROP_DOWN,Yellow,,,,,,,,,,,,,Fit,<p>R</p>,Length,<p>65</p>,Width,<p>40</p>,Height,<p>43</p>,Box Quantity,<p>12</p>,Inner Pack Quantity,<p>1</p>,Country Of Origin,<p>CN</p>,Standards,<ul><li>ANSI/ISEA 107 TYPE R CLASS 3</li><li>EN 343:2019 Class 3:1 X  WP 15000mm</li><li>EN ISO 20471 Class 3</li></ul>,,,,
LW74,Variant,,"The Women's Hi-Vis Winter Jacket offers the wearer all the benefits of our contemporary silhouette and fit with the addition of a quilted lining for warmth and comfort. The angled reflective tape creates a modern and streamlined design. This insulated jacket along with its’ durable oxford fabric, curved back hem, adjustable cuffs and detachable hood is suitable for working in multiple of environments.",https://d11ak7fd9ypfb7.cloudfront.net/styles1100px/LW74YER.jpg,,0.0,TRUE,InStock,1.07,,LW74YERS,,,,Size,DROP_DOWN,S,Color,DROP_DOWN,Yellow,,,,,,,,,,,,,Fit,<p>R</p>,Length,<p>65</p>,Width,<p>40</p>,Height,<p>43</p>,Box Quantity,<p>12</p>,Inner Pack Quantity,<p>1</p>,Country Of Origin,<p>CN</p>,Standards,<ul><li>ANSI/ISEA 107 TYPE R CLASS 3</li><li>EN 343:2019 Class 3:1 X  WP 15000mm</li><li>EN ISO 20471 Class 3</li></ul>,,,,
LW74,Variant,,"The Women's Hi-Vis Winter Jacket offers the wearer all the benefits of our contemporary silhouette and fit with the addition of a quilted lining for warmth and comfort. The angled reflective tape creates a modern and streamlined design. This insulated jacket along with its’ durable oxford fabric, curved back hem, adjustable cuffs and detachable hood is suitable for working in multiple of environments.",https://d11ak7fd9ypfb7.cloudfront.net/styles1100px/LW74YER.jpg,,0.0,TRUE,InStock,1.15,,LW74YERXL,,,,Size,DROP_DOWN,XL,Color,DROP_DOWN,Yellow,,,,,,,,,,,,,Fit,<p>R</p>,Length,<p>65</p>,Width,<p>40</p>,Height,<p>43</p>,Box Quantity,<p>12</p>,Inner Pack Quantity,<p>1</p>,Country Of Origin,<p>CN</p>,Standards,<ul><li>ANSI/ISEA 107 TYPE R CLASS 3</li><li>EN 343:2019 Class 3:1 X  WP 15000mm</li><li>EN ISO 20471 Class 3</li></ul>,,,,
LW74,Variant,,"The Women's Hi-Vis Winter Jacket offers the wearer all the benefits of our contemporary silhouette and fit with the addition of a quilted lining for warmth and comfort. The angled reflective tape creates a modern and streamlined design. This insulated jacket along with its’ durable oxford fabric, curved back hem, adjustable cuffs and detachable hood is suitable for working in multiple of environments.",https://d11ak7fd9ypfb7.cloudfront.net/styles1100px/LW74YER.jpg,,0.0,TRUE,InStock,1,,LW74YERXS,,,,Size,DROP_DOWN,XS,Color,DROP_DOWN,Yellow,,,,,,,,,,,,,Fit,<p>R</p>,Length,<p>65</p>,Width,<p>40</p>,Height,<p>43</p>,Box Quantity,<p>12</p>,Inner Pack Quantity,<p>1</p>,Country Of Origin,<p>CN</p>,Standards,<ul><li>ANSI/ISEA 107 TYPE R CLASS 3</li><li>EN 343:2019 Class 3:1 X  WP 15000mm</li><li>EN ISO 20471 Class 3</li></ul>,,,,
LW74,Variant,,"The Women's Hi-Vis Winter Jacket offers the wearer all the benefits of our contemporary silhouette and fit with the addition of a quilted lining for warmth and comfort. The angled reflective tape creates a modern and streamlined design. This insulated jacket along with its’ durable oxford fabric, curved back hem, adjustable cuffs and detachable hood is suitable for working in multiple of environments.",https://d11ak7fd9ypfb7.cloudfront.net/styles1100px/LW74YER.jpg,,0.0,TRUE,InStock,1.21,,LW74YERXXL,,,,Size,DROP_DOWN,XXL,Color,DROP_DOWN,Yellow,,,,,,,,,,,,,Fit,<p>R</p>,Length,<p>65</p>,Width,<p>40</p>,Height,<p>43</p>,Box Quantity,<p>12</p>,Inner Pack Quantity,<p>1</p>,Country Of Origin,<p>CN</p>,Standards,<ul><li>ANSI/ISEA 107 TYPE R CLASS 3</li><li>EN 343:2019 Class 3:1 X  WP 15000mm</li><li>EN ISO 20471 Class 3</li></ul>,,,,
LW74,Variant,,"The Women's Hi-Vis Winter Jacket offers the wearer all the benefits of our contemporary silhouette and fit with the addition of a quilted lining for warmth and comfort. The angled reflective tape creates a modern and streamlined design. This insulated jacket along with its’ durable oxford fabric, curved back hem, adjustable cuffs and detachable hood is suitable for working in multiple of environments.",https://d11ak7fd9ypfb7.cloudfront.net/styles1100px/LW74YER.jpg,,0.0,TRUE,InStock,1.27,,LW74YERXXXL,,,,Size,DROP_DOWN,XXXL,Color,DROP_DOWN,Yellow,,,,,,,,,,,,,Fit,<p>R</p>,Length,<p>65</p>,Width,<p>40</p>,Height,<p>43</p>,Box Quantity,<p>12</p>,Inner Pack Quantity,<p>1</p>,Country Of Origin,<p>CN</p>,Standards,<ul><li>ANSI/ISEA 107 TYPE R CLASS 3</li><li>EN 343:2019 Class 3:1 X  WP 15000mm</li><li>EN ISO 20471 Class 3</li></ul>,,,,
P200,Product,P200 - N95 Cup Respirator,N95 approved offering protection against a wide range of non-oily particles Provides 95% NIOSH filtration efficiency Cup style for maximized inner space Ultrasonic welded head straps for greater durability,https://d11ak7fd9ypfb7.cloudfront.net/styles1100px/P200WHR.jpg,19.9,0.0,TRUE,InStock,0.32,Respiratory Protection;Disposable Respirators,P200WHR,,,,Size,DROP_DOWN,,Color,DROP_DOWN,White,,,,,,,,,,,,,Fit,<p>R</p>,Length,<p>65</p>,Width,<p>43</p>,Height,<p>36</p>,Box Quantity,<p>30</p>,Inner Pack Quantity,<p>20</p>,Country Of Origin,<p>CN</p>,Standards,<ul><li>EN149:2001+A1:2009 FFP2  NR</li><li>AS/NZS 1716   P2</li><li>NIOSH N95</li></ul>,,,,
P201,Product,P201 - N95 Valved Cup Respirator,N95 approved offering protection against a wide range of non-oily particles Provides 95% NIOSH filtration efficiency Cup style for maximized inner space Exhalation valve to reduce heat and humidity whilst offering lighter breathing resistance,https://d11ak7fd9ypfb7.cloudfront.net/styles1100px/P201WHR.jpg,13.4,0.0,TRUE,InStock,0.24,Respiratory Protection;Disposable Respirators,P201WHR,,,,Size,DROP_DOWN,,Color,DROP_DOWN,White,,,,,,,,,,,,,Fit,<p>R</p>,Length,<p>65</p>,Width,<p>45</p>,Height,<p>36</p>,Box Quantity,<p>30</p>,Inner Pack Quantity,<p>10</p>,Country Of Origin,<p>CN</p>,Standards,<ul><li>EN149:2001+A1:2009 FFP2  NR</li><li>AS/NZS 1716   P2</li><li>NIOSH N95</li></ul>,,,,
PA01,Product,PA01 - Lens Cleaning Wipes,The Lens Cleaning Wipes come in a handy dispenser box which is pre assembled for immediate use. Dispenser size 5”x 8” (13x20cm) and holds 100 individually packaged Lens Cleaning Wipes.,https://d11ak7fd9ypfb7.cloudfront.net/styles1100px/PA01WHR.jpg,20.5,0.0,TRUE,InStock,0.36,Eye Protection;Eye Protection Accessories,PA01WHR,,,,Size,DROP_DOWN,,Color,DROP_DOWN,White,,,,,,,,,,,,,Fit,<p>R</p>,Length,<p>43</p>,Width,<p>28</p>,Height,<p>28</p>,Box Quantity,<p>10</p>,Inner Pack Quantity,<p>1</p>,Country Of Origin,<p>US</p>,Standards,<p></p>,,,,
PA02,Product,PA02 - Lens Cleaning Station,"Lens Cleaning Station provide instant access for all lens cleaning needs. Tissues are low-lint and non-abrasive. Good for use on plastic, glass and polycarbonate lenses.",https://d11ak7fd9ypfb7.cloudfront.net/styles1100px/PA02WHR.jpg,23.9,0.0,TRUE,InStock,0.78,Eye Protection;Eye Protection Accessories,PA02WHR,,,,Size,DROP_DOWN,,Color,DROP_DOWN,White,,,,,,,,,,,,,Fit,<p>R</p>,Length,<p>65</p>,Width,<p>45</p>,Height,<p>25</p>,Box Quantity,<p>10</p>,Inner Pack Quantity,<p>1</p>,Country Of Origin,<p>US</p>,Standards,<p></p>,,,,
PA10,Product,PA10 - Hard Hat Holder,The helmet holder is a patented product designed to keep your helmet safe and secure. It contains high performance magnets for attaching to metal surfaces and screws to attach to timber and plaster board surfaces. Other features include an in built safety spectacle holder and it is UV stabilized for outdoor use. Suitable for most standard type helmets.,https://d11ak7fd9ypfb7.cloudfront.net/styles1100px/PA10YER.jpg,21.0,0.0,TRUE,InStock,0.22,,PA10YER,,,,Size,DROP_DOWN,,Color,DROP_DOWN,Yellow,,,,,,,,,,,,,Fit,<p>R</p>,Length,<p>60</p>,Width,<p>47</p>,Height,<p>39</p>,Box Quantity,<p>40</p>,Inner Pack Quantity,<p>1</p>,Country Of Origin,<p>AU</p>,Standards,<p></p>,,,,
PA45,Product,PA45 - Technical Sweatband ,"Technical Sweatband, compatible with Full Brim Premier Hard Hats (PW52, PS56), Safety Pro Hard Hats (PW02), Endurance and Height Endurance Hard Hats (PS53, PS63, PS73, PS58, PW98) Sold in sets of 5.",https://d11ak7fd9ypfb7.cloudfront.net/styles1100px/PA45BKR.jpg,18.1,0.0,TRUE,InStock,0.06,,PA45BKR,,,,Size,DROP_DOWN,,Color,DROP_DOWN,Black,,,,,,,,,,,,,Fit,<p>R</p>,Length,<p>40</p>,Width,<p>40</p>,Height,<p>30</p>,Box Quantity,<p>100</p>,Inner Pack Quantity,<p>10</p>,Country Of Origin,<p>CN</p>,Standards,<p></p>,,,,
PA50,Product,PA50 - LED Head Light,"Brightness: 40 lumens Beam distance: 15 yards (high), 10 yards (medium) Run time: 10 hours Batteries: included AAA x 3 Function: high-medium-flash 8 LED lights Tilt control for different working positions",https://d11ak7fd9ypfb7.cloudfront.net/styles1100px/PA50SIR.jpg,6.7,0.0,TRUE,InStock,0.117,Accessories;Lighting,PA50SIR,,,,Size,DROP_DOWN,,Color,DROP_DOWN,Silver,,,,,,,,,,,,,Fit,<p>R</p>,Length,<p>40</p>,Width,<p>40</p>,Height,<p>36</p>,Box Quantity,<p>120</p>,Inner Pack Quantity,<p>20</p>,Country Of Origin,<p>CN</p>,Standards,<ul><li>RoHS</li><li>CE</li></ul>,,,,
PA54,Product,PA54 - Portwest Tactical Flashlight,Brightness: 180 lumens Beam distance: 330 yards max Run time: 8 hours Batteries: included AAA x 3 Function: high-medium-low-flash Compact and comes with a useful belt clip and wrist strap,https://d11ak7fd9ypfb7.cloudfront.net/styles1100px/PA54BKR.jpg,18.2,0.0,TRUE,InStock,0.16,Accessories;Lighting,PA54BKR,,,,Size,DROP_DOWN,,Color,DROP_DOWN,Black,,,,,,,,,,,,,Fit,<p>R</p>,Length,<p>42</p>,Width,<p>18</p>,Height,<p>27</p>,Box Quantity,<p>72</p>,Inner Pack Quantity,<p>6</p>,Country Of Origin,<p>CN</p>,Standards,<ul><li>RoHS</li><li>CE</li></ul>,,,,
PA55,Product,PA55 - Foam Sweatband,"Soft foam sweat band for Full Brim Premier Hard Hats (PW52, PS56), Safety Pro Hard Hats (PW02), Endurance and Height Endurance hard hats (PS53, PS63, PS73, PW98) Sold in set of 10 pcs.",https://d11ak7fd9ypfb7.cloudfront.net/styles1100px/PA55BKR.jpg,19.8,0.0,TRUE,InStock,0.06,,PA55BKR,,,,Size,DROP_DOWN,,Color,DROP_DOWN,Black,,,,,,,,,,,,,Fit,<p>R</p>,Length,<p>43</p>,Width,<p>28</p>,Height,<p>35</p>,Box Quantity,<p>100</p>,Inner Pack Quantity,<p>10</p>,Country Of Origin,<p>CN</p>,Standards,<p></p>,,,,
PA58,Product,PA58 - Hard Hat Winter Liner,100% polyester insulating liner Designed to be worn with all hard hats Hook and loop straps to attach to the inner hard hat ensuring a secure fit Can be worn with a chin strap,https://d11ak7fd9ypfb7.cloudfront.net/styles1100px/PA58BKR.jpg,13.0,0.0,TRUE,InStock,0.105,,PA58BKR,,,,Size,DROP_DOWN,,Color,DROP_DOWN,Black,,,,,,,,,,,,,Fit,<p>R</p>,Length,<p>50</p>,Width,<p>33</p>,Height,<p>33</p>,Box Quantity,<p>50</p>,Inner Pack Quantity,<p>10</p>,Country Of Origin,<p>CN</p>,Standards,<p></p>,,,,
PA60,Product,PA60 - 7 LED Rubber Flashlight,Brightness: 31 lumens Beam distance: 55 yards Run time: 8 hours Batteries: included D x 2 Rubberized for grip and durability A classic and ergonomic design utilizing modern LED technology,https://d11ak7fd9ypfb7.cloudfront.net/styles1100px/PA60YBR.jpg,9.8,0.0,TRUE,InStock,0.376,,PA60YBR,,,,Size,DROP_DOWN,,Color,DROP_DOWN,Yellow/Black,,,,,,,,,,,,,Fit,<p>R</p>,Length,<p>43</p>,Width,<p>28</p>,Height,<p>46</p>,Box Quantity,<p>48</p>,Inner Pack Quantity,<p>1</p>,Country Of Origin,<p>CN</p>,Standards,<ul><li>CE</li><li>RoHS</li></ul>,,,,
PA61,Product,PA61 - Portwest High Powered Flashlight,Brightness: 800 lumens Beam distance: 550 yards max Run time: 40 hours Batteries: included D x 3 Function: high-medium-low-flash-SOS Impact and water resistant The ultimate in security flashlights,https://d11ak7fd9ypfb7.cloudfront.net/styles1100px/PA61BKR.jpg,59.7,0.0,TRUE,InStock,0.701,,PA61BKR,,,,Size,DROP_DOWN,,Color,DROP_DOWN,Black,,,,,,,,,,,,,Fit,<p>R</p>,Length,<p>44</p>,Width,<p>44</p>,Height,<p>30</p>,Box Quantity,<p>24</p>,Inner Pack Quantity,<p>1</p>,Country Of Origin,<p>CN</p>,Standards,<ul><li>CE</li><li>RoHS</li></ul>,,,,
PA63,Product,PA63 - Portwest Dual Power Head Light,"Brightness: 100 lumens Beam distance: 10 yards (high), 5 yards (medium) Run time: 8 hours Batteries: Included AAA x 3 Function: high-medium-flash Bright, compact and lightweight Tilt control for different working positions Tough rubberized coating",https://d11ak7fd9ypfb7.cloudfront.net/styles1100px/PA63YBR.jpg,11.1,0.0,TRUE,InStock,0.133,,PA63YBR,,,,Size,DROP_DOWN,,Color,DROP_DOWN,Yellow/Black,,,,,,,,,,,,,Fit,<p>R</p>,Length,<p>32</p>,Width,<p>30</p>,Height,<p>48</p>,Box Quantity,<p>96</p>,Inner Pack Quantity,<p>12</p>,Country Of Origin,<p>CN</p>,Standards,<ul><li>CE</li><li>RoHS</li></ul>,,,,
PA65,Product,PA65 - Portwest Inspection Flashlight,"Brightness: 150/40 lumens Beam distance: 10 yards (side light), 20 yards (top light) Run time: 4/10 hours Batteries: included AAA x 3 Function: inspection flashlight, top light Magnetic base, rubberized body for grip with clip for hands free inspection Compact but extremely powerful and useful lighting",https://d11ak7fd9ypfb7.cloudfront.net/styles1100px/PA65BKR.jpg,11.9,0.0,TRUE,InStock,0.05,,PA65BKR,,,,Size,DROP_DOWN,,Color,DROP_DOWN,Black,,,,,,,,,,,,,Fit,<p>R</p>,Length,<p>37</p>,Width,<p>37</p>,Height,<p>27</p>,Box Quantity,<p>120</p>,Inner Pack Quantity,<p>20</p>,Country Of Origin,<p>CN</p>,Standards,<ul><li>CE</li><li>RoHS</li></ul>,,,,
PA70,Product,PA70 - USB Rechargeable LED Head Light,Brightness: 150 lumens Run time: 4 hours (high) 12 hours (low) Battery: USB rechargeable li-ion Recharge time: 5 hours Function: high-medium-flash USB rechargeable head light Tilt control and a soft adjustable strap IPX4: wind and water resistant Micro USB charging cable included,https://d11ak7fd9ypfb7.cloudfront.net/styles1100px/PA70BKR.jpg,25.8,0.0,TRUE,InStock,0.155,,PA70BKR,,,,Size,DROP_DOWN,,Color,DROP_DOWN,Black,,,,,,,,,,,,,Fit,<p>R</p>,Length,<p>50</p>,Width,<p>39</p>,Height,<p>32</p>,Box Quantity,<p>120</p>,Inner Pack Quantity,<p>1</p>,Country Of Origin,<p>CN</p>,Standards,<ul><li>CE</li><li>RoHS</li></ul>,,,,
PA75,Product,PA75 - USB Rechargeable Flashlight,This rechargeable torch is compact and lightweight. The beam distance and focus is adjustable with a twistable lens system. This torch can also be used as a back up USB phone charger with enough power for one full charge of your phone.,https://d11ak7fd9ypfb7.cloudfront.net/styles1100px/PA75BKR.jpg,42.5,0.0,TRUE,InStock,0.278,,PA75BKR,,,,Size,DROP_DOWN,,Color,DROP_DOWN,Black,,,,,,,,,,,,,Fit,<p>R</p>,Length,<p>55</p>,Width,<p>39</p>,Height,<p>54</p>,Box Quantity,<p>72</p>,Inner Pack Quantity,<p>6</p>,Country Of Origin,<p>CN</p>,Standards,<ul><li>CE</li><li>RoHS</li></ul>,,,,
PS11,Product,PS11 - Tech Look Plus,Dielectric safety glasses with metal free hinges features a tough and modern design with dual material on the side arms. The wide elastic band ensures an improved fit and can be easily combined with helmets and ear defenders. The removable EVA foam gasket allows extra comfort and offers additional protection against shocks and dust.,https://d11ak7fd9ypfb7.cloudfront.net/styles1100px/PS11CLR.jpg,8.5,0.0,TRUE,InStock,0.06,,PS11CLR,,,,Size,DROP_DOWN,,Color,DROP_DOWN,Smoke;Clear,,,,,,,,,,,,,Fit,<p>R</p>,Length,<p>65</p>,Width,<p>45</p>,Height,<p>54</p>,Box Quantity,<p>288</p>,Inner Pack Quantity,<p>12</p>,Country Of Origin,<p>TW</p>,Standards,<ul><li>EN 166   1 FT</li><li>EN 170   2C-1.2 (clear)</li><li>EN 172   5-3.1 (smoke)</li><li>ANSI/ISEA Z87 .1  + (CLEAR)</li><li>ANSI/ISEA Z87 .1  + U6 L3 (SMOKE)</li></ul>,,,,
PS11,Variant,,Dielectric safety glasses with metal free hinges features a tough and modern design with dual material on the side arms. The wide elastic band ensures an improved fit and can be easily combined with helmets and ear defenders. The removable EVA foam gasket allows extra comfort and offers additional protection against shocks and dust.,https://d11ak7fd9ypfb7.cloudfront.net/styles1100px/PS11SKR.jpg,,0.0,TRUE,InStock,0.06,,PS11SKR,,,,Size,DROP_DOWN,,Color,DROP_DOWN,Smoke,,,,,,,,,,,,,Fit,<p>R</p>,Length,<p>65</p>,Width,<p>45</p>,Height,<p>54</p>,Box Quantity,<p>288</p>,Inner Pack Quantity,<p>12</p>,Country Of Origin,<p>TW</p>,Standards,<ul><li>EN 166   1 FT</li><li>EN 170   2C-1.2 (clear)</li><li>EN 172   5-3.1 (smoke)</li><li>ANSI/ISEA Z87 .1  + (CLEAR)</li><li>ANSI/ISEA Z87 .1  + U6 L3 (SMOKE)</li></ul>,,,,
PS12,Product,PS12 - Tech Look ,"Innovative lightweight dielectric safety glasses with metal free hinges, featuring a tough and modern design with dual material on the side arms Side holes offer increased ventilation for optimum comfort",https://d11ak7fd9ypfb7.cloudfront.net/styles1100px/PS12CLR.jpg,4.4,0.0,TRUE,InStock,0.043,,PS12CLR,,,,Size,DROP_DOWN,,Color,DROP_DOWN,Smoke;Clear,,,,,,,,,,,,,Fit,<p>R</p>,Length,<p>65</p>,Width,<p>35</p>,Height,<p>54</p>,Box Quantity,<p>288</p>,Inner Pack Quantity,<p>12</p>,Country Of Origin,<p>TW</p>,Standards,<ul><li>EN 166   1 FT</li><li>EN 170   2C-1.2 (clear)</li><li>EN 172   5-3.1 (smoke)</li><li>ANSI/ISEA Z87 .1  + (CLEAR)</li><li>ANSI/ISEA Z87 .1  + U6 L3 (SMOKE)</li></ul>,,,,
PS12,Variant,,"Innovative lightweight dielectric safety glasses with metal free hinges, featuring a tough and modern design with dual material on the side arms Side holes offer increased ventilation for optimum comfort",https://d11ak7fd9ypfb7.cloudfront.net/styles1100px/PS12SKR.jpg,,0.0,TRUE,InStock,0.04,,PS12SKR,,,,Size,DROP_DOWN,,Color,DROP_DOWN,Smoke,,,,,,,,,,,,,Fit,<p>R</p>,Length,<p>65</p>,Width,<p>35</p>,Height,<p>54</p>,Box Quantity,<p>288</p>,Inner Pack Quantity,<p>12</p>,Country Of Origin,<p>TW</p>,Standards,<ul><li>EN 166   1 FT</li><li>EN 170   2C-1.2 (clear)</li><li>EN 172   5-3.1 (smoke)</li><li>ANSI/ISEA Z87 .1  + (CLEAR)</li><li>ANSI/ISEA Z87 .1  + U6 L3 (SMOKE)</li></ul>,,,,
PS30,Product,PS30 - Portwest Over-Spec,PS30 is ultralightweight and designed to be worn over prescription glasses. Its wide panoramic lens with molded side shields and brow guard offers superior protection to the wearer. The adjustable and extendable arms ensure a comfortable and secure fit.,https://d11ak7fd9ypfb7.cloudfront.net/styles1100px/PS30CLR.jpg,4.0,0.0,TRUE,InStock,0.035,,PS30CLR,,,,Size,DROP_DOWN,,Color,DROP_DOWN,Clear,,,,,,,,,,,,,Fit,<p>R</p>,Length,<p>54</p>,Width,<p>45</p>,Height,<p>49</p>,Box Quantity,<p>288</p>,Inner Pack Quantity,<p>12</p>,Country Of Origin,<p>TW</p>,Standards,<ul><li>EN 166   1 FT</li><li>EN 170   2C-1.2</li><li>AS/NZS 1337.1</li><li>ANSI/ISEA Z87 .1</li></ul>,,,,
PS32,Product,PS32 - Wrap Around Plus Glasses,"Our best selling Wrap Around Glasses are now available with additional edge protection, thanks to the removable gasket, which offers a super comfortable fit and optimal protection against dust and impacts. The lens is treated with anti-scratch and anti-fog coating for improved performance.",https://d11ak7fd9ypfb7.cloudfront.net/styles1100px/PS32CLR.jpg,4.5,0.0,TRUE,InStock,0.024,,PS32CLR,,,,Size,DROP_DOWN,,Color,DROP_DOWN,Clear,,,,,,,,,,,,,Fit,<p>R</p>,Length,<p>54</p>,Width,<p>44</p>,Height,<p>51</p>,Box Quantity,<p>300</p>,Inner Pack Quantity,<p>12</p>,Country Of Origin,<p>TW</p>,Standards,<ul><li>EN 166   1FT</li><li>EN 170   2C-1.2</li><li>ANSI/ISEA Z87 +  U6</li><li>EN 172   5-3.1 (smoke)</li></ul>,,,,
PS43,Product,PS43 - Extreme Ear Muff,"The HV Extreme Ear Muff is part of our new generation premium Ear Muffs. Featuring a PU padded headband, it provides maximum comfort during long periods of use. Its dual pin adjustable cups offer a secure fit. Excellent attenuation performance provides superior protection against harmful noise and the reflective padded headband provides ultimate comfort.",https://d11ak7fd9ypfb7.cloudfront.net/styles1100px/PS43GRR.jpg,21.9,0.0,TRUE,InStock,0.325,,PS43GRR,,,,Size,DROP_DOWN,,Color,DROP_DOWN,Grey,,,,,,,,,,,,,Fit,<p>R</p>,Length,<p>52</p>,Width,<p>38</p>,Height,<p>53</p>,Box Quantity,<p>30</p>,Inner Pack Quantity,<p>10</p>,Country Of Origin,<p>CN</p>,Standards,<ul><li>ANSI S3.19   NRR 30dB</li></ul>,,,,
PS50,Product,PS50 - Arrow Safety Hard Hat,Lightweight vented hard hat with 8 vent ports allowing total airflow circulation around the head area 6 points PE suspension harness for a comfortable fit Buckle size adjustment for easy fitting Compatible with PW47 and PS47 clip-on ear muffs Foam sweat band included,https://d11ak7fd9ypfb7.cloudfront.net/styles1100px/PS50WHR.jpg,0.0,0.0,TRUE,InStock,0.445,,PS50WHR,,,,Size,DROP_DOWN,,Color,DROP_DOWN,Yellow;White,,,,,,,,,,,,,Fit,<p>R</p>,Length,<p>70</p>,Width,<p>60</p>,Height,<p>48</p>,Box Quantity,<p>50</p>,Inner Pack Quantity,<p>1</p>,Country Of Origin,<p>TR</p>,Standards,"<ul><li>T7467-02-2,2777/11766-01/E03-01</li><li>EN 397   -10°C/+50°C</li><li>ANSI/ISEA Z89.1 TYPE I  Class C</li></ul>",,,,
PS50,Variant,,Lightweight vented hard hat with 8 vent ports allowing total airflow circulation around the head area 6 points PE suspension harness for a comfortable fit Buckle size adjustment for easy fitting Compatible with PW47 and PS47 clip-on ear muffs Foam sweat band included,https://d11ak7fd9ypfb7.cloudfront.net/styles1100px/PS50YER.jpg,,0.0,TRUE,InStock,0.445,,PS50YER,,,,Size,DROP_DOWN,,Color,DROP_DOWN,Yellow,,,,,,,,,,,,,Fit,<p>R</p>,Length,<p>70</p>,Width,<p>60</p>,Height,<p>48</p>,Box Quantity,<p>50</p>,Inner Pack Quantity,<p>1</p>,Country Of Origin,<p>TR</p>,Standards,"<ul><li>T7467-02-2,2777/11766-01/E03-01</li><li>EN 397   -10°C/+50°C</li><li>ANSI/ISEA Z89.1 TYPE I  Class C</li></ul>",,,,
PS52,Product,PS52 - PW Full Brim Future Hard Hat,"Full brim hard hat with lightweight PP shell. Its wide profile provides extra protection against sun, glare, rain, debris and nontoxic splashes. A 4 point nylon harness with ratchet wheel adjustable size (52-63cm). Soft foam sweat band included.",https://d11ak7fd9ypfb7.cloudfront.net/styles1100px/PS52WHR.jpg,18.6,0.0,TRUE,InStock,0.5,,PS52WHR,,,,Size,DROP_DOWN,,Color,DROP_DOWN,White,,,,,,,,,,,,,Fit,<p>R</p>,Length,<p>64</p>,Width,<p>42</p>,Height,<p>55</p>,Box Quantity,<p>20</p>,Inner Pack Quantity,<p>1</p>,Country Of Origin,<p>TW</p>,Standards,<ul><li>EN 397   -10°C/+50°C</li><li>ANSI/ISEA Z89.1 TYPE I  Class E</li></ul>,,,,
PS53,Product,PS53 - Height Endurance Hard Hat,"Designed to be specially used when working at heights. Light and comfortable, this short peak hard hat is compact featuring an unvented ABS shell, textile comfort harness 6 points and wheel ratchet adjustment, size 52-63cm. Improved technical sweatband and 4 points chin strap (Y style) with soft rubber chin protector included. High visibility color available for increased visibility Designed to reduce the danger of contact with higher voltage conductors (tested at 20.000 volts)",https://d11ak7fd9ypfb7.cloudfront.net/styles1100px/PS53ORR.jpg,30.5,0.0,TRUE,InStock,0.46,,PS53ORR,,,,Size,DROP_DOWN,,Color,DROP_DOWN,Yellow;Orange;White,,,,,,,,,,,,,Fit,<p>R</p>,Length,<p>57</p>,Width,<p>45</p>,Height,<p>50</p>,Box Quantity,<p>20</p>,Inner Pack Quantity,<p>1</p>,Country Of Origin,<p>CN</p>,Standards,<ul><li>EN 50365 Class:0</li><li>EN 397   -30°C/+50°C</li><li>ANSI/ISEA Z89.1 TYPE I  Class E</li></ul>,,,,
PS53,Variant,,"Designed to be specially used when working at heights. Light and comfortable, this short peak hard hat is compact featuring an unvented ABS shell, textile comfort harness 6 points and wheel ratchet adjustment, size 52-63cm. Improved technical sweatband and 4 points chin strap (Y style) with soft rubber chin protector included. High visibility color available for increased visibility Designed to reduce the danger of contact with higher voltage conductors (tested at 20.000 volts)",https://d11ak7fd9ypfb7.cloudfront.net/styles1100px/PS53WHR.jpg,,0.0,TRUE,InStock,0.46,,PS53WHR,,,,Size,DROP_DOWN,,Color,DROP_DOWN,White,,,,,,,,,,,,,Fit,<p>R</p>,Length,<p>57</p>,Width,<p>45</p>,Height,<p>50</p>,Box Quantity,<p>20</p>,Inner Pack Quantity,<p>1</p>,Country Of Origin,<p>CN</p>,Standards,<ul><li>EN 50365 Class:0</li><li>EN 397   -30°C/+50°C</li><li>ANSI/ISEA Z89.1 TYPE I  Class E</li></ul>,,,,
PS53,Variant,,"Designed to be specially used when working at heights. Light and comfortable, this short peak hard hat is compact featuring an unvented ABS shell, textile comfort harness 6 points and wheel ratchet adjustment, size 52-63cm. Improved technical sweatband and 4 points chin strap (Y style) with soft rubber chin protector included. High visibility color available for increased visibility Designed to reduce the danger of contact with higher voltage conductors (tested at 20.000 volts)",https://d11ak7fd9ypfb7.cloudfront.net/styles1100px/PS53YER.jpg,,0.0,TRUE,InStock,0.46,,PS53YER,,,,Size,DROP_DOWN,,Color,DROP_DOWN,Yellow,,,,,,,,,,,,,Fit,<p>R</p>,Length,<p>57</p>,Width,<p>45</p>,Height,<p>50</p>,Box Quantity,<p>20</p>,Inner Pack Quantity,<p>1</p>,Country Of Origin,<p>CN</p>,Standards,<ul><li>EN 50365 Class:0</li><li>EN 397   -30°C/+50°C</li><li>ANSI/ISEA Z89.1 TYPE I  Class E</li></ul>,,,,
PS54,Product,PS54 - Endurance Plus Hard Hat,"Endurance hard hat features a robust ABS shell, 6-point textile suspension harness with wheel ratchet adjustment. Sweatband and 4-point chin strap are included. It is designed to reduce the danger of contact with higher voltage conductors (tested at 20.000 volts)",https://d11ak7fd9ypfb7.cloudfront.net/styles1100px/PS54ORR.jpg,20.4,0.0,TRUE,InStock,0.41,,PS54ORR,,,,Size,DROP_DOWN,,Color,DROP_DOWN,Orange;White,,,,,,,,,,,,,Fit,<p>R</p>,Length,<p>57</p>,Width,<p>45</p>,Height,<p>44</p>,Box Quantity,<p>20</p>,Inner Pack Quantity,<p>1</p>,Country Of Origin,<p>CN</p>,Standards,<ul><li>EN 397   +50°C/-30°C; MM; LD; 440VAC</li><li>EN 50365 Class:0</li><li>ANSI/ISEA Z89.1 TYPE I  CLASS E</li><li>AS/NZS 1801</li></ul>,,,,
PS54,Variant,,"Endurance hard hat features a robust ABS shell, 6-point textile suspension harness with wheel ratchet adjustment. Sweatband and 4-point chin strap are included. It is designed to reduce the danger of contact with higher voltage conductors (tested at 20.000 volts)",https://d11ak7fd9ypfb7.cloudfront.net/styles1100px/PS54WHR.jpg,,0.0,TRUE,InStock,0.41,,PS54WHR,,,,Size,DROP_DOWN,,Color,DROP_DOWN,White,,,,,,,,,,,,,Fit,<p>R</p>,Length,<p>57</p>,Width,<p>45</p>,Height,<p>44</p>,Box Quantity,<p>20</p>,Inner Pack Quantity,<p>1</p>,Country Of Origin,<p>CN</p>,Standards,<ul><li>EN 397   +50°C/-30°C; MM; LD; 440VAC</li><li>EN 50365 Class:0</li><li>ANSI/ISEA Z89.1 TYPE I  CLASS E</li><li>AS/NZS 1801</li></ul>,,,,
PS56,Product,PS56 - Full Brim Premier Hard Hat ,"Full brim hard hat with an unvented shell in HDPE, 4-point textile harness with ratchet wheel to adjust its headband size (52-63cm). It is designed to reduce the danger of contacts with conductors at higher voltage level (tested at 20.000 volts).",https://d11ak7fd9ypfb7.cloudfront.net/styles1100px/PS56ORR.jpg,21.0,0.0,TRUE,InStock,0,,PS56ORR,,,,Size,DROP_DOWN,,Color,DROP_DOWN,Royal Blue;Yellow;White;Red;Orange,,,,,,,,,,,,,Fit,<p>R</p>,Length,<p>65</p>,Width,<p>45</p>,Height,<p>55</p>,Box Quantity,<p>20</p>,Inner Pack Quantity,<p>1</p>,Country Of Origin,<p>CN</p>,Standards,<ul><li>ANSI/ISEA Z89.1 TYPE I  CLASS E</li></ul>,,,,
PS56,Variant,,"Full brim hard hat with an unvented shell in HDPE, 4-point textile harness with ratchet wheel to adjust its headband size (52-63cm). It is designed to reduce the danger of contacts with conductors at higher voltage level (tested at 20.000 volts).",https://d11ak7fd9ypfb7.cloudfront.net/styles1100px/PS56RBR.jpg,,0.0,TRUE,InStock,0,,PS56RBR,,,,Size,DROP_DOWN,,Color,DROP_DOWN,Royal Blue,,,,,,,,,,,,,Fit,<p>R</p>,Length,<p>65</p>,Width,<p>45</p>,Height,<p>55</p>,Box Quantity,<p>20</p>,Inner Pack Quantity,<p>1</p>,Country Of Origin,<p>CN</p>,Standards,<ul><li>ANSI/ISEA Z89.1 TYPE I  CLASS E</li></ul>,,,,
PS56,Variant,,"Full brim hard hat with an unvented shell in HDPE, 4-point textile harness with ratchet wheel to adjust its headband size (52-63cm). It is designed to reduce the danger of contacts with conductors at higher voltage level (tested at 20.000 volts).",https://d11ak7fd9ypfb7.cloudfront.net/styles1100px/PS56RER.jpg,,0.0,TRUE,InStock,0,,PS56RER,,,,Size,DROP_DOWN,,Color,DROP_DOWN,Red,,,,,,,,,,,,,Fit,<p>R</p>,Length,<p>65</p>,Width,<p>45</p>,Height,<p>55</p>,Box Quantity,<p>20</p>,Inner Pack Quantity,<p>1</p>,Country Of Origin,<p>CN</p>,Standards,<ul><li>ANSI/ISEA Z89.1 TYPE I  CLASS E</li></ul>,,,,
PS56,Variant,,"Full brim hard hat with an unvented shell in HDPE, 4-point textile harness with ratchet wheel to adjust its headband size (52-63cm). It is designed to reduce the danger of contacts with conductors at higher voltage level (tested at 20.000 volts).",https://d11ak7fd9ypfb7.cloudfront.net/styles1100px/PS56WHR.jpg,,0.0,TRUE,InStock,0,,PS56WHR,,,,Size,DROP_DOWN,,Color,DROP_DOWN,White,,,,,,,,,,,,,Fit,<p>R</p>,Length,<p>65</p>,Width,<p>45</p>,Height,<p>55</p>,Box Quantity,<p>20</p>,Inner Pack Quantity,<p>1</p>,Country Of Origin,<p>CN</p>,Standards,<ul><li>ANSI/ISEA Z89.1 TYPE I  CLASS E</li></ul>,,,,
PS56,Variant,,"Full brim hard hat with an unvented shell in HDPE, 4-point textile harness with ratchet wheel to adjust its headband size (52-63cm). It is designed to reduce the danger of contacts with conductors at higher voltage level (tested at 20.000 volts).",https://d11ak7fd9ypfb7.cloudfront.net/styles1100px/PS56YER.jpg,,0.0,TRUE,InStock,0,,PS56YER,,,,Size,DROP_DOWN,,Color,DROP_DOWN,Yellow,,,,,,,,,,,,,Fit,<p>R</p>,Length,<p>65</p>,Width,<p>45</p>,Height,<p>55</p>,Box Quantity,<p>20</p>,Inner Pack Quantity,<p>1</p>,Country Of Origin,<p>CN</p>,Standards,<ul><li>ANSI/ISEA Z89.1 TYPE I  CLASS E</li></ul>,,,,
PS58,Product,PS58 - Hard Hat Visor Holder ,The Hard Hat Visor Holder with universal slot 30mm can be used on Endurance Hard Hats and Height Endurance Hard Hats. It allows stand-off position and can combine the simultaneous wear of a visor and clip-on ear-muffs. Compatible with replacement visors PS94 and PW99.,https://d11ak7fd9ypfb7.cloudfront.net/styles1100px/PS58BKR.jpg,9.8,0.0,TRUE,InStock,0.1,,PS58BKR,,,,Size,DROP_DOWN,,Color,DROP_DOWN,Black,,,,,,,,,,,,,Fit,<p>R</p>,Length,<p>57</p>,Width,<p>45</p>,Height,<p>50</p>,Box Quantity,<p>80</p>,Inner Pack Quantity,<p>20</p>,Country Of Origin,<p>CN</p>,Standards,<ul><li>ASTM F1959/F1959M-12   F</li><li>ANSI/ISEA Z87 .1</li><li>EN 1731   F</li></ul>,,,,
PS59,Product,PS59 - AirTech Bump Cap,Innovative design Bump Cap. Maximised ventilation thanks to the side mesh and wide open windows on the inner shell. Modern textile design with reflective piping for better visibility. The mid-length peak makes this bump cap suitable for all uses. Buckle adjustable size.,https://d11ak7fd9ypfb7.cloudfront.net/styles1100px/PS59YER.jpg,18.6,0.0,TRUE,InStock,0.189,,PS59YER,,,,Size,DROP_DOWN,,Color,DROP_DOWN,Yellow,,,,,,,,,,,,,Fit,<p>R</p>,Length,<p>65</p>,Width,<p>45</p>,Height,<p>58</p>,Box Quantity,<p>60</p>,Inner Pack Quantity,<p>10</p>,Country Of Origin,<p>CN</p>,Standards,<ul><li>EN 812</li></ul>,,,,
PS68,Product,PS68 - Full Brim Visor Holder,Universal visor holder for full brim hard hats which can accommodate a wide variety of face shields and fit most full brim hard hats. Allows stand-off position.,https://d11ak7fd9ypfb7.cloudfront.net/styles1100px/PS68SIR.jpg,14.4,0.0,TRUE,InStock,0.999,,PS68SIR,,,,Size,DROP_DOWN,,Color,DROP_DOWN,Silver,,,,,,,,,,,,,Fit,<p>R</p>,Length,<p>58</p>,Width,<p>32</p>,Height,<p>52</p>,Box Quantity,<p>50</p>,Inner Pack Quantity,<p>1</p>,Country Of Origin,<p>TW</p>,Standards,<ul><li>ANSI/ISEA Z87</li></ul>,,,,
PS89,Product,PS89 - Ultra Light Bump Cap,Industrial Safety Bump Cap with an ultra light plastic shell. It includes 4 points moulded harness with a sweatband and adjustable buckle size (50-60cm). Perforated side shell for extra airflow. Easy to clean and ultra light-weight for prolonged comfort wear.,https://d11ak7fd9ypfb7.cloudfront.net/styles1100px/PS89ORR.jpg,10.5,0.0,TRUE,InStock,0.24,,PS89ORR,,,,Size,DROP_DOWN,,Color,DROP_DOWN,Yellow;Royal Blue;Orange;White,,,,,,,,,,,,,Fit,<p>R</p>,Length,<p>65</p>,Width,<p>45</p>,Height,<p>53</p>,Box Quantity,<p>40</p>,Inner Pack Quantity,<p>10</p>,Country Of Origin,<p>CN</p>,Standards,<ul><li>EN 812</li></ul>,,,,
PS89,Variant,,Industrial Safety Bump Cap with an ultra light plastic shell. It includes 4 points moulded harness with a sweatband and adjustable buckle size (50-60cm). Perforated side shell for extra airflow. Easy to clean and ultra light-weight for prolonged comfort wear.,https://d11ak7fd9ypfb7.cloudfront.net/styles1100px/PS89RBR.jpg,,0.0,TRUE,InStock,0.24,,PS89RBR,,,,Size,DROP_DOWN,,Color,DROP_DOWN,Royal Blue,,,,,,,,,,,,,Fit,<p>R</p>,Length,<p>65</p>,Width,<p>45</p>,Height,<p>53</p>,Box Quantity,<p>40</p>,Inner Pack Quantity,<p>10</p>,Country Of Origin,<p>CN</p>,Standards,<ul><li>EN 812</li></ul>,,,,
PS89,Variant,,Industrial Safety Bump Cap with an ultra light plastic shell. It includes 4 points moulded harness with a sweatband and adjustable buckle size (50-60cm). Perforated side shell for extra airflow. Easy to clean and ultra light-weight for prolonged comfort wear.,https://d11ak7fd9ypfb7.cloudfront.net/styles1100px/PS89WHR.jpg,,0.0,TRUE,InStock,0.24,,PS89WHR,,,,Size,DROP_DOWN,,Color,DROP_DOWN,White,,,,,,,,,,,,,Fit,<p>R</p>,Length,<p>65</p>,Width,<p>45</p>,Height,<p>53</p>,Box Quantity,<p>40</p>,Inner Pack Quantity,<p>10</p>,Country Of Origin,<p>CN</p>,Standards,<ul><li>EN 812</li></ul>,,,,
PS89,Variant,,Industrial Safety Bump Cap with an ultra light plastic shell. It includes 4 points moulded harness with a sweatband and adjustable buckle size (50-60cm). Perforated side shell for extra airflow. Easy to clean and ultra light-weight for prolonged comfort wear.,https://d11ak7fd9ypfb7.cloudfront.net/styles1100px/PS89YER.jpg,,0.0,TRUE,InStock,0.24,,PS89YER,,,,Size,DROP_DOWN,,Color,DROP_DOWN,Yellow,,,,,,,,,,,,,Fit,<p>R</p>,Length,<p>65</p>,Width,<p>45</p>,Height,<p>53</p>,Box Quantity,<p>40</p>,Inner Pack Quantity,<p>10</p>,Country Of Origin,<p>CN</p>,Standards,<ul><li>EN 812</li></ul>,,,,
PS94,Product,PS94 - Mesh Protection Visor,"Mesh Visor, replacement for PW98. It also fits PS58 and PS68 holders.",https://d11ak7fd9ypfb7.cloudfront.net/styles1100px/PS94BKR.jpg,10.4,0.0,TRUE,InStock,0.1,,PS94BKR,,,,Size,DROP_DOWN,,Color,DROP_DOWN,Black,,,,,,,,,,,,,Fit,<p>R</p>,Length,<p>65</p>,Width,<p>40</p>,Height,<p>60</p>,Box Quantity,<p>150</p>,Inner Pack Quantity,<p>25</p>,Country Of Origin,<p>CN</p>,Standards,<ul><li>ANSI/ISEA Z87</li><li>ASTM F1959/F1959M-12   F</li><li>EN 1731   F</li></ul>,,,,
PV50,Product,PV50 - Peak View Hard Hat - Vented,"Portwest exclusive design Translucent shell to see through peak and sides Extra strong yet ultra lightweight Polycarbonate shell, offering UV 400 protection 6 points textile harness, adjustable size Vented shell for extra air-flow",https://d11ak7fd9ypfb7.cloudfront.net/styles1100px/PV50YER.jpg,0.0,0.0,TRUE,InStock,0.41,,PV50YER,,,,Size,DROP_DOWN,,Color,DROP_DOWN,Yellow,,,,,,,,,,,,,Fit,<p>R</p>,Length,<p>59</p>,Width,<p>38</p>,Height,<p>47</p>,Box Quantity,<p>20</p>,Inner Pack Quantity,<p>1</p>,Country Of Origin,<p>AU</p>,Standards,<ul><li>ANSI/ISEA Z89.1 TYPE II  Class C</li><li>EN 397   -20°C</li></ul>,,,,
PV60,Product,PV60 - Peak View Ratchet Hard Hat Vented,"The Peak View Ratchet Hard Hat is a Portwest exclusive design and patented model. The translucent shell and see through peak and sides allow the wearer to look upwards without the need to tilt the head. The extra strong yet ultra light weight polycarbonate shell offers UV rays protection. Other features include 6 points textile harness, wheel ratchet adjustment and a vented shell for extra airflow.",https://d11ak7fd9ypfb7.cloudfront.net/styles1100px/PV60BLU.jpg,30.9,0.0,TRUE,InStock,0.41,,PV60BLU,,,,Size,DROP_DOWN,,Color,DROP_DOWN,Green;Blue;Smoke;Yellow;Pink;Clear;Red;Orange,,,,,,,,,,,,,Fit,<p>U</p>,Length,<p>59</p>,Width,<p>38</p>,Height,<p>47</p>,Box Quantity,<p>20</p>,Inner Pack Quantity,<p>1</p>,Country Of Origin,<p>AU</p>,Standards,<ul><li>ANSI/ISEA Z89.1 TYPE II  Class C</li><li>EN 397   -20°C</li></ul>,,,,
PV60,Variant,,"The Peak View Ratchet Hard Hat is a Portwest exclusive design and patented model. The translucent shell and see through peak and sides allow the wearer to look upwards without the need to tilt the head. The extra strong yet ultra light weight polycarbonate shell offers UV rays protection. Other features include 6 points textile harness, wheel ratchet adjustment and a vented shell for extra airflow.",https://d11ak7fd9ypfb7.cloudfront.net/styles1100px/PV60CLR.jpg,,0.0,TRUE,InStock,0.41,,PV60CLR,,,,Size,DROP_DOWN,,Color,DROP_DOWN,Clear,,,,,,,,,,,,,Fit,<p>R</p>,Length,<p>59</p>,Width,<p>38</p>,Height,<p>47</p>,Box Quantity,<p>20</p>,Inner Pack Quantity,<p>1</p>,Country Of Origin,<p>AU</p>,Standards,<ul><li>ANSI/ISEA Z89.1 TYPE II  Class C</li><li>EN 397   -20°C</li></ul>,,,,
PV60,Variant,,"The Peak View Ratchet Hard Hat is a Portwest exclusive design and patented model. The translucent shell and see through peak and sides allow the wearer to look upwards without the need to tilt the head. The extra strong yet ultra light weight polycarbonate shell offers UV rays protection. Other features include 6 points textile harness, wheel ratchet adjustment and a vented shell for extra airflow.",https://d11ak7fd9ypfb7.cloudfront.net/styles1100px/PV60GNR.jpg,,0.0,TRUE,InStock,0.41,,PV60GNR,,,,Size,DROP_DOWN,,Color,DROP_DOWN,Green,,,,,,,,,,,,,Fit,<p>R</p>,Length,<p>59</p>,Width,<p>38</p>,Height,<p>47</p>,Box Quantity,<p>20</p>,Inner Pack Quantity,<p>1</p>,Country Of Origin,<p>AU</p>,Standards,<ul><li>ANSI/ISEA Z89.1 TYPE II  Class C</li><li>EN 397   -20°C</li></ul>,,,,
PV60,Variant,,"The Peak View Ratchet Hard Hat is a Portwest exclusive design and patented model. The translucent shell and see through peak and sides allow the wearer to look upwards without the need to tilt the head. The extra strong yet ultra light weight polycarbonate shell offers UV rays protection. Other features include 6 points textile harness, wheel ratchet adjustment and a vented shell for extra airflow.",https://d11ak7fd9ypfb7.cloudfront.net/styles1100px/PV60ORR.jpg,,0.0,TRUE,InStock,0.41,,PV60ORR,,,,Size,DROP_DOWN,,Color,DROP_DOWN,Orange,,,,,,,,,,,,,Fit,<p>R</p>,Length,<p>59</p>,Width,<p>38</p>,Height,<p>47</p>,Box Quantity,<p>20</p>,Inner Pack Quantity,<p>1</p>,Country Of Origin,<p>AU</p>,Standards,<ul><li>ANSI/ISEA Z89.1 TYPE II  Class C</li><li>EN 397   -20°C</li></ul>,,,,
PV60,Variant,,"The Peak View Ratchet Hard Hat is a Portwest exclusive design and patented model. The translucent shell and see through peak and sides allow the wearer to look upwards without the need to tilt the head. The extra strong yet ultra light weight polycarbonate shell offers UV rays protection. Other features include 6 points textile harness, wheel ratchet adjustment and a vented shell for extra airflow.",https://d11ak7fd9ypfb7.cloudfront.net/styles1100px/PV60PIR.jpg,,0.0,TRUE,InStock,0.41,,PV60PIR,,,,Size,DROP_DOWN,,Color,DROP_DOWN,Pink,,,,,,,,,,,,,Fit,<p>R</p>,Length,<p>59</p>,Width,<p>38</p>,Height,<p>47</p>,Box Quantity,<p>20</p>,Inner Pack Quantity,<p>1</p>,Country Of Origin,<p>AU</p>,Standards,<ul><li>ANSI/ISEA Z89.1 TYPE II  Class C</li><li>EN 397   -20°C</li></ul>,,,,
PV60,Variant,,"The Peak View Ratchet Hard Hat is a Portwest exclusive design and patented model. The translucent shell and see through peak and sides allow the wearer to look upwards without the need to tilt the head. The extra strong yet ultra light weight polycarbonate shell offers UV rays protection. Other features include 6 points textile harness, wheel ratchet adjustment and a vented shell for extra airflow.",https://d11ak7fd9ypfb7.cloudfront.net/styles1100px/PV60RER.jpg,,0.0,TRUE,InStock,0.41,,PV60RER,,,,Size,DROP_DOWN,,Color,DROP_DOWN,Red,,,,,,,,,,,,,Fit,<p>R</p>,Length,<p>59</p>,Width,<p>38</p>,Height,<p>47</p>,Box Quantity,<p>20</p>,Inner Pack Quantity,<p>1</p>,Country Of Origin,<p>AU</p>,Standards,<ul><li>ANSI/ISEA Z89.1 TYPE II  Class C</li><li>EN 397   -20°C</li></ul>,,,,
PV60,Variant,,"The Peak View Ratchet Hard Hat is a Portwest exclusive design and patented model. The translucent shell and see through peak and sides allow the wearer to look upwards without the need to tilt the head. The extra strong yet ultra light weight polycarbonate shell offers UV rays protection. Other features include 6 points textile harness, wheel ratchet adjustment and a vented shell for extra airflow.",https://d11ak7fd9ypfb7.cloudfront.net/styles1100px/PV60SKR.jpg,,0.0,TRUE,InStock,0.41,,PV60SKR,,,,Size,DROP_DOWN,,Color,DROP_DOWN,Smoke,,,,,,,,,,,,,Fit,<p>R</p>,Length,<p>59</p>,Width,<p>38</p>,Height,<p>47</p>,Box Quantity,<p>20</p>,Inner Pack Quantity,<p>1</p>,Country Of Origin,<p>AU</p>,Standards,<ul><li>ANSI/ISEA Z89.1 TYPE II  Class C</li><li>EN 397   -20°C</li></ul>,,,,
PV60,Variant,,"The Peak View Ratchet Hard Hat is a Portwest exclusive design and patented model. The translucent shell and see through peak and sides allow the wearer to look upwards without the need to tilt the head. The extra strong yet ultra light weight polycarbonate shell offers UV rays protection. Other features include 6 points textile harness, wheel ratchet adjustment and a vented shell for extra airflow.",https://d11ak7fd9ypfb7.cloudfront.net/styles1100px/PV60YER.jpg,,0.0,TRUE,InStock,0.41,,PV60YER,,,,Size,DROP_DOWN,,Color,DROP_DOWN,Yellow,,,,,,,,,,,,,Fit,<p>R</p>,Length,<p>59</p>,Width,<p>38</p>,Height,<p>47</p>,Box Quantity,<p>20</p>,Inner Pack Quantity,<p>1</p>,Country Of Origin,<p>AU</p>,Standards,<ul><li>ANSI/ISEA Z89.1 TYPE II  Class C</li><li>EN 397   -20°C</li></ul>,,,,
PV64,Product,PV64 - Peak View Plus Ratchet Hard Hat - Non Vented,Portwest exclusive design and patented model Translucent shell and see through peak and sides allow the wearer to look upwards without the need to tilt the head Extra strong yet ultra light weight polycarbonate shell offers UV rays protection 6 points textile harness Wheel ratchet adjustment,https://d11ak7fd9ypfb7.cloudfront.net/styles1100px/PV64BLU.jpg,30.9,0.0,TRUE,InStock,0.41,,PV64BLU,,,,Size,DROP_DOWN,,Color,DROP_DOWN,Green;Blue;Smoke;Yellow;Pink;Clear;Red;Orange,,,,,,,,,,,,,Fit,<p>U</p>,Length,<p>59</p>,Width,<p>38</p>,Height,<p>47</p>,Box Quantity,<p>20</p>,Inner Pack Quantity,<p>1</p>,Country Of Origin,<p>AU</p>,Standards,<ul><li>ANSI/ISEA Z89.1 TYPE II  Class G</li><li>EN 397   440 Vac; -20°C</li></ul>,,,,
PV64,Variant,,Portwest exclusive design and patented model Translucent shell and see through peak and sides allow the wearer to look upwards without the need to tilt the head Extra strong yet ultra light weight polycarbonate shell offers UV rays protection 6 points textile harness Wheel ratchet adjustment,https://d11ak7fd9ypfb7.cloudfront.net/styles1100px/PV64CLR.jpg,,0.0,TRUE,InStock,0.41,,PV64CLR,,,,Size,DROP_DOWN,,Color,DROP_DOWN,Clear,,,,,,,,,,,,,Fit,<p>R</p>,Length,<p>59</p>,Width,<p>38</p>,Height,<p>47</p>,Box Quantity,<p>20</p>,Inner Pack Quantity,<p>1</p>,Country Of Origin,<p>AU</p>,Standards,<ul><li>ANSI/ISEA Z89.1 TYPE II  Class G</li><li>EN 397   440 Vac; -20°C</li></ul>,,,,
PV64,Variant,,Portwest exclusive design and patented model Translucent shell and see through peak and sides allow the wearer to look upwards without the need to tilt the head Extra strong yet ultra light weight polycarbonate shell offers UV rays protection 6 points textile harness Wheel ratchet adjustment,https://d11ak7fd9ypfb7.cloudfront.net/styles1100px/PV64GNR.jpg,,0.0,TRUE,InStock,0.41,,PV64GNR,,,,Size,DROP_DOWN,,Color,DROP_DOWN,Green,,,,,,,,,,,,,Fit,<p>R</p>,Length,<p>59</p>,Width,<p>38</p>,Height,<p>47</p>,Box Quantity,<p>20</p>,Inner Pack Quantity,<p>1</p>,Country Of Origin,<p>AU</p>,Standards,<ul><li>ANSI/ISEA Z89.1 TYPE II  Class G</li><li>EN 397   440 Vac; -20°C</li></ul>,,,,
PV64,Variant,,Portwest exclusive design and patented model Translucent shell and see through peak and sides allow the wearer to look upwards without the need to tilt the head Extra strong yet ultra light weight polycarbonate shell offers UV rays protection 6 points textile harness Wheel ratchet adjustment,https://d11ak7fd9ypfb7.cloudfront.net/styles1100px/PV64ORR.jpg,,0.0,TRUE,InStock,0.41,,PV64ORR,,,,Size,DROP_DOWN,,Color,DROP_DOWN,Orange,,,,,,,,,,,,,Fit,<p>R</p>,Length,<p>59</p>,Width,<p>38</p>,Height,<p>47</p>,Box Quantity,<p>20</p>,Inner Pack Quantity,<p>1</p>,Country Of Origin,<p>AU</p>,Standards,<ul><li>ANSI/ISEA Z89.1 TYPE II  Class G</li><li>EN 397   440 Vac; -20°C</li></ul>,,,,
PV64,Variant,,Portwest exclusive design and patented model Translucent shell and see through peak and sides allow the wearer to look upwards without the need to tilt the head Extra strong yet ultra light weight polycarbonate shell offers UV rays protection 6 points textile harness Wheel ratchet adjustment,https://d11ak7fd9ypfb7.cloudfront.net/styles1100px/PV64PIR.jpg,,0.0,TRUE,InStock,0.41,,PV64PIR,,,,Size,DROP_DOWN,,Color,DROP_DOWN,Pink,,,,,,,,,,,,,Fit,<p>R</p>,Length,<p>59</p>,Width,<p>38</p>,Height,<p>47</p>,Box Quantity,<p>20</p>,Inner Pack Quantity,<p>1</p>,Country Of Origin,<p>AU</p>,Standards,<ul><li>ANSI/ISEA Z89.1 TYPE II  Class G</li><li>EN 397   440 Vac; -20°C</li></ul>,,,,
PV64,Variant,,Portwest exclusive design and patented model Translucent shell and see through peak and sides allow the wearer to look upwards without the need to tilt the head Extra strong yet ultra light weight polycarbonate shell offers UV rays protection 6 points textile harness Wheel ratchet adjustment,https://d11ak7fd9ypfb7.cloudfront.net/styles1100px/PV64RER.jpg,,0.0,TRUE,InStock,0.41,,PV64RER,,,,Size,DROP_DOWN,,Color,DROP_DOWN,Red,,,,,,,,,,,,,Fit,<p>R</p>,Length,<p>59</p>,Width,<p>38</p>,Height,<p>47</p>,Box Quantity,<p>20</p>,Inner Pack Quantity,<p>1</p>,Country Of Origin,<p>AU</p>,Standards,<ul><li>ANSI/ISEA Z89.1 TYPE II  Class G</li><li>EN 397   440 Vac; -20°C</li></ul>,,,,
PV64,Variant,,Portwest exclusive design and patented model Translucent shell and see through peak and sides allow the wearer to look upwards without the need to tilt the head Extra strong yet ultra light weight polycarbonate shell offers UV rays protection 6 points textile harness Wheel ratchet adjustment,https://d11ak7fd9ypfb7.cloudfront.net/styles1100px/PV64SKR.jpg,,0.0,TRUE,InStock,0.41,,PV64SKR,,,,Size,DROP_DOWN,,Color,DROP_DOWN,Smoke,,,,,,,,,,,,,Fit,<p>R</p>,Length,<p>59</p>,Width,<p>38</p>,Height,<p>47</p>,Box Quantity,<p>20</p>,Inner Pack Quantity,<p>1</p>,Country Of Origin,<p>AU</p>,Standards,<ul><li>ANSI/ISEA Z89.1 TYPE II  Class G</li><li>EN 397   440 Vac; -20°C</li></ul>,,,,
PV64,Variant,,Portwest exclusive design and patented model Translucent shell and see through peak and sides allow the wearer to look upwards without the need to tilt the head Extra strong yet ultra light weight polycarbonate shell offers UV rays protection 6 points textile harness Wheel ratchet adjustment,https://d11ak7fd9ypfb7.cloudfront.net/styles1100px/PV64YER.jpg,,0.0,TRUE,InStock,0.41,,PV64YER,,,,Size,DROP_DOWN,,Color,DROP_DOWN,Yellow,,,,,,,,,,,,,Fit,<p>R</p>,Length,<p>59</p>,Width,<p>38</p>,Height,<p>47</p>,Box Quantity,<p>20</p>,Inner Pack Quantity,<p>1</p>,Country Of Origin,<p>AU</p>,Standards,<ul><li>ANSI/ISEA Z89.1 TYPE II  Class G</li><li>EN 397   440 Vac; -20°C</li></ul>,,,,
PW01,Product,PW01 - Safety Pro Hard Hat ,Cap style hard hat HDPE Shell 4 point textile harness with ratchet wheel adjustable size Designed to reduce the danger of contact with higher voltage conductors (tested at 20.000 volts),https://d11ak7fd9ypfb7.cloudfront.net/styles1100px/PW01ORR.jpg,19.0,0.0,TRUE,InStock,0.38,,PW01ORR,,,,Size,DROP_DOWN,,Color,DROP_DOWN,Royal Blue;Yellow;White;Red;Orange,,,,,,,,,,,,,Fit,<p>R</p>,Length,<p>57</p>,Width,<p>45</p>,Height,<p>45</p>,Box Quantity,<p>20</p>,Inner Pack Quantity,<p>1</p>,Country Of Origin,<p>CN</p>,Standards,<ul><li>ANSI/ISEA Z89.1 TYPE I  CLASS E</li></ul>,,,,
PW01,Variant,,Cap style hard hat HDPE Shell 4 point textile harness with ratchet wheel adjustable size Designed to reduce the danger of contact with higher voltage conductors (tested at 20.000 volts),https://d11ak7fd9ypfb7.cloudfront.net/styles1100px/PW01RBR.jpg,,0.0,TRUE,InStock,0.38,,PW01RBR,,,,Size,DROP_DOWN,,Color,DROP_DOWN,Royal Blue,,,,,,,,,,,,,Fit,<p>R</p>,Length,<p>57</p>,Width,<p>45</p>,Height,<p>45</p>,Box Quantity,<p>20</p>,Inner Pack Quantity,<p>1</p>,Country Of Origin,<p>CN</p>,Standards,<ul><li>ANSI/ISEA Z89.1 TYPE I  CLASS E</li></ul>,,,,
PW01,Variant,,Cap style hard hat HDPE Shell 4 point textile harness with ratchet wheel adjustable size Designed to reduce the danger of contact with higher voltage conductors (tested at 20.000 volts),https://d11ak7fd9ypfb7.cloudfront.net/styles1100px/PW01RER.jpg,,0.0,TRUE,InStock,0.38,,PW01RER,,,,Size,DROP_DOWN,,Color,DROP_DOWN,Red,,,,,,,,,,,,,Fit,<p>R</p>,Length,<p>57</p>,Width,<p>45</p>,Height,<p>45</p>,Box Quantity,<p>20</p>,Inner Pack Quantity,<p>1</p>,Country Of Origin,<p>CN</p>,Standards,<ul><li>ANSI/ISEA Z89.1 TYPE I  CLASS E</li></ul>,,,,
PW01,Variant,,Cap style hard hat HDPE Shell 4 point textile harness with ratchet wheel adjustable size Designed to reduce the danger of contact with higher voltage conductors (tested at 20.000 volts),https://d11ak7fd9ypfb7.cloudfront.net/styles1100px/PW01WHR.jpg,,0.0,TRUE,InStock,0.38,,PW01WHR,,,,Size,DROP_DOWN,,Color,DROP_DOWN,White,,,,,,,,,,,,,Fit,<p>R</p>,Length,<p>57</p>,Width,<p>45</p>,Height,<p>45</p>,Box Quantity,<p>20</p>,Inner Pack Quantity,<p>1</p>,Country Of Origin,<p>CN</p>,Standards,<ul><li>ANSI/ISEA Z89.1 TYPE I  CLASS E</li></ul>,,,,
PW01,Variant,,Cap style hard hat HDPE Shell 4 point textile harness with ratchet wheel adjustable size Designed to reduce the danger of contact with higher voltage conductors (tested at 20.000 volts),https://d11ak7fd9ypfb7.cloudfront.net/styles1100px/PW01YER.jpg,,0.0,TRUE,InStock,0.38,,PW01YER,,,,Size,DROP_DOWN,,Color,DROP_DOWN,Yellow,,,,,,,,,,,,,Fit,<p>R</p>,Length,<p>57</p>,Width,<p>45</p>,Height,<p>45</p>,Box Quantity,<p>20</p>,Inner Pack Quantity,<p>1</p>,Country Of Origin,<p>CN</p>,Standards,<ul><li>ANSI/ISEA Z89.1 TYPE I  CLASS E</li></ul>,,,,
PW02,Product,PW02 - Safety Pro Hard Hat Vented ,"Cap style hard hat, ultra-light and compact ABS Shell. 4-point textile harness with ratchet wheel adjustable size (52-63 cm). Vented shell for extra air-flow.",https://d11ak7fd9ypfb7.cloudfront.net/styles1100px/PW02ORR.jpg,19.9,0.0,TRUE,InStock,0.38,,PW02ORR,,,,Size,DROP_DOWN,,Color,DROP_DOWN,Royal Blue;Yellow;White;Red;Orange,,,,,,,,,,,,,Fit,<p>R</p>,Length,<p>57</p>,Width,<p>45</p>,Height,<p>45</p>,Box Quantity,<p>20</p>,Inner Pack Quantity,<p>1</p>,Country Of Origin,<p>CN</p>,Standards,<ul><li>ANSI/ISEA Z89.1 TYPE I  CLASS C</li></ul>,,,,
PW02,Variant,,"Cap style hard hat, ultra-light and compact ABS Shell. 4-point textile harness with ratchet wheel adjustable size (52-63 cm). Vented shell for extra air-flow.",https://d11ak7fd9ypfb7.cloudfront.net/styles1100px/PW02RBR.jpg,,0.0,TRUE,InStock,0.38,,PW02RBR,,,,Size,DROP_DOWN,,Color,DROP_DOWN,Royal Blue,,,,,,,,,,,,,Fit,<p>R</p>,Length,<p>57</p>,Width,<p>45</p>,Height,<p>45</p>,Box Quantity,<p>20</p>,Inner Pack Quantity,<p>1</p>,Country Of Origin,<p>CN</p>,Standards,<ul><li>ANSI/ISEA Z89.1 TYPE I  CLASS C</li></ul>,,,,
PW02,Variant,,"Cap style hard hat, ultra-light and compact ABS Shell. 4-point textile harness with ratchet wheel adjustable size (52-63 cm). Vented shell for extra air-flow.",https://d11ak7fd9ypfb7.cloudfront.net/styles1100px/PW02RER.jpg,,0.0,TRUE,InStock,0.38,,PW02RER,,,,Size,DROP_DOWN,,Color,DROP_DOWN,Red,,,,,,,,,,,,,Fit,<p>R</p>,Length,<p>57</p>,Width,<p>45</p>,Height,<p>45</p>,Box Quantity,<p>20</p>,Inner Pack Quantity,<p>1</p>,Country Of Origin,<p>CN</p>,Standards,<ul><li>ANSI/ISEA Z89.1 TYPE I  CLASS C</li></ul>,,,,
PW02,Variant,,"Cap style hard hat, ultra-light and compact ABS Shell. 4-point textile harness with ratchet wheel adjustable size (52-63 cm). Vented shell for extra air-flow.",https://d11ak7fd9ypfb7.cloudfront.net/styles1100px/PW02WHR.jpg,,0.0,TRUE,InStock,0.38,,PW02WHR,,,,Size,DROP_DOWN,,Color,DROP_DOWN,White,,,,,,,,,,,,,Fit,<p>R</p>,Length,<p>57</p>,Width,<p>45</p>,Height,<p>45</p>,Box Quantity,<p>20</p>,Inner Pack Quantity,<p>1</p>,Country Of Origin,<p>CN</p>,Standards,<ul><li>ANSI/ISEA Z89.1 TYPE I  CLASS C</li></ul>,,,,
PW02,Variant,,"Cap style hard hat, ultra-light and compact ABS Shell. 4-point textile harness with ratchet wheel adjustable size (52-63 cm). Vented shell for extra air-flow.",https://d11ak7fd9ypfb7.cloudfront.net/styles1100px/PW02YER.jpg,,0.0,TRUE,InStock,0.38,,PW02YER,,,,Size,DROP_DOWN,,Color,DROP_DOWN,Yellow,,,,,,,,,,,,,Fit,<p>R</p>,Length,<p>57</p>,Width,<p>45</p>,Height,<p>45</p>,Box Quantity,<p>20</p>,Inner Pack Quantity,<p>1</p>,Country Of Origin,<p>CN</p>,Standards,<ul><li>ANSI/ISEA Z89.1 TYPE I  CLASS C</li></ul>,,,,
PW11,Product,PW11 - Levo Glasses,Light and comfortable glasses offering face sealing similar to a goggle Detachable foam offers additional protection against shocks and dust Excellent ventilation and lens treatment prevents misting and fogging Dual use with classic arms or with wide elastic band.,https://d11ak7fd9ypfb7.cloudfront.net/styles1100px/PW11CLR.jpg,10.4,0.0,TRUE,InStock,0.06,Eye Protection;Safety Spectacles,PW11CLR,,,,Size,DROP_DOWN,,Color,DROP_DOWN,Smoke;Clear,,,,,,,,,,,,,Fit,<p>R</p>,Length,<p>54</p>,Width,<p>49</p>,Height,<p>58</p>,Box Quantity,<p>288</p>,Inner Pack Quantity,<p>12</p>,Country Of Origin,<p>TW</p>,Standards,<ul><li>ANSI/ISEA Z87 +  (Clear)</li><li>ANSI/ISEA Z87 +  U6 L3 (Smoke)</li><li>EN 166   1 FT</li><li>EN 170   2C-1.2 (CLEAR)</li><li>EN 172   5-3.1 (SMOKE)</li></ul>,,,,
PW11,Variant,,Light and comfortable glasses offering face sealing similar to a goggle Detachable foam offers additional protection against shocks and dust Excellent ventilation and lens treatment prevents misting and fogging Dual use with classic arms or with wide elastic band.,https://d11ak7fd9ypfb7.cloudfront.net/styles1100px/PW11SKR.jpg,,0.0,TRUE,InStock,0.06,,PW11SKR,,,,Size,DROP_DOWN,,Color,DROP_DOWN,Smoke,,,,,,,,,,,,,Fit,<p>R</p>,Length,<p>54</p>,Width,<p>49</p>,Height,<p>58</p>,Box Quantity,<p>288</p>,Inner Pack Quantity,<p>12</p>,Country Of Origin,<p>TW</p>,Standards,<ul><li>ANSI/ISEA Z87 +  (Clear)</li><li>ANSI/ISEA Z87 +  U6 L3 (Smoke)</li><li>EN 166   1 FT</li><li>EN 170   2C-1.2 (CLEAR)</li><li>EN 172   5-3.1 (SMOKE)</li></ul>,,,,
PW13,Product,PW13 - Clear View Glasses,"Tough looking wrap around, streamline design, excellent protective coverage and fit. Ultra light and panoramic view.",https://d11ak7fd9ypfb7.cloudfront.net/styles1100px/PW13CLR.jpg,4.3,0.0,TRUE,InStock,0.04,Eye Protection;Safety Spectacles,PW13CLR,,,,Size,DROP_DOWN,,Color,DROP_DOWN,Smoke;Clear,,,,,,,,,,,,,Fit,<p>R</p>,Length,<p>52</p>,Width,<p>45</p>,Height,<p>50</p>,Box Quantity,<p>288</p>,Inner Pack Quantity,<p>12</p>,Country Of Origin,<p>TW</p>,Standards,<ul><li>EN 166   1 F</li><li>EN 170   2C-1.2 (clear)</li><li>EN 172   5-3.1 (smoke)</li><li>ANSI/ISEA Z87 +  U6 (clear)</li><li>ANSI/ISEA Z87 +  U6 L3 (smoke)</li><li>AS/NZS 1337.1</li></ul>,,,,
PW13,Variant,,"Tough looking wrap around, streamline design, excellent protective coverage and fit. Ultra light and panoramic view.",https://d11ak7fd9ypfb7.cloudfront.net/styles1100px/PW13SKR.jpg,,0.0,TRUE,InStock,0.04,,PW13SKR,,,,Size,DROP_DOWN,,Color,DROP_DOWN,Smoke,,,,,,,,,,,,,Fit,<p>R</p>,Length,<p>52</p>,Width,<p>45</p>,Height,<p>50</p>,Box Quantity,<p>288</p>,Inner Pack Quantity,<p>12</p>,Country Of Origin,<p>TW</p>,Standards,<ul><li>EN 166   1 F</li><li>EN 170   2C-1.2 (clear)</li><li>EN 172   5-3.1 (smoke)</li><li>ANSI/ISEA Z87 +  U6 (clear)</li><li>ANSI/ISEA Z87 +  U6 L3 (smoke)</li><li>AS/NZS 1337.1</li></ul>,,,,
PW14,Product,PW14 - Lite Safety Glasses,Super lightweight and durable safety glasses with a sleek design and 10 base curve lens. Larger fitting size for a perfect custom fit.,https://d11ak7fd9ypfb7.cloudfront.net/styles1100px/PW14CLR.jpg,4.6,0.0,TRUE,InStock,0.04,Eye Protection;Safety Spectacles,PW14CLR,,,,Size,DROP_DOWN,,Color,DROP_DOWN,Smoke;Clear,,,,,,,,,,,,,Fit,<p>R</p>,Length,<p>52</p>,Width,<p>45</p>,Height,<p>50</p>,Box Quantity,<p>288</p>,Inner Pack Quantity,<p>12</p>,Country Of Origin,<p>TW</p>,Standards,<ul><li>EN 166   1 F</li><li>EN 170   2C-1.2 (clear)</li><li>EN 172   5-3.1 (smoke)</li><li>ANSI/ISEA Z87 +  U6 (clear)</li><li>ANSI/ISEA Z87 +  U6 L3 (smoke)</li><li>AS/NZS 1337.1</li></ul>,,,,
PW14,Variant,,Super lightweight and durable safety glasses with a sleek design and 10 base curve lens. Larger fitting size for a perfect custom fit.,https://d11ak7fd9ypfb7.cloudfront.net/styles1100px/PW14SKR.jpg,,0.0,TRUE,InStock,0.04,,PW14SKR,,,,Size,DROP_DOWN,,Color,DROP_DOWN,Smoke,,,,,,,,,,,,,Fit,<p>R</p>,Length,<p>52</p>,Width,<p>45</p>,Height,<p>50</p>,Box Quantity,<p>288</p>,Inner Pack Quantity,<p>12</p>,Country Of Origin,<p>TW</p>,Standards,<ul><li>EN 166   1 F</li><li>EN 170   2C-1.2 (clear)</li><li>EN 172   5-3.1 (smoke)</li><li>ANSI/ISEA Z87 +  U6 (clear)</li><li>ANSI/ISEA Z87 +  U6 L3 (smoke)</li><li>AS/NZS 1337.1</li></ul>,,,,
PW15,Product,PW15 - Fossa Glasses,Wrap-around design glasses with one piece lens with integrated side protection. Soft arm tips and rubber nose-bridge provide ultra comfort. Cord is included.,https://d11ak7fd9ypfb7.cloudfront.net/styles1100px/PW15CLR.jpg,4.0,0.0,TRUE,InStock,0.04,Eye Protection;Safety Spectacles,PW15CLR,,,,Size,DROP_DOWN,,Color,DROP_DOWN,Smoke;Clear,,,,,,,,,,,,,Fit,<p>R</p>,Length,<p>46</p>,Width,<p>45</p>,Height,<p>49</p>,Box Quantity,<p>288</p>,Inner Pack Quantity,<p>12</p>,Country Of Origin,<p>TW</p>,Standards,<ul><li>ANSI/ISEA Z87 +  (Clear)</li><li>ANSI/ISEA Z87 +  U6 L1.7 (Smoke)</li><li>EN 166   1 FT</li><li>EN 170   2C-1.2 (CLEAR)</li><li>EN 172   5-3.1 (SMOKE)</li></ul>,,,,
PW15,Variant,,Wrap-around design glasses with one piece lens with integrated side protection. Soft arm tips and rubber nose-bridge provide ultra comfort. Cord is included.,https://d11ak7fd9ypfb7.cloudfront.net/styles1100px/PW15SKR.jpg,,0.0,TRUE,InStock,0.04,,PW15SKR,,,,Size,DROP_DOWN,,Color,DROP_DOWN,Smoke,,,,,,,,,,,,,Fit,<p>R</p>,Length,<p>46</p>,Width,<p>45</p>,Height,<p>49</p>,Box Quantity,<p>288</p>,Inner Pack Quantity,<p>12</p>,Country Of Origin,<p>TW</p>,Standards,<ul><li>ANSI/ISEA Z87 +  (Clear)</li><li>ANSI/ISEA Z87 +  U6 L1.7 (Smoke)</li><li>EN 166   1 FT</li><li>EN 170   2C-1.2 (CLEAR)</li><li>EN 172   5-3.1 (SMOKE)</li></ul>,,,,
PW20,Product,PW20 - Direct Vent Goggles,"Designed to be worn in a tough work environment, this goggle is fitted with a flexible PVC frame for ultralight and comfortable wear. Direct ventilation.",https://d11ak7fd9ypfb7.cloudfront.net/styles1100px/PW20CLR.jpg,2.8,0.0,TRUE,InStock,0.06,Eye Protection;Safety Goggles,PW20CLR,,,,Size,DROP_DOWN,,Color,DROP_DOWN,Clear,,,,,,,,,,,,,Fit,<p>R</p>,Length,<p>52</p>,Width,<p>45</p>,Height,<p>49</p>,Box Quantity,<p>200</p>,Inner Pack Quantity,<p>20</p>,Country Of Origin,<p>TW</p>,Standards,<ul><li>EN 166   1 B</li><li>ANSI/ISEA Z87 +</li></ul>,,,,
PW21,Product,PW21 - Indirect Vent Goggles,"Designed to be worn in a tough work environment, this goggle is fitted with a flexible PVC frame for ultralight and comfortable wear. Indirect Ventilation.",https://d11ak7fd9ypfb7.cloudfront.net/styles1100px/PW21CLR.jpg,4.0,0.0,TRUE,InStock,0.08,Eye Protection;Safety Goggles,PW21CLR,,,,Size,DROP_DOWN,,Color,DROP_DOWN,Clear,,,,,,,,,,,,,Fit,<p>R</p>,Length,<p>40</p>,Width,<p>35</p>,Height,<p>92</p>,Box Quantity,<p>200</p>,Inner Pack Quantity,<p>20</p>,Country Of Origin,<p>TW</p>,Standards,<ul><li>EN 166   1 B 3</li><li>ANSI/ISEA Z87 .1</li></ul>,,,,
PW307,Product,PW307 - PW3 Hi-Vis Class 1 Holster Pants,"An innovative class 1 hi-vis pants featuring multi-functional holster pockets, top loading kneepad pockets and an easy access multiway thigh pocket for secure storage of phone, keys and tools. Oxford fabric reinforcement at key abrasion points and triple stitching throughout guarantees maximum durability.",https://d11ak7fd9ypfb7.cloudfront.net/styles1100px/PW307YBR.jpg,0.0,0.0,TRUE,InStock,0.999,,PW307YBR28,,,,Size,DROP_DOWN,28;30;32;34;36;38;40;42;44;46;48,Color,DROP_DOWN,Yellow/Black,,,,,,,,,,,,,Fit,<p>R</p>,Length,<p>65</p>,Width,<p>45</p>,Height,<p>36</p>,Box Quantity,<p>18</p>,Inner Pack Quantity,<p>1</p>,Country Of Origin,<p>BD</p>,Standards,<ul><li>EN ISO 20471 Class 1</li><li>EN 14404:2004+A1:2010 Type 2  Level 0 (When used in combination with S156)</li></ul>,,,,
PW307,Variant,,"An innovative class 1 hi-vis pants featuring multi-functional holster pockets, top loading kneepad pockets and an easy access multiway thigh pocket for secure storage of phone, keys and tools. Oxford fabric reinforcement at key abrasion points and triple stitching throughout guarantees maximum durability.",https://d11ak7fd9ypfb7.cloudfront.net/styles1100px/PW307YBR.jpg,,0.0,TRUE,InStock,0.999,,PW307YBR28,,,,Size,DROP_DOWN,28,Color,DROP_DOWN,Yellow/Black,,,,,,,,,,,,,Fit,<p>R</p>,Length,<p>65</p>,Width,<p>45</p>,Height,<p>36</p>,Box Quantity,<p>18</p>,Inner Pack Quantity,<p>1</p>,Country Of Origin,<p>BD</p>,Standards,<ul><li>EN ISO 20471 Class 1</li><li>EN 14404:2004+A1:2010 Type 2  Level 0 (When used in combination with S156)</li></ul>,,,,
PW307,Variant,,"An innovative class 1 hi-vis pants featuring multi-functional holster pockets, top loading kneepad pockets and an easy access multiway thigh pocket for secure storage of phone, keys and tools. Oxford fabric reinforcement at key abrasion points and triple stitching throughout guarantees maximum durability.",https://d11ak7fd9ypfb7.cloudfront.net/styles1100px/PW307YBR.jpg,,0.0,TRUE,InStock,0.999,,PW307YBR30,,,,Size,DROP_DOWN,30,Color,DROP_DOWN,Yellow/Black,,,,,,,,,,,,,Fit,<p>R</p>,Length,<p>65</p>,Width,<p>45</p>,Height,<p>36</p>,Box Quantity,<p>18</p>,Inner Pack Quantity,<p>1</p>,Country Of Origin,<p>BD</p>,Standards,<ul><li>EN ISO 20471 Class 1</li><li>EN 14404:2004+A1:2010 Type 2  Level 0 (When used in combination with S156)</li></ul>,,,,
PW307,Variant,,"An innovative class 1 hi-vis pants featuring multi-functional holster pockets, top loading kneepad pockets and an easy access multiway thigh pocket for secure storage of phone, keys and tools. Oxford fabric reinforcement at key abrasion points and triple stitching throughout guarantees maximum durability.",https://d11ak7fd9ypfb7.cloudfront.net/styles1100px/PW307YBR.jpg,,0.0,TRUE,InStock,0.999,,PW307YBR32,,,,Size,DROP_DOWN,32,Color,DROP_DOWN,Yellow/Black,,,,,,,,,,,,,Fit,<p>R</p>,Length,<p>65</p>,Width,<p>45</p>,Height,<p>36</p>,Box Quantity,<p>18</p>,Inner Pack Quantity,<p>1</p>,Country Of Origin,<p>BD</p>,Standards,<ul><li>EN ISO 20471 Class 1</li><li>EN 14404:2004+A1:2010 Type 2  Level 0 (When used in combination with S156)</li></ul>,,,,
PW307,Variant,,"An innovative class 1 hi-vis pants featuring multi-functional holster pockets, top loading kneepad pockets and an easy access multiway thigh pocket for secure storage of phone, keys and tools. Oxford fabric reinforcement at key abrasion points and triple stitching throughout guarantees maximum durability.",https://d11ak7fd9ypfb7.cloudfront.net/styles1100px/PW307YBR.jpg,,0.0,TRUE,InStock,0.999,,PW307YBR34,,,,Size,DROP_DOWN,34,Color,DROP_DOWN,Yellow/Black,,,,,,,,,,,,,Fit,<p>R</p>,Length,<p>65</p>,Width,<p>45</p>,Height,<p>36</p>,Box Quantity,<p>18</p>,Inner Pack Quantity,<p>1</p>,Country Of Origin,<p>BD</p>,Standards,<ul><li>EN ISO 20471 Class 1</li><li>EN 14404:2004+A1:2010 Type 2  Level 0 (When used in combination with S156)</li></ul>,,,,
PW307,Variant,,"An innovative class 1 hi-vis pants featuring multi-functional holster pockets, top loading kneepad pockets and an easy access multiway thigh pocket for secure storage of phone, keys and tools. Oxford fabric reinforcement at key abrasion points and triple stitching throughout guarantees maximum durability.",https://d11ak7fd9ypfb7.cloudfront.net/styles1100px/PW307YBR.jpg,,0.0,TRUE,InStock,0.999,,PW307YBR36,,,,Size,DROP_DOWN,36,Color,DROP_DOWN,Yellow/Black,,,,,,,,,,,,,Fit,<p>R</p>,Length,<p>65</p>,Width,<p>45</p>,Height,<p>36</p>,Box Quantity,<p>18</p>,Inner Pack Quantity,<p>1</p>,Country Of Origin,<p>BD</p>,Standards,<ul><li>EN ISO 20471 Class 1</li><li>EN 14404:2004+A1:2010 Type 2  Level 0 (When used in combination with S156)</li></ul>,,,,
PW307,Variant,,"An innovative class 1 hi-vis pants featuring multi-functional holster pockets, top loading kneepad pockets and an easy access multiway thigh pocket for secure storage of phone, keys and tools. Oxford fabric reinforcement at key abrasion points and triple stitching throughout guarantees maximum durability.",https://d11ak7fd9ypfb7.cloudfront.net/styles1100px/PW307YBR.jpg,,0.0,TRUE,InStock,0.999,,PW307YBR38,,,,Size,DROP_DOWN,38,Color,DROP_DOWN,Yellow/Black,,,,,,,,,,,,,Fit,<p>R</p>,Length,<p>65</p>,Width,<p>45</p>,Height,<p>36</p>,Box Quantity,<p>18</p>,Inner Pack Quantity,<p>1</p>,Country Of Origin,<p>BD</p>,Standards,<ul><li>EN ISO 20471 Class 1</li><li>EN 14404:2004+A1:2010 Type 2  Level 0 (When used in combination with S156)</li></ul>,,,,
PW307,Variant,,"An innovative class 1 hi-vis pants featuring multi-functional holster pockets, top loading kneepad pockets and an easy access multiway thigh pocket for secure storage of phone, keys and tools. Oxford fabric reinforcement at key abrasion points and triple stitching throughout guarantees maximum durability.",https://d11ak7fd9ypfb7.cloudfront.net/styles1100px/PW307YBR.jpg,,0.0,TRUE,InStock,0.999,,PW307YBR40,,,,Size,DROP_DOWN,40,Color,DROP_DOWN,Yellow/Black,,,,,,,,,,,,,Fit,<p>R</p>,Length,<p>65</p>,Width,<p>45</p>,Height,<p>36</p>,Box Quantity,<p>18</p>,Inner Pack Quantity,<p>1</p>,Country Of Origin,<p>BD</p>,Standards,<ul><li>EN ISO 20471 Class 1</li><li>EN 14404:2004+A1:2010 Type 2  Level 0 (When used in combination with S156)</li></ul>,,,,
PW307,Variant,,"An innovative class 1 hi-vis pants featuring multi-functional holster pockets, top loading kneepad pockets and an easy access multiway thigh pocket for secure storage of phone, keys and tools. Oxford fabric reinforcement at key abrasion points and triple stitching throughout guarantees maximum durability.",https://d11ak7fd9ypfb7.cloudfront.net/styles1100px/PW307YBR.jpg,,0.0,TRUE,InStock,0.999,,PW307YBR42,,,,Size,DROP_DOWN,42,Color,DROP_DOWN,Yellow/Black,,,,,,,,,,,,,Fit,<p>R</p>,Length,<p>65</p>,Width,<p>45</p>,Height,<p>36</p>,Box Quantity,<p>18</p>,Inner Pack Quantity,<p>1</p>,Country Of Origin,<p>BD</p>,Standards,<ul><li>EN ISO 20471 Class 1</li><li>EN 14404:2004+A1:2010 Type 2  Level 0 (When used in combination with S156)</li></ul>,,,,
PW307,Variant,,"An innovative class 1 hi-vis pants featuring multi-functional holster pockets, top loading kneepad pockets and an easy access multiway thigh pocket for secure storage of phone, keys and tools. Oxford fabric reinforcement at key abrasion points and triple stitching throughout guarantees maximum durability.",https://d11ak7fd9ypfb7.cloudfront.net/styles1100px/PW307YBR.jpg,,0.0,TRUE,InStock,0.999,,PW307YBR44,,,,Size,DROP_DOWN,44,Color,DROP_DOWN,Yellow/Black,,,,,,,,,,,,,Fit,<p>R</p>,Length,<p>65</p>,Width,<p>45</p>,Height,<p>36</p>,Box Quantity,<p>18</p>,Inner Pack Quantity,<p>1</p>,Country Of Origin,<p>BD</p>,Standards,<ul><li>EN ISO 20471 Class 1</li><li>EN 14404:2004+A1:2010 Type 2  Level 0 (When used in combination with S156)</li></ul>,,,,
PW307,Variant,,"An innovative class 1 hi-vis pants featuring multi-functional holster pockets, top loading kneepad pockets and an easy access multiway thigh pocket for secure storage of phone, keys and tools. Oxford fabric reinforcement at key abrasion points and triple stitching throughout guarantees maximum durability.",https://d11ak7fd9ypfb7.cloudfront.net/styles1100px/PW307YBR.jpg,,0.0,TRUE,InStock,0.999,,PW307YBR46,,,,Size,DROP_DOWN,46,Color,DROP_DOWN,Yellow/Black,,,,,,,,,,,,,Fit,<p>R</p>,Length,<p>65</p>,Width,<p>45</p>,Height,<p>36</p>,Box Quantity,<p>18</p>,Inner Pack Quantity,<p>1</p>,Country Of Origin,<p>BD</p>,Standards,<ul><li>EN ISO 20471 Class 1</li><li>EN 14404:2004+A1:2010 Type 2  Level 0 (When used in combination with S156)</li></ul>,,,,
PW307,Variant,,"An innovative class 1 hi-vis pants featuring multi-functional holster pockets, top loading kneepad pockets and an easy access multiway thigh pocket for secure storage of phone, keys and tools. Oxford fabric reinforcement at key abrasion points and triple stitching throughout guarantees maximum durability.",https://d11ak7fd9ypfb7.cloudfront.net/styles1100px/PW307YBR.jpg,,0.0,TRUE,InStock,0.999,,PW307YBR48,,,,Size,DROP_DOWN,48,Color,DROP_DOWN,Yellow/Black,,,,,,,,,,,,,Fit,<p>R</p>,Length,<p>65</p>,Width,<p>45</p>,Height,<p>36</p>,Box Quantity,<p>18</p>,Inner Pack Quantity,<p>1</p>,Country Of Origin,<p>BD</p>,Standards,<ul><li>EN ISO 20471 Class 1</li><li>EN 14404:2004+A1:2010 Type 2  Level 0 (When used in combination with S156)</li></ul>,,,,
PW309,Product,PW309 - PW3 Hi-Vis Executive Vest,"The PW3 executive vest has a stylish design and combines the premium features of our PW3 range, including HiVisTex Pro tape, with the practicality of pockets for those situations when a jacket may be too warm. A clear detachable ID pocket for security passes and cards complements this unique garment.",https://d11ak7fd9ypfb7.cloudfront.net/styles1100px/PW309YBR.jpg,0.0,0.0,TRUE,InStock,0.322,,PW309YBR4XL,,,,Size,DROP_DOWN,S;M;L;XL;XXL;XXXL;4XL,Color,DROP_DOWN,Yellow/Black,,,,,,,,,,,,,Fit,<p>R</p>,Length,<p>43</p>,Width,<p>28</p>,Height,<p>55</p>,Box Quantity,<p>60</p>,Inner Pack Quantity,<p>10</p>,Country Of Origin,<p>BD</p>,Standards,<ul><li>EN ISO 20471 Class 2</li><li>RIS-3279-TOM  ISSUE 2 (ORANGE ONLY)</li></ul>,,,,
PW309,Variant,,"The PW3 executive vest has a stylish design and combines the premium features of our PW3 range, including HiVisTex Pro tape, with the practicality of pockets for those situations when a jacket may be too warm. A clear detachable ID pocket for security passes and cards complements this unique garment.",https://d11ak7fd9ypfb7.cloudfront.net/styles1100px/PW309YBR.jpg,,0.0,TRUE,InStock,0.322,,PW309YBR4XL,,,,Size,DROP_DOWN,4XL,Color,DROP_DOWN,Yellow/Black,,,,,,,,,,,,,Fit,<p>R</p>,Length,<p>43</p>,Width,<p>28</p>,Height,<p>55</p>,Box Quantity,<p>60</p>,Inner Pack Quantity,<p>10</p>,Country Of Origin,<p>BD</p>,Standards,<ul><li>EN ISO 20471 Class 2</li><li>RIS-3279-TOM  ISSUE 2 (ORANGE ONLY)</li></ul>,,,,
PW309,Variant,,"The PW3 executive vest has a stylish design and combines the premium features of our PW3 range, including HiVisTex Pro tape, with the practicality of pockets for those situations when a jacket may be too warm. A clear detachable ID pocket for security passes and cards complements this unique garment.",https://d11ak7fd9ypfb7.cloudfront.net/styles1100px/PW309YBR.jpg,,0.0,TRUE,InStock,0.286,,PW309YBRL,,,,Size,DROP_DOWN,L,Color,DROP_DOWN,Yellow/Black,,,,,,,,,,,,,Fit,<p>R</p>,Length,<p>43</p>,Width,<p>28</p>,Height,<p>55</p>,Box Quantity,<p>60</p>,Inner Pack Quantity,<p>10</p>,Country Of Origin,<p>BD</p>,Standards,<ul><li>EN ISO 20471 Class 2</li><li>RIS-3279-TOM  ISSUE 2 (ORANGE ONLY)</li></ul>,,,,
PW309,Variant,,"The PW3 executive vest has a stylish design and combines the premium features of our PW3 range, including HiVisTex Pro tape, with the practicality of pockets for those situations when a jacket may be too warm. A clear detachable ID pocket for security passes and cards complements this unique garment.",https://d11ak7fd9ypfb7.cloudfront.net/styles1100px/PW309YBR.jpg,,0.0,TRUE,InStock,0.284,,PW309YBRM,,,,Size,DROP_DOWN,M,Color,DROP_DOWN,Yellow/Black,,,,,,,,,,,,,Fit,<p>R</p>,Length,<p>43</p>,Width,<p>28</p>,Height,<p>55</p>,Box Quantity,<p>60</p>,Inner Pack Quantity,<p>10</p>,Country Of Origin,<p>BD</p>,Standards,<ul><li>EN ISO 20471 Class 2</li><li>RIS-3279-TOM  ISSUE 2 (ORANGE ONLY)</li></ul>,,,,
PW309,Variant,,"The PW3 executive vest has a stylish design and combines the premium features of our PW3 range, including HiVisTex Pro tape, with the practicality of pockets for those situations when a jacket may be too warm. A clear detachable ID pocket for security passes and cards complements this unique garment.",https://d11ak7fd9ypfb7.cloudfront.net/styles1100px/PW309YBR.jpg,,0.0,TRUE,InStock,0.276,,PW309YBRS,,,,Size,DROP_DOWN,S,Color,DROP_DOWN,Yellow/Black,,,,,,,,,,,,,Fit,<p>R</p>,Length,<p>43</p>,Width,<p>28</p>,Height,<p>55</p>,Box Quantity,<p>60</p>,Inner Pack Quantity,<p>10</p>,Country Of Origin,<p>BD</p>,Standards,<ul><li>EN ISO 20471 Class 2</li><li>RIS-3279-TOM  ISSUE 2 (ORANGE ONLY)</li></ul>,,,,
PW309,Variant,,"The PW3 executive vest has a stylish design and combines the premium features of our PW3 range, including HiVisTex Pro tape, with the practicality of pockets for those situations when a jacket may be too warm. A clear detachable ID pocket for security passes and cards complements this unique garment.",https://d11ak7fd9ypfb7.cloudfront.net/styles1100px/PW309YBR.jpg,,0.0,TRUE,InStock,0.3,,PW309YBRXL,,,,Size,DROP_DOWN,XL,Color,DROP_DOWN,Yellow/Black,,,,,,,,,,,,,Fit,<p>R</p>,Length,<p>43</p>,Width,<p>28</p>,Height,<p>55</p>,Box Quantity,<p>60</p>,Inner Pack Quantity,<p>10</p>,Country Of Origin,<p>BD</p>,Standards,<ul><li>EN ISO 20471 Class 2</li><li>RIS-3279-TOM  ISSUE 2 (ORANGE ONLY)</li></ul>,,,,
PW309,Variant,,"The PW3 executive vest has a stylish design and combines the premium features of our PW3 range, including HiVisTex Pro tape, with the practicality of pockets for those situations when a jacket may be too warm. A clear detachable ID pocket for security passes and cards complements this unique garment.",https://d11ak7fd9ypfb7.cloudfront.net/styles1100px/PW309YBR.jpg,,0.0,TRUE,InStock,0.302,,PW309YBRXXL,,,,Size,DROP_DOWN,XXL,Color,DROP_DOWN,Yellow/Black,,,,,,,,,,,,,Fit,<p>R</p>,Length,<p>43</p>,Width,<p>28</p>,Height,<p>55</p>,Box Quantity,<p>60</p>,Inner Pack Quantity,<p>10</p>,Country Of Origin,<p>BD</p>,Standards,<ul><li>EN ISO 20471 Class 2</li><li>RIS-3279-TOM  ISSUE 2 (ORANGE ONLY)</li></ul>,,,,
PW309,Variant,,"The PW3 executive vest has a stylish design and combines the premium features of our PW3 range, including HiVisTex Pro tape, with the practicality of pockets for those situations when a jacket may be too warm. A clear detachable ID pocket for security passes and cards complements this unique garment.",https://d11ak7fd9ypfb7.cloudfront.net/styles1100px/PW309YBR.jpg,,0.0,TRUE,InStock,0.316,,PW309YBRXXXL,,,,Size,DROP_DOWN,XXXL,Color,DROP_DOWN,Yellow/Black,,,,,,,,,,,,,Fit,<p>R</p>,Length,<p>43</p>,Width,<p>28</p>,Height,<p>55</p>,Box Quantity,<p>60</p>,Inner Pack Quantity,<p>10</p>,Country Of Origin,<p>BD</p>,Standards,<ul><li>EN ISO 20471 Class 2</li><li>RIS-3279-TOM  ISSUE 2 (ORANGE ONLY)</li></ul>,,,,
PW311,Product,PW311 - PW3 Hi-Vis Class 1 T-Shirt,"Constructed using premium HiVisTex Pro tape, this Cotton Comfort t-shirt offers excellent freedom of movement due to its segmented tape design. Lightweight, stylish and breathable, this t-shirt is the perfect choice.",https://d11ak7fd9ypfb7.cloudfront.net/styles1100px/PW311BKY.jpg,0.0,0.0,TRUE,InStock,0.999,,PW311BKY4XL,,,,Size,DROP_DOWN,XS;S;M;L;XL;XXL;XXXL;4XL,Color,DROP_DOWN,Black/Yellow,,,,,,,,,,,,,Fit,<p>Y</p>,Length,<p>55</p>,Width,<p>36</p>,Height,<p>34</p>,Box Quantity,<p>48</p>,Inner Pack Quantity,<p>1</p>,Country Of Origin,<p>BD</p>,Standards,<ul><li>EN ISO 20471 Class 1</li><li>ANSI/ISEA 107 TYPE O CLASS 1</li></ul>,,,,
PW311,Variant,,"Constructed using premium HiVisTex Pro tape, this Cotton Comfort t-shirt offers excellent freedom of movement due to its segmented tape design. Lightweight, stylish and breathable, this t-shirt is the perfect choice.",https://d11ak7fd9ypfb7.cloudfront.net/styles1100px/PW311BKY.jpg,,0.0,TRUE,InStock,0.999,,PW311BKY4XL,,,,Size,DROP_DOWN,4XL,Color,DROP_DOWN,Black/Yellow,,,,,,,,,,,,,Fit,<p>Y</p>,Length,<p>55</p>,Width,<p>36</p>,Height,<p>34</p>,Box Quantity,<p>48</p>,Inner Pack Quantity,<p>1</p>,Country Of Origin,<p>BD</p>,Standards,<ul><li>EN ISO 20471 Class 1</li><li>ANSI/ISEA 107 TYPE O CLASS 1</li></ul>,,,,
PW311,Variant,,"Constructed using premium HiVisTex Pro tape, this Cotton Comfort t-shirt offers excellent freedom of movement due to its segmented tape design. Lightweight, stylish and breathable, this t-shirt is the perfect choice.",https://d11ak7fd9ypfb7.cloudfront.net/styles1100px/PW311BKY.jpg,,0.0,TRUE,InStock,0.999,,PW311BKYL,,,,Size,DROP_DOWN,L,Color,DROP_DOWN,Black/Yellow,,,,,,,,,,,,,Fit,<p>Y</p>,Length,<p>55</p>,Width,<p>36</p>,Height,<p>34</p>,Box Quantity,<p>48</p>,Inner Pack Quantity,<p>1</p>,Country Of Origin,<p>BD</p>,Standards,<ul><li>EN ISO 20471 Class 1</li><li>ANSI/ISEA 107 TYPE O CLASS 1</li></ul>,,,,
PW311,Variant,,"Constructed using premium HiVisTex Pro tape, this Cotton Comfort t-shirt offers excellent freedom of movement due to its segmented tape design. Lightweight, stylish and breathable, this t-shirt is the perfect choice.",https://d11ak7fd9ypfb7.cloudfront.net/styles1100px/PW311BKY.jpg,,0.0,TRUE,InStock,0.999,,PW311BKYM,,,,Size,DROP_DOWN,M,Color,DROP_DOWN,Black/Yellow,,,,,,,,,,,,,Fit,<p>Y</p>,Length,<p>55</p>,Width,<p>36</p>,Height,<p>34</p>,Box Quantity,<p>48</p>,Inner Pack Quantity,<p>1</p>,Country Of Origin,<p>BD</p>,Standards,<ul><li>EN ISO 20471 Class 1</li><li>ANSI/ISEA 107 TYPE O CLASS 1</li></ul>,,,,
PW311,Variant,,"Constructed using premium HiVisTex Pro tape, this Cotton Comfort t-shirt offers excellent freedom of movement due to its segmented tape design. Lightweight, stylish and breathable, this t-shirt is the perfect choice.",https://d11ak7fd9ypfb7.cloudfront.net/styles1100px/PW311BKY.jpg,,0.0,TRUE,InStock,0.999,,PW311BKYS,,,,Size,DROP_DOWN,S,Color,DROP_DOWN,Black/Yellow,,,,,,,,,,,,,Fit,<p>Y</p>,Length,<p>55</p>,Width,<p>36</p>,Height,<p>34</p>,Box Quantity,<p>48</p>,Inner Pack Quantity,<p>1</p>,Country Of Origin,<p>BD</p>,Standards,<ul><li>EN ISO 20471 Class 1</li><li>ANSI/ISEA 107 TYPE O CLASS 1</li></ul>,,,,
PW311,Variant,,"Constructed using premium HiVisTex Pro tape, this Cotton Comfort t-shirt offers excellent freedom of movement due to its segmented tape design. Lightweight, stylish and breathable, this t-shirt is the perfect choice.",https://d11ak7fd9ypfb7.cloudfront.net/styles1100px/PW311BKY.jpg,,0.0,TRUE,InStock,0.999,,PW311BKYXL,,,,Size,DROP_DOWN,XL,Color,DROP_DOWN,Black/Yellow,,,,,,,,,,,,,Fit,<p>Y</p>,Length,<p>55</p>,Width,<p>36</p>,Height,<p>34</p>,Box Quantity,<p>48</p>,Inner Pack Quantity,<p>1</p>,Country Of Origin,<p>BD</p>,Standards,<ul><li>EN ISO 20471 Class 1</li><li>ANSI/ISEA 107 TYPE O CLASS 1</li></ul>,,,,
PW311,Variant,,"Constructed using premium HiVisTex Pro tape, this Cotton Comfort t-shirt offers excellent freedom of movement due to its segmented tape design. Lightweight, stylish and breathable, this t-shirt is the perfect choice.",https://d11ak7fd9ypfb7.cloudfront.net/styles1100px/PW311BKY.jpg,,0.0,TRUE,InStock,0.999,,PW311BKYXS,,,,Size,DROP_DOWN,XS,Color,DROP_DOWN,Black/Yellow,,,,,,,,,,,,,Fit,<p>Y</p>,Length,<p>55</p>,Width,<p>36</p>,Height,<p>34</p>,Box Quantity,<p>48</p>,Inner Pack Quantity,<p>1</p>,Country Of Origin,<p>BD</p>,Standards,<ul><li>EN ISO 20471 Class 1</li><li>ANSI/ISEA 107 TYPE O CLASS 1</li></ul>,,,,
PW311,Variant,,"Constructed using premium HiVisTex Pro tape, this Cotton Comfort t-shirt offers excellent freedom of movement due to its segmented tape design. Lightweight, stylish and breathable, this t-shirt is the perfect choice.",https://d11ak7fd9ypfb7.cloudfront.net/styles1100px/PW311BKY.jpg,,0.0,TRUE,InStock,0.999,,PW311BKYXXL,,,,Size,DROP_DOWN,XXL,Color,DROP_DOWN,Black/Yellow,,,,,,,,,,,,,Fit,<p>Y</p>,Length,<p>55</p>,Width,<p>36</p>,Height,<p>34</p>,Box Quantity,<p>48</p>,Inner Pack Quantity,<p>1</p>,Country Of Origin,<p>BD</p>,Standards,<ul><li>EN ISO 20471 Class 1</li><li>ANSI/ISEA 107 TYPE O CLASS 1</li></ul>,,,,
PW311,Variant,,"Constructed using premium HiVisTex Pro tape, this Cotton Comfort t-shirt offers excellent freedom of movement due to its segmented tape design. Lightweight, stylish and breathable, this t-shirt is the perfect choice.",https://d11ak7fd9ypfb7.cloudfront.net/styles1100px/PW311BKY.jpg,,0.0,TRUE,InStock,0.999,,PW311BKYXXXL,,,,Size,DROP_DOWN,XXXL,Color,DROP_DOWN,Black/Yellow,,,,,,,,,,,,,Fit,<p>Y</p>,Length,<p>55</p>,Width,<p>36</p>,Height,<p>34</p>,Box Quantity,<p>48</p>,Inner Pack Quantity,<p>1</p>,Country Of Origin,<p>BD</p>,Standards,<ul><li>EN ISO 20471 Class 1</li><li>ANSI/ISEA 107 TYPE O CLASS 1</li></ul>,,,,
PW32,Product,PW32 - Wrap Around Glasses,"The best global seller featuring a simple but winning design with ultralight and flexible arms, which are virtually indestructible. One-piece lens contour design and moulded nosebridge, allows excellent fit to all face shapes, unisex design.",https://d11ak7fd9ypfb7.cloudfront.net/styles1100px/PW32BKR.jpg,2.3,0.0,TRUE,InStock,0.03,Eye Protection;Safety Spectacles,PW32BKR,,,,Size,DROP_DOWN,,Color,DROP_DOWN,Clear;Black,,,,,,,,,,,,,Fit,<p>R</p>,Length,<p>54</p>,Width,<p>44</p>,Height,<p>51</p>,Box Quantity,<p>300</p>,Inner Pack Quantity,<p>12</p>,Country Of Origin,<p>TW</p>,Standards,"<ul><li>T7346-02-2,AC18089</li><li>EN 166   1 FT</li><li>EN 172   5-3.1 (smoke)</li><li>ANSI/ISEA Z87 +  U6 L3 (Smoke)</li><li>ANSI/ISEA Z87 +  U6 (Clear)</li><li>AS/NZS 1337.1</li><li>EN 170   2C-1.2 (clear)</li><li>EN 172   5-1.7 (Clear Mirror)</li></ul>",,,,
PW32,Variant,,"The best global seller featuring a simple but winning design with ultralight and flexible arms, which are virtually indestructible. One-piece lens contour design and moulded nosebridge, allows excellent fit to all face shapes, unisex design.",https://d11ak7fd9ypfb7.cloudfront.net/styles1100px/PW32CLR.jpg,,0.0,TRUE,InStock,0.038,,PW32CLR,,,,Size,DROP_DOWN,,Color,DROP_DOWN,Clear,,,,,,,,,,,,,Fit,<p>R</p>,Length,<p>54</p>,Width,<p>44</p>,Height,<p>51</p>,Box Quantity,<p>300</p>,Inner Pack Quantity,<p>12</p>,Country Of Origin,<p>TW</p>,Standards,"<ul><li>T7346-02-2,AC18089</li><li>EN 166   1 FT</li><li>EN 172   5-3.1 (smoke)</li><li>ANSI/ISEA Z87 +  U6 L3 (Smoke)</li><li>ANSI/ISEA Z87 +  U6 (Clear)</li><li>AS/NZS 1337.1</li><li>EN 170   2C-1.2 (clear)</li><li>EN 172   5-1.7 (Clear Mirror)</li></ul>",,,,
PW33,Product,PW33 - Classic Safety Glasses,"Constructed using a single panoramic polycarbonate lens with molded side-shields and browguard. This product also features adjustable arms, moulded nose bridge and contoured browguard.",https://d11ak7fd9ypfb7.cloudfront.net/styles1100px/PW33AMR.jpg,2.2,0.0,TRUE,InStock,0.04,Eye Protection;Safety Spectacles,PW33AMR,,,,Size,DROP_DOWN,,Color,DROP_DOWN,Smoke/Black/Orange;Amber;Clear,,,,,,,,,,,,,Fit,<p>R</p>,Length,<p>65</p>,Width,<p>45</p>,Height,<p>50</p>,Box Quantity,<p>288</p>,Inner Pack Quantity,<p>12</p>,Country Of Origin,<p>CN</p>,Standards,<ul><li>EN 172   5-3.1 (smoke)</li><li>ANSI/ISEA Z87 +  (Clear)</li><li>ANSI/ISEA Z87 +  S (Smoke)</li><li>ANSI/ISEA Z87 +  U6 (amber)</li><li>EN 166   1 FT</li><li>EN 170   2C-1.2 (CLEAR)</li></ul>,,,,
PW33,Variant,,"Constructed using a single panoramic polycarbonate lens with molded side-shields and browguard. This product also features adjustable arms, moulded nose bridge and contoured browguard.",https://d11ak7fd9ypfb7.cloudfront.net/styles1100px/PW33CLR.jpg,,0.0,TRUE,InStock,0.046,,PW33CLR,,,,Size,DROP_DOWN,,Color,DROP_DOWN,Clear,,,,,,,,,,,,,Fit,<p>R</p>,Length,<p>65</p>,Width,<p>45</p>,Height,<p>50</p>,Box Quantity,<p>288</p>,Inner Pack Quantity,<p>12</p>,Country Of Origin,<p>CN</p>,Standards,<ul><li>EN 172   5-3.1 (smoke)</li><li>ANSI/ISEA Z87 +  (Clear)</li><li>ANSI/ISEA Z87 +  S (Smoke)</li><li>ANSI/ISEA Z87 +  U6 (amber)</li><li>EN 166   1 FT</li><li>EN 170   2C-1.2 (CLEAR)</li></ul>,,,,
PW33,Variant,,"Constructed using a single panoramic polycarbonate lens with molded side-shields and browguard. This product also features adjustable arms, moulded nose bridge and contoured browguard.",https://d11ak7fd9ypfb7.cloudfront.net/styles1100px/PW33SBO.jpg,,0.0,TRUE,InStock,0.04,,PW33SBO,,,,Size,DROP_DOWN,,Color,DROP_DOWN,Smoke/Black/Orange,,,,,,,,,,,,,Fit,<p>O</p>,Length,<p>65</p>,Width,<p>45</p>,Height,<p>50</p>,Box Quantity,<p>288</p>,Inner Pack Quantity,<p>12</p>,Country Of Origin,<p>CN</p>,Standards,<ul><li>EN 172   5-3.1 (smoke)</li><li>ANSI/ISEA Z87 +  (Clear)</li><li>ANSI/ISEA Z87 +  S (Smoke)</li><li>ANSI/ISEA Z87 +  U6 (amber)</li><li>EN 166   1 FT</li><li>EN 170   2C-1.2 (CLEAR)</li></ul>,,,,
PW340,Product,PW340 - PW3 Hi-Vis Work Pants,"Constructed using premium HiVisTex Pro tape Durable polyester/cotton fabric Oxford fabric reinforcement at key abrasion points Triple stitching throughout Top loading kneepad pockets Easy access multiway thigh pocket for secure storage of your cell phone, keys and tools.",https://d11ak7fd9ypfb7.cloudfront.net/styles1100px/PW340YBR.jpg,73.8,0.0,TRUE,InStock,0.96,,PW340YBR28,,,,Size,DROP_DOWN,28;30;32;34;36;38;40;42;44;46;48,Color,DROP_DOWN,Yellow/Black,,,,,,,,,,,,,Fit,<p>R</p>,Length,<p>65</p>,Width,<p>45</p>,Height,<p>36</p>,Box Quantity,<p>18</p>,Inner Pack Quantity,<p>1</p>,Country Of Origin,<p>BD</p>,Standards,<ul><li>EN ISO 20471 Class 2</li><li>RIS-3279-TOM  ISSUE 1 (ORANGE ONLY)</li><li>EN 14404:2004+A1:2010 Type 2  LEVEL 0 (WHEN USED IN COMBINATION WITH S156)</li><li>ANSI/ISEA 107 SUPPLEMENTAL CLASS E</li></ul>,,,,
PW340,Variant,,"Constructed using premium HiVisTex Pro tape Durable polyester/cotton fabric Oxford fabric reinforcement at key abrasion points Triple stitching throughout Top loading kneepad pockets Easy access multiway thigh pocket for secure storage of your cell phone, keys and tools.",https://d11ak7fd9ypfb7.cloudfront.net/styles1100px/PW340YBR.jpg,,0.0,TRUE,InStock,0.96,,PW340YBR28,,,,Size,DROP_DOWN,28,Color,DROP_DOWN,Yellow/Black,,,,,,,,,,,,,Fit,<p>R</p>,Length,<p>65</p>,Width,<p>45</p>,Height,<p>36</p>,Box Quantity,<p>18</p>,Inner Pack Quantity,<p>1</p>,Country Of Origin,<p>BD</p>,Standards,<ul><li>EN ISO 20471 Class 2</li><li>RIS-3279-TOM  ISSUE 1 (ORANGE ONLY)</li><li>EN 14404:2004+A1:2010 Type 2  LEVEL 0 (WHEN USED IN COMBINATION WITH S156)</li><li>ANSI/ISEA 107 SUPPLEMENTAL CLASS E</li></ul>,,,,
PW340,Variant,,"Constructed using premium HiVisTex Pro tape Durable polyester/cotton fabric Oxford fabric reinforcement at key abrasion points Triple stitching throughout Top loading kneepad pockets Easy access multiway thigh pocket for secure storage of your cell phone, keys and tools.",https://d11ak7fd9ypfb7.cloudfront.net/styles1100px/PW340YBR.jpg,,0.0,TRUE,InStock,0.96,,PW340YBR30,,,,Size,DROP_DOWN,30,Color,DROP_DOWN,Yellow/Black,,,,,,,,,,,,,Fit,<p>R</p>,Length,<p>65</p>,Width,<p>45</p>,Height,<p>36</p>,Box Quantity,<p>18</p>,Inner Pack Quantity,<p>1</p>,Country Of Origin,<p>BD</p>,Standards,<ul><li>EN ISO 20471 Class 2</li><li>RIS-3279-TOM  ISSUE 1 (ORANGE ONLY)</li><li>EN 14404:2004+A1:2010 Type 2  LEVEL 0 (WHEN USED IN COMBINATION WITH S156)</li><li>ANSI/ISEA 107 SUPPLEMENTAL CLASS E</li></ul>,,,,
PW340,Variant,,"Constructed using premium HiVisTex Pro tape Durable polyester/cotton fabric Oxford fabric reinforcement at key abrasion points Triple stitching throughout Top loading kneepad pockets Easy access multiway thigh pocket for secure storage of your cell phone, keys and tools.",https://d11ak7fd9ypfb7.cloudfront.net/styles1100px/PW340YBR.jpg,,0.0,TRUE,InStock,0.998,,PW340YBR32,,,,Size,DROP_DOWN,32,Color,DROP_DOWN,Yellow/Black,,,,,,,,,,,,,Fit,<p>R</p>,Length,<p>65</p>,Width,<p>45</p>,Height,<p>36</p>,Box Quantity,<p>18</p>,Inner Pack Quantity,<p>1</p>,Country Of Origin,<p>BD</p>,Standards,<ul><li>EN ISO 20471 Class 2</li><li>RIS-3279-TOM  ISSUE 1 (ORANGE ONLY)</li><li>EN 14404:2004+A1:2010 Type 2  LEVEL 0 (WHEN USED IN COMBINATION WITH S156)</li><li>ANSI/ISEA 107 SUPPLEMENTAL CLASS E</li></ul>,,,,
PW340,Variant,,"Constructed using premium HiVisTex Pro tape Durable polyester/cotton fabric Oxford fabric reinforcement at key abrasion points Triple stitching throughout Top loading kneepad pockets Easy access multiway thigh pocket for secure storage of your cell phone, keys and tools.",https://d11ak7fd9ypfb7.cloudfront.net/styles1100px/PW340YBR.jpg,,0.0,TRUE,InStock,1.028,,PW340YBR34,,,,Size,DROP_DOWN,34,Color,DROP_DOWN,Yellow/Black,,,,,,,,,,,,,Fit,<p>R</p>,Length,<p>65</p>,Width,<p>45</p>,Height,<p>36</p>,Box Quantity,<p>18</p>,Inner Pack Quantity,<p>1</p>,Country Of Origin,<p>BD</p>,Standards,<ul><li>EN ISO 20471 Class 2</li><li>RIS-3279-TOM  ISSUE 1 (ORANGE ONLY)</li><li>EN 14404:2004+A1:2010 Type 2  LEVEL 0 (WHEN USED IN COMBINATION WITH S156)</li><li>ANSI/ISEA 107 SUPPLEMENTAL CLASS E</li></ul>,,,,
PW340,Variant,,"Constructed using premium HiVisTex Pro tape Durable polyester/cotton fabric Oxford fabric reinforcement at key abrasion points Triple stitching throughout Top loading kneepad pockets Easy access multiway thigh pocket for secure storage of your cell phone, keys and tools.",https://d11ak7fd9ypfb7.cloudfront.net/styles1100px/PW340YBR.jpg,,0.0,TRUE,InStock,1.044,,PW340YBR36,,,,Size,DROP_DOWN,36,Color,DROP_DOWN,Yellow/Black,,,,,,,,,,,,,Fit,<p>R</p>,Length,<p>65</p>,Width,<p>45</p>,Height,<p>36</p>,Box Quantity,<p>18</p>,Inner Pack Quantity,<p>1</p>,Country Of Origin,<p>BD</p>,Standards,<ul><li>EN ISO 20471 Class 2</li><li>RIS-3279-TOM  ISSUE 1 (ORANGE ONLY)</li><li>EN 14404:2004+A1:2010 Type 2  LEVEL 0 (WHEN USED IN COMBINATION WITH S156)</li><li>ANSI/ISEA 107 SUPPLEMENTAL CLASS E</li></ul>,,,,
PW340,Variant,,"Constructed using premium HiVisTex Pro tape Durable polyester/cotton fabric Oxford fabric reinforcement at key abrasion points Triple stitching throughout Top loading kneepad pockets Easy access multiway thigh pocket for secure storage of your cell phone, keys and tools.",https://d11ak7fd9ypfb7.cloudfront.net/styles1100px/PW340YBR.jpg,,0.0,TRUE,InStock,1.066,,PW340YBR38,,,,Size,DROP_DOWN,38,Color,DROP_DOWN,Yellow/Black,,,,,,,,,,,,,Fit,<p>R</p>,Length,<p>65</p>,Width,<p>45</p>,Height,<p>36</p>,Box Quantity,<p>18</p>,Inner Pack Quantity,<p>1</p>,Country Of Origin,<p>BD</p>,Standards,<ul><li>EN ISO 20471 Class 2</li><li>RIS-3279-TOM  ISSUE 1 (ORANGE ONLY)</li><li>EN 14404:2004+A1:2010 Type 2  LEVEL 0 (WHEN USED IN COMBINATION WITH S156)</li><li>ANSI/ISEA 107 SUPPLEMENTAL CLASS E</li></ul>,,,,
PW340,Variant,,"Constructed using premium HiVisTex Pro tape Durable polyester/cotton fabric Oxford fabric reinforcement at key abrasion points Triple stitching throughout Top loading kneepad pockets Easy access multiway thigh pocket for secure storage of your cell phone, keys and tools.",https://d11ak7fd9ypfb7.cloudfront.net/styles1100px/PW340YBR.jpg,,0.0,TRUE,InStock,1.06,,PW340YBR40,,,,Size,DROP_DOWN,40,Color,DROP_DOWN,Yellow/Black,,,,,,,,,,,,,Fit,<p>R</p>,Length,<p>65</p>,Width,<p>45</p>,Height,<p>36</p>,Box Quantity,<p>18</p>,Inner Pack Quantity,<p>1</p>,Country Of Origin,<p>BD</p>,Standards,<ul><li>EN ISO 20471 Class 2</li><li>RIS-3279-TOM  ISSUE 1 (ORANGE ONLY)</li><li>EN 14404:2004+A1:2010 Type 2  LEVEL 0 (WHEN USED IN COMBINATION WITH S156)</li><li>ANSI/ISEA 107 SUPPLEMENTAL CLASS E</li></ul>,,,,
PW340,Variant,,"Constructed using premium HiVisTex Pro tape Durable polyester/cotton fabric Oxford fabric reinforcement at key abrasion points Triple stitching throughout Top loading kneepad pockets Easy access multiway thigh pocket for secure storage of your cell phone, keys and tools.",https://d11ak7fd9ypfb7.cloudfront.net/styles1100px/PW340YBR.jpg,,0.0,TRUE,InStock,1.1,,PW340YBR42,,,,Size,DROP_DOWN,42,Color,DROP_DOWN,Yellow/Black,,,,,,,,,,,,,Fit,<p>R</p>,Length,<p>65</p>,Width,<p>45</p>,Height,<p>36</p>,Box Quantity,<p>18</p>,Inner Pack Quantity,<p>1</p>,Country Of Origin,<p>BD</p>,Standards,<ul><li>EN ISO 20471 Class 2</li><li>RIS-3279-TOM  ISSUE 1 (ORANGE ONLY)</li><li>EN 14404:2004+A1:2010 Type 2  LEVEL 0 (WHEN USED IN COMBINATION WITH S156)</li><li>ANSI/ISEA 107 SUPPLEMENTAL CLASS E</li></ul>,,,,
PW340,Variant,,"Constructed using premium HiVisTex Pro tape Durable polyester/cotton fabric Oxford fabric reinforcement at key abrasion points Triple stitching throughout Top loading kneepad pockets Easy access multiway thigh pocket for secure storage of your cell phone, keys and tools.",https://d11ak7fd9ypfb7.cloudfront.net/styles1100px/PW340YBR.jpg,,0.0,TRUE,InStock,1.08,,PW340YBR44,,,,Size,DROP_DOWN,44,Color,DROP_DOWN,Yellow/Black,,,,,,,,,,,,,Fit,<p>R</p>,Length,<p>65</p>,Width,<p>45</p>,Height,<p>36</p>,Box Quantity,<p>18</p>,Inner Pack Quantity,<p>1</p>,Country Of Origin,<p>BD</p>,Standards,<ul><li>EN ISO 20471 Class 2</li><li>RIS-3279-TOM  ISSUE 1 (ORANGE ONLY)</li><li>EN 14404:2004+A1:2010 Type 2  LEVEL 0 (WHEN USED IN COMBINATION WITH S156)</li><li>ANSI/ISEA 107 SUPPLEMENTAL CLASS E</li></ul>,,,,
PW340,Variant,,"Constructed using premium HiVisTex Pro tape Durable polyester/cotton fabric Oxford fabric reinforcement at key abrasion points Triple stitching throughout Top loading kneepad pockets Easy access multiway thigh pocket for secure storage of your cell phone, keys and tools.",https://d11ak7fd9ypfb7.cloudfront.net/styles1100px/PW340YBR.jpg,,0.0,TRUE,InStock,1.12,,PW340YBR46,,,,Size,DROP_DOWN,46,Color,DROP_DOWN,Yellow/Black,,,,,,,,,,,,,Fit,<p>R</p>,Length,<p>65</p>,Width,<p>45</p>,Height,<p>36</p>,Box Quantity,<p>18</p>,Inner Pack Quantity,<p>1</p>,Country Of Origin,<p>BD</p>,Standards,<ul><li>EN ISO 20471 Class 2</li><li>RIS-3279-TOM  ISSUE 1 (ORANGE ONLY)</li><li>EN 14404:2004+A1:2010 Type 2  LEVEL 0 (WHEN USED IN COMBINATION WITH S156)</li><li>ANSI/ISEA 107 SUPPLEMENTAL CLASS E</li></ul>,,,,
PW340,Variant,,"Constructed using premium HiVisTex Pro tape Durable polyester/cotton fabric Oxford fabric reinforcement at key abrasion points Triple stitching throughout Top loading kneepad pockets Easy access multiway thigh pocket for secure storage of your cell phone, keys and tools.",https://d11ak7fd9ypfb7.cloudfront.net/styles1100px/PW340YBR.jpg,,0.0,TRUE,InStock,1.14,,PW340YBR48,,,,Size,DROP_DOWN,48,Color,DROP_DOWN,Yellow/Black,,,,,,,,,,,,,Fit,<p>R</p>,Length,<p>65</p>,Width,<p>45</p>,Height,<p>36</p>,Box Quantity,<p>18</p>,Inner Pack Quantity,<p>1</p>,Country Of Origin,<p>BD</p>,Standards,<ul><li>EN ISO 20471 Class 2</li><li>RIS-3279-TOM  ISSUE 1 (ORANGE ONLY)</li><li>EN 14404:2004+A1:2010 Type 2  LEVEL 0 (WHEN USED IN COMBINATION WITH S156)</li><li>ANSI/ISEA 107 SUPPLEMENTAL CLASS E</li></ul>,,,,
PW342,Product,PW342 - PW3 Hi-Vis Extreme Rain Pants,"This highly innovative, waterproof and extremely breathable pants boasts a multitude of useful features including HiVis Tex segmented reflective tape, secure zipped storage pockets, external kneepad pockets, rule pocket and extra-long side leg zippers for ease of taking on and off. It features an elevated padded back panel keeping the lower back warm and protected. The stylish slimline fit and contemporary design guarantees that the wearer will stand out from the crowd.",https://d11ak7fd9ypfb7.cloudfront.net/styles1100px/PW342YBR.jpg,73.8,0.0,TRUE,InStock,0.98,,PW342YBR4XL,,,,Size,DROP_DOWN,S;M;L;XL;XXL;XXXL;4XL,Color,DROP_DOWN,Yellow/Black,,,,,,,,,,,,,Fit,<p>R</p>,Length,<p>43</p>,Width,<p>28</p>,Height,<p>48</p>,Box Quantity,<p>24</p>,Inner Pack Quantity,<p>1</p>,Country Of Origin,<p>CN</p>,Standards,<ul><li>EN ISO 20471 Class 2</li><li>EN 14404:2004+A1:2010 Type 2  Level 0 (WHEN USED IN COMBINATION WITH S156)</li><li>EN 343:2019 Class 4:3 X  11000MM MVP 50000 G/M²/24HRS</li><li>ANSI/ISEA 107 SUPPLEMENTAL CLASS E</li><li>RIS-3279-TOM  ISSUE 2 (ORANGE ONLY)</li></ul>,,,,
PW342,Variant,,"This highly innovative, waterproof and extremely breathable pants boasts a multitude of useful features including HiVis Tex segmented reflective tape, secure zipped storage pockets, external kneepad pockets, rule pocket and extra-long side leg zippers for ease of taking on and off. It features an elevated padded back panel keeping the lower back warm and protected. The stylish slimline fit and contemporary design guarantees that the wearer will stand out from the crowd.",https://d11ak7fd9ypfb7.cloudfront.net/styles1100px/PW342YBR.jpg,,0.0,TRUE,InStock,0.98,,PW342YBR4XL,,,,Size,DROP_DOWN,4XL,Color,DROP_DOWN,Yellow/Black,,,,,,,,,,,,,Fit,<p>R</p>,Length,<p>43</p>,Width,<p>28</p>,Height,<p>48</p>,Box Quantity,<p>24</p>,Inner Pack Quantity,<p>1</p>,Country Of Origin,<p>CN</p>,Standards,<ul><li>EN ISO 20471 Class 2</li><li>EN 14404:2004+A1:2010 Type 2  Level 0 (WHEN USED IN COMBINATION WITH S156)</li><li>EN 343:2019 Class 4:3 X  11000MM MVP 50000 G/M²/24HRS</li><li>ANSI/ISEA 107 SUPPLEMENTAL CLASS E</li><li>RIS-3279-TOM  ISSUE 2 (ORANGE ONLY)</li></ul>,,,,
PW342,Variant,,"This highly innovative, waterproof and extremely breathable pants boasts a multitude of useful features including HiVis Tex segmented reflective tape, secure zipped storage pockets, external kneepad pockets, rule pocket and extra-long side leg zippers for ease of taking on and off. It features an elevated padded back panel keeping the lower back warm and protected. The stylish slimline fit and contemporary design guarantees that the wearer will stand out from the crowd.",https://d11ak7fd9ypfb7.cloudfront.net/styles1100px/PW342YBR.jpg,,0.0,TRUE,InStock,0.813,,PW342YBRL,,,,Size,DROP_DOWN,L,Color,DROP_DOWN,Yellow/Black,,,,,,,,,,,,,Fit,<p>R</p>,Length,<p>43</p>,Width,<p>28</p>,Height,<p>48</p>,Box Quantity,<p>24</p>,Inner Pack Quantity,<p>1</p>,Country Of Origin,<p>CN</p>,Standards,<ul><li>EN ISO 20471 Class 2</li><li>EN 14404:2004+A1:2010 Type 2  Level 0 (WHEN USED IN COMBINATION WITH S156)</li><li>EN 343:2019 Class 4:3 X  11000MM MVP 50000 G/M²/24HRS</li><li>ANSI/ISEA 107 SUPPLEMENTAL CLASS E</li><li>RIS-3279-TOM  ISSUE 2 (ORANGE ONLY)</li></ul>,,,,
PW342,Variant,,"This highly innovative, waterproof and extremely breathable pants boasts a multitude of useful features including HiVis Tex segmented reflective tape, secure zipped storage pockets, external kneepad pockets, rule pocket and extra-long side leg zippers for ease of taking on and off. It features an elevated padded back panel keeping the lower back warm and protected. The stylish slimline fit and contemporary design guarantees that the wearer will stand out from the crowd.",https://d11ak7fd9ypfb7.cloudfront.net/styles1100px/PW342YBR.jpg,,0.0,TRUE,InStock,0.775,,PW342YBRM,,,,Size,DROP_DOWN,M,Color,DROP_DOWN,Yellow/Black,,,,,,,,,,,,,Fit,<p>R</p>,Length,<p>43</p>,Width,<p>28</p>,Height,<p>48</p>,Box Quantity,<p>24</p>,Inner Pack Quantity,<p>1</p>,Country Of Origin,<p>CN</p>,Standards,<ul><li>EN ISO 20471 Class 2</li><li>EN 14404:2004+A1:2010 Type 2  Level 0 (WHEN USED IN COMBINATION WITH S156)</li><li>EN 343:2019 Class 4:3 X  11000MM MVP 50000 G/M²/24HRS</li><li>ANSI/ISEA 107 SUPPLEMENTAL CLASS E</li><li>RIS-3279-TOM  ISSUE 2 (ORANGE ONLY)</li></ul>,,,,
PW342,Variant,,"This highly innovative, waterproof and extremely breathable pants boasts a multitude of useful features including HiVis Tex segmented reflective tape, secure zipped storage pockets, external kneepad pockets, rule pocket and extra-long side leg zippers for ease of taking on and off. It features an elevated padded back panel keeping the lower back warm and protected. The stylish slimline fit and contemporary design guarantees that the wearer will stand out from the crowd.",https://d11ak7fd9ypfb7.cloudfront.net/styles1100px/PW342YBR.jpg,,0.0,TRUE,InStock,0.769,,PW342YBRS,,,,Size,DROP_DOWN,S,Color,DROP_DOWN,Yellow/Black,,,,,,,,,,,,,Fit,<p>R</p>,Length,<p>43</p>,Width,<p>28</p>,Height,<p>48</p>,Box Quantity,<p>24</p>,Inner Pack Quantity,<p>1</p>,Country Of Origin,<p>CN</p>,Standards,<ul><li>EN ISO 20471 Class 2</li><li>EN 14404:2004+A1:2010 Type 2  Level 0 (WHEN USED IN COMBINATION WITH S156)</li><li>EN 343:2019 Class 4:3 X  11000MM MVP 50000 G/M²/24HRS</li><li>ANSI/ISEA 107 SUPPLEMENTAL CLASS E</li><li>RIS-3279-TOM  ISSUE 2 (ORANGE ONLY)</li></ul>,,,,
PW342,Variant,,"This highly innovative, waterproof and extremely breathable pants boasts a multitude of useful features including HiVis Tex segmented reflective tape, secure zipped storage pockets, external kneepad pockets, rule pocket and extra-long side leg zippers for ease of taking on and off. It features an elevated padded back panel keeping the lower back warm and protected. The stylish slimline fit and contemporary design guarantees that the wearer will stand out from the crowd.",https://d11ak7fd9ypfb7.cloudfront.net/styles1100px/PW342YBR.jpg,,0.0,TRUE,InStock,0.869,,PW342YBRXL,,,,Size,DROP_DOWN,XL,Color,DROP_DOWN,Yellow/Black,,,,,,,,,,,,,Fit,<p>R</p>,Length,<p>43</p>,Width,<p>28</p>,Height,<p>48</p>,Box Quantity,<p>24</p>,Inner Pack Quantity,<p>1</p>,Country Of Origin,<p>CN</p>,Standards,<ul><li>EN ISO 20471 Class 2</li><li>EN 14404:2004+A1:2010 Type 2  Level 0 (WHEN USED IN COMBINATION WITH S156)</li><li>EN 343:2019 Class 4:3 X  11000MM MVP 50000 G/M²/24HRS</li><li>ANSI/ISEA 107 SUPPLEMENTAL CLASS E</li><li>RIS-3279-TOM  ISSUE 2 (ORANGE ONLY)</li></ul>,,,,
PW342,Variant,,"This highly innovative, waterproof and extremely breathable pants boasts a multitude of useful features including HiVis Tex segmented reflective tape, secure zipped storage pockets, external kneepad pockets, rule pocket and extra-long side leg zippers for ease of taking on and off. It features an elevated padded back panel keeping the lower back warm and protected. The stylish slimline fit and contemporary design guarantees that the wearer will stand out from the crowd.",https://d11ak7fd9ypfb7.cloudfront.net/styles1100px/PW342YBR.jpg,,0.0,TRUE,InStock,0.904,,PW342YBRXXL,,,,Size,DROP_DOWN,XXL,Color,DROP_DOWN,Yellow/Black,,,,,,,,,,,,,Fit,<p>R</p>,Length,<p>43</p>,Width,<p>28</p>,Height,<p>48</p>,Box Quantity,<p>24</p>,Inner Pack Quantity,<p>1</p>,Country Of Origin,<p>CN</p>,Standards,<ul><li>EN ISO 20471 Class 2</li><li>EN 14404:2004+A1:2010 Type 2  Level 0 (WHEN USED IN COMBINATION WITH S156)</li><li>EN 343:2019 Class 4:3 X  11000MM MVP 50000 G/M²/24HRS</li><li>ANSI/ISEA 107 SUPPLEMENTAL CLASS E</li><li>RIS-3279-TOM  ISSUE 2 (ORANGE ONLY)</li></ul>,,,,
PW342,Variant,,"This highly innovative, waterproof and extremely breathable pants boasts a multitude of useful features including HiVis Tex segmented reflective tape, secure zipped storage pockets, external kneepad pockets, rule pocket and extra-long side leg zippers for ease of taking on and off. It features an elevated padded back panel keeping the lower back warm and protected. The stylish slimline fit and contemporary design guarantees that the wearer will stand out from the crowd.",https://d11ak7fd9ypfb7.cloudfront.net/styles1100px/PW342YBR.jpg,,0.0,TRUE,InStock,0.945,,PW342YBRXXXL,,,,Size,DROP_DOWN,XXXL,Color,DROP_DOWN,Yellow/Black,,,,,,,,,,,,,Fit,<p>R</p>,Length,<p>43</p>,Width,<p>28</p>,Height,<p>48</p>,Box Quantity,<p>24</p>,Inner Pack Quantity,<p>1</p>,Country Of Origin,<p>CN</p>,Standards,<ul><li>EN ISO 20471 Class 2</li><li>EN 14404:2004+A1:2010 Type 2  Level 0 (WHEN USED IN COMBINATION WITH S156)</li><li>EN 343:2019 Class 4:3 X  11000MM MVP 50000 G/M²/24HRS</li><li>ANSI/ISEA 107 SUPPLEMENTAL CLASS E</li><li>RIS-3279-TOM  ISSUE 2 (ORANGE ONLY)</li></ul>,,,,
PW349,Product,PW349 - PW3 Work Shorts,"The PW3 Work Shorts are a great addition to the PW3 range, combining function and style. An impressive range of multi-functional pockets including a rule pocket and an easy access thigh pocket provide ample secure storage. Premium features such as hammer loop, crotch gusset and reinforced panels for extra durability. The ideal choice for warmer weather.",https://d11ak7fd9ypfb7.cloudfront.net/styles1100px/PW349BKR.jpg,43.6,0.0,TRUE,InStock,0.52,,PW349BKR30,,,,Size,DROP_DOWN,30;32;33;34;36;38;40;41;42,Color,DROP_DOWN,Zoom Grey/Black;Black,,,,,,,,,,,,,Fit,<p>R</p>,Length,<p>43</p>,Width,<p>28</p>,Height,<p>46</p>,Box Quantity,<p>24</p>,Inner Pack Quantity,<p>1</p>,Country Of Origin,<p>BD</p>,Standards,<p></p>,,,,
PW349,Variant,,"The PW3 Work Shorts are a great addition to the PW3 range, combining function and style. An impressive range of multi-functional pockets including a rule pocket and an easy access thigh pocket provide ample secure storage. Premium features such as hammer loop, crotch gusset and reinforced panels for extra durability. The ideal choice for warmer weather.",https://d11ak7fd9ypfb7.cloudfront.net/styles1100px/PW349BKR.jpg,,0.0,TRUE,InStock,0.52,,PW349BKR30,,,,Size,DROP_DOWN,30,Color,DROP_DOWN,Black,,,,,,,,,,,,,Fit,<p>R</p>,Length,<p>43</p>,Width,<p>28</p>,Height,<p>46</p>,Box Quantity,<p>24</p>,Inner Pack Quantity,<p>1</p>,Country Of Origin,<p>BD</p>,Standards,<p></p>,,,,
PW349,Variant,,"The PW3 Work Shorts are a great addition to the PW3 range, combining function and style. An impressive range of multi-functional pockets including a rule pocket and an easy access thigh pocket provide ample secure storage. Premium features such as hammer loop, crotch gusset and reinforced panels for extra durability. The ideal choice for warmer weather.",https://d11ak7fd9ypfb7.cloudfront.net/styles1100px/PW349BKR.jpg,,0.0,TRUE,InStock,0.54,,PW349BKR32,,,,Size,DROP_DOWN,32,Color,DROP_DOWN,Black,,,,,,,,,,,,,Fit,<p>R</p>,Length,<p>43</p>,Width,<p>28</p>,Height,<p>46</p>,Box Quantity,<p>24</p>,Inner Pack Quantity,<p>1</p>,Country Of Origin,<p>BD</p>,Standards,<p></p>,,,,
PW349,Variant,,"The PW3 Work Shorts are a great addition to the PW3 range, combining function and style. An impressive range of multi-functional pockets including a rule pocket and an easy access thigh pocket provide ample secure storage. Premium features such as hammer loop, crotch gusset and reinforced panels for extra durability. The ideal choice for warmer weather.",https://d11ak7fd9ypfb7.cloudfront.net/styles1100px/PW349BKR.jpg,,0.0,TRUE,InStock,0.55,,PW349BKR33,,,,Size,DROP_DOWN,33,Color,DROP_DOWN,Black,,,,,,,,,,,,,Fit,<p>R</p>,Length,<p>43</p>,Width,<p>28</p>,Height,<p>46</p>,Box Quantity,<p>24</p>,Inner Pack Quantity,<p>1</p>,Country Of Origin,<p>BD</p>,Standards,<p></p>,,,,
PW349,Variant,,"The PW3 Work Shorts are a great addition to the PW3 range, combining function and style. An impressive range of multi-functional pockets including a rule pocket and an easy access thigh pocket provide ample secure storage. Premium features such as hammer loop, crotch gusset and reinforced panels for extra durability. The ideal choice for warmer weather.",https://d11ak7fd9ypfb7.cloudfront.net/styles1100px/PW349BKR.jpg,,0.0,TRUE,InStock,0.56,,PW349BKR34,,,,Size,DROP_DOWN,34,Color,DROP_DOWN,Black,,,,,,,,,,,,,Fit,<p>R</p>,Length,<p>43</p>,Width,<p>28</p>,Height,<p>46</p>,Box Quantity,<p>24</p>,Inner Pack Quantity,<p>1</p>,Country Of Origin,<p>BD</p>,Standards,<p></p>,,,,
PW349,Variant,,"The PW3 Work Shorts are a great addition to the PW3 range, combining function and style. An impressive range of multi-functional pockets including a rule pocket and an easy access thigh pocket provide ample secure storage. Premium features such as hammer loop, crotch gusset and reinforced panels for extra durability. The ideal choice for warmer weather.",https://d11ak7fd9ypfb7.cloudfront.net/styles1100px/PW349BKR.jpg,,0.0,TRUE,InStock,0.58,,PW349BKR36,,,,Size,DROP_DOWN,36,Color,DROP_DOWN,Black,,,,,,,,,,,,,Fit,<p>R</p>,Length,<p>43</p>,Width,<p>28</p>,Height,<p>46</p>,Box Quantity,<p>24</p>,Inner Pack Quantity,<p>1</p>,Country Of Origin,<p>BD</p>,Standards,<p></p>,,,,
PW349,Variant,,"The PW3 Work Shorts are a great addition to the PW3 range, combining function and style. An impressive range of multi-functional pockets including a rule pocket and an easy access thigh pocket provide ample secure storage. Premium features such as hammer loop, crotch gusset and reinforced panels for extra durability. The ideal choice for warmer weather.",https://d11ak7fd9ypfb7.cloudfront.net/styles1100px/PW349BKR.jpg,,0.0,TRUE,InStock,0.6,,PW349BKR38,,,,Size,DROP_DOWN,38,Color,DROP_DOWN,Black,,,,,,,,,,,,,Fit,<p>R</p>,Length,<p>43</p>,Width,<p>28</p>,Height,<p>46</p>,Box Quantity,<p>24</p>,Inner Pack Quantity,<p>1</p>,Country Of Origin,<p>BD</p>,Standards,<p></p>,,,,
PW349,Variant,,"The PW3 Work Shorts are a great addition to the PW3 range, combining function and style. An impressive range of multi-functional pockets including a rule pocket and an easy access thigh pocket provide ample secure storage. Premium features such as hammer loop, crotch gusset and reinforced panels for extra durability. The ideal choice for warmer weather.",https://d11ak7fd9ypfb7.cloudfront.net/styles1100px/PW349BKR.jpg,,0.0,TRUE,InStock,0.62,,PW349BKR40,,,,Size,DROP_DOWN,40,Color,DROP_DOWN,Black,,,,,,,,,,,,,Fit,<p>R</p>,Length,<p>43</p>,Width,<p>28</p>,Height,<p>46</p>,Box Quantity,<p>24</p>,Inner Pack Quantity,<p>1</p>,Country Of Origin,<p>BD</p>,Standards,<p></p>,,,,
PW349,Variant,,"The PW3 Work Shorts are a great addition to the PW3 range, combining function and style. An impressive range of multi-functional pockets including a rule pocket and an easy access thigh pocket provide ample secure storage. Premium features such as hammer loop, crotch gusset and reinforced panels for extra durability. The ideal choice for warmer weather.",https://d11ak7fd9ypfb7.cloudfront.net/styles1100px/PW349BKR.jpg,,0.0,TRUE,InStock,0.64,,PW349BKR41,,,,Size,DROP_DOWN,41,Color,DROP_DOWN,Black,,,,,,,,,,,,,Fit,<p>R</p>,Length,<p>43</p>,Width,<p>28</p>,Height,<p>46</p>,Box Quantity,<p>24</p>,Inner Pack Quantity,<p>1</p>,Country Of Origin,<p>BD</p>,Standards,<p></p>,,,,
PW349,Variant,,"The PW3 Work Shorts are a great addition to the PW3 range, combining function and style. An impressive range of multi-functional pockets including a rule pocket and an easy access thigh pocket provide ample secure storage. Premium features such as hammer loop, crotch gusset and reinforced panels for extra durability. The ideal choice for warmer weather.",https://d11ak7fd9ypfb7.cloudfront.net/styles1100px/PW349BKR.jpg,,0.0,TRUE,InStock,0.67,,PW349BKR42,,,,Size,DROP_DOWN,42,Color,DROP_DOWN,Black,,,,,,,,,,,,,Fit,<p>R</p>,Length,<p>43</p>,Width,<p>28</p>,Height,<p>46</p>,Box Quantity,<p>24</p>,Inner Pack Quantity,<p>1</p>,Country Of Origin,<p>BD</p>,Standards,<p></p>,,,,
PW349,Variant,,"The PW3 Work Shorts are a great addition to the PW3 range, combining function and style. An impressive range of multi-functional pockets including a rule pocket and an easy access thigh pocket provide ample secure storage. Premium features such as hammer loop, crotch gusset and reinforced panels for extra durability. The ideal choice for warmer weather.",https://d11ak7fd9ypfb7.cloudfront.net/styles1100px/PW349ZBR.jpg,,0.0,TRUE,InStock,0.52,,PW349ZBR30,,,,Size,DROP_DOWN,30,Color,DROP_DOWN,Zoom Grey/Black,,,,,,,,,,,,,Fit,<p>R</p>,Length,<p>43</p>,Width,<p>28</p>,Height,<p>46</p>,Box Quantity,<p>24</p>,Inner Pack Quantity,<p>1</p>,Country Of Origin,<p>BD</p>,Standards,<p></p>,,,,
PW349,Variant,,"The PW3 Work Shorts are a great addition to the PW3 range, combining function and style. An impressive range of multi-functional pockets including a rule pocket and an easy access thigh pocket provide ample secure storage. Premium features such as hammer loop, crotch gusset and reinforced panels for extra durability. The ideal choice for warmer weather.",https://d11ak7fd9ypfb7.cloudfront.net/styles1100px/PW349ZBR.jpg,,0.0,TRUE,InStock,0.54,,PW349ZBR32,,,,Size,DROP_DOWN,32,Color,DROP_DOWN,Zoom Grey/Black,,,,,,,,,,,,,Fit,<p>R</p>,Length,<p>43</p>,Width,<p>28</p>,Height,<p>46</p>,Box Quantity,<p>24</p>,Inner Pack Quantity,<p>1</p>,Country Of Origin,<p>BD</p>,Standards,<p></p>,,,,
PW349,Variant,,"The PW3 Work Shorts are a great addition to the PW3 range, combining function and style. An impressive range of multi-functional pockets including a rule pocket and an easy access thigh pocket provide ample secure storage. Premium features such as hammer loop, crotch gusset and reinforced panels for extra durability. The ideal choice for warmer weather.",https://d11ak7fd9ypfb7.cloudfront.net/styles1100px/PW349ZBR.jpg,,0.0,TRUE,InStock,0.55,,PW349ZBR33,,,,Size,DROP_DOWN,33,Color,DROP_DOWN,Zoom Grey/Black,,,,,,,,,,,,,Fit,<p>R</p>,Length,<p>43</p>,Width,<p>28</p>,Height,<p>46</p>,Box Quantity,<p>24</p>,Inner Pack Quantity,<p>1</p>,Country Of Origin,<p>BD</p>,Standards,<p></p>,,,,
PW349,Variant,,"The PW3 Work Shorts are a great addition to the PW3 range, combining function and style. An impressive range of multi-functional pockets including a rule pocket and an easy access thigh pocket provide ample secure storage. Premium features such as hammer loop, crotch gusset and reinforced panels for extra durability. The ideal choice for warmer weather.",https://d11ak7fd9ypfb7.cloudfront.net/styles1100px/PW349ZBR.jpg,,0.0,TRUE,InStock,0.56,,PW349ZBR34,,,,Size,DROP_DOWN,34,Color,DROP_DOWN,Zoom Grey/Black,,,,,,,,,,,,,Fit,<p>R</p>,Length,<p>43</p>,Width,<p>28</p>,Height,<p>46</p>,Box Quantity,<p>24</p>,Inner Pack Quantity,<p>1</p>,Country Of Origin,<p>BD</p>,Standards,<p></p>,,,,
PW349,Variant,,"The PW3 Work Shorts are a great addition to the PW3 range, combining function and style. An impressive range of multi-functional pockets including a rule pocket and an easy access thigh pocket provide ample secure storage. Premium features such as hammer loop, crotch gusset and reinforced panels for extra durability. The ideal choice for warmer weather.",https://d11ak7fd9ypfb7.cloudfront.net/styles1100px/PW349ZBR.jpg,,0.0,TRUE,InStock,0.58,,PW349ZBR36,,,,Size,DROP_DOWN,36,Color,DROP_DOWN,Zoom Grey/Black,,,,,,,,,,,,,Fit,<p>R</p>,Length,<p>43</p>,Width,<p>28</p>,Height,<p>46</p>,Box Quantity,<p>24</p>,Inner Pack Quantity,<p>1</p>,Country Of Origin,<p>BD</p>,Standards,<p></p>,,,,
PW349,Variant,,"The PW3 Work Shorts are a great addition to the PW3 range, combining function and style. An impressive range of multi-functional pockets including a rule pocket and an easy access thigh pocket provide ample secure storage. Premium features such as hammer loop, crotch gusset and reinforced panels for extra durability. The ideal choice for warmer weather.",https://d11ak7fd9ypfb7.cloudfront.net/styles1100px/PW349ZBR.jpg,,0.0,TRUE,InStock,0.6,,PW349ZBR38,,,,Size,DROP_DOWN,38,Color,DROP_DOWN,Zoom Grey/Black,,,,,,,,,,,,,Fit,<p>R</p>,Length,<p>43</p>,Width,<p>28</p>,Height,<p>46</p>,Box Quantity,<p>24</p>,Inner Pack Quantity,<p>1</p>,Country Of Origin,<p>BD</p>,Standards,<p></p>,,,,
PW349,Variant,,"The PW3 Work Shorts are a great addition to the PW3 range, combining function and style. An impressive range of multi-functional pockets including a rule pocket and an easy access thigh pocket provide ample secure storage. Premium features such as hammer loop, crotch gusset and reinforced panels for extra durability. The ideal choice for warmer weather.",https://d11ak7fd9ypfb7.cloudfront.net/styles1100px/PW349ZBR.jpg,,0.0,TRUE,InStock,0.62,,PW349ZBR40,,,,Size,DROP_DOWN,40,Color,DROP_DOWN,Zoom Grey/Black,,,,,,,,,,,,,Fit,<p>R</p>,Length,<p>43</p>,Width,<p>28</p>,Height,<p>46</p>,Box Quantity,<p>24</p>,Inner Pack Quantity,<p>1</p>,Country Of Origin,<p>BD</p>,Standards,<p></p>,,,,
PW349,Variant,,"The PW3 Work Shorts are a great addition to the PW3 range, combining function and style. An impressive range of multi-functional pockets including a rule pocket and an easy access thigh pocket provide ample secure storage. Premium features such as hammer loop, crotch gusset and reinforced panels for extra durability. The ideal choice for warmer weather.",https://d11ak7fd9ypfb7.cloudfront.net/styles1100px/PW349ZBR.jpg,,0.0,TRUE,InStock,0.64,,PW349ZBR41,,,,Size,DROP_DOWN,41,Color,DROP_DOWN,Zoom Grey/Black,,,,,,,,,,,,,Fit,<p>R</p>,Length,<p>43</p>,Width,<p>28</p>,Height,<p>46</p>,Box Quantity,<p>24</p>,Inner Pack Quantity,<p>1</p>,Country Of Origin,<p>BD</p>,Standards,<p></p>,,,,
PW349,Variant,,"The PW3 Work Shorts are a great addition to the PW3 range, combining function and style. An impressive range of multi-functional pockets including a rule pocket and an easy access thigh pocket provide ample secure storage. Premium features such as hammer loop, crotch gusset and reinforced panels for extra durability. The ideal choice for warmer weather.",https://d11ak7fd9ypfb7.cloudfront.net/styles1100px/PW349ZBR.jpg,,0.0,TRUE,InStock,0.67,,PW349ZBR42,,,,Size,DROP_DOWN,42,Color,DROP_DOWN,Zoom Grey/Black,,,,,,,,,,,,,Fit,<p>R</p>,Length,<p>43</p>,Width,<p>28</p>,Height,<p>46</p>,Box Quantity,<p>24</p>,Inner Pack Quantity,<p>1</p>,Country Of Origin,<p>BD</p>,Standards,<p></p>,,,,
PW351,Product,PW351 - PW3 Hi-Vis Winter Pants,"Premium insulated winter bib pants made from durable 300D Oxford polyester fabric. With a zip off function at the back, the bib can be removed completely to turn it into a pants which adds to its overall versatility. Following the great PW3 signature design, this garment has top loading kneepad pockets, secure zipped storage pockets, rule pocket and detachable holster pockets.",https://d11ak7fd9ypfb7.cloudfront.net/styles1100px/PW351YBR.jpg,137.0,0.0,TRUE,InStock,1.59,,PW351YBR4XL,,,,Size,DROP_DOWN,S;M;L;XL;XXL;XXXL;4XL,Color,DROP_DOWN,Yellow/Black,,,,,,,,,,,,,Fit,<p>R</p>,Length,<p>55</p>,Width,<p>36</p>,Height,<p>58</p>,Box Quantity,<p>12</p>,Inner Pack Quantity,<p>1</p>,Country Of Origin,<p>CN</p>,Standards,<ul><li>EN 343:2019 Class 3:1 X  WP 15000mm</li><li>EN ISO 20471 Class 2</li><li>EN 342   0.356 (M².K/W) 2 X</li><li>RIS-3279-TOM  ISSUE 2 (ORANGE ONLY)</li></ul>,,,,
PW351,Variant,,"Premium insulated winter bib pants made from durable 300D Oxford polyester fabric. With a zip off function at the back, the bib can be removed completely to turn it into a pants which adds to its overall versatility. Following the great PW3 signature design, this garment has top loading kneepad pockets, secure zipped storage pockets, rule pocket and detachable holster pockets.",https://d11ak7fd9ypfb7.cloudfront.net/styles1100px/PW351YBR.jpg,,0.0,TRUE,InStock,1.59,,PW351YBR4XL,,,,Size,DROP_DOWN,4XL,Color,DROP_DOWN,Yellow/Black,,,,,,,,,,,,,Fit,<p>R</p>,Length,<p>55</p>,Width,<p>36</p>,Height,<p>58</p>,Box Quantity,<p>12</p>,Inner Pack Quantity,<p>1</p>,Country Of Origin,<p>CN</p>,Standards,<ul><li>EN 343:2019 Class 3:1 X  WP 15000mm</li><li>EN ISO 20471 Class 2</li><li>EN 342   0.356 (M².K/W) 2 X</li><li>RIS-3279-TOM  ISSUE 2 (ORANGE ONLY)</li></ul>,,,,
PW351,Variant,,"Premium insulated winter bib pants made from durable 300D Oxford polyester fabric. With a zip off function at the back, the bib can be removed completely to turn it into a pants which adds to its overall versatility. Following the great PW3 signature design, this garment has top loading kneepad pockets, secure zipped storage pockets, rule pocket and detachable holster pockets.",https://d11ak7fd9ypfb7.cloudfront.net/styles1100px/PW351YBR.jpg,,0.0,TRUE,InStock,1.388,,PW351YBRL,,,,Size,DROP_DOWN,L,Color,DROP_DOWN,Yellow/Black,,,,,,,,,,,,,Fit,<p>R</p>,Length,<p>55</p>,Width,<p>36</p>,Height,<p>58</p>,Box Quantity,<p>12</p>,Inner Pack Quantity,<p>1</p>,Country Of Origin,<p>CN</p>,Standards,<ul><li>EN 343:2019 Class 3:1 X  WP 15000mm</li><li>EN ISO 20471 Class 2</li><li>EN 342   0.356 (M².K/W) 2 X</li><li>RIS-3279-TOM  ISSUE 2 (ORANGE ONLY)</li></ul>,,,,
PW351,Variant,,"Premium insulated winter bib pants made from durable 300D Oxford polyester fabric. With a zip off function at the back, the bib can be removed completely to turn it into a pants which adds to its overall versatility. Following the great PW3 signature design, this garment has top loading kneepad pockets, secure zipped storage pockets, rule pocket and detachable holster pockets.",https://d11ak7fd9ypfb7.cloudfront.net/styles1100px/PW351YBR.jpg,,0.0,TRUE,InStock,1.36,,PW351YBRM,,,,Size,DROP_DOWN,M,Color,DROP_DOWN,Yellow/Black,,,,,,,,,,,,,Fit,<p>R</p>,Length,<p>55</p>,Width,<p>36</p>,Height,<p>58</p>,Box Quantity,<p>12</p>,Inner Pack Quantity,<p>1</p>,Country Of Origin,<p>CN</p>,Standards,<ul><li>EN 343:2019 Class 3:1 X  WP 15000mm</li><li>EN ISO 20471 Class 2</li><li>EN 342   0.356 (M².K/W) 2 X</li><li>RIS-3279-TOM  ISSUE 2 (ORANGE ONLY)</li></ul>,,,,
PW351,Variant,,"Premium insulated winter bib pants made from durable 300D Oxford polyester fabric. With a zip off function at the back, the bib can be removed completely to turn it into a pants which adds to its overall versatility. Following the great PW3 signature design, this garment has top loading kneepad pockets, secure zipped storage pockets, rule pocket and detachable holster pockets.",https://d11ak7fd9ypfb7.cloudfront.net/styles1100px/PW351YBR.jpg,,0.0,TRUE,InStock,1.288,,PW351YBRS,,,,Size,DROP_DOWN,S,Color,DROP_DOWN,Yellow/Black,,,,,,,,,,,,,Fit,<p>R</p>,Length,<p>55</p>,Width,<p>36</p>,Height,<p>58</p>,Box Quantity,<p>12</p>,Inner Pack Quantity,<p>1</p>,Country Of Origin,<p>CN</p>,Standards,<ul><li>EN 343:2019 Class 3:1 X  WP 15000mm</li><li>EN ISO 20471 Class 2</li><li>EN 342   0.356 (M².K/W) 2 X</li><li>RIS-3279-TOM  ISSUE 2 (ORANGE ONLY)</li></ul>,,,,
PW351,Variant,,"Premium insulated winter bib pants made from durable 300D Oxford polyester fabric. With a zip off function at the back, the bib can be removed completely to turn it into a pants which adds to its overall versatility. Following the great PW3 signature design, this garment has top loading kneepad pockets, secure zipped storage pockets, rule pocket and detachable holster pockets.",https://d11ak7fd9ypfb7.cloudfront.net/styles1100px/PW351YBR.jpg,,0.0,TRUE,InStock,1.424,,PW351YBRXL,,,,Size,DROP_DOWN,XL,Color,DROP_DOWN,Yellow/Black,,,,,,,,,,,,,Fit,<p>R</p>,Length,<p>55</p>,Width,<p>36</p>,Height,<p>58</p>,Box Quantity,<p>12</p>,Inner Pack Quantity,<p>1</p>,Country Of Origin,<p>CN</p>,Standards,<ul><li>EN 343:2019 Class 3:1 X  WP 15000mm</li><li>EN ISO 20471 Class 2</li><li>EN 342   0.356 (M².K/W) 2 X</li><li>RIS-3279-TOM  ISSUE 2 (ORANGE ONLY)</li></ul>,,,,
PW351,Variant,,"Premium insulated winter bib pants made from durable 300D Oxford polyester fabric. With a zip off function at the back, the bib can be removed completely to turn it into a pants which adds to its overall versatility. Following the great PW3 signature design, this garment has top loading kneepad pockets, secure zipped storage pockets, rule pocket and detachable holster pockets.",https://d11ak7fd9ypfb7.cloudfront.net/styles1100px/PW351YBR.jpg,,0.0,TRUE,InStock,1.456,,PW351YBRXXL,,,,Size,DROP_DOWN,XXL,Color,DROP_DOWN,Yellow/Black,,,,,,,,,,,,,Fit,<p>R</p>,Length,<p>55</p>,Width,<p>36</p>,Height,<p>58</p>,Box Quantity,<p>12</p>,Inner Pack Quantity,<p>1</p>,Country Of Origin,<p>CN</p>,Standards,<ul><li>EN 343:2019 Class 3:1 X  WP 15000mm</li><li>EN ISO 20471 Class 2</li><li>EN 342   0.356 (M².K/W) 2 X</li><li>RIS-3279-TOM  ISSUE 2 (ORANGE ONLY)</li></ul>,,,,
PW351,Variant,,"Premium insulated winter bib pants made from durable 300D Oxford polyester fabric. With a zip off function at the back, the bib can be removed completely to turn it into a pants which adds to its overall versatility. Following the great PW3 signature design, this garment has top loading kneepad pockets, secure zipped storage pockets, rule pocket and detachable holster pockets.",https://d11ak7fd9ypfb7.cloudfront.net/styles1100px/PW351YBR.jpg,,0.0,TRUE,InStock,1.489,,PW351YBRXXXL,,,,Size,DROP_DOWN,XXXL,Color,DROP_DOWN,Yellow/Black,,,,,,,,,,,,,Fit,<p>R</p>,Length,<p>55</p>,Width,<p>36</p>,Height,<p>58</p>,Box Quantity,<p>12</p>,Inner Pack Quantity,<p>1</p>,Country Of Origin,<p>CN</p>,Standards,<ul><li>EN 343:2019 Class 3:1 X  WP 15000mm</li><li>EN ISO 20471 Class 2</li><li>EN 342   0.356 (M².K/W) 2 X</li><li>RIS-3279-TOM  ISSUE 2 (ORANGE ONLY)</li></ul>,,,,
PW360,Product,PW360 - PW3 Hi-Vis Extreme Rain Jacket,"The PW3 Hi-Vis Extreme Rain Jacket is a highly waterproof and breathable jacket. Made from a durable 300D stretch oxford PU coated, stain resistant fabric, this jacket includes many outstanding features such as detachable ergonomically shaped hood, multiple pockets for secure storage, Waterproof front and underarm pit zippers for enhanced breathability. Its contemporary design and modern sporty fit combines style with performance.",https://d11ak7fd9ypfb7.cloudfront.net/styles1100px/PW360YBR.jpg,157.0,0.0,TRUE,InStock,1.35,,PW360YBR4XL,,,,Size,DROP_DOWN,S;M;L;XL;XXL;XXXL;4XL,Color,DROP_DOWN,Yellow/Black,,,,,,,,,,,,,Fit,<p>R</p>,Length,<p>65</p>,Width,<p>40</p>,Height,<p>20</p>,Box Quantity,<p>12</p>,Inner Pack Quantity,<p>1</p>,Country Of Origin,<p>CN</p>,Standards,<ul><li>EN ISO 20471 Class 3</li><li>EN 343:2019 Class 4:3 X  WP 11000mm MVP 50000g/m²/24hrs</li><li>ANSI/ISEA 107 TYPE R CLASS 3</li><li>RIS-3279-TOM  ISSUE 2 (ORANGE ONLY)</li></ul>,,,,
PW360,Variant,,"The PW3 Hi-Vis Extreme Rain Jacket is a highly waterproof and breathable jacket. Made from a durable 300D stretch oxford PU coated, stain resistant fabric, this jacket includes many outstanding features such as detachable ergonomically shaped hood, multiple pockets for secure storage, Waterproof front and underarm pit zippers for enhanced breathability. Its contemporary design and modern sporty fit combines style with performance.",https://d11ak7fd9ypfb7.cloudfront.net/styles1100px/PW360YBR.jpg,,0.0,TRUE,InStock,1.35,,PW360YBR4XL,,,,Size,DROP_DOWN,4XL,Color,DROP_DOWN,Yellow/Black,,,,,,,,,,,,,Fit,<p>R</p>,Length,<p>65</p>,Width,<p>40</p>,Height,<p>20</p>,Box Quantity,<p>12</p>,Inner Pack Quantity,<p>1</p>,Country Of Origin,<p>CN</p>,Standards,<ul><li>EN ISO 20471 Class 3</li><li>EN 343:2019 Class 4:3 X  WP 11000mm MVP 50000g/m²/24hrs</li><li>ANSI/ISEA 107 TYPE R CLASS 3</li><li>RIS-3279-TOM  ISSUE 2 (ORANGE ONLY)</li></ul>,,,,
PW360,Variant,,"The PW3 Hi-Vis Extreme Rain Jacket is a highly waterproof and breathable jacket. Made from a durable 300D stretch oxford PU coated, stain resistant fabric, this jacket includes many outstanding features such as detachable ergonomically shaped hood, multiple pockets for secure storage, Waterproof front and underarm pit zippers for enhanced breathability. Its contemporary design and modern sporty fit combines style with performance.",https://d11ak7fd9ypfb7.cloudfront.net/styles1100px/PW360YBR.jpg,,0.0,TRUE,InStock,1.171,,PW360YBRL,,,,Size,DROP_DOWN,L,Color,DROP_DOWN,Yellow/Black,,,,,,,,,,,,,Fit,<p>R</p>,Length,<p>65</p>,Width,<p>40</p>,Height,<p>20</p>,Box Quantity,<p>12</p>,Inner Pack Quantity,<p>1</p>,Country Of Origin,<p>CN</p>,Standards,<ul><li>EN ISO 20471 Class 3</li><li>EN 343:2019 Class 4:3 X  WP 11000mm MVP 50000g/m²/24hrs</li><li>ANSI/ISEA 107 TYPE R CLASS 3</li><li>RIS-3279-TOM  ISSUE 2 (ORANGE ONLY)</li></ul>,,,,
PW360,Variant,,"The PW3 Hi-Vis Extreme Rain Jacket is a highly waterproof and breathable jacket. Made from a durable 300D stretch oxford PU coated, stain resistant fabric, this jacket includes many outstanding features such as detachable ergonomically shaped hood, multiple pockets for secure storage, Waterproof front and underarm pit zippers for enhanced breathability. Its contemporary design and modern sporty fit combines style with performance.",https://d11ak7fd9ypfb7.cloudfront.net/styles1100px/PW360YBR.jpg,,0.0,TRUE,InStock,1.127,,PW360YBRM,,,,Size,DROP_DOWN,M,Color,DROP_DOWN,Yellow/Black,,,,,,,,,,,,,Fit,<p>R</p>,Length,<p>65</p>,Width,<p>40</p>,Height,<p>20</p>,Box Quantity,<p>12</p>,Inner Pack Quantity,<p>1</p>,Country Of Origin,<p>CN</p>,Standards,<ul><li>EN ISO 20471 Class 3</li><li>EN 343:2019 Class 4:3 X  WP 11000mm MVP 50000g/m²/24hrs</li><li>ANSI/ISEA 107 TYPE R CLASS 3</li><li>RIS-3279-TOM  ISSUE 2 (ORANGE ONLY)</li></ul>,,,,
PW360,Variant,,"The PW3 Hi-Vis Extreme Rain Jacket is a highly waterproof and breathable jacket. Made from a durable 300D stretch oxford PU coated, stain resistant fabric, this jacket includes many outstanding features such as detachable ergonomically shaped hood, multiple pockets for secure storage, Waterproof front and underarm pit zippers for enhanced breathability. Its contemporary design and modern sporty fit combines style with performance.",https://d11ak7fd9ypfb7.cloudfront.net/styles1100px/PW360YBR.jpg,,0.0,TRUE,InStock,1.085,,PW360YBRS,,,,Size,DROP_DOWN,S,Color,DROP_DOWN,Yellow/Black,,,,,,,,,,,,,Fit,<p>R</p>,Length,<p>65</p>,Width,<p>40</p>,Height,<p>20</p>,Box Quantity,<p>12</p>,Inner Pack Quantity,<p>1</p>,Country Of Origin,<p>CN</p>,Standards,<ul><li>EN ISO 20471 Class 3</li><li>EN 343:2019 Class 4:3 X  WP 11000mm MVP 50000g/m²/24hrs</li><li>ANSI/ISEA 107 TYPE R CLASS 3</li><li>RIS-3279-TOM  ISSUE 2 (ORANGE ONLY)</li></ul>,,,,
PW360,Variant,,"The PW3 Hi-Vis Extreme Rain Jacket is a highly waterproof and breathable jacket. Made from a durable 300D stretch oxford PU coated, stain resistant fabric, this jacket includes many outstanding features such as detachable ergonomically shaped hood, multiple pockets for secure storage, Waterproof front and underarm pit zippers for enhanced breathability. Its contemporary design and modern sporty fit combines style with performance.",https://d11ak7fd9ypfb7.cloudfront.net/styles1100px/PW360YBR.jpg,,0.0,TRUE,InStock,1.203,,PW360YBRXL,,,,Size,DROP_DOWN,XL,Color,DROP_DOWN,Yellow/Black,,,,,,,,,,,,,Fit,<p>R</p>,Length,<p>65</p>,Width,<p>40</p>,Height,<p>20</p>,Box Quantity,<p>12</p>,Inner Pack Quantity,<p>1</p>,Country Of Origin,<p>CN</p>,Standards,<ul><li>EN ISO 20471 Class 3</li><li>EN 343:2019 Class 4:3 X  WP 11000mm MVP 50000g/m²/24hrs</li><li>ANSI/ISEA 107 TYPE R CLASS 3</li><li>RIS-3279-TOM  ISSUE 2 (ORANGE ONLY)</li></ul>,,,,
PW360,Variant,,"The PW3 Hi-Vis Extreme Rain Jacket is a highly waterproof and breathable jacket. Made from a durable 300D stretch oxford PU coated, stain resistant fabric, this jacket includes many outstanding features such as detachable ergonomically shaped hood, multiple pockets for secure storage, Waterproof front and underarm pit zippers for enhanced breathability. Its contemporary design and modern sporty fit combines style with performance.",https://d11ak7fd9ypfb7.cloudfront.net/styles1100px/PW360YBR.jpg,,0.0,TRUE,InStock,1.25,,PW360YBRXXL,,,,Size,DROP_DOWN,XXL,Color,DROP_DOWN,Yellow/Black,,,,,,,,,,,,,Fit,<p>R</p>,Length,<p>65</p>,Width,<p>40</p>,Height,<p>20</p>,Box Quantity,<p>12</p>,Inner Pack Quantity,<p>1</p>,Country Of Origin,<p>CN</p>,Standards,<ul><li>EN ISO 20471 Class 3</li><li>EN 343:2019 Class 4:3 X  WP 11000mm MVP 50000g/m²/24hrs</li><li>ANSI/ISEA 107 TYPE R CLASS 3</li><li>RIS-3279-TOM  ISSUE 2 (ORANGE ONLY)</li></ul>,,,,
PW360,Variant,,"The PW3 Hi-Vis Extreme Rain Jacket is a highly waterproof and breathable jacket. Made from a durable 300D stretch oxford PU coated, stain resistant fabric, this jacket includes many outstanding features such as detachable ergonomically shaped hood, multiple pockets for secure storage, Waterproof front and underarm pit zippers for enhanced breathability. Its contemporary design and modern sporty fit combines style with performance.",https://d11ak7fd9ypfb7.cloudfront.net/styles1100px/PW360YBR.jpg,,0.0,TRUE,InStock,1.3,,PW360YBRXXXL,,,,Size,DROP_DOWN,XXXL,Color,DROP_DOWN,Yellow/Black,,,,,,,,,,,,,Fit,<p>R</p>,Length,<p>65</p>,Width,<p>40</p>,Height,<p>20</p>,Box Quantity,<p>12</p>,Inner Pack Quantity,<p>1</p>,Country Of Origin,<p>CN</p>,Standards,<ul><li>EN ISO 20471 Class 3</li><li>EN 343:2019 Class 4:3 X  WP 11000mm MVP 50000g/m²/24hrs</li><li>ANSI/ISEA 107 TYPE R CLASS 3</li><li>RIS-3279-TOM  ISSUE 2 (ORANGE ONLY)</li></ul>,,,,
PW362,Product,PW362 - PW3 Winter Jacket,"Stylish, functional and durable, the PW362 offers protection and warmth in extreme weather conditions. Featuring all the best elements of the PW3™ range including the Insulatex heat reflective lining panel, and ergonomic shaping.",https://d11ak7fd9ypfb7.cloudfront.net/styles1100px/PW362BKR.jpg,93.8,0.0,TRUE,InStock,1.12,,PW362BKRL,,,,Size,DROP_DOWN,S;M;L;XL;XXL;XXXL,Color,DROP_DOWN,Black,,,,,,,,,,,,,Fit,<p>R</p>,Length,<p>65</p>,Width,<p>40</p>,Height,<p>46</p>,Box Quantity,<p>12</p>,Inner Pack Quantity,<p>1</p>,Country Of Origin,<p>CN</p>,Standards,<ul><li>EN 343 Class 3:1  WP 15000mm</li></ul>,,,,
PW362,Variant,,"Stylish, functional and durable, the PW362 offers protection and warmth in extreme weather conditions. Featuring all the best elements of the PW3™ range including the Insulatex heat reflective lining panel, and ergonomic shaping.",https://d11ak7fd9ypfb7.cloudfront.net/styles1100px/PW362BKR.jpg,,0.0,TRUE,InStock,1.12,,PW362BKRL,,,,Size,DROP_DOWN,L,Color,DROP_DOWN,Black,,,,,,,,,,,,,Fit,<p>R</p>,Length,<p>65</p>,Width,<p>40</p>,Height,<p>46</p>,Box Quantity,<p>12</p>,Inner Pack Quantity,<p>1</p>,Country Of Origin,<p>CN</p>,Standards,<ul><li>EN 343 Class 3:1  WP 15000mm</li></ul>,,,,
PW362,Variant,,"Stylish, functional and durable, the PW362 offers protection and warmth in extreme weather conditions. Featuring all the best elements of the PW3™ range including the Insulatex heat reflective lining panel, and ergonomic shaping.",https://d11ak7fd9ypfb7.cloudfront.net/styles1100px/PW362BKR.jpg,,0.0,TRUE,InStock,1.08,,PW362BKRM,,,,Size,DROP_DOWN,M,Color,DROP_DOWN,Black,,,,,,,,,,,,,Fit,<p>R</p>,Length,<p>65</p>,Width,<p>40</p>,Height,<p>46</p>,Box Quantity,<p>12</p>,Inner Pack Quantity,<p>1</p>,Country Of Origin,<p>CN</p>,Standards,<ul><li>EN 343 Class 3:1  WP 15000mm</li></ul>,,,,
PW362,Variant,,"Stylish, functional and durable, the PW362 offers protection and warmth in extreme weather conditions. Featuring all the best elements of the PW3™ range including the Insulatex heat reflective lining panel, and ergonomic shaping.",https://d11ak7fd9ypfb7.cloudfront.net/styles1100px/PW362BKR.jpg,,0.0,TRUE,InStock,1.04,,PW362BKRS,,,,Size,DROP_DOWN,S,Color,DROP_DOWN,Black,,,,,,,,,,,,,Fit,<p>R</p>,Length,<p>65</p>,Width,<p>40</p>,Height,<p>46</p>,Box Quantity,<p>12</p>,Inner Pack Quantity,<p>1</p>,Country Of Origin,<p>CN</p>,Standards,<ul><li>EN 343 Class 3:1  WP 15000mm</li></ul>,,,,
PW362,Variant,,"Stylish, functional and durable, the PW362 offers protection and warmth in extreme weather conditions. Featuring all the best elements of the PW3™ range including the Insulatex heat reflective lining panel, and ergonomic shaping.",https://d11ak7fd9ypfb7.cloudfront.net/styles1100px/PW362BKR.jpg,,0.0,TRUE,InStock,1.16,,PW362BKRXL,,,,Size,DROP_DOWN,XL,Color,DROP_DOWN,Black,,,,,,,,,,,,,Fit,<p>R</p>,Length,<p>65</p>,Width,<p>40</p>,Height,<p>46</p>,Box Quantity,<p>12</p>,Inner Pack Quantity,<p>1</p>,Country Of Origin,<p>CN</p>,Standards,<ul><li>EN 343 Class 3:1  WP 15000mm</li></ul>,,,,
PW362,Variant,,"Stylish, functional and durable, the PW362 offers protection and warmth in extreme weather conditions. Featuring all the best elements of the PW3™ range including the Insulatex heat reflective lining panel, and ergonomic shaping.",https://d11ak7fd9ypfb7.cloudfront.net/styles1100px/PW362BKR.jpg,,0.0,TRUE,InStock,1.2,,PW362BKRXXL,,,,Size,DROP_DOWN,XXL,Color,DROP_DOWN,Black,,,,,,,,,,,,,Fit,<p>R</p>,Length,<p>65</p>,Width,<p>40</p>,Height,<p>46</p>,Box Quantity,<p>12</p>,Inner Pack Quantity,<p>1</p>,Country Of Origin,<p>CN</p>,Standards,<ul><li>EN 343 Class 3:1  WP 15000mm</li></ul>,,,,
PW362,Variant,,"Stylish, functional and durable, the PW362 offers protection and warmth in extreme weather conditions. Featuring all the best elements of the PW3™ range including the Insulatex heat reflective lining panel, and ergonomic shaping.",https://d11ak7fd9ypfb7.cloudfront.net/styles1100px/PW362BKR.jpg,,0.0,TRUE,InStock,1.26,,PW362BKRXXXL,,,,Size,DROP_DOWN,XXXL,Color,DROP_DOWN,Black,,,,,,,,,,,,,Fit,<p>R</p>,Length,<p>65</p>,Width,<p>40</p>,Height,<p>46</p>,Box Quantity,<p>12</p>,Inner Pack Quantity,<p>1</p>,Country Of Origin,<p>CN</p>,Standards,<ul><li>EN 343 Class 3:1  WP 15000mm</li></ul>,,,,
PW365,Product,PW365 - PW3 Hi-Vis 3-in-1 Jacket,"The PW3 3-in-1 jacket is an excellent choice for workers who value versatility and practicality. The jacket features a full class 3 high visibility waterproof jacket and a detachable zipper sweatshirt which can be worn on its own. The brushed back interior traps warmth and keeps the wearer cozy while the durable 300D oxford weave outer material protects against wind and rain. Clever features include multiple storage options, Ezee zipper, detachable hood and print access for customization.",https://d11ak7fd9ypfb7.cloudfront.net/styles1100px/PW365YBR.jpg,125.5,0.0,TRUE,InStock,1.99,,PW365YBR4XL,,,,Size,DROP_DOWN,S;M;L;XL;XXL;XXXL;4XL;5XL,Color,DROP_DOWN,Yellow/Black,,,,,,,,,,,,,Fit,<p>R</p>,Length,<p>65</p>,Width,<p>40</p>,Height,<p>50</p>,Box Quantity,<p>12</p>,Inner Pack Quantity,<p>1</p>,Country Of Origin,<p>CN</p>,Standards,<ul><li>EN ISO 20471 Class 3</li><li>EN 343:2019 Class 3:1 X  WP 15000mm</li><li>ANSI/ISEA 107 TYPE R CLASS 3</li><li>RIS-3279-TOM  ISSUE 2 (ORANGE ONLY)</li></ul>,,,,
PW365,Variant,,"The PW3 3-in-1 jacket is an excellent choice for workers who value versatility and practicality. The jacket features a full class 3 high visibility waterproof jacket and a detachable zipper sweatshirt which can be worn on its own. The brushed back interior traps warmth and keeps the wearer cozy while the durable 300D oxford weave outer material protects against wind and rain. Clever features include multiple storage options, Ezee zipper, detachable hood and print access for customization.",https://d11ak7fd9ypfb7.cloudfront.net/styles1100px/PW365YBR.jpg,,0.0,TRUE,InStock,1.99,,PW365YBR4XL,,,,Size,DROP_DOWN,4XL,Color,DROP_DOWN,Yellow/Black,,,,,,,,,,,,,Fit,<p>R</p>,Length,<p>65</p>,Width,<p>40</p>,Height,<p>50</p>,Box Quantity,<p>12</p>,Inner Pack Quantity,<p>1</p>,Country Of Origin,<p>CN</p>,Standards,<ul><li>EN ISO 20471 Class 3</li><li>EN 343:2019 Class 3:1 X  WP 15000mm</li><li>ANSI/ISEA 107 TYPE R CLASS 3</li><li>RIS-3279-TOM  ISSUE 2 (ORANGE ONLY)</li></ul>,,,,
PW365,Variant,,"The PW3 3-in-1 jacket is an excellent choice for workers who value versatility and practicality. The jacket features a full class 3 high visibility waterproof jacket and a detachable zipper sweatshirt which can be worn on its own. The brushed back interior traps warmth and keeps the wearer cozy while the durable 300D oxford weave outer material protects against wind and rain. Clever features include multiple storage options, Ezee zipper, detachable hood and print access for customization.",https://d11ak7fd9ypfb7.cloudfront.net/styles1100px/PW365YBR.jpg,,0.0,TRUE,InStock,0.999,,PW365YBR5XL,,,,Size,DROP_DOWN,5XL,Color,DROP_DOWN,Yellow/Black,,,,,,,,,,,,,Fit,<p>R</p>,Length,<p>65</p>,Width,<p>40</p>,Height,<p>50</p>,Box Quantity,<p>12</p>,Inner Pack Quantity,<p>1</p>,Country Of Origin,<p>CN</p>,Standards,<ul><li>EN ISO 20471 Class 3</li><li>EN 343:2019 Class 3:1 X  WP 15000mm</li><li>ANSI/ISEA 107 TYPE R CLASS 3</li><li>RIS-3279-TOM  ISSUE 2 (ORANGE ONLY)</li></ul>,,,,
PW365,Variant,,"The PW3 3-in-1 jacket is an excellent choice for workers who value versatility and practicality. The jacket features a full class 3 high visibility waterproof jacket and a detachable zipper sweatshirt which can be worn on its own. The brushed back interior traps warmth and keeps the wearer cozy while the durable 300D oxford weave outer material protects against wind and rain. Clever features include multiple storage options, Ezee zipper, detachable hood and print access for customization.",https://d11ak7fd9ypfb7.cloudfront.net/styles1100px/PW365YBR.jpg,,0.0,TRUE,InStock,1.67,,PW365YBRL,,,,Size,DROP_DOWN,L,Color,DROP_DOWN,Yellow/Black,,,,,,,,,,,,,Fit,<p>R</p>,Length,<p>65</p>,Width,<p>40</p>,Height,<p>50</p>,Box Quantity,<p>12</p>,Inner Pack Quantity,<p>1</p>,Country Of Origin,<p>CN</p>,Standards,<ul><li>EN ISO 20471 Class 3</li><li>EN 343:2019 Class 3:1 X  WP 15000mm</li><li>ANSI/ISEA 107 TYPE R CLASS 3</li><li>RIS-3279-TOM  ISSUE 2 (ORANGE ONLY)</li></ul>,,,,
PW365,Variant,,"The PW3 3-in-1 jacket is an excellent choice for workers who value versatility and practicality. The jacket features a full class 3 high visibility waterproof jacket and a detachable zipper sweatshirt which can be worn on its own. The brushed back interior traps warmth and keeps the wearer cozy while the durable 300D oxford weave outer material protects against wind and rain. Clever features include multiple storage options, Ezee zipper, detachable hood and print access for customization.",https://d11ak7fd9ypfb7.cloudfront.net/styles1100px/PW365YBR.jpg,,0.0,TRUE,InStock,1.58,,PW365YBRM,,,,Size,DROP_DOWN,M,Color,DROP_DOWN,Yellow/Black,,,,,,,,,,,,,Fit,<p>R</p>,Length,<p>65</p>,Width,<p>40</p>,Height,<p>50</p>,Box Quantity,<p>12</p>,Inner Pack Quantity,<p>1</p>,Country Of Origin,<p>CN</p>,Standards,<ul><li>EN ISO 20471 Class 3</li><li>EN 343:2019 Class 3:1 X  WP 15000mm</li><li>ANSI/ISEA 107 TYPE R CLASS 3</li><li>RIS-3279-TOM  ISSUE 2 (ORANGE ONLY)</li></ul>,,,,
PW365,Variant,,"The PW3 3-in-1 jacket is an excellent choice for workers who value versatility and practicality. The jacket features a full class 3 high visibility waterproof jacket and a detachable zipper sweatshirt which can be worn on its own. The brushed back interior traps warmth and keeps the wearer cozy while the durable 300D oxford weave outer material protects against wind and rain. Clever features include multiple storage options, Ezee zipper, detachable hood and print access for customization.",https://d11ak7fd9ypfb7.cloudfront.net/styles1100px/PW365YBR.jpg,,0.0,TRUE,InStock,1.53,,PW365YBRS,,,,Size,DROP_DOWN,S,Color,DROP_DOWN,Yellow/Black,,,,,,,,,,,,,Fit,<p>R</p>,Length,<p>65</p>,Width,<p>40</p>,Height,<p>50</p>,Box Quantity,<p>12</p>,Inner Pack Quantity,<p>1</p>,Country Of Origin,<p>CN</p>,Standards,<ul><li>EN ISO 20471 Class 3</li><li>EN 343:2019 Class 3:1 X  WP 15000mm</li><li>ANSI/ISEA 107 TYPE R CLASS 3</li><li>RIS-3279-TOM  ISSUE 2 (ORANGE ONLY)</li></ul>,,,,
PW365,Variant,,"The PW3 3-in-1 jacket is an excellent choice for workers who value versatility and practicality. The jacket features a full class 3 high visibility waterproof jacket and a detachable zipper sweatshirt which can be worn on its own. The brushed back interior traps warmth and keeps the wearer cozy while the durable 300D oxford weave outer material protects against wind and rain. Clever features include multiple storage options, Ezee zipper, detachable hood and print access for customization.",https://d11ak7fd9ypfb7.cloudfront.net/styles1100px/PW365YBR.jpg,,0.0,TRUE,InStock,1.78,,PW365YBRXL,,,,Size,DROP_DOWN,XL,Color,DROP_DOWN,Yellow/Black,,,,,,,,,,,,,Fit,<p>R</p>,Length,<p>65</p>,Width,<p>40</p>,Height,<p>50</p>,Box Quantity,<p>12</p>,Inner Pack Quantity,<p>1</p>,Country Of Origin,<p>CN</p>,Standards,<ul><li>EN ISO 20471 Class 3</li><li>EN 343:2019 Class 3:1 X  WP 15000mm</li><li>ANSI/ISEA 107 TYPE R CLASS 3</li><li>RIS-3279-TOM  ISSUE 2 (ORANGE ONLY)</li></ul>,,,,
PW365,Variant,,"The PW3 3-in-1 jacket is an excellent choice for workers who value versatility and practicality. The jacket features a full class 3 high visibility waterproof jacket and a detachable zipper sweatshirt which can be worn on its own. The brushed back interior traps warmth and keeps the wearer cozy while the durable 300D oxford weave outer material protects against wind and rain. Clever features include multiple storage options, Ezee zipper, detachable hood and print access for customization.",https://d11ak7fd9ypfb7.cloudfront.net/styles1100px/PW365YBR.jpg,,0.0,TRUE,InStock,1.83,,PW365YBRXXL,,,,Size,DROP_DOWN,XXL,Color,DROP_DOWN,Yellow/Black,,,,,,,,,,,,,Fit,<p>R</p>,Length,<p>65</p>,Width,<p>40</p>,Height,<p>50</p>,Box Quantity,<p>12</p>,Inner Pack Quantity,<p>1</p>,Country Of Origin,<p>CN</p>,Standards,<ul><li>EN ISO 20471 Class 3</li><li>EN 343:2019 Class 3:1 X  WP 15000mm</li><li>ANSI/ISEA 107 TYPE R CLASS 3</li><li>RIS-3279-TOM  ISSUE 2 (ORANGE ONLY)</li></ul>,,,,
PW365,Variant,,"The PW3 3-in-1 jacket is an excellent choice for workers who value versatility and practicality. The jacket features a full class 3 high visibility waterproof jacket and a detachable zipper sweatshirt which can be worn on its own. The brushed back interior traps warmth and keeps the wearer cozy while the durable 300D oxford weave outer material protects against wind and rain. Clever features include multiple storage options, Ezee zipper, detachable hood and print access for customization.",https://d11ak7fd9ypfb7.cloudfront.net/styles1100px/PW365YBR.jpg,,0.0,TRUE,InStock,1.9,,PW365YBRXXXL,,,,Size,DROP_DOWN,XXXL,Color,DROP_DOWN,Yellow/Black,,,,,,,,,,,,,Fit,<p>R</p>,Length,<p>65</p>,Width,<p>40</p>,Height,<p>50</p>,Box Quantity,<p>12</p>,Inner Pack Quantity,<p>1</p>,Country Of Origin,<p>CN</p>,Standards,<ul><li>EN ISO 20471 Class 3</li><li>EN 343:2019 Class 3:1 X  WP 15000mm</li><li>ANSI/ISEA 107 TYPE R CLASS 3</li><li>RIS-3279-TOM  ISSUE 2 (ORANGE ONLY)</li></ul>,,,,
PW367,Product,PW367 - PW3 Hi-Vis 5-in-1 Jacket,"Stay visible, comfortable and protected with this superb 5-in-1 breathable jacket. This cleverly designed garment is highly adaptable to all seasons and a variety of working conditions for multi-functional use. The outer jacket has a multi-pocket solution with a dedicated space for your phone, keys or gloves while the inner waterproof jacket has padded lining for maximum warmth and comfort.",https://d11ak7fd9ypfb7.cloudfront.net/styles1100px/PW367YBR.jpg,167.9,0.0,TRUE,InStock,0.999,,PW367YBR4XL,,,,Size,DROP_DOWN,S;M;L;XL;XXL;XXXL;4XL,Color,DROP_DOWN,Yellow/Black,,,,,,,,,,,,,Fit,<p>R</p>,Length,<p>65</p>,Width,<p>45</p>,Height,<p>45</p>,Box Quantity,<p>8</p>,Inner Pack Quantity,<p>1</p>,Country Of Origin,<p>CN</p>,Standards,<ul><li>EN ISO 20471 Class 3</li><li>EN 343:2019 Class 4:3 X  WP 15000mm</li></ul>,,,,
PW367,Variant,,"Stay visible, comfortable and protected with this superb 5-in-1 breathable jacket. This cleverly designed garment is highly adaptable to all seasons and a variety of working conditions for multi-functional use. The outer jacket has a multi-pocket solution with a dedicated space for your phone, keys or gloves while the inner waterproof jacket has padded lining for maximum warmth and comfort.",https://d11ak7fd9ypfb7.cloudfront.net/styles1100px/PW367YBR.jpg,,0.0,TRUE,InStock,0.999,,PW367YBR4XL,,,,Size,DROP_DOWN,4XL,Color,DROP_DOWN,Yellow/Black,,,,,,,,,,,,,Fit,<p>R</p>,Length,<p>65</p>,Width,<p>45</p>,Height,<p>45</p>,Box Quantity,<p>8</p>,Inner Pack Quantity,<p>1</p>,Country Of Origin,<p>CN</p>,Standards,<ul><li>EN ISO 20471 Class 3</li><li>EN 343:2019 Class 4:3 X  WP 15000mm</li></ul>,,,,
PW367,Variant,,"Stay visible, comfortable and protected with this superb 5-in-1 breathable jacket. This cleverly designed garment is highly adaptable to all seasons and a variety of working conditions for multi-functional use. The outer jacket has a multi-pocket solution with a dedicated space for your phone, keys or gloves while the inner waterproof jacket has padded lining for maximum warmth and comfort.",https://d11ak7fd9ypfb7.cloudfront.net/styles1100px/PW367YBR.jpg,,0.0,TRUE,InStock,0.999,,PW367YBRL,,,,Size,DROP_DOWN,L,Color,DROP_DOWN,Yellow/Black,,,,,,,,,,,,,Fit,<p>R</p>,Length,<p>65</p>,Width,<p>40</p>,Height,<p>37</p>,Box Quantity,<p>8</p>,Inner Pack Quantity,<p>1</p>,Country Of Origin,<p>CN</p>,Standards,<ul><li>EN ISO 20471 Class 3</li><li>EN 343:2019 Class 4:3 X  WP 15000mm</li></ul>,,,,
PW367,Variant,,"Stay visible, comfortable and protected with this superb 5-in-1 breathable jacket. This cleverly designed garment is highly adaptable to all seasons and a variety of working conditions for multi-functional use. The outer jacket has a multi-pocket solution with a dedicated space for your phone, keys or gloves while the inner waterproof jacket has padded lining for maximum warmth and comfort.",https://d11ak7fd9ypfb7.cloudfront.net/styles1100px/PW367YBR.jpg,,0.0,TRUE,InStock,0.999,,PW367YBRM,,,,Size,DROP_DOWN,M,Color,DROP_DOWN,Yellow/Black,,,,,,,,,,,,,Fit,<p>R</p>,Length,<p>65</p>,Width,<p>40</p>,Height,<p>37</p>,Box Quantity,<p>8</p>,Inner Pack Quantity,<p>1</p>,Country Of Origin,<p>CN</p>,Standards,<ul><li>EN ISO 20471 Class 3</li><li>EN 343:2019 Class 4:3 X  WP 15000mm</li></ul>,,,,
PW367,Variant,,"Stay visible, comfortable and protected with this superb 5-in-1 breathable jacket. This cleverly designed garment is highly adaptable to all seasons and a variety of working conditions for multi-functional use. The outer jacket has a multi-pocket solution with a dedicated space for your phone, keys or gloves while the inner waterproof jacket has padded lining for maximum warmth and comfort.",https://d11ak7fd9ypfb7.cloudfront.net/styles1100px/PW367YBR.jpg,,0.0,TRUE,InStock,0.999,,PW367YBRS,,,,Size,DROP_DOWN,S,Color,DROP_DOWN,Yellow/Black,,,,,,,,,,,,,Fit,<p>R</p>,Length,<p>65</p>,Width,<p>40</p>,Height,<p>37</p>,Box Quantity,<p>8</p>,Inner Pack Quantity,<p>1</p>,Country Of Origin,<p>CN</p>,Standards,<ul><li>EN ISO 20471 Class 3</li><li>EN 343:2019 Class 4:3 X  WP 15000mm</li></ul>,,,,
PW367,Variant,,"Stay visible, comfortable and protected with this superb 5-in-1 breathable jacket. This cleverly designed garment is highly adaptable to all seasons and a variety of working conditions for multi-functional use. The outer jacket has a multi-pocket solution with a dedicated space for your phone, keys or gloves while the inner waterproof jacket has padded lining for maximum warmth and comfort.",https://d11ak7fd9ypfb7.cloudfront.net/styles1100px/PW367YBR.jpg,,0.0,TRUE,InStock,0.999,,PW367YBRXL,,,,Size,DROP_DOWN,XL,Color,DROP_DOWN,Yellow/Black,,,,,,,,,,,,,Fit,<p>R</p>,Length,<p>65</p>,Width,<p>40</p>,Height,<p>37</p>,Box Quantity,<p>8</p>,Inner Pack Quantity,<p>1</p>,Country Of Origin,<p>CN</p>,Standards,<ul><li>EN ISO 20471 Class 3</li><li>EN 343:2019 Class 4:3 X  WP 15000mm</li></ul>,,,,
PW367,Variant,,"Stay visible, comfortable and protected with this superb 5-in-1 breathable jacket. This cleverly designed garment is highly adaptable to all seasons and a variety of working conditions for multi-functional use. The outer jacket has a multi-pocket solution with a dedicated space for your phone, keys or gloves while the inner waterproof jacket has padded lining for maximum warmth and comfort.",https://d11ak7fd9ypfb7.cloudfront.net/styles1100px/PW367YBR.jpg,,0.0,TRUE,InStock,0.999,,PW367YBRXXL,,,,Size,DROP_DOWN,XXL,Color,DROP_DOWN,Yellow/Black,,,,,,,,,,,,,Fit,<p>R</p>,Length,<p>65</p>,Width,<p>40</p>,Height,<p>37</p>,Box Quantity,<p>8</p>,Inner Pack Quantity,<p>1</p>,Country Of Origin,<p>CN</p>,Standards,<ul><li>EN ISO 20471 Class 3</li><li>EN 343:2019 Class 4:3 X  WP 15000mm</li></ul>,,,,
PW367,Variant,,"Stay visible, comfortable and protected with this superb 5-in-1 breathable jacket. This cleverly designed garment is highly adaptable to all seasons and a variety of working conditions for multi-functional use. The outer jacket has a multi-pocket solution with a dedicated space for your phone, keys or gloves while the inner waterproof jacket has padded lining for maximum warmth and comfort.",https://d11ak7fd9ypfb7.cloudfront.net/styles1100px/PW367YBR.jpg,,0.0,TRUE,InStock,0.999,,PW367YBRXXXL,,,,Size,DROP_DOWN,XXXL,Color,DROP_DOWN,Yellow/Black,,,,,,,,,,,,,Fit,<p>R</p>,Length,<p>65</p>,Width,<p>45</p>,Height,<p>45</p>,Box Quantity,<p>8</p>,Inner Pack Quantity,<p>1</p>,Country Of Origin,<p>CN</p>,Standards,<ul><li>EN ISO 20471 Class 3</li><li>EN 343:2019 Class 4:3 X  WP 15000mm</li></ul>,,,,
PW369,Product,PW369 - PW3 Hi-Vis Winter Parka Jacket,"This thoughtfully designed insulated winter parka jacket combines durable 300D Oxford polyester fabric with a modern fit and stylish look. Ideal for extreme cold weather conditions, this jacket provides excellent thermal insulation with heavyweight Insulatex lining. Outstanding features include underarm zips for enhanced breathability, insulated hood with detachable fur trim and HiVisTex Pro reflective tape.",https://d11ak7fd9ypfb7.cloudfront.net/styles1100px/PW369YBR.jpg,145.0,0.0,TRUE,InStock,1.93,,PW369YBR4XL,,,,Size,DROP_DOWN,S;M;L;XL;XXL;XXXL;4XL,Color,DROP_DOWN,Yellow/Black,,,,,,,,,,,,,Fit,<p>R</p>,Length,<p>65</p>,Width,<p>45</p>,Height,<p>50</p>,Box Quantity,<p>12</p>,Inner Pack Quantity,<p>1</p>,Country Of Origin,<p>CN</p>,Standards,<ul><li>EN ISO 20471 Class 3</li><li>EN 343:2019 Class 3:1 X  WP 15000mm</li><li>EN 342   0.356 (M².K/W) 2 X</li><li>RIS-3279-TOM  ISSUE 2 (ORANGE ONLY)</li></ul>,,,,
PW369,Variant,,"This thoughtfully designed insulated winter parka jacket combines durable 300D Oxford polyester fabric with a modern fit and stylish look. Ideal for extreme cold weather conditions, this jacket provides excellent thermal insulation with heavyweight Insulatex lining. Outstanding features include underarm zips for enhanced breathability, insulated hood with detachable fur trim and HiVisTex Pro reflective tape.",https://d11ak7fd9ypfb7.cloudfront.net/styles1100px/PW369YBR.jpg,,0.0,TRUE,InStock,1.93,,PW369YBR4XL,,,,Size,DROP_DOWN,4XL,Color,DROP_DOWN,Yellow/Black,,,,,,,,,,,,,Fit,<p>R</p>,Length,<p>65</p>,Width,<p>45</p>,Height,<p>50</p>,Box Quantity,<p>12</p>,Inner Pack Quantity,<p>1</p>,Country Of Origin,<p>CN</p>,Standards,<ul><li>EN ISO 20471 Class 3</li><li>EN 343:2019 Class 3:1 X  WP 15000mm</li><li>EN 342   0.356 (M².K/W) 2 X</li><li>RIS-3279-TOM  ISSUE 2 (ORANGE ONLY)</li></ul>,,,,
PW369,Variant,,"This thoughtfully designed insulated winter parka jacket combines durable 300D Oxford polyester fabric with a modern fit and stylish look. Ideal for extreme cold weather conditions, this jacket provides excellent thermal insulation with heavyweight Insulatex lining. Outstanding features include underarm zips for enhanced breathability, insulated hood with detachable fur trim and HiVisTex Pro reflective tape.",https://d11ak7fd9ypfb7.cloudfront.net/styles1100px/PW369YBR.jpg,,0.0,TRUE,InStock,1.606,,PW369YBRL,,,,Size,DROP_DOWN,L,Color,DROP_DOWN,Yellow/Black,,,,,,,,,,,,,Fit,<p>R</p>,Length,<p>65</p>,Width,<p>45</p>,Height,<p>50</p>,Box Quantity,<p>12</p>,Inner Pack Quantity,<p>1</p>,Country Of Origin,<p>CN</p>,Standards,<ul><li>EN ISO 20471 Class 3</li><li>EN 343:2019 Class 3:1 X  WP 15000mm</li><li>EN 342   0.356 (M².K/W) 2 X</li><li>RIS-3279-TOM  ISSUE 2 (ORANGE ONLY)</li></ul>,,,,
PW369,Variant,,"This thoughtfully designed insulated winter parka jacket combines durable 300D Oxford polyester fabric with a modern fit and stylish look. Ideal for extreme cold weather conditions, this jacket provides excellent thermal insulation with heavyweight Insulatex lining. Outstanding features include underarm zips for enhanced breathability, insulated hood with detachable fur trim and HiVisTex Pro reflective tape.",https://d11ak7fd9ypfb7.cloudfront.net/styles1100px/PW369YBR.jpg,,0.0,TRUE,InStock,1.57,,PW369YBRM,,,,Size,DROP_DOWN,M,Color,DROP_DOWN,Yellow/Black,,,,,,,,,,,,,Fit,<p>R</p>,Length,<p>65</p>,Width,<p>45</p>,Height,<p>50</p>,Box Quantity,<p>12</p>,Inner Pack Quantity,<p>1</p>,Country Of Origin,<p>CN</p>,Standards,<ul><li>EN ISO 20471 Class 3</li><li>EN 343:2019 Class 3:1 X  WP 15000mm</li><li>EN 342   0.356 (M².K/W) 2 X</li><li>RIS-3279-TOM  ISSUE 2 (ORANGE ONLY)</li></ul>,,,,
PW369,Variant,,"This thoughtfully designed insulated winter parka jacket combines durable 300D Oxford polyester fabric with a modern fit and stylish look. Ideal for extreme cold weather conditions, this jacket provides excellent thermal insulation with heavyweight Insulatex lining. Outstanding features include underarm zips for enhanced breathability, insulated hood with detachable fur trim and HiVisTex Pro reflective tape.",https://d11ak7fd9ypfb7.cloudfront.net/styles1100px/PW369YBR.jpg,,0.0,TRUE,InStock,1.496,,PW369YBRS,,,,Size,DROP_DOWN,S,Color,DROP_DOWN,Yellow/Black,,,,,,,,,,,,,Fit,<p>R</p>,Length,<p>65</p>,Width,<p>45</p>,Height,<p>50</p>,Box Quantity,<p>12</p>,Inner Pack Quantity,<p>1</p>,Country Of Origin,<p>CN</p>,Standards,<ul><li>EN ISO 20471 Class 3</li><li>EN 343:2019 Class 3:1 X  WP 15000mm</li><li>EN 342   0.356 (M².K/W) 2 X</li><li>RIS-3279-TOM  ISSUE 2 (ORANGE ONLY)</li></ul>,,,,
PW369,Variant,,"This thoughtfully designed insulated winter parka jacket combines durable 300D Oxford polyester fabric with a modern fit and stylish look. Ideal for extreme cold weather conditions, this jacket provides excellent thermal insulation with heavyweight Insulatex lining. Outstanding features include underarm zips for enhanced breathability, insulated hood with detachable fur trim and HiVisTex Pro reflective tape.",https://d11ak7fd9ypfb7.cloudfront.net/styles1100px/PW369YBR.jpg,,0.0,TRUE,InStock,1.69,,PW369YBRXL,,,,Size,DROP_DOWN,XL,Color,DROP_DOWN,Yellow/Black,,,,,,,,,,,,,Fit,<p>R</p>,Length,<p>65</p>,Width,<p>45</p>,Height,<p>50</p>,Box Quantity,<p>12</p>,Inner Pack Quantity,<p>1</p>,Country Of Origin,<p>CN</p>,Standards,<ul><li>EN ISO 20471 Class 3</li><li>EN 343:2019 Class 3:1 X  WP 15000mm</li><li>EN 342   0.356 (M².K/W) 2 X</li><li>RIS-3279-TOM  ISSUE 2 (ORANGE ONLY)</li></ul>,,,,
PW369,Variant,,"This thoughtfully designed insulated winter parka jacket combines durable 300D Oxford polyester fabric with a modern fit and stylish look. Ideal for extreme cold weather conditions, this jacket provides excellent thermal insulation with heavyweight Insulatex lining. Outstanding features include underarm zips for enhanced breathability, insulated hood with detachable fur trim and HiVisTex Pro reflective tape.",https://d11ak7fd9ypfb7.cloudfront.net/styles1100px/PW369YBR.jpg,,0.0,TRUE,InStock,1.74,,PW369YBRXXL,,,,Size,DROP_DOWN,XXL,Color,DROP_DOWN,Yellow/Black,,,,,,,,,,,,,Fit,<p>R</p>,Length,<p>65</p>,Width,<p>45</p>,Height,<p>50</p>,Box Quantity,<p>12</p>,Inner Pack Quantity,<p>1</p>,Country Of Origin,<p>CN</p>,Standards,<ul><li>EN ISO 20471 Class 3</li><li>EN 343:2019 Class 3:1 X  WP 15000mm</li><li>EN 342   0.356 (M².K/W) 2 X</li><li>RIS-3279-TOM  ISSUE 2 (ORANGE ONLY)</li></ul>,,,,
PW369,Variant,,"This thoughtfully designed insulated winter parka jacket combines durable 300D Oxford polyester fabric with a modern fit and stylish look. Ideal for extreme cold weather conditions, this jacket provides excellent thermal insulation with heavyweight Insulatex lining. Outstanding features include underarm zips for enhanced breathability, insulated hood with detachable fur trim and HiVisTex Pro reflective tape.",https://d11ak7fd9ypfb7.cloudfront.net/styles1100px/PW369YBR.jpg,,0.0,TRUE,InStock,1.828,,PW369YBRXXXL,,,,Size,DROP_DOWN,XXXL,Color,DROP_DOWN,Yellow/Black,,,,,,,,,,,,,Fit,<p>R</p>,Length,<p>65</p>,Width,<p>45</p>,Height,<p>50</p>,Box Quantity,<p>12</p>,Inner Pack Quantity,<p>1</p>,Country Of Origin,<p>CN</p>,Standards,<ul><li>EN ISO 20471 Class 3</li><li>EN 343:2019 Class 3:1 X  WP 15000mm</li><li>EN 342   0.356 (M².K/W) 2 X</li><li>RIS-3279-TOM  ISSUE 2 (ORANGE ONLY)</li></ul>,,,,
PW370,Product,PW370 - PW3 Hi-Vis Sweatshirt,"The PW3 Hi-Vis Sweatshirt is characterized by its distinctive design, combining Portwest HiVisTex Pro reflective tape with contemporary contrast panels. The fabric is highly durable and has a soft handle for maximum wearer comfort. Packed with functionality including Ezee zipper fastening at the center front and 3 zipped pockets for secure storage.",https://d11ak7fd9ypfb7.cloudfront.net/styles1100px/PW370YBR.jpg,75.9,0.0,TRUE,InStock,0.96,,PW370YBR4XL,,,,Size,DROP_DOWN,S;M;L;XL;XXL;XXXL;4XL;5XL,Color,DROP_DOWN,Yellow/Black,,,,,,,,,,,,,Fit,<p>R</p>,Length,<p>65</p>,Width,<p>40</p>,Height,<p>43</p>,Box Quantity,<p>24</p>,Inner Pack Quantity,<p>1</p>,Country Of Origin,<p>BD</p>,Standards,<ul><li>RIS-3279-TOM  ISSUE 1 (ORANGE ONLY)</li><li>EN ISO 20471 Class 3  :Sizes L-5XL</li><li>ANSI/ISEA 107 TYPE R CLASS 3  :Sizes L-5XL</li><li>EN ISO 20471 Class 2  :Sizes S-M</li><li>ANSI/ISEA 107 TYPE R CLASS 2  :Sizes S-M</li></ul>,,,,
PW370,Variant,,"The PW3 Hi-Vis Sweatshirt is characterized by its distinctive design, combining Portwest HiVisTex Pro reflective tape with contemporary contrast panels. The fabric is highly durable and has a soft handle for maximum wearer comfort. Packed with functionality including Ezee zipper fastening at the center front and 3 zipped pockets for secure storage.",https://d11ak7fd9ypfb7.cloudfront.net/styles1100px/PW370YBR.jpg,,0.0,TRUE,InStock,0.96,,PW370YBR4XL,,,,Size,DROP_DOWN,4XL,Color,DROP_DOWN,Yellow/Black,,,,,,,,,,,,,Fit,<p>R</p>,Length,<p>65</p>,Width,<p>40</p>,Height,<p>43</p>,Box Quantity,<p>24</p>,Inner Pack Quantity,<p>1</p>,Country Of Origin,<p>BD</p>,Standards,<ul><li>RIS-3279-TOM  ISSUE 1 (ORANGE ONLY)</li><li>EN ISO 20471 Class 3  :Sizes L-5XL</li><li>ANSI/ISEA 107 TYPE R CLASS 3  :Sizes L-5XL</li><li>EN ISO 20471 Class 2  :Sizes S-M</li><li>ANSI/ISEA 107 TYPE R CLASS 2  :Sizes S-M</li></ul>,,,,
PW370,Variant,,"The PW3 Hi-Vis Sweatshirt is characterized by its distinctive design, combining Portwest HiVisTex Pro reflective tape with contemporary contrast panels. The fabric is highly durable and has a soft handle for maximum wearer comfort. Packed with functionality including Ezee zipper fastening at the center front and 3 zipped pockets for secure storage.",https://d11ak7fd9ypfb7.cloudfront.net/styles1100px/PW370YBR.jpg,,0.0,TRUE,InStock,1.02,,PW370YBR5XL,,,,Size,DROP_DOWN,5XL,Color,DROP_DOWN,Yellow/Black,,,,,,,,,,,,,Fit,<p>R</p>,Length,<p>65</p>,Width,<p>40</p>,Height,<p>43</p>,Box Quantity,<p>24</p>,Inner Pack Quantity,<p>1</p>,Country Of Origin,<p>BD</p>,Standards,<ul><li>RIS-3279-TOM  ISSUE 1 (ORANGE ONLY)</li><li>EN ISO 20471 Class 3  :Sizes L-5XL</li><li>ANSI/ISEA 107 TYPE R CLASS 3  :Sizes L-5XL</li><li>EN ISO 20471 Class 2  :Sizes S-M</li><li>ANSI/ISEA 107 TYPE R CLASS 2  :Sizes S-M</li></ul>,,,,
PW370,Variant,,"The PW3 Hi-Vis Sweatshirt is characterized by its distinctive design, combining Portwest HiVisTex Pro reflective tape with contemporary contrast panels. The fabric is highly durable and has a soft handle for maximum wearer comfort. Packed with functionality including Ezee zipper fastening at the center front and 3 zipped pockets for secure storage.",https://d11ak7fd9ypfb7.cloudfront.net/styles1100px/PW370YBR.jpg,,0.0,TRUE,InStock,0.82,,PW370YBRL,,,,Size,DROP_DOWN,L,Color,DROP_DOWN,Yellow/Black,,,,,,,,,,,,,Fit,<p>R</p>,Length,<p>65</p>,Width,<p>40</p>,Height,<p>43</p>,Box Quantity,<p>24</p>,Inner Pack Quantity,<p>1</p>,Country Of Origin,<p>BD</p>,Standards,<ul><li>RIS-3279-TOM  ISSUE 1 (ORANGE ONLY)</li><li>EN ISO 20471 Class 3  :Sizes L-5XL</li><li>ANSI/ISEA 107 TYPE R CLASS 3  :Sizes L-5XL</li><li>EN ISO 20471 Class 2  :Sizes S-M</li><li>ANSI/ISEA 107 TYPE R CLASS 2  :Sizes S-M</li></ul>,,,,
PW370,Variant,,"The PW3 Hi-Vis Sweatshirt is characterized by its distinctive design, combining Portwest HiVisTex Pro reflective tape with contemporary contrast panels. The fabric is highly durable and has a soft handle for maximum wearer comfort. Packed with functionality including Ezee zipper fastening at the center front and 3 zipped pockets for secure storage.",https://d11ak7fd9ypfb7.cloudfront.net/styles1100px/PW370YBR.jpg,,0.0,TRUE,InStock,0.76,,PW370YBRM,,,,Size,DROP_DOWN,M,Color,DROP_DOWN,Yellow/Black,,,,,,,,,,,,,Fit,<p>R</p>,Length,<p>65</p>,Width,<p>40</p>,Height,<p>43</p>,Box Quantity,<p>24</p>,Inner Pack Quantity,<p>1</p>,Country Of Origin,<p>BD</p>,Standards,<ul><li>RIS-3279-TOM  ISSUE 1 (ORANGE ONLY)</li><li>EN ISO 20471 Class 3  :Sizes L-5XL</li><li>ANSI/ISEA 107 TYPE R CLASS 3  :Sizes L-5XL</li><li>EN ISO 20471 Class 2  :Sizes S-M</li><li>ANSI/ISEA 107 TYPE R CLASS 2  :Sizes S-M</li></ul>,,,,
PW370,Variant,,"The PW3 Hi-Vis Sweatshirt is characterized by its distinctive design, combining Portwest HiVisTex Pro reflective tape with contemporary contrast panels. The fabric is highly durable and has a soft handle for maximum wearer comfort. Packed with functionality including Ezee zipper fastening at the center front and 3 zipped pockets for secure storage.",https://d11ak7fd9ypfb7.cloudfront.net/styles1100px/PW370YBR.jpg,,0.0,TRUE,InStock,0.72,,PW370YBRS,,,,Size,DROP_DOWN,S,Color,DROP_DOWN,Yellow/Black,,,,,,,,,,,,,Fit,<p>R</p>,Length,<p>65</p>,Width,<p>40</p>,Height,<p>43</p>,Box Quantity,<p>24</p>,Inner Pack Quantity,<p>1</p>,Country Of Origin,<p>BD</p>,Standards,<ul><li>RIS-3279-TOM  ISSUE 1 (ORANGE ONLY)</li><li>EN ISO 20471 Class 3  :Sizes L-5XL</li><li>ANSI/ISEA 107 TYPE R CLASS 3  :Sizes L-5XL</li><li>EN ISO 20471 Class 2  :Sizes S-M</li><li>ANSI/ISEA 107 TYPE R CLASS 2  :Sizes S-M</li></ul>,,,,
PW370,Variant,,"The PW3 Hi-Vis Sweatshirt is characterized by its distinctive design, combining Portwest HiVisTex Pro reflective tape with contemporary contrast panels. The fabric is highly durable and has a soft handle for maximum wearer comfort. Packed with functionality including Ezee zipper fastening at the center front and 3 zipped pockets for secure storage.",https://d11ak7fd9ypfb7.cloudfront.net/styles1100px/PW370YBR.jpg,,0.0,TRUE,InStock,0.84,,PW370YBRXL,,,,Size,DROP_DOWN,XL,Color,DROP_DOWN,Yellow/Black,,,,,,,,,,,,,Fit,<p>R</p>,Length,<p>65</p>,Width,<p>40</p>,Height,<p>43</p>,Box Quantity,<p>24</p>,Inner Pack Quantity,<p>1</p>,Country Of Origin,<p>BD</p>,Standards,<ul><li>RIS-3279-TOM  ISSUE 1 (ORANGE ONLY)</li><li>EN ISO 20471 Class 3  :Sizes L-5XL</li><li>ANSI/ISEA 107 TYPE R CLASS 3  :Sizes L-5XL</li><li>EN ISO 20471 Class 2  :Sizes S-M</li><li>ANSI/ISEA 107 TYPE R CLASS 2  :Sizes S-M</li></ul>,,,,
PW370,Variant,,"The PW3 Hi-Vis Sweatshirt is characterized by its distinctive design, combining Portwest HiVisTex Pro reflective tape with contemporary contrast panels. The fabric is highly durable and has a soft handle for maximum wearer comfort. Packed with functionality including Ezee zipper fastening at the center front and 3 zipped pockets for secure storage.",https://d11ak7fd9ypfb7.cloudfront.net/styles1100px/PW370YBR.jpg,,0.0,TRUE,InStock,0.88,,PW370YBRXXL,,,,Size,DROP_DOWN,XXL,Color,DROP_DOWN,Yellow/Black,,,,,,,,,,,,,Fit,<p>R</p>,Length,<p>65</p>,Width,<p>40</p>,Height,<p>43</p>,Box Quantity,<p>24</p>,Inner Pack Quantity,<p>1</p>,Country Of Origin,<p>BD</p>,Standards,<ul><li>RIS-3279-TOM  ISSUE 1 (ORANGE ONLY)</li><li>EN ISO 20471 Class 3  :Sizes L-5XL</li><li>ANSI/ISEA 107 TYPE R CLASS 3  :Sizes L-5XL</li><li>EN ISO 20471 Class 2  :Sizes S-M</li><li>ANSI/ISEA 107 TYPE R CLASS 2  :Sizes S-M</li></ul>,,,,
PW370,Variant,,"The PW3 Hi-Vis Sweatshirt is characterized by its distinctive design, combining Portwest HiVisTex Pro reflective tape with contemporary contrast panels. The fabric is highly durable and has a soft handle for maximum wearer comfort. Packed with functionality including Ezee zipper fastening at the center front and 3 zipped pockets for secure storage.",https://d11ak7fd9ypfb7.cloudfront.net/styles1100px/PW370YBR.jpg,,0.0,TRUE,InStock,0.92,,PW370YBRXXXL,,,,Size,DROP_DOWN,XXXL,Color,DROP_DOWN,Yellow/Black,,,,,,,,,,,,,Fit,<p>R</p>,Length,<p>65</p>,Width,<p>40</p>,Height,<p>43</p>,Box Quantity,<p>24</p>,Inner Pack Quantity,<p>1</p>,Country Of Origin,<p>BD</p>,Standards,<ul><li>RIS-3279-TOM  ISSUE 1 (ORANGE ONLY)</li><li>EN ISO 20471 Class 3  :Sizes L-5XL</li><li>ANSI/ISEA 107 TYPE R CLASS 3  :Sizes L-5XL</li><li>EN ISO 20471 Class 2  :Sizes S-M</li><li>ANSI/ISEA 107 TYPE R CLASS 2  :Sizes S-M</li></ul>,,,,
PW374,Product,PW374 - PW3 Hi-Vis Reversible Bodwarmer Vest,"This innovative bodywarmer vest design is characterized by its stylish contemporary fit, multiple practical features and durable stain resistant fluorescent fabric. The heavyweight padding provides optimum warmth and comfort while the reversible feature makes it highly adaptable to both work and leisure.",https://d11ak7fd9ypfb7.cloudfront.net/styles1100px/PW374YBR.jpg,99.0,0.0,TRUE,InStock,1.06,,PW374YBRL,,,,Size,DROP_DOWN,S;M;L;XL;XXL;XXXL,Color,DROP_DOWN,Yellow/Black,,,,,,,,,,,,,Fit,<p>R</p>,Length,<p>65</p>,Width,<p>40</p>,Height,<p>50</p>,Box Quantity,<p>18</p>,Inner Pack Quantity,<p>1</p>,Country Of Origin,<p>CN</p>,Standards,<ul><li>EN ISO 20471 Class 2  :Sizes L-3XL</li><li>ANSI/ISEA 107 TYPE R CLASS 2  :Sizes L-3XL</li><li>ANSI/ISEA 107 TYPE O CLASS 1  :Sizes S-M</li><li>EN ISO 20471 Class 1  :Sizes S-M</li><li>RIS-3279-TOM  ISSUE 2 (ORANGE ONLY)</li></ul>,,,,
PW374,Variant,,"This innovative bodywarmer vest design is characterized by its stylish contemporary fit, multiple practical features and durable stain resistant fluorescent fabric. The heavyweight padding provides optimum warmth and comfort while the reversible feature makes it highly adaptable to both work and leisure.",https://d11ak7fd9ypfb7.cloudfront.net/styles1100px/PW374YBR.jpg,,0.0,TRUE,InStock,1.06,,PW374YBRL,,,,Size,DROP_DOWN,L,Color,DROP_DOWN,Yellow/Black,,,,,,,,,,,,,Fit,<p>R</p>,Length,<p>65</p>,Width,<p>40</p>,Height,<p>50</p>,Box Quantity,<p>18</p>,Inner Pack Quantity,<p>1</p>,Country Of Origin,<p>CN</p>,Standards,<ul><li>EN ISO 20471 Class 2  :Sizes L-3XL</li><li>ANSI/ISEA 107 TYPE R CLASS 2  :Sizes L-3XL</li><li>ANSI/ISEA 107 TYPE O CLASS 1  :Sizes S-M</li><li>EN ISO 20471 Class 1  :Sizes S-M</li><li>RIS-3279-TOM  ISSUE 2 (ORANGE ONLY)</li></ul>,,,,
PW374,Variant,,"This innovative bodywarmer vest design is characterized by its stylish contemporary fit, multiple practical features and durable stain resistant fluorescent fabric. The heavyweight padding provides optimum warmth and comfort while the reversible feature makes it highly adaptable to both work and leisure.",https://d11ak7fd9ypfb7.cloudfront.net/styles1100px/PW374YBR.jpg,,0.0,TRUE,InStock,1.03,,PW374YBRM,,,,Size,DROP_DOWN,M,Color,DROP_DOWN,Yellow/Black,,,,,,,,,,,,,Fit,<p>R</p>,Length,<p>65</p>,Width,<p>40</p>,Height,<p>50</p>,Box Quantity,<p>18</p>,Inner Pack Quantity,<p>1</p>,Country Of Origin,<p>CN</p>,Standards,<ul><li>EN ISO 20471 Class 2  :Sizes L-3XL</li><li>ANSI/ISEA 107 TYPE R CLASS 2  :Sizes L-3XL</li><li>ANSI/ISEA 107 TYPE O CLASS 1  :Sizes S-M</li><li>EN ISO 20471 Class 1  :Sizes S-M</li><li>RIS-3279-TOM  ISSUE 2 (ORANGE ONLY)</li></ul>,,,,
PW374,Variant,,"This innovative bodywarmer vest design is characterized by its stylish contemporary fit, multiple practical features and durable stain resistant fluorescent fabric. The heavyweight padding provides optimum warmth and comfort while the reversible feature makes it highly adaptable to both work and leisure.",https://d11ak7fd9ypfb7.cloudfront.net/styles1100px/PW374YBR.jpg,,0.0,TRUE,InStock,0.936,,PW374YBRS,,,,Size,DROP_DOWN,S,Color,DROP_DOWN,Yellow/Black,,,,,,,,,,,,,Fit,<p>R</p>,Length,<p>65</p>,Width,<p>40</p>,Height,<p>50</p>,Box Quantity,<p>18</p>,Inner Pack Quantity,<p>1</p>,Country Of Origin,<p>CN</p>,Standards,<ul><li>EN ISO 20471 Class 2  :Sizes L-3XL</li><li>ANSI/ISEA 107 TYPE R CLASS 2  :Sizes L-3XL</li><li>ANSI/ISEA 107 TYPE O CLASS 1  :Sizes S-M</li><li>EN ISO 20471 Class 1  :Sizes S-M</li><li>RIS-3279-TOM  ISSUE 2 (ORANGE ONLY)</li></ul>,,,,
PW374,Variant,,"This innovative bodywarmer vest design is characterized by its stylish contemporary fit, multiple practical features and durable stain resistant fluorescent fabric. The heavyweight padding provides optimum warmth and comfort while the reversible feature makes it highly adaptable to both work and leisure.",https://d11ak7fd9ypfb7.cloudfront.net/styles1100px/PW374YBR.jpg,,0.0,TRUE,InStock,1.156,,PW374YBRXL,,,,Size,DROP_DOWN,XL,Color,DROP_DOWN,Yellow/Black,,,,,,,,,,,,,Fit,<p>R</p>,Length,<p>65</p>,Width,<p>40</p>,Height,<p>56</p>,Box Quantity,<p>18</p>,Inner Pack Quantity,<p>1</p>,Country Of Origin,<p>CN</p>,Standards,<ul><li>EN ISO 20471 Class 2  :Sizes L-3XL</li><li>ANSI/ISEA 107 TYPE R CLASS 2  :Sizes L-3XL</li><li>ANSI/ISEA 107 TYPE O CLASS 1  :Sizes S-M</li><li>EN ISO 20471 Class 1  :Sizes S-M</li><li>RIS-3279-TOM  ISSUE 2 (ORANGE ONLY)</li></ul>,,,,
PW374,Variant,,"This innovative bodywarmer vest design is characterized by its stylish contemporary fit, multiple practical features and durable stain resistant fluorescent fabric. The heavyweight padding provides optimum warmth and comfort while the reversible feature makes it highly adaptable to both work and leisure.",https://d11ak7fd9ypfb7.cloudfront.net/styles1100px/PW374YBR.jpg,,0.0,TRUE,InStock,1.228,,PW374YBRXXL,,,,Size,DROP_DOWN,XXL,Color,DROP_DOWN,Yellow/Black,,,,,,,,,,,,,Fit,<p>R</p>,Length,<p>65</p>,Width,<p>40</p>,Height,<p>56</p>,Box Quantity,<p>18</p>,Inner Pack Quantity,<p>1</p>,Country Of Origin,<p>CN</p>,Standards,<ul><li>EN ISO 20471 Class 2  :Sizes L-3XL</li><li>ANSI/ISEA 107 TYPE R CLASS 2  :Sizes L-3XL</li><li>ANSI/ISEA 107 TYPE O CLASS 1  :Sizes S-M</li><li>EN ISO 20471 Class 1  :Sizes S-M</li><li>RIS-3279-TOM  ISSUE 2 (ORANGE ONLY)</li></ul>,,,,
PW374,Variant,,"This innovative bodywarmer vest design is characterized by its stylish contemporary fit, multiple practical features and durable stain resistant fluorescent fabric. The heavyweight padding provides optimum warmth and comfort while the reversible feature makes it highly adaptable to both work and leisure.",https://d11ak7fd9ypfb7.cloudfront.net/styles1100px/PW374YBR.jpg,,0.0,TRUE,InStock,1.265,,PW374YBRXXXL,,,,Size,DROP_DOWN,XXXL,Color,DROP_DOWN,Yellow/Black,,,,,,,,,,,,,Fit,<p>R</p>,Length,<p>65</p>,Width,<p>40</p>,Height,<p>56</p>,Box Quantity,<p>18</p>,Inner Pack Quantity,<p>1</p>,Country Of Origin,<p>CN</p>,Standards,<ul><li>EN ISO 20471 Class 2  :Sizes L-3XL</li><li>ANSI/ISEA 107 TYPE R CLASS 2  :Sizes L-3XL</li><li>ANSI/ISEA 107 TYPE O CLASS 1  :Sizes S-M</li><li>EN ISO 20471 Class 1  :Sizes S-M</li><li>RIS-3279-TOM  ISSUE 2 (ORANGE ONLY)</li></ul>,,,,
PW375,Product,PW375 - PW3 Hi-Vis Class 1 Softshell Jacket,"The PW3 hi-vis class 1 softshell is characterised by its modern, fresh design and contemporary stylish fit. The high quality 3-layer breathable, water resistant and windproof fabric along with multiple practical features ensure this is a must-have solution for a range of working professionals. HiVisTex Pro reflective tape is guaranteed to make the wearer stand out from the crowd.",https://d11ak7fd9ypfb7.cloudfront.net/styles1100px/PW375BKY.jpg,0.0,0.0,TRUE,InStock,1.05,,PW375BKY4XL,,,,Size,DROP_DOWN,XS;S;M;L;XL;XXL;XXXL;4XL,Color,DROP_DOWN,Black/Yellow,,,,,,,,,,,,,Fit,<p>Y</p>,Length,<p>65</p>,Width,<p>40</p>,Height,<p>45</p>,Box Quantity,<p>24</p>,Inner Pack Quantity,<p>1</p>,Country Of Origin,<p>BD</p>,Standards,<ul><li>EN ISO 20471 Class 1</li><li>ANSI/ISEA 107 TYPE O CLASS 1</li></ul>,,,,
PW375,Variant,,"The PW3 hi-vis class 1 softshell is characterised by its modern, fresh design and contemporary stylish fit. The high quality 3-layer breathable, water resistant and windproof fabric along with multiple practical features ensure this is a must-have solution for a range of working professionals. HiVisTex Pro reflective tape is guaranteed to make the wearer stand out from the crowd.",https://d11ak7fd9ypfb7.cloudfront.net/styles1100px/PW375BKY.jpg,,0.0,TRUE,InStock,1.05,,PW375BKY4XL,,,,Size,DROP_DOWN,4XL,Color,DROP_DOWN,Black/Yellow,,,,,,,,,,,,,Fit,<p>Y</p>,Length,<p>65</p>,Width,<p>40</p>,Height,<p>45</p>,Box Quantity,<p>24</p>,Inner Pack Quantity,<p>1</p>,Country Of Origin,<p>BD</p>,Standards,<ul><li>EN ISO 20471 Class 1</li><li>ANSI/ISEA 107 TYPE O CLASS 1</li></ul>,,,,
PW375,Variant,,"The PW3 hi-vis class 1 softshell is characterised by its modern, fresh design and contemporary stylish fit. The high quality 3-layer breathable, water resistant and windproof fabric along with multiple practical features ensure this is a must-have solution for a range of working professionals. HiVisTex Pro reflective tape is guaranteed to make the wearer stand out from the crowd.",https://d11ak7fd9ypfb7.cloudfront.net/styles1100px/PW375BKY.jpg,,0.0,TRUE,InStock,0.916,,PW375BKYL,,,,Size,DROP_DOWN,L,Color,DROP_DOWN,Black/Yellow,,,,,,,,,,,,,Fit,<p>Y</p>,Length,<p>65</p>,Width,<p>40</p>,Height,<p>45</p>,Box Quantity,<p>24</p>,Inner Pack Quantity,<p>1</p>,Country Of Origin,<p>BD</p>,Standards,<ul><li>EN ISO 20471 Class 1</li><li>ANSI/ISEA 107 TYPE O CLASS 1</li></ul>,,,,
PW375,Variant,,"The PW3 hi-vis class 1 softshell is characterised by its modern, fresh design and contemporary stylish fit. The high quality 3-layer breathable, water resistant and windproof fabric along with multiple practical features ensure this is a must-have solution for a range of working professionals. HiVisTex Pro reflective tape is guaranteed to make the wearer stand out from the crowd.",https://d11ak7fd9ypfb7.cloudfront.net/styles1100px/PW375BKY.jpg,,0.0,TRUE,InStock,0.874,,PW375BKYM,,,,Size,DROP_DOWN,M,Color,DROP_DOWN,Black/Yellow,,,,,,,,,,,,,Fit,<p>Y</p>,Length,<p>65</p>,Width,<p>40</p>,Height,<p>45</p>,Box Quantity,<p>24</p>,Inner Pack Quantity,<p>1</p>,Country Of Origin,<p>BD</p>,Standards,<ul><li>EN ISO 20471 Class 1</li><li>ANSI/ISEA 107 TYPE O CLASS 1</li></ul>,,,,
PW375,Variant,,"The PW3 hi-vis class 1 softshell is characterised by its modern, fresh design and contemporary stylish fit. The high quality 3-layer breathable, water resistant and windproof fabric along with multiple practical features ensure this is a must-have solution for a range of working professionals. HiVisTex Pro reflective tape is guaranteed to make the wearer stand out from the crowd.",https://d11ak7fd9ypfb7.cloudfront.net/styles1100px/PW375BKY.jpg,,0.0,TRUE,InStock,0.848,,PW375BKYS,,,,Size,DROP_DOWN,S,Color,DROP_DOWN,Black/Yellow,,,,,,,,,,,,,Fit,<p>Y</p>,Length,<p>65</p>,Width,<p>40</p>,Height,<p>45</p>,Box Quantity,<p>24</p>,Inner Pack Quantity,<p>1</p>,Country Of Origin,<p>BD</p>,Standards,<ul><li>EN ISO 20471 Class 1</li><li>ANSI/ISEA 107 TYPE O CLASS 1</li></ul>,,,,
PW375,Variant,,"The PW3 hi-vis class 1 softshell is characterised by its modern, fresh design and contemporary stylish fit. The high quality 3-layer breathable, water resistant and windproof fabric along with multiple practical features ensure this is a must-have solution for a range of working professionals. HiVisTex Pro reflective tape is guaranteed to make the wearer stand out from the crowd.",https://d11ak7fd9ypfb7.cloudfront.net/styles1100px/PW375BKY.jpg,,0.0,TRUE,InStock,0.964,,PW375BKYXL,,,,Size,DROP_DOWN,XL,Color,DROP_DOWN,Black/Yellow,,,,,,,,,,,,,Fit,<p>Y</p>,Length,<p>65</p>,Width,<p>40</p>,Height,<p>45</p>,Box Quantity,<p>24</p>,Inner Pack Quantity,<p>1</p>,Country Of Origin,<p>BD</p>,Standards,<ul><li>EN ISO 20471 Class 1</li><li>ANSI/ISEA 107 TYPE O CLASS 1</li></ul>,,,,
PW375,Variant,,"The PW3 hi-vis class 1 softshell is characterised by its modern, fresh design and contemporary stylish fit. The high quality 3-layer breathable, water resistant and windproof fabric along with multiple practical features ensure this is a must-have solution for a range of working professionals. HiVisTex Pro reflective tape is guaranteed to make the wearer stand out from the crowd.",https://d11ak7fd9ypfb7.cloudfront.net/styles1100px/PW375BKY.jpg,,0.0,TRUE,InStock,0.964,,PW375BKYXS,,,,Size,DROP_DOWN,XS,Color,DROP_DOWN,Black/Yellow,,,,,,,,,,,,,Fit,<p>Y</p>,Length,<p>65</p>,Width,<p>40</p>,Height,<p>45</p>,Box Quantity,<p>24</p>,Inner Pack Quantity,<p>1</p>,Country Of Origin,<p>BD</p>,Standards,<ul><li>EN ISO 20471 Class 1</li><li>ANSI/ISEA 107 TYPE O CLASS 1</li></ul>,,,,
PW375,Variant,,"The PW3 hi-vis class 1 softshell is characterised by its modern, fresh design and contemporary stylish fit. The high quality 3-layer breathable, water resistant and windproof fabric along with multiple practical features ensure this is a must-have solution for a range of working professionals. HiVisTex Pro reflective tape is guaranteed to make the wearer stand out from the crowd.",https://d11ak7fd9ypfb7.cloudfront.net/styles1100px/PW375BKY.jpg,,0.0,TRUE,InStock,0.992,,PW375BKYXXL,,,,Size,DROP_DOWN,XXL,Color,DROP_DOWN,Black/Yellow,,,,,,,,,,,,,Fit,<p>Y</p>,Length,<p>65</p>,Width,<p>40</p>,Height,<p>45</p>,Box Quantity,<p>24</p>,Inner Pack Quantity,<p>1</p>,Country Of Origin,<p>BD</p>,Standards,<ul><li>EN ISO 20471 Class 1</li><li>ANSI/ISEA 107 TYPE O CLASS 1</li></ul>,,,,
PW375,Variant,,"The PW3 hi-vis class 1 softshell is characterised by its modern, fresh design and contemporary stylish fit. The high quality 3-layer breathable, water resistant and windproof fabric along with multiple practical features ensure this is a must-have solution for a range of working professionals. HiVisTex Pro reflective tape is guaranteed to make the wearer stand out from the crowd.",https://d11ak7fd9ypfb7.cloudfront.net/styles1100px/PW375BKY.jpg,,0.0,TRUE,InStock,1.01,,PW375BKYXXXL,,,,Size,DROP_DOWN,XXXL,Color,DROP_DOWN,Black/Yellow,,,,,,,,,,,,,Fit,<p>Y</p>,Length,<p>65</p>,Width,<p>40</p>,Height,<p>45</p>,Box Quantity,<p>24</p>,Inner Pack Quantity,<p>1</p>,Country Of Origin,<p>BD</p>,Standards,<ul><li>EN ISO 20471 Class 1</li><li>ANSI/ISEA 107 TYPE O CLASS 1</li></ul>,,,,
PW379,Product,PW379 - PW3 Hi-Vis Crew Neck Sweatshirt,"The PW3 hi-vis crew neck sweatshirt is characterized by its distinctive design, combining Portwest HiVisTex Pro reflective tape with contemporary contrast panels. Offering exceptional comfort, the fit is roomy and the fabric is soft to touch.",https://d11ak7fd9ypfb7.cloudfront.net/styles1100px/PW379YBR.jpg,0.0,0.0,TRUE,InStock,0.999,,PW379YBR4XL,,,,Size,DROP_DOWN,S;M;L;XL;XXL;XXXL;4XL,Color,DROP_DOWN,Yellow/Black,,,,,,,,,,,,,Fit,<p>R</p>,Length,<p>55</p>,Width,<p>41</p>,Height,<p>45</p>,Box Quantity,<p>24</p>,Inner Pack Quantity,<p>1</p>,Country Of Origin,<p>BD</p>,Standards,<ul><li>EN ISO 20471 Class 3</li><li>ANSI/ISEA 107 TYPE R CLASS 3</li><li>RIS-3279-TOM  ISSUE 2 (ORANGE ONLY)</li></ul>,,,,
PW379,Variant,,"The PW3 hi-vis crew neck sweatshirt is characterized by its distinctive design, combining Portwest HiVisTex Pro reflective tape with contemporary contrast panels. Offering exceptional comfort, the fit is roomy and the fabric is soft to touch.",https://d11ak7fd9ypfb7.cloudfront.net/styles1100px/PW379YBR.jpg,,0.0,TRUE,InStock,0.999,,PW379YBR4XL,,,,Size,DROP_DOWN,4XL,Color,DROP_DOWN,Yellow/Black,,,,,,,,,,,,,Fit,<p>R</p>,Length,<p>55</p>,Width,<p>41</p>,Height,<p>45</p>,Box Quantity,<p>24</p>,Inner Pack Quantity,<p>1</p>,Country Of Origin,<p>BD</p>,Standards,<ul><li>EN ISO 20471 Class 3</li><li>ANSI/ISEA 107 TYPE R CLASS 3</li><li>RIS-3279-TOM  ISSUE 2 (ORANGE ONLY)</li></ul>,,,,
PW379,Variant,,"The PW3 hi-vis crew neck sweatshirt is characterized by its distinctive design, combining Portwest HiVisTex Pro reflective tape with contemporary contrast panels. Offering exceptional comfort, the fit is roomy and the fabric is soft to touch.",https://d11ak7fd9ypfb7.cloudfront.net/styles1100px/PW379YBR.jpg,,0.0,TRUE,InStock,0.999,,PW379YBRL,,,,Size,DROP_DOWN,L,Color,DROP_DOWN,Yellow/Black,,,,,,,,,,,,,Fit,<p>R</p>,Length,<p>55</p>,Width,<p>41</p>,Height,<p>40</p>,Box Quantity,<p>24</p>,Inner Pack Quantity,<p>1</p>,Country Of Origin,<p>BD</p>,Standards,<ul><li>EN ISO 20471 Class 3</li><li>ANSI/ISEA 107 TYPE R CLASS 3</li><li>RIS-3279-TOM  ISSUE 2 (ORANGE ONLY)</li></ul>,,,,
PW379,Variant,,"The PW3 hi-vis crew neck sweatshirt is characterized by its distinctive design, combining Portwest HiVisTex Pro reflective tape with contemporary contrast panels. Offering exceptional comfort, the fit is roomy and the fabric is soft to touch.",https://d11ak7fd9ypfb7.cloudfront.net/styles1100px/PW379YBR.jpg,,0.0,TRUE,InStock,0.999,,PW379YBRM,,,,Size,DROP_DOWN,M,Color,DROP_DOWN,Yellow/Black,,,,,,,,,,,,,Fit,<p>R</p>,Length,<p>55</p>,Width,<p>41</p>,Height,<p>40</p>,Box Quantity,<p>24</p>,Inner Pack Quantity,<p>1</p>,Country Of Origin,<p>BD</p>,Standards,<ul><li>EN ISO 20471 Class 3</li><li>ANSI/ISEA 107 TYPE R CLASS 3</li><li>RIS-3279-TOM  ISSUE 2 (ORANGE ONLY)</li></ul>,,,,
PW379,Variant,,"The PW3 hi-vis crew neck sweatshirt is characterized by its distinctive design, combining Portwest HiVisTex Pro reflective tape with contemporary contrast panels. Offering exceptional comfort, the fit is roomy and the fabric is soft to touch.",https://d11ak7fd9ypfb7.cloudfront.net/styles1100px/PW379YBR.jpg,,0.0,TRUE,InStock,0.999,,PW379YBRS,,,,Size,DROP_DOWN,S,Color,DROP_DOWN,Yellow/Black,,,,,,,,,,,,,Fit,<p>R</p>,Length,<p>55</p>,Width,<p>41</p>,Height,<p>40</p>,Box Quantity,<p>24</p>,Inner Pack Quantity,<p>1</p>,Country Of Origin,<p>BD</p>,Standards,<ul><li>EN ISO 20471 Class 3</li><li>ANSI/ISEA 107 TYPE R CLASS 3</li><li>RIS-3279-TOM  ISSUE 2 (ORANGE ONLY)</li></ul>,,,,
PW379,Variant,,"The PW3 hi-vis crew neck sweatshirt is characterized by its distinctive design, combining Portwest HiVisTex Pro reflective tape with contemporary contrast panels. Offering exceptional comfort, the fit is roomy and the fabric is soft to touch.",https://d11ak7fd9ypfb7.cloudfront.net/styles1100px/PW379YBR.jpg,,0.0,TRUE,InStock,0.999,,PW379YBRXL,,,,Size,DROP_DOWN,XL,Color,DROP_DOWN,Yellow/Black,,,,,,,,,,,,,Fit,<p>R</p>,Length,<p>55</p>,Width,<p>41</p>,Height,<p>40</p>,Box Quantity,<p>24</p>,Inner Pack Quantity,<p>1</p>,Country Of Origin,<p>BD</p>,Standards,<ul><li>EN ISO 20471 Class 3</li><li>ANSI/ISEA 107 TYPE R CLASS 3</li><li>RIS-3279-TOM  ISSUE 2 (ORANGE ONLY)</li></ul>,,,,
PW379,Variant,,"The PW3 hi-vis crew neck sweatshirt is characterized by its distinctive design, combining Portwest HiVisTex Pro reflective tape with contemporary contrast panels. Offering exceptional comfort, the fit is roomy and the fabric is soft to touch.",https://d11ak7fd9ypfb7.cloudfront.net/styles1100px/PW379YBR.jpg,,0.0,TRUE,InStock,0.999,,PW379YBRXXL,,,,Size,DROP_DOWN,XXL,Color,DROP_DOWN,Yellow/Black,,,,,,,,,,,,,Fit,<p>R</p>,Length,<p>55</p>,Width,<p>41</p>,Height,<p>45</p>,Box Quantity,<p>24</p>,Inner Pack Quantity,<p>1</p>,Country Of Origin,<p>BD</p>,Standards,<ul><li>EN ISO 20471 Class 3</li><li>ANSI/ISEA 107 TYPE R CLASS 3</li><li>RIS-3279-TOM  ISSUE 2 (ORANGE ONLY)</li></ul>,,,,
PW379,Variant,,"The PW3 hi-vis crew neck sweatshirt is characterized by its distinctive design, combining Portwest HiVisTex Pro reflective tape with contemporary contrast panels. Offering exceptional comfort, the fit is roomy and the fabric is soft to touch.",https://d11ak7fd9ypfb7.cloudfront.net/styles1100px/PW379YBR.jpg,,0.0,TRUE,InStock,0.999,,PW379YBRXXXL,,,,Size,DROP_DOWN,XXXL,Color,DROP_DOWN,Yellow/Black,,,,,,,,,,,,,Fit,<p>R</p>,Length,<p>55</p>,Width,<p>41</p>,Height,<p>45</p>,Box Quantity,<p>24</p>,Inner Pack Quantity,<p>1</p>,Country Of Origin,<p>BD</p>,Standards,<ul><li>EN ISO 20471 Class 3</li><li>ANSI/ISEA 107 TYPE R CLASS 3</li><li>RIS-3279-TOM  ISSUE 2 (ORANGE ONLY)</li></ul>,,,,
PW380,Product,PW380 - PW3 Women's Stretch Work Pants,"Innovative ladies stretch pants using high performing two-way stretch fabric to give maximum range of movement when working. Clever features include crotch gusset, top loading kneepad pockets and an easy access multi-way thigh pocket for secure storage of phone, keys and tools. Oxford fabric reinforcement at key abrasion points and triple stitching throughout for maximum durability.",https://d11ak7fd9ypfb7.cloudfront.net/styles1100px/PW380BKR.jpg,0.0,0.0,TRUE,InStock,0.74,,PW380BKR26,,,,Size,DROP_DOWN,26;28;30;32;34;36;38,Color,DROP_DOWN,Black,,,,,,,,,,,,,Fit,<p>R</p>,Length,<p>65</p>,Width,<p>45</p>,Height,<p>36</p>,Box Quantity,<p>18</p>,Inner Pack Quantity,<p>1</p>,Country Of Origin,<p>BD</p>,Standards,<ul><li>EN 14404:2004+A1:2010 Type 2  Level 0 (When used in combination with S156)</li></ul>,,,,
PW380,Variant,,"Innovative ladies stretch pants using high performing two-way stretch fabric to give maximum range of movement when working. Clever features include crotch gusset, top loading kneepad pockets and an easy access multi-way thigh pocket for secure storage of phone, keys and tools. Oxford fabric reinforcement at key abrasion points and triple stitching throughout for maximum durability.",https://d11ak7fd9ypfb7.cloudfront.net/styles1100px/PW380BKR.jpg,,0.0,TRUE,InStock,0.74,,PW380BKR26,,,,Size,DROP_DOWN,26,Color,DROP_DOWN,Black,,,,,,,,,,,,,Fit,<p>R</p>,Length,<p>65</p>,Width,<p>45</p>,Height,<p>36</p>,Box Quantity,<p>18</p>,Inner Pack Quantity,<p>1</p>,Country Of Origin,<p>BD</p>,Standards,<ul><li>EN 14404:2004+A1:2010 Type 2  Level 0 (When used in combination with S156)</li></ul>,,,,
PW380,Variant,,"Innovative ladies stretch pants using high performing two-way stretch fabric to give maximum range of movement when working. Clever features include crotch gusset, top loading kneepad pockets and an easy access multi-way thigh pocket for secure storage of phone, keys and tools. Oxford fabric reinforcement at key abrasion points and triple stitching throughout for maximum durability.",https://d11ak7fd9ypfb7.cloudfront.net/styles1100px/PW380BKR.jpg,,0.0,TRUE,InStock,0.756,,PW380BKR28,,,,Size,DROP_DOWN,28,Color,DROP_DOWN,Black,,,,,,,,,,,,,Fit,<p>R</p>,Length,<p>65</p>,Width,<p>45</p>,Height,<p>36</p>,Box Quantity,<p>18</p>,Inner Pack Quantity,<p>1</p>,Country Of Origin,<p>BD</p>,Standards,<ul><li>EN 14404:2004+A1:2010 Type 2  Level 0 (When used in combination with S156)</li></ul>,,,,
PW380,Variant,,"Innovative ladies stretch pants using high performing two-way stretch fabric to give maximum range of movement when working. Clever features include crotch gusset, top loading kneepad pockets and an easy access multi-way thigh pocket for secure storage of phone, keys and tools. Oxford fabric reinforcement at key abrasion points and triple stitching throughout for maximum durability.",https://d11ak7fd9ypfb7.cloudfront.net/styles1100px/PW380BKR.jpg,,0.0,TRUE,InStock,0.782,,PW380BKR30,,,,Size,DROP_DOWN,30,Color,DROP_DOWN,Black,,,,,,,,,,,,,Fit,<p>R</p>,Length,<p>65</p>,Width,<p>45</p>,Height,<p>36</p>,Box Quantity,<p>18</p>,Inner Pack Quantity,<p>1</p>,Country Of Origin,<p>BD</p>,Standards,<ul><li>EN 14404:2004+A1:2010 Type 2  Level 0 (When used in combination with S156)</li></ul>,,,,
PW380,Variant,,"Innovative ladies stretch pants using high performing two-way stretch fabric to give maximum range of movement when working. Clever features include crotch gusset, top loading kneepad pockets and an easy access multi-way thigh pocket for secure storage of phone, keys and tools. Oxford fabric reinforcement at key abrasion points and triple stitching throughout for maximum durability.",https://d11ak7fd9ypfb7.cloudfront.net/styles1100px/PW380BKR.jpg,,0.0,TRUE,InStock,0.8,,PW380BKR32,,,,Size,DROP_DOWN,32,Color,DROP_DOWN,Black,,,,,,,,,,,,,Fit,<p>R</p>,Length,<p>65</p>,Width,<p>45</p>,Height,<p>36</p>,Box Quantity,<p>18</p>,Inner Pack Quantity,<p>1</p>,Country Of Origin,<p>BD</p>,Standards,<ul><li>EN 14404:2004+A1:2010 Type 2  Level 0 (When used in combination with S156)</li></ul>,,,,
PW380,Variant,,"Innovative ladies stretch pants using high performing two-way stretch fabric to give maximum range of movement when working. Clever features include crotch gusset, top loading kneepad pockets and an easy access multi-way thigh pocket for secure storage of phone, keys and tools. Oxford fabric reinforcement at key abrasion points and triple stitching throughout for maximum durability.",https://d11ak7fd9ypfb7.cloudfront.net/styles1100px/PW380BKR.jpg,,0.0,TRUE,InStock,0.824,,PW380BKR34,,,,Size,DROP_DOWN,34,Color,DROP_DOWN,Black,,,,,,,,,,,,,Fit,<p>R</p>,Length,<p>65</p>,Width,<p>45</p>,Height,<p>36</p>,Box Quantity,<p>18</p>,Inner Pack Quantity,<p>1</p>,Country Of Origin,<p>BD</p>,Standards,<ul><li>EN 14404:2004+A1:2010 Type 2  Level 0 (When used in combination with S156)</li></ul>,,,,
PW380,Variant,,"Innovative ladies stretch pants using high performing two-way stretch fabric to give maximum range of movement when working. Clever features include crotch gusset, top loading kneepad pockets and an easy access multi-way thigh pocket for secure storage of phone, keys and tools. Oxford fabric reinforcement at key abrasion points and triple stitching throughout for maximum durability.",https://d11ak7fd9ypfb7.cloudfront.net/styles1100px/PW380BKR.jpg,,0.0,TRUE,InStock,0.846,,PW380BKR36,,,,Size,DROP_DOWN,36,Color,DROP_DOWN,Black,,,,,,,,,,,,,Fit,<p>R</p>,Length,<p>65</p>,Width,<p>45</p>,Height,<p>36</p>,Box Quantity,<p>18</p>,Inner Pack Quantity,<p>1</p>,Country Of Origin,<p>BD</p>,Standards,<ul><li>EN 14404:2004+A1:2010 Type 2  Level 0 (When used in combination with S156)</li></ul>,,,,
PW380,Variant,,"Innovative ladies stretch pants using high performing two-way stretch fabric to give maximum range of movement when working. Clever features include crotch gusset, top loading kneepad pockets and an easy access multi-way thigh pocket for secure storage of phone, keys and tools. Oxford fabric reinforcement at key abrasion points and triple stitching throughout for maximum durability.",https://d11ak7fd9ypfb7.cloudfront.net/styles1100px/PW380BKR.jpg,,0.0,TRUE,InStock,0.872,,PW380BKR38,,,,Size,DROP_DOWN,38,Color,DROP_DOWN,Black,,,,,,,,,,,,,Fit,<p>R</p>,Length,<p>65</p>,Width,<p>45</p>,Height,<p>36</p>,Box Quantity,<p>18</p>,Inner Pack Quantity,<p>1</p>,Country Of Origin,<p>BD</p>,Standards,<ul><li>EN 14404:2004+A1:2010 Type 2  Level 0 (When used in combination with S156)</li></ul>,,,,
PW381,Product,PW381 - PW3 Hi-Vis Women's Softshell,"Designed and tested by women, this stylish women's version of T402 will ensure you stand out from the crowd. The high quality 3-layer breathable, water resistant and windproof fabric along with multiple practical features ensure this is a must-have solution for a range of working professionals. HiVisTex Pro tape offers outstanding freedom of movement while holding a feminine fit.",https://d11ak7fd9ypfb7.cloudfront.net/styles1100px/PW381YBR.jpg,0.0,0.0,TRUE,InStock,0.999,,PW381YBRL,,,,Size,DROP_DOWN,XS;S;M;L;XL;XXL,Color,DROP_DOWN,Yellow/Black,,,,,,,,,,,,,Fit,<p>R</p>,Length,<p>65</p>,Width,<p>40</p>,Height,<p>45</p>,Box Quantity,<p>24</p>,Inner Pack Quantity,<p>1</p>,Country Of Origin,<p>BD</p>,Standards,<ul><li>EN ISO 20471 Class 2</li><li>ANSI/ISEA 107 TYPE P CLASS 2</li></ul>,,,,
PW381,Variant,,"Designed and tested by women, this stylish women's version of T402 will ensure you stand out from the crowd. The high quality 3-layer breathable, water resistant and windproof fabric along with multiple practical features ensure this is a must-have solution for a range of working professionals. HiVisTex Pro tape offers outstanding freedom of movement while holding a feminine fit.",https://d11ak7fd9ypfb7.cloudfront.net/styles1100px/PW381YBR.jpg,,0.0,TRUE,InStock,0.999,,PW381YBRL,,,,Size,DROP_DOWN,L,Color,DROP_DOWN,Yellow/Black,,,,,,,,,,,,,Fit,<p>R</p>,Length,<p>65</p>,Width,<p>40</p>,Height,<p>45</p>,Box Quantity,<p>24</p>,Inner Pack Quantity,<p>1</p>,Country Of Origin,<p>BD</p>,Standards,<ul><li>EN ISO 20471 Class 2</li><li>ANSI/ISEA 107 TYPE P CLASS 2</li></ul>,,,,
PW381,Variant,,"Designed and tested by women, this stylish women's version of T402 will ensure you stand out from the crowd. The high quality 3-layer breathable, water resistant and windproof fabric along with multiple practical features ensure this is a must-have solution for a range of working professionals. HiVisTex Pro tape offers outstanding freedom of movement while holding a feminine fit.",https://d11ak7fd9ypfb7.cloudfront.net/styles1100px/PW381YBR.jpg,,0.0,TRUE,InStock,0.999,,PW381YBRM,,,,Size,DROP_DOWN,M,Color,DROP_DOWN,Yellow/Black,,,,,,,,,,,,,Fit,<p>R</p>,Length,<p>65</p>,Width,<p>40</p>,Height,<p>45</p>,Box Quantity,<p>24</p>,Inner Pack Quantity,<p>1</p>,Country Of Origin,<p>BD</p>,Standards,<ul><li>EN ISO 20471 Class 2</li><li>ANSI/ISEA 107 TYPE P CLASS 2</li></ul>,,,,
PW381,Variant,,"Designed and tested by women, this stylish women's version of T402 will ensure you stand out from the crowd. The high quality 3-layer breathable, water resistant and windproof fabric along with multiple practical features ensure this is a must-have solution for a range of working professionals. HiVisTex Pro tape offers outstanding freedom of movement while holding a feminine fit.",https://d11ak7fd9ypfb7.cloudfront.net/styles1100px/PW381YBR.jpg,,0.0,TRUE,InStock,0.999,,PW381YBRS,,,,Size,DROP_DOWN,S,Color,DROP_DOWN,Yellow/Black,,,,,,,,,,,,,Fit,<p>R</p>,Length,<p>65</p>,Width,<p>40</p>,Height,<p>45</p>,Box Quantity,<p>24</p>,Inner Pack Quantity,<p>1</p>,Country Of Origin,<p>BD</p>,Standards,<ul><li>EN ISO 20471 Class 2</li><li>ANSI/ISEA 107 TYPE P CLASS 2</li></ul>,,,,
PW381,Variant,,"Designed and tested by women, this stylish women's version of T402 will ensure you stand out from the crowd. The high quality 3-layer breathable, water resistant and windproof fabric along with multiple practical features ensure this is a must-have solution for a range of working professionals. HiVisTex Pro tape offers outstanding freedom of movement while holding a feminine fit.",https://d11ak7fd9ypfb7.cloudfront.net/styles1100px/PW381YBR.jpg,,0.0,TRUE,InStock,0.999,,PW381YBRXL,,,,Size,DROP_DOWN,XL,Color,DROP_DOWN,Yellow/Black,,,,,,,,,,,,,Fit,<p>R</p>,Length,<p>65</p>,Width,<p>40</p>,Height,<p>45</p>,Box Quantity,<p>24</p>,Inner Pack Quantity,<p>1</p>,Country Of Origin,<p>BD</p>,Standards,<ul><li>EN ISO 20471 Class 2</li><li>ANSI/ISEA 107 TYPE P CLASS 2</li></ul>,,,,
PW381,Variant,,"Designed and tested by women, this stylish women's version of T402 will ensure you stand out from the crowd. The high quality 3-layer breathable, water resistant and windproof fabric along with multiple practical features ensure this is a must-have solution for a range of working professionals. HiVisTex Pro tape offers outstanding freedom of movement while holding a feminine fit.",https://d11ak7fd9ypfb7.cloudfront.net/styles1100px/PW381YBR.jpg,,0.0,TRUE,InStock,0.999,,PW381YBRXS,,,,Size,DROP_DOWN,XS,Color,DROP_DOWN,Yellow/Black,,,,,,,,,,,,,Fit,<p>R</p>,Length,<p>65</p>,Width,<p>40</p>,Height,<p>45</p>,Box Quantity,<p>24</p>,Inner Pack Quantity,<p>1</p>,Country Of Origin,<p>BD</p>,Standards,<ul><li>EN ISO 20471 Class 2</li><li>ANSI/ISEA 107 TYPE P CLASS 2</li></ul>,,,,
PW381,Variant,,"Designed and tested by women, this stylish women's version of T402 will ensure you stand out from the crowd. The high quality 3-layer breathable, water resistant and windproof fabric along with multiple practical features ensure this is a must-have solution for a range of working professionals. HiVisTex Pro tape offers outstanding freedom of movement while holding a feminine fit.",https://d11ak7fd9ypfb7.cloudfront.net/styles1100px/PW381YBR.jpg,,0.0,TRUE,InStock,0.999,,PW381YBRXXL,,,,Size,DROP_DOWN,XXL,Color,DROP_DOWN,Yellow/Black,,,,,,,,,,,,,Fit,<p>R</p>,Length,<p>65</p>,Width,<p>40</p>,Height,<p>45</p>,Box Quantity,<p>24</p>,Inner Pack Quantity,<p>1</p>,Country Of Origin,<p>BD</p>,Standards,<ul><li>EN ISO 20471 Class 2</li><li>ANSI/ISEA 107 TYPE P CLASS 2</li></ul>,,,,
PW382,Product,PW382 - PW3 Hi-Vis Women's Winter Jacket,"Designed and tested by women, this stylish ladies version of T400 will ensure you stand out from the crowd. Made from our renowned 300D Oxford PU coated durable stain resistant fabric, this jacket provides a comfortable and flattering fit. Clever design features include Insulatex heat reflective lining panel, multiple zipped pockets for secure storage and EZEE zipper technology.",https://d11ak7fd9ypfb7.cloudfront.net/styles1100px/PW382YBR.jpg,109.9,0.0,TRUE,InStock,1.14,,PW382YBRL,,,,Size,DROP_DOWN,XS;S;M;L;XL;XXL;XXXL,Color,DROP_DOWN,Yellow/Black,,,,,,,,,,,,,Fit,<p>R</p>,Length,<p>55</p>,Width,<p>36</p>,Height,<p>45</p>,Box Quantity,<p>12</p>,Inner Pack Quantity,<p>1</p>,Country Of Origin,<p>MM</p>,Standards,<ul><li>EN 343:2019 Class 3:1 X  WP 15000mm</li><li>EN 342   0.323 (M².K/W) 2 X</li><li>EN ISO 20471 Class 2</li><li>RIS-3279-TOM  ISSUE 2 (ORANGE ONLY)</li></ul>,,,,
PW382,Variant,,"Designed and tested by women, this stylish ladies version of T400 will ensure you stand out from the crowd. Made from our renowned 300D Oxford PU coated durable stain resistant fabric, this jacket provides a comfortable and flattering fit. Clever design features include Insulatex heat reflective lining panel, multiple zipped pockets for secure storage and EZEE zipper technology.",https://d11ak7fd9ypfb7.cloudfront.net/styles1100px/PW382YBR.jpg,,0.0,TRUE,InStock,1.14,,PW382YBRL,,,,Size,DROP_DOWN,L,Color,DROP_DOWN,Yellow/Black,,,,,,,,,,,,,Fit,<p>R</p>,Length,<p>55</p>,Width,<p>36</p>,Height,<p>45</p>,Box Quantity,<p>12</p>,Inner Pack Quantity,<p>1</p>,Country Of Origin,<p>MM</p>,Standards,<ul><li>EN 343:2019 Class 3:1 X  WP 15000mm</li><li>EN 342   0.323 (M².K/W) 2 X</li><li>EN ISO 20471 Class 2</li><li>RIS-3279-TOM  ISSUE 2 (ORANGE ONLY)</li></ul>,,,,
PW382,Variant,,"Designed and tested by women, this stylish ladies version of T400 will ensure you stand out from the crowd. Made from our renowned 300D Oxford PU coated durable stain resistant fabric, this jacket provides a comfortable and flattering fit. Clever design features include Insulatex heat reflective lining panel, multiple zipped pockets for secure storage and EZEE zipper technology.",https://d11ak7fd9ypfb7.cloudfront.net/styles1100px/PW382YBR.jpg,,0.0,TRUE,InStock,1.1,,PW382YBRM,,,,Size,DROP_DOWN,M,Color,DROP_DOWN,Yellow/Black,,,,,,,,,,,,,Fit,<p>R</p>,Length,<p>55</p>,Width,<p>36</p>,Height,<p>45</p>,Box Quantity,<p>12</p>,Inner Pack Quantity,<p>1</p>,Country Of Origin,<p>MM</p>,Standards,<ul><li>EN 343:2019 Class 3:1 X  WP 15000mm</li><li>EN 342   0.323 (M².K/W) 2 X</li><li>EN ISO 20471 Class 2</li><li>RIS-3279-TOM  ISSUE 2 (ORANGE ONLY)</li></ul>,,,,
PW382,Variant,,"Designed and tested by women, this stylish ladies version of T400 will ensure you stand out from the crowd. Made from our renowned 300D Oxford PU coated durable stain resistant fabric, this jacket provides a comfortable and flattering fit. Clever design features include Insulatex heat reflective lining panel, multiple zipped pockets for secure storage and EZEE zipper technology.",https://d11ak7fd9ypfb7.cloudfront.net/styles1100px/PW382YBR.jpg,,0.0,TRUE,InStock,1.07,,PW382YBRS,,,,Size,DROP_DOWN,S,Color,DROP_DOWN,Yellow/Black,,,,,,,,,,,,,Fit,<p>R</p>,Length,<p>55</p>,Width,<p>36</p>,Height,<p>45</p>,Box Quantity,<p>12</p>,Inner Pack Quantity,<p>1</p>,Country Of Origin,<p>MM</p>,Standards,<ul><li>EN 343:2019 Class 3:1 X  WP 15000mm</li><li>EN 342   0.323 (M².K/W) 2 X</li><li>EN ISO 20471 Class 2</li><li>RIS-3279-TOM  ISSUE 2 (ORANGE ONLY)</li></ul>,,,,
PW382,Variant,,"Designed and tested by women, this stylish ladies version of T400 will ensure you stand out from the crowd. Made from our renowned 300D Oxford PU coated durable stain resistant fabric, this jacket provides a comfortable and flattering fit. Clever design features include Insulatex heat reflective lining panel, multiple zipped pockets for secure storage and EZEE zipper technology.",https://d11ak7fd9ypfb7.cloudfront.net/styles1100px/PW382YBR.jpg,,0.0,TRUE,InStock,1.18,,PW382YBRXL,,,,Size,DROP_DOWN,XL,Color,DROP_DOWN,Yellow/Black,,,,,,,,,,,,,Fit,<p>R</p>,Length,<p>65</p>,Width,<p>40</p>,Height,<p>46</p>,Box Quantity,<p>12</p>,Inner Pack Quantity,<p>1</p>,Country Of Origin,<p>MM</p>,Standards,<ul><li>EN 343:2019 Class 3:1 X  WP 15000mm</li><li>EN 342   0.323 (M².K/W) 2 X</li><li>EN ISO 20471 Class 2</li><li>RIS-3279-TOM  ISSUE 2 (ORANGE ONLY)</li></ul>,,,,
PW382,Variant,,"Designed and tested by women, this stylish ladies version of T400 will ensure you stand out from the crowd. Made from our renowned 300D Oxford PU coated durable stain resistant fabric, this jacket provides a comfortable and flattering fit. Clever design features include Insulatex heat reflective lining panel, multiple zipped pockets for secure storage and EZEE zipper technology.",https://d11ak7fd9ypfb7.cloudfront.net/styles1100px/PW382YBR.jpg,,0.0,TRUE,InStock,1.03,,PW382YBRXS,,,,Size,DROP_DOWN,XS,Color,DROP_DOWN,Yellow/Black,,,,,,,,,,,,,Fit,<p>R</p>,Length,<p>55</p>,Width,<p>36</p>,Height,<p>45</p>,Box Quantity,<p>12</p>,Inner Pack Quantity,<p>1</p>,Country Of Origin,<p>MM</p>,Standards,<ul><li>EN 343:2019 Class 3:1 X  WP 15000mm</li><li>EN 342   0.323 (M².K/W) 2 X</li><li>EN ISO 20471 Class 2</li><li>RIS-3279-TOM  ISSUE 2 (ORANGE ONLY)</li></ul>,,,,
PW382,Variant,,"Designed and tested by women, this stylish ladies version of T400 will ensure you stand out from the crowd. Made from our renowned 300D Oxford PU coated durable stain resistant fabric, this jacket provides a comfortable and flattering fit. Clever design features include Insulatex heat reflective lining panel, multiple zipped pockets for secure storage and EZEE zipper technology.",https://d11ak7fd9ypfb7.cloudfront.net/styles1100px/PW382YBR.jpg,,0.0,TRUE,InStock,1.23,,PW382YBRXXL,,,,Size,DROP_DOWN,XXL,Color,DROP_DOWN,Yellow/Black,,,,,,,,,,,,,Fit,<p>R</p>,Length,<p>65</p>,Width,<p>40</p>,Height,<p>46</p>,Box Quantity,<p>12</p>,Inner Pack Quantity,<p>1</p>,Country Of Origin,<p>MM</p>,Standards,<ul><li>EN 343:2019 Class 3:1 X  WP 15000mm</li><li>EN 342   0.323 (M².K/W) 2 X</li><li>EN ISO 20471 Class 2</li><li>RIS-3279-TOM  ISSUE 2 (ORANGE ONLY)</li></ul>,,,,
PW382,Variant,,"Designed and tested by women, this stylish ladies version of T400 will ensure you stand out from the crowd. Made from our renowned 300D Oxford PU coated durable stain resistant fabric, this jacket provides a comfortable and flattering fit. Clever design features include Insulatex heat reflective lining panel, multiple zipped pockets for secure storage and EZEE zipper technology.",https://d11ak7fd9ypfb7.cloudfront.net/styles1100px/PW382YBR.jpg,,0.0,TRUE,InStock,1.28,,PW382YBRXXXL,,,,Size,DROP_DOWN,XXXL,Color,DROP_DOWN,Yellow/Black,,,,,,,,,,,,,Fit,<p>R</p>,Length,<p>65</p>,Width,<p>40</p>,Height,<p>46</p>,Box Quantity,<p>12</p>,Inner Pack Quantity,<p>1</p>,Country Of Origin,<p>MM</p>,Standards,<ul><li>EN 343:2019 Class 3:1 X  WP 15000mm</li><li>EN 342   0.323 (M².K/W) 2 X</li><li>EN ISO 20471 Class 2</li><li>RIS-3279-TOM  ISSUE 2 (ORANGE ONLY)</li></ul>,,,,
PW385,Product,PW385 - PW3 Hi-Vis Women's Stretch Work Pants,"Innovative hi-vis ladies stretch pants using high performing two-way stretch fabric to give maximum range of movement when working. Clever features include HiVisTex Pro tape, top loading kneepad pockets and an easy access multi-way thigh pocket for secure storage of phone, keys and tools. Oxford fabric reinforcement at key abrasion points and triple stitching throughout for maximum durability.",https://d11ak7fd9ypfb7.cloudfront.net/styles1100px/PW385YBR.jpg,0.0,0.0,TRUE,InStock,0.999,,PW385YBR26,,,,Size,DROP_DOWN,26;28;30;32;34;36;38,Color,DROP_DOWN,Yellow/Black,,,,,,,,,,,,,Fit,<p>R</p>,Length,<p>65</p>,Width,<p>45</p>,Height,<p>36</p>,Box Quantity,<p>18</p>,Inner Pack Quantity,<p>1</p>,Country Of Origin,<p>BD</p>,Standards,<ul><li>EN 14404:2004+A1:2010 Type 2  Level 0 (When used in combination with S156)</li><li>EN ISO 20471 Class 2</li><li>RIS-3279-TOM  ISSUE 1 (ORANGE ONLY)</li></ul>,,,,
PW385,Variant,,"Innovative hi-vis ladies stretch pants using high performing two-way stretch fabric to give maximum range of movement when working. Clever features include HiVisTex Pro tape, top loading kneepad pockets and an easy access multi-way thigh pocket for secure storage of phone, keys and tools. Oxford fabric reinforcement at key abrasion points and triple stitching throughout for maximum durability.",https://d11ak7fd9ypfb7.cloudfront.net/styles1100px/PW385YBR.jpg,,0.0,TRUE,InStock,0.999,,PW385YBR26,,,,Size,DROP_DOWN,26,Color,DROP_DOWN,Yellow/Black,,,,,,,,,,,,,Fit,<p>R</p>,Length,<p>65</p>,Width,<p>45</p>,Height,<p>36</p>,Box Quantity,<p>18</p>,Inner Pack Quantity,<p>1</p>,Country Of Origin,<p>BD</p>,Standards,<ul><li>EN 14404:2004+A1:2010 Type 2  Level 0 (When used in combination with S156)</li><li>EN ISO 20471 Class 2</li><li>RIS-3279-TOM  ISSUE 1 (ORANGE ONLY)</li></ul>,,,,
PW385,Variant,,"Innovative hi-vis ladies stretch pants using high performing two-way stretch fabric to give maximum range of movement when working. Clever features include HiVisTex Pro tape, top loading kneepad pockets and an easy access multi-way thigh pocket for secure storage of phone, keys and tools. Oxford fabric reinforcement at key abrasion points and triple stitching throughout for maximum durability.",https://d11ak7fd9ypfb7.cloudfront.net/styles1100px/PW385YBR.jpg,,0.0,TRUE,InStock,0.999,,PW385YBR28,,,,Size,DROP_DOWN,28,Color,DROP_DOWN,Yellow/Black,,,,,,,,,,,,,Fit,<p>R</p>,Length,<p>65</p>,Width,<p>45</p>,Height,<p>36</p>,Box Quantity,<p>18</p>,Inner Pack Quantity,<p>1</p>,Country Of Origin,<p>BD</p>,Standards,<ul><li>EN 14404:2004+A1:2010 Type 2  Level 0 (When used in combination with S156)</li><li>EN ISO 20471 Class 2</li><li>RIS-3279-TOM  ISSUE 1 (ORANGE ONLY)</li></ul>,,,,
PW385,Variant,,"Innovative hi-vis ladies stretch pants using high performing two-way stretch fabric to give maximum range of movement when working. Clever features include HiVisTex Pro tape, top loading kneepad pockets and an easy access multi-way thigh pocket for secure storage of phone, keys and tools. Oxford fabric reinforcement at key abrasion points and triple stitching throughout for maximum durability.",https://d11ak7fd9ypfb7.cloudfront.net/styles1100px/PW385YBR.jpg,,0.0,TRUE,InStock,0.999,,PW385YBR30,,,,Size,DROP_DOWN,30,Color,DROP_DOWN,Yellow/Black,,,,,,,,,,,,,Fit,<p>R</p>,Length,<p>65</p>,Width,<p>45</p>,Height,<p>36</p>,Box Quantity,<p>18</p>,Inner Pack Quantity,<p>1</p>,Country Of Origin,<p>BD</p>,Standards,<ul><li>EN 14404:2004+A1:2010 Type 2  Level 0 (When used in combination with S156)</li><li>EN ISO 20471 Class 2</li><li>RIS-3279-TOM  ISSUE 1 (ORANGE ONLY)</li></ul>,,,,
PW385,Variant,,"Innovative hi-vis ladies stretch pants using high performing two-way stretch fabric to give maximum range of movement when working. Clever features include HiVisTex Pro tape, top loading kneepad pockets and an easy access multi-way thigh pocket for secure storage of phone, keys and tools. Oxford fabric reinforcement at key abrasion points and triple stitching throughout for maximum durability.",https://d11ak7fd9ypfb7.cloudfront.net/styles1100px/PW385YBR.jpg,,0.0,TRUE,InStock,0.999,,PW385YBR32,,,,Size,DROP_DOWN,32,Color,DROP_DOWN,Yellow/Black,,,,,,,,,,,,,Fit,<p>R</p>,Length,<p>65</p>,Width,<p>45</p>,Height,<p>36</p>,Box Quantity,<p>18</p>,Inner Pack Quantity,<p>1</p>,Country Of Origin,<p>BD</p>,Standards,<ul><li>EN 14404:2004+A1:2010 Type 2  Level 0 (When used in combination with S156)</li><li>EN ISO 20471 Class 2</li><li>RIS-3279-TOM  ISSUE 1 (ORANGE ONLY)</li></ul>,,,,
PW385,Variant,,"Innovative hi-vis ladies stretch pants using high performing two-way stretch fabric to give maximum range of movement when working. Clever features include HiVisTex Pro tape, top loading kneepad pockets and an easy access multi-way thigh pocket for secure storage of phone, keys and tools. Oxford fabric reinforcement at key abrasion points and triple stitching throughout for maximum durability.",https://d11ak7fd9ypfb7.cloudfront.net/styles1100px/PW385YBR.jpg,,0.0,TRUE,InStock,0.999,,PW385YBR34,,,,Size,DROP_DOWN,34,Color,DROP_DOWN,Yellow/Black,,,,,,,,,,,,,Fit,<p>R</p>,Length,<p>65</p>,Width,<p>45</p>,Height,<p>36</p>,Box Quantity,<p>18</p>,Inner Pack Quantity,<p>1</p>,Country Of Origin,<p>BD</p>,Standards,<ul><li>EN 14404:2004+A1:2010 Type 2  Level 0 (When used in combination with S156)</li><li>EN ISO 20471 Class 2</li><li>RIS-3279-TOM  ISSUE 1 (ORANGE ONLY)</li></ul>,,,,
PW385,Variant,,"Innovative hi-vis ladies stretch pants using high performing two-way stretch fabric to give maximum range of movement when working. Clever features include HiVisTex Pro tape, top loading kneepad pockets and an easy access multi-way thigh pocket for secure storage of phone, keys and tools. Oxford fabric reinforcement at key abrasion points and triple stitching throughout for maximum durability.",https://d11ak7fd9ypfb7.cloudfront.net/styles1100px/PW385YBR.jpg,,0.0,TRUE,InStock,0.999,,PW385YBR36,,,,Size,DROP_DOWN,36,Color,DROP_DOWN,Yellow/Black,,,,,,,,,,,,,Fit,<p>R</p>,Length,<p>65</p>,Width,<p>45</p>,Height,<p>36</p>,Box Quantity,<p>18</p>,Inner Pack Quantity,<p>1</p>,Country Of Origin,<p>BD</p>,Standards,<ul><li>EN 14404:2004+A1:2010 Type 2  Level 0 (When used in combination with S156)</li><li>EN ISO 20471 Class 2</li><li>RIS-3279-TOM  ISSUE 1 (ORANGE ONLY)</li></ul>,,,,
PW385,Variant,,"Innovative hi-vis ladies stretch pants using high performing two-way stretch fabric to give maximum range of movement when working. Clever features include HiVisTex Pro tape, top loading kneepad pockets and an easy access multi-way thigh pocket for secure storage of phone, keys and tools. Oxford fabric reinforcement at key abrasion points and triple stitching throughout for maximum durability.",https://d11ak7fd9ypfb7.cloudfront.net/styles1100px/PW385YBR.jpg,,0.0,TRUE,InStock,0.999,,PW385YBR38,,,,Size,DROP_DOWN,38,Color,DROP_DOWN,Yellow/Black,,,,,,,,,,,,,Fit,<p>R</p>,Length,<p>65</p>,Width,<p>45</p>,Height,<p>36</p>,Box Quantity,<p>18</p>,Inner Pack Quantity,<p>1</p>,Country Of Origin,<p>BD</p>,Standards,<ul><li>EN 14404:2004+A1:2010 Type 2  Level 0 (When used in combination with S156)</li><li>EN ISO 20471 Class 2</li><li>RIS-3279-TOM  ISSUE 1 (ORANGE ONLY)</li></ul>,,,,
PW386,Product,PW386 - PW3 Hi-Vis Ladies Rain Pants,"With its genuine female fit, modern design and rugged 300D oxford weave fabric, this over pants will keep the wearer looking great while also remaining visible, warm and dry. Clever features include multiple secure zipped pockets, reinforced knees, elasticated waistband and extra-long side leg zippers for ease of taking on and off.",https://d11ak7fd9ypfb7.cloudfront.net/styles1100px/PW386YBR.jpg,63.0,0.0,TRUE,InStock,0.999,,PW386YBRL,,,,Size,DROP_DOWN,XS;S;M;L;XL;XXL,Color,DROP_DOWN,Yellow/Black,,,,,,,,,,,,,Fit,<p>R</p>,Length,<p>43</p>,Width,<p>28</p>,Height,<p>40</p>,Box Quantity,<p>24</p>,Inner Pack Quantity,<p>1</p>,Country Of Origin,<p>CN</p>,Standards,<ul><li>EN ISO 20471 Class 2</li><li>EN 343 Class 3:1  WP 15000mm</li></ul>,,,,
PW386,Variant,,"With its genuine female fit, modern design and rugged 300D oxford weave fabric, this over pants will keep the wearer looking great while also remaining visible, warm and dry. Clever features include multiple secure zipped pockets, reinforced knees, elasticated waistband and extra-long side leg zippers for ease of taking on and off.",https://d11ak7fd9ypfb7.cloudfront.net/styles1100px/PW386YBR.jpg,,0.0,TRUE,InStock,0.999,,PW386YBRL,,,,Size,DROP_DOWN,L,Color,DROP_DOWN,Yellow/Black,,,,,,,,,,,,,Fit,<p>R</p>,Length,<p>43</p>,Width,<p>28</p>,Height,<p>40</p>,Box Quantity,<p>24</p>,Inner Pack Quantity,<p>1</p>,Country Of Origin,<p>CN</p>,Standards,<ul><li>EN ISO 20471 Class 2</li><li>EN 343 Class 3:1  WP 15000mm</li></ul>,,,,
PW386,Variant,,"With its genuine female fit, modern design and rugged 300D oxford weave fabric, this over pants will keep the wearer looking great while also remaining visible, warm and dry. Clever features include multiple secure zipped pockets, reinforced knees, elasticated waistband and extra-long side leg zippers for ease of taking on and off.",https://d11ak7fd9ypfb7.cloudfront.net/styles1100px/PW386YBR.jpg,,0.0,TRUE,InStock,0.999,,PW386YBRM,,,,Size,DROP_DOWN,M,Color,DROP_DOWN,Yellow/Black,,,,,,,,,,,,,Fit,<p>R</p>,Length,<p>43</p>,Width,<p>28</p>,Height,<p>40</p>,Box Quantity,<p>24</p>,Inner Pack Quantity,<p>1</p>,Country Of Origin,<p>CN</p>,Standards,<ul><li>EN ISO 20471 Class 2</li><li>EN 343 Class 3:1  WP 15000mm</li></ul>,,,,
PW386,Variant,,"With its genuine female fit, modern design and rugged 300D oxford weave fabric, this over pants will keep the wearer looking great while also remaining visible, warm and dry. Clever features include multiple secure zipped pockets, reinforced knees, elasticated waistband and extra-long side leg zippers for ease of taking on and off.",https://d11ak7fd9ypfb7.cloudfront.net/styles1100px/PW386YBR.jpg,,0.0,TRUE,InStock,0.999,,PW386YBRS,,,,Size,DROP_DOWN,S,Color,DROP_DOWN,Yellow/Black,,,,,,,,,,,,,Fit,<p>R</p>,Length,<p>43</p>,Width,<p>28</p>,Height,<p>40</p>,Box Quantity,<p>24</p>,Inner Pack Quantity,<p>1</p>,Country Of Origin,<p>CN</p>,Standards,<ul><li>EN ISO 20471 Class 2</li><li>EN 343 Class 3:1  WP 15000mm</li></ul>,,,,
PW386,Variant,,"With its genuine female fit, modern design and rugged 300D oxford weave fabric, this over pants will keep the wearer looking great while also remaining visible, warm and dry. Clever features include multiple secure zipped pockets, reinforced knees, elasticated waistband and extra-long side leg zippers for ease of taking on and off.",https://d11ak7fd9ypfb7.cloudfront.net/styles1100px/PW386YBR.jpg,,0.0,TRUE,InStock,0.999,,PW386YBRXL,,,,Size,DROP_DOWN,XL,Color,DROP_DOWN,Yellow/Black,,,,,,,,,,,,,Fit,<p>R</p>,Length,<p>43</p>,Width,<p>28</p>,Height,<p>40</p>,Box Quantity,<p>24</p>,Inner Pack Quantity,<p>1</p>,Country Of Origin,<p>CN</p>,Standards,<ul><li>EN ISO 20471 Class 2</li><li>EN 343 Class 3:1  WP 15000mm</li></ul>,,,,
PW386,Variant,,"With its genuine female fit, modern design and rugged 300D oxford weave fabric, this over pants will keep the wearer looking great while also remaining visible, warm and dry. Clever features include multiple secure zipped pockets, reinforced knees, elasticated waistband and extra-long side leg zippers for ease of taking on and off.",https://d11ak7fd9ypfb7.cloudfront.net/styles1100px/PW386YBR.jpg,,0.0,TRUE,InStock,0.999,,PW386YBRXS,,,,Size,DROP_DOWN,XS,Color,DROP_DOWN,Yellow/Black,,,,,,,,,,,,,Fit,<p>R</p>,Length,<p>43</p>,Width,<p>28</p>,Height,<p>40</p>,Box Quantity,<p>24</p>,Inner Pack Quantity,<p>1</p>,Country Of Origin,<p>CN</p>,Standards,<ul><li>EN ISO 20471 Class 2</li><li>EN 343 Class 3:1  WP 15000mm</li></ul>,,,,
PW386,Variant,,"With its genuine female fit, modern design and rugged 300D oxford weave fabric, this over pants will keep the wearer looking great while also remaining visible, warm and dry. Clever features include multiple secure zipped pockets, reinforced knees, elasticated waistband and extra-long side leg zippers for ease of taking on and off.",https://d11ak7fd9ypfb7.cloudfront.net/styles1100px/PW386YBR.jpg,,0.0,TRUE,InStock,0.999,,PW386YBRXXL,,,,Size,DROP_DOWN,XXL,Color,DROP_DOWN,Yellow/Black,,,,,,,,,,,,,Fit,<p>R</p>,Length,<p>43</p>,Width,<p>28</p>,Height,<p>40</p>,Box Quantity,<p>24</p>,Inner Pack Quantity,<p>1</p>,Country Of Origin,<p>CN</p>,Standards,<ul><li>EN ISO 20471 Class 2</li><li>EN 343 Class 3:1  WP 15000mm</li></ul>,,,,
PW38,Product,PW38 - Pan View Glasses,These sleek and sporty style glasses are designed for safety and comfort. The Pan View features lightweight construction and soft touch temples. The single wrap-around lens offers protection from the sides and front.,https://d11ak7fd9ypfb7.cloudfront.net/styles1100px/PW38BKR.jpg,3.1,0.0,TRUE,InStock,0.042,Eye Protection;Safety Spectacles,PW38BKR,,,,Size,DROP_DOWN,,Color,DROP_DOWN,Smoke/Orange;Clear;Black,,,,,,,,,,,,,Fit,<p>R</p>,Length,<p>55</p>,Width,<p>45</p>,Height,<p>50</p>,Box Quantity,<p>288</p>,Inner Pack Quantity,<p>12</p>,Country Of Origin,<p>TW</p>,Standards,<ul><li>ANSI/ISEA Z87 +  (Clear)</li><li>ANSI/ISEA Z87 +  U6 L3 (Smoke)</li><li>EN 166   1 FT</li><li>EN 170   2C-1.2 (CLEAR)</li><li>EN 172   5-3.1 (SMOKE)</li></ul>,,,,
PW38,Variant,,These sleek and sporty style glasses are designed for safety and comfort. The Pan View features lightweight construction and soft touch temples. The single wrap-around lens offers protection from the sides and front.,https://d11ak7fd9ypfb7.cloudfront.net/styles1100px/PW38CLR.jpg,,0.0,TRUE,InStock,0.042,,PW38CLR,,,,Size,DROP_DOWN,,Color,DROP_DOWN,Clear,,,,,,,,,,,,,Fit,<p>R</p>,Length,<p>55</p>,Width,<p>45</p>,Height,<p>50</p>,Box Quantity,<p>288</p>,Inner Pack Quantity,<p>12</p>,Country Of Origin,<p>TW</p>,Standards,<ul><li>ANSI/ISEA Z87 +  (Clear)</li><li>ANSI/ISEA Z87 +  U6 L3 (Smoke)</li><li>EN 166   1 FT</li><li>EN 170   2C-1.2 (CLEAR)</li><li>EN 172   5-3.1 (SMOKE)</li></ul>,,,,
PW38,Variant,,These sleek and sporty style glasses are designed for safety and comfort. The Pan View features lightweight construction and soft touch temples. The single wrap-around lens offers protection from the sides and front.,https://d11ak7fd9ypfb7.cloudfront.net/styles1100px/PW38SOR.jpg,,0.0,TRUE,InStock,0.042,,PW38SOR,,,,Size,DROP_DOWN,,Color,DROP_DOWN,Smoke/Orange,,,,,,,,,,,,,Fit,<p>R</p>,Length,<p>55</p>,Width,<p>45</p>,Height,<p>50</p>,Box Quantity,<p>288</p>,Inner Pack Quantity,<p>12</p>,Country Of Origin,<p>TW</p>,Standards,<ul><li>ANSI/ISEA Z87 +  (Clear)</li><li>ANSI/ISEA Z87 +  U6 L3 (Smoke)</li><li>EN 166   1 FT</li><li>EN 170   2C-1.2 (CLEAR)</li><li>EN 172   5-3.1 (SMOKE)</li></ul>,,,,
PW40,Product,PW40 - Classic Ear Protector,"Lightweight and robust, the PW40 is suitable for all day comfort. Excellent attenuation rate. Metal-free design.",https://d11ak7fd9ypfb7.cloudfront.net/styles1100px/PW40RER.jpg,9.0,0.0,TRUE,InStock,0.16,,PW40RER,,,,Size,DROP_DOWN,,Color,DROP_DOWN,Red,,,,,,,,,,,,,Fit,<p>R</p>,Length,<p>62</p>,Width,<p>44</p>,Height,<p>51</p>,Box Quantity,<p>60</p>,Inner Pack Quantity,<p>10</p>,Country Of Origin,<p>TW</p>,Standards,"<ul><li>Q3930A,CE 698123 - I</li><li>EN 352-1   SNR 28dB</li><li>ANSI S3.19   22dB</li><li>AS/NZS 1270   SLC(80) 28dB - Class 5</li></ul>",,,,
PW41,Product,PW41 - Super Ear Protector,Ultra lightweight for prolonged usage. Adjustable dual pin mounting system provides multiple positioning for better fit. Folds to palm size.,https://d11ak7fd9ypfb7.cloudfront.net/styles1100px/PW41RER.jpg,11.8,0.0,TRUE,InStock,0.24,,PW41RER,,,,Size,DROP_DOWN,,Color,DROP_DOWN,Red,,,,,,,,,,,,,Fit,<p>R</p>,Length,<p>48</p>,Width,<p>40</p>,Height,<p>60</p>,Box Quantity,<p>60</p>,Inner Pack Quantity,<p>10</p>,Country Of Origin,<p>TW</p>,Standards,"<ul><li>Q3931A,CE 698123 - I</li><li>ANSI S3.19   25dB</li><li>AS/NZS 1270   SLC(80) 31dB - Class 5</li><li>EN 352-1   SNR 30dB</li></ul>",,,,
PW43,Product,PW43 - Comfort Ear Protector,"This ear protector is constructed to be both durable and ultralightweight. It has broad foam cushions, high impact ABS cups (filled with sound absorbing foam) and comfort headband.",https://d11ak7fd9ypfb7.cloudfront.net/styles1100px/PW43BKR.jpg,19.0,0.0,TRUE,InStock,0.24,,PW43BKR,,,,Size,DROP_DOWN,,Color,DROP_DOWN,Black,,,,,,,,,,,,,Fit,<p>R</p>,Length,<p>65</p>,Width,<p>43</p>,Height,<p>55</p>,Box Quantity,<p>40</p>,Inner Pack Quantity,<p>10</p>,Country Of Origin,<p>TW</p>,Standards,<ul><li>EN 352-1   SNR 32dB</li></ul>,,,,
PW47,Product,PW47 - Endurance Clip-On Ear Protector,"Excellent attenuation level, can be adjusted into the stand off position when not in use. Easy to clip-on, it is compatible with Endurance Hard Hats, Height Endurance Hard Hats. Warning: attenuation performances vary depending on the hard hat style they are used with.",https://d11ak7fd9ypfb7.cloudfront.net/styles1100px/PW47BKR.jpg,18.0,0.0,TRUE,InStock,0.293,,PW47BKR,,,,Size,DROP_DOWN,,Color,DROP_DOWN,Red;Black,,,,,,,,,,,,,Fit,<p>R</p>,Length,<p>63</p>,Width,<p>39</p>,Height,<p>50</p>,Box Quantity,<p>60</p>,Inner Pack Quantity,<p>10</p>,Country Of Origin,<p>CN</p>,Standards,<ul><li>ANSI S3.19   NRR 24dB</li><li>AS/NZS 1270   SLC(80) 22dB - Class 4</li><li>EN 352-3</li></ul>,,,,
PW47,Variant,,"Excellent attenuation level, can be adjusted into the stand off position when not in use. Easy to clip-on, it is compatible with Endurance Hard Hats, Height Endurance Hard Hats. Warning: attenuation performances vary depending on the hard hat style they are used with.",https://d11ak7fd9ypfb7.cloudfront.net/styles1100px/PW47RER.jpg,,0.0,TRUE,InStock,0.293,,PW47RER,,,,Size,DROP_DOWN,,Color,DROP_DOWN,Red,,,,,,,,,,,,,Fit,<p>R</p>,Length,<p>63</p>,Width,<p>39</p>,Height,<p>50</p>,Box Quantity,<p>60</p>,Inner Pack Quantity,<p>10</p>,Country Of Origin,<p>CN</p>,Standards,<ul><li>ANSI S3.19   NRR 24dB</li><li>AS/NZS 1270   SLC(80) 22dB - Class 4</li><li>EN 352-3</li></ul>,,,,
PW52,Product,PW52 - Full Brim Premier Hard Hat Vented ,"Full brim hard hat with ventilation holes for ultimate wearer comfort in hot conditions, HDPE shell, 4-point textile suspension harness with wheel ratchet for size adjustment. A soft foam sweatband and 4-point chin strap are included.",https://d11ak7fd9ypfb7.cloudfront.net/styles1100px/PW52ORR.jpg,21.6,0.0,TRUE,InStock,0.43,,PW52ORR,,,,Size,DROP_DOWN,,Color,DROP_DOWN,Royal Blue;Yellow;White;Red;HV Yellow;Orange,,,,,,,,,,,,,Fit,<p>R</p>,Length,<p>65</p>,Width,<p>45</p>,Height,<p>55</p>,Box Quantity,<p>20</p>,Inner Pack Quantity,<p>1</p>,Country Of Origin,<p>CN</p>,Standards,<ul><li>ANSI/ISEA Z89.1 TYPE I  Class C</li></ul>,,,,
PW52,Variant,,"Full brim hard hat with ventilation holes for ultimate wearer comfort in hot conditions, HDPE shell, 4-point textile suspension harness with wheel ratchet for size adjustment. A soft foam sweatband and 4-point chin strap are included.",https://d11ak7fd9ypfb7.cloudfront.net/styles1100px/PW52RBR.jpg,,0.0,TRUE,InStock,0.43,,PW52RBR,,,,Size,DROP_DOWN,,Color,DROP_DOWN,Royal Blue,,,,,,,,,,,,,Fit,<p>R</p>,Length,<p>65</p>,Width,<p>45</p>,Height,<p>55</p>,Box Quantity,<p>20</p>,Inner Pack Quantity,<p>1</p>,Country Of Origin,<p>CN</p>,Standards,<ul><li>ANSI/ISEA Z89.1 TYPE I  Class C</li></ul>,,,,
PW52,Variant,,"Full brim hard hat with ventilation holes for ultimate wearer comfort in hot conditions, HDPE shell, 4-point textile suspension harness with wheel ratchet for size adjustment. A soft foam sweatband and 4-point chin strap are included.",https://d11ak7fd9ypfb7.cloudfront.net/styles1100px/PW52RER.jpg,,0.0,TRUE,InStock,0.43,,PW52RER,,,,Size,DROP_DOWN,,Color,DROP_DOWN,Red,,,,,,,,,,,,,Fit,<p>R</p>,Length,<p>65</p>,Width,<p>45</p>,Height,<p>55</p>,Box Quantity,<p>20</p>,Inner Pack Quantity,<p>1</p>,Country Of Origin,<p>CN</p>,Standards,<ul><li>ANSI/ISEA Z89.1 TYPE I  Class C</li></ul>,,,,
PW52,Variant,,"Full brim hard hat with ventilation holes for ultimate wearer comfort in hot conditions, HDPE shell, 4-point textile suspension harness with wheel ratchet for size adjustment. A soft foam sweatband and 4-point chin strap are included.",https://d11ak7fd9ypfb7.cloudfront.net/styles1100px/PW52WHR.jpg,,0.0,TRUE,InStock,0.43,,PW52WHR,,,,Size,DROP_DOWN,,Color,DROP_DOWN,White,,,,,,,,,,,,,Fit,<p>R</p>,Length,<p>65</p>,Width,<p>45</p>,Height,<p>55</p>,Box Quantity,<p>20</p>,Inner Pack Quantity,<p>1</p>,Country Of Origin,<p>CN</p>,Standards,<ul><li>ANSI/ISEA Z89.1 TYPE I  Class C</li></ul>,,,,
PW52,Variant,,"Full brim hard hat with ventilation holes for ultimate wearer comfort in hot conditions, HDPE shell, 4-point textile suspension harness with wheel ratchet for size adjustment. A soft foam sweatband and 4-point chin strap are included.",https://d11ak7fd9ypfb7.cloudfront.net/styles1100px/PW52YEH.jpg,,0.0,TRUE,InStock,0.43,,PW52YEH,,,,Size,DROP_DOWN,,Color,DROP_DOWN,HV Yellow,,,,,,,,,,,,,Fit,<p>H</p>,Length,<p>65</p>,Width,<p>45</p>,Height,<p>55</p>,Box Quantity,<p>20</p>,Inner Pack Quantity,<p>1</p>,Country Of Origin,<p>CN</p>,Standards,<ul><li>ANSI/ISEA Z89.1 TYPE I  Class C</li></ul>,,,,
PW52,Variant,,"Full brim hard hat with ventilation holes for ultimate wearer comfort in hot conditions, HDPE shell, 4-point textile suspension harness with wheel ratchet for size adjustment. A soft foam sweatband and 4-point chin strap are included.",https://d11ak7fd9ypfb7.cloudfront.net/styles1100px/PW52YER.jpg,,0.0,TRUE,InStock,0.43,,PW52YER,,,,Size,DROP_DOWN,,Color,DROP_DOWN,Yellow,,,,,,,,,,,,,Fit,<p>R</p>,Length,<p>65</p>,Width,<p>45</p>,Height,<p>55</p>,Box Quantity,<p>20</p>,Inner Pack Quantity,<p>1</p>,Country Of Origin,<p>CN</p>,Standards,<ul><li>ANSI/ISEA Z89.1 TYPE I  Class C</li></ul>,,,,
PW53,Product,PW53 - Chin Strap,Nylon woven strap with polypropylene chin cup Provides a secure fit for hard hats while working Easy to clip on and compatible with peakview hard hats Sold in sets of 10,https://d11ak7fd9ypfb7.cloudfront.net/styles1100px/PW53BKR.jpg,12.5,0.0,TRUE,InStock,0.093,,PW53BKR,,,,Size,DROP_DOWN,,Color,DROP_DOWN,Black,,,,,,,,,,,,,Fit,<p>R</p>,Length,<p>65</p>,Width,<p>40</p>,Height,<p>45</p>,Box Quantity,<p>100</p>,Inner Pack Quantity,<p>10</p>,Country Of Origin,<p></p>,Standards,<p></p>,,,,
PW59,Product,PW59 - Portwest Bump Cap,Classic design bump-cap with ventilation ports for maximum breathability. Metallic ring holes for baseball cap look. Hook and loop adjustable size.,https://d11ak7fd9ypfb7.cloudfront.net/styles1100px/PW59NAR.jpg,13.9,0.0,TRUE,InStock,0.161,,PW59NAR,,,,Size,DROP_DOWN,,Color,DROP_DOWN,Navy,,,,,,,,,,,,,Fit,<p>R</p>,Length,<p>65</p>,Width,<p>45</p>,Height,<p>58</p>,Box Quantity,<p>60</p>,Inner Pack Quantity,<p>10</p>,Country Of Origin,<p>CN</p>,Standards,<ul><li>EN 812</li></ul>,,,,
PW80,Product,PW80 - Support Belt,"Provides support to the lower back 8"" wide belt Adjustable waistbelt and shoulder straps Elasticated for a secure and comfortable fit Can be worn underneath or over clothing Machine washable",https://d11ak7fd9ypfb7.cloudfront.net/styles1100px/PW80BKR.jpg,17.9,0.0,TRUE,InStock,0.265,Accessories;PPE Accessories,PW80BKRL,,,,Size,DROP_DOWN,S;M;L;XL,Color,DROP_DOWN,Black,,,,,,,,,,,,,Fit,<p>R</p>,Length,<p>56</p>,Width,<p>30</p>,Height,<p>35</p>,Box Quantity,<p>48</p>,Inner Pack Quantity,<p>12</p>,Country Of Origin,<p>CN</p>,Standards,<p></p>,,,,
PW80,Variant,,"Provides support to the lower back 8"" wide belt Adjustable waistbelt and shoulder straps Elasticated for a secure and comfortable fit Can be worn underneath or over clothing Machine washable",https://d11ak7fd9ypfb7.cloudfront.net/styles1100px/PW80BKR.jpg,,0.0,TRUE,InStock,0.265,,PW80BKRL,,,,Size,DROP_DOWN,L,Color,DROP_DOWN,Black,,,,,,,,,,,,,Fit,<p>R</p>,Length,<p>56</p>,Width,<p>30</p>,Height,<p>35</p>,Box Quantity,<p>48</p>,Inner Pack Quantity,<p>12</p>,Country Of Origin,<p>CN</p>,Standards,<p></p>,,,,
PW80,Variant,,"Provides support to the lower back 8"" wide belt Adjustable waistbelt and shoulder straps Elasticated for a secure and comfortable fit Can be worn underneath or over clothing Machine washable",https://d11ak7fd9ypfb7.cloudfront.net/styles1100px/PW80BKR.jpg,,0.0,TRUE,InStock,0.256,,PW80BKRM,,,,Size,DROP_DOWN,M,Color,DROP_DOWN,Black,,,,,,,,,,,,,Fit,<p>R</p>,Length,<p>56</p>,Width,<p>30</p>,Height,<p>35</p>,Box Quantity,<p>48</p>,Inner Pack Quantity,<p>12</p>,Country Of Origin,<p>CN</p>,Standards,<p></p>,,,,
PW80,Variant,,"Provides support to the lower back 8"" wide belt Adjustable waistbelt and shoulder straps Elasticated for a secure and comfortable fit Can be worn underneath or over clothing Machine washable",https://d11ak7fd9ypfb7.cloudfront.net/styles1100px/PW80BKR.jpg,,0.0,TRUE,InStock,0.234,,PW80BKRS,,,,Size,DROP_DOWN,S,Color,DROP_DOWN,Black,,,,,,,,,,,,,Fit,<p>R</p>,Length,<p>56</p>,Width,<p>30</p>,Height,<p>35</p>,Box Quantity,<p>48</p>,Inner Pack Quantity,<p>12</p>,Country Of Origin,<p>CN</p>,Standards,<p></p>,,,,
PW80,Variant,,"Provides support to the lower back 8"" wide belt Adjustable waistbelt and shoulder straps Elasticated for a secure and comfortable fit Can be worn underneath or over clothing Machine washable",https://d11ak7fd9ypfb7.cloudfront.net/styles1100px/PW80BKR.jpg,,0.0,TRUE,InStock,0.281,,PW80BKRXL,,,,Size,DROP_DOWN,XL,Color,DROP_DOWN,Black,,,,,,,,,,,,,Fit,<p>R</p>,Length,<p>56</p>,Width,<p>30</p>,Height,<p>35</p>,Box Quantity,<p>48</p>,Inner Pack Quantity,<p>12</p>,Country Of Origin,<p>CN</p>,Standards,<p></p>,,,,
PW96,Product,PW96 - Face Shield Plus,This face shield protects against molten metal splashes and hot solid projections. Superior front and side face protection. Ratchet adjustment for comfort fit. Replacement visor available (PW99).,https://d11ak7fd9ypfb7.cloudfront.net/styles1100px/PW96CLR.jpg,23.4,0.0,TRUE,InStock,0.32,,PW96CLR,,,,Size,DROP_DOWN,,Color,DROP_DOWN,Clear,,,,,,,,,,,,,Fit,<p>R</p>,Length,<p>64</p>,Width,<p>45</p>,Height,<p>60</p>,Box Quantity,<p>24</p>,Inner Pack Quantity,<p>1</p>,Country Of Origin,<p>TW</p>,Standards,<ul><li>EN 166   1 BT 3 9</li><li>ANSI/ISEA Z87 +</li></ul>,,,,
PW98,Product,PW98 - Forestry Combi Kit,"Professional combi kit, containing vented ABS safety hard hat with wheel ratchet adjustable size (PS55), a reinforced visor holder and mesh visor (PS58 and PS94) as well as clip-on ear-muff ( PW47).",https://d11ak7fd9ypfb7.cloudfront.net/styles1100px/PW98ORR.jpg,51.8,0.0,TRUE,InStock,1.14,,PW98ORR,,,,Size,DROP_DOWN,,Color,DROP_DOWN,Orange,,,,,,,,,,,,,Fit,<p>R</p>,Length,<p>65</p>,Width,<p>30</p>,Height,<p>42</p>,Box Quantity,<p>12</p>,Inner Pack Quantity,<p>1</p>,Country Of Origin,<p>CN</p>,Standards,<ul><li>EN 352-3</li><li>ASTM F1959/F1959M-12   F</li><li>EN 397   -30°C/+50°C LD</li><li>ANSI/ISEA Z89.1 TYPE I  Class C</li><li>ANSI/ISEA Z87 .1  (visor holder + mesh visor)</li><li>ANSI S3.19   (Ear Muff)</li><li>EN 1731   F</li></ul>,,,,
PW99,Product,PW99 - Replacement Shield Plus Visor,"Replacement visor made of clear polycarbonate with aluminum edge, to be used on PW96 browguard support, protects from impacts, metal splashes and hot solids fragments. Compatible with PS58 and PS68 holders.",https://d11ak7fd9ypfb7.cloudfront.net/styles1100px/PW99CLR.jpg,8.6,0.0,TRUE,InStock,0.16,,PW99CLR,,,,Size,DROP_DOWN,,Color,DROP_DOWN,Clear,,,,,,,,,,,,,Fit,<p>R</p>,Length,<p>52</p>,Width,<p>50</p>,Height,<p>42</p>,Box Quantity,<p>140</p>,Inner Pack Quantity,<p>10</p>,Country Of Origin,<p>TW</p>,Standards,<ul><li>EN 166   1 BT 3 9</li><li>ANSI/ISEA Z87 +</li></ul>,,,,
PWE40,Product,PWE40 - ,,https://d11ak7fd9ypfb7.cloudfront.net/styles1100px/PWE40BKR.jpg,0.0,0.0,TRUE,InStock,0.999,,PWE40BKR28,,,,Size,DROP_DOWN,28;30;32;34;36;38;40;42;44;46;48,Color,DROP_DOWN,Black,,,,,,,,,,,,,Fit,<p>R</p>,Length,<p>43</p>,Width,<p>28</p>,Height,<p>50</p>,Box Quantity,<p>24</p>,Inner Pack Quantity,<p>1</p>,Country Of Origin,<p></p>,Standards,<p></p>,,,,
PWE40,Variant,,,https://d11ak7fd9ypfb7.cloudfront.net/styles1100px/PWE40BKR.jpg,,0.0,TRUE,InStock,0.999,,PWE40BKR28,,,,Size,DROP_DOWN,28,Color,DROP_DOWN,Black,,,,,,,,,,,,,Fit,<p>R</p>,Length,<p>43</p>,Width,<p>28</p>,Height,<p>50</p>,Box Quantity,<p>24</p>,Inner Pack Quantity,<p>1</p>,Country Of Origin,<p></p>,Standards,<p></p>,,,,
PWE40,Variant,,,https://d11ak7fd9ypfb7.cloudfront.net/styles1100px/PWE40BKR.jpg,,0.0,TRUE,InStock,0.999,,PWE40BKR30,,,,Size,DROP_DOWN,30,Color,DROP_DOWN,Black,,,,,,,,,,,,,Fit,<p>R</p>,Length,<p>43</p>,Width,<p>28</p>,Height,<p>50</p>,Box Quantity,<p>24</p>,Inner Pack Quantity,<p>1</p>,Country Of Origin,<p></p>,Standards,<p></p>,,,,
PWE40,Variant,,,https://d11ak7fd9ypfb7.cloudfront.net/styles1100px/PWE40BKR.jpg,,0.0,TRUE,InStock,0.999,,PWE40BKR32,,,,Size,DROP_DOWN,32,Color,DROP_DOWN,Black,,,,,,,,,,,,,Fit,<p>R</p>,Length,<p>43</p>,Width,<p>28</p>,Height,<p>50</p>,Box Quantity,<p>24</p>,Inner Pack Quantity,<p>1</p>,Country Of Origin,<p></p>,Standards,<p></p>,,,,
PWE40,Variant,,,https://d11ak7fd9ypfb7.cloudfront.net/styles1100px/PWE40BKR.jpg,,0.0,TRUE,InStock,0.999,,PWE40BKR34,,,,Size,DROP_DOWN,34,Color,DROP_DOWN,Black,,,,,,,,,,,,,Fit,<p>R</p>,Length,<p>43</p>,Width,<p>28</p>,Height,<p>50</p>,Box Quantity,<p>24</p>,Inner Pack Quantity,<p>1</p>,Country Of Origin,<p></p>,Standards,<p></p>,,,,
PWE40,Variant,,,https://d11ak7fd9ypfb7.cloudfront.net/styles1100px/PWE40BKR.jpg,,0.0,TRUE,InStock,0.999,,PWE40BKR36,,,,Size,DROP_DOWN,36,Color,DROP_DOWN,Black,,,,,,,,,,,,,Fit,<p>R</p>,Length,<p>43</p>,Width,<p>28</p>,Height,<p>50</p>,Box Quantity,<p>24</p>,Inner Pack Quantity,<p>1</p>,Country Of Origin,<p></p>,Standards,<p></p>,,,,
PWE40,Variant,,,https://d11ak7fd9ypfb7.cloudfront.net/styles1100px/PWE40BKR.jpg,,0.0,TRUE,InStock,0.999,,PWE40BKR38,,,,Size,DROP_DOWN,38,Color,DROP_DOWN,Black,,,,,,,,,,,,,Fit,<p>R</p>,Length,<p>43</p>,Width,<p>28</p>,Height,<p>50</p>,Box Quantity,<p>24</p>,Inner Pack Quantity,<p>1</p>,Country Of Origin,<p></p>,Standards,<p></p>,,,,
PWE40,Variant,,,https://d11ak7fd9ypfb7.cloudfront.net/styles1100px/PWE40BKR.jpg,,0.0,TRUE,InStock,0.999,,PWE40BKR40,,,,Size,DROP_DOWN,40,Color,DROP_DOWN,Black,,,,,,,,,,,,,Fit,<p>R</p>,Length,<p>43</p>,Width,<p>28</p>,Height,<p>50</p>,Box Quantity,<p>24</p>,Inner Pack Quantity,<p>1</p>,Country Of Origin,<p></p>,Standards,<p></p>,,,,
PWE40,Variant,,,https://d11ak7fd9ypfb7.cloudfront.net/styles1100px/PWE40BKR.jpg,,0.0,TRUE,InStock,0.999,,PWE40BKR42,,,,Size,DROP_DOWN,42,Color,DROP_DOWN,Black,,,,,,,,,,,,,Fit,<p>R</p>,Length,<p>43</p>,Width,<p>28</p>,Height,<p>50</p>,Box Quantity,<p>24</p>,Inner Pack Quantity,<p>1</p>,Country Of Origin,<p></p>,Standards,<p></p>,,,,
PWE40,Variant,,,https://d11ak7fd9ypfb7.cloudfront.net/styles1100px/PWE40BKR.jpg,,0.0,TRUE,InStock,0.999,,PWE40BKR44,,,,Size,DROP_DOWN,44,Color,DROP_DOWN,Black,,,,,,,,,,,,,Fit,<p>R</p>,Length,<p>43</p>,Width,<p>28</p>,Height,<p>50</p>,Box Quantity,<p>24</p>,Inner Pack Quantity,<p>1</p>,Country Of Origin,<p></p>,Standards,<p></p>,,,,
PWE40,Variant,,,https://d11ak7fd9ypfb7.cloudfront.net/styles1100px/PWE40BKR.jpg,,0.0,TRUE,InStock,0.999,,PWE40BKR46,,,,Size,DROP_DOWN,46,Color,DROP_DOWN,Black,,,,,,,,,,,,,Fit,<p>R</p>,Length,<p>43</p>,Width,<p>28</p>,Height,<p>50</p>,Box Quantity,<p>24</p>,Inner Pack Quantity,<p>1</p>,Country Of Origin,<p></p>,Standards,<p></p>,,,,
PWE40,Variant,,,https://d11ak7fd9ypfb7.cloudfront.net/styles1100px/PWE40BKR.jpg,,0.0,TRUE,InStock,0.999,,PWE40BKR48,,,,Size,DROP_DOWN,48,Color,DROP_DOWN,Black,,,,,,,,,,,,,Fit,<p>R</p>,Length,<p>43</p>,Width,<p>28</p>,Height,<p>50</p>,Box Quantity,<p>24</p>,Inner Pack Quantity,<p>1</p>,Country Of Origin,<p></p>,Standards,<p></p>,,,,
RT22,Product,RT22 - Hi-Vis Short Sleeve Polo,"Perfect for warm weather, the RT22 has a stylish contrasting gray collar ensuring dirt and stains are less noticeable and features HiVisTex reflective tape to keep you visible and safe",https://d11ak7fd9ypfb7.cloudfront.net/styles1100px/RT22ORR.jpg,19.8,0.0,TRUE,InStock,0.44,,RT22ORR4XL,,,,Size,DROP_DOWN,S;M;L;XL;XXL;XXXL;4XL;5XL,Color,DROP_DOWN,Orange;Orange Tall,,,,,,,,,,,,,Fit,<p>R</p>,Length,<p>55</p>,Width,<p>36</p>,Height,<p>40</p>,Box Quantity,<p>48</p>,Inner Pack Quantity,<p>1</p>,Country Of Origin,<p>BD</p>,Standards,<ul><li>EN ISO 20471 Class 2</li><li>ANSI/ISEA 107 TYPE R CLASS 2</li><li>RIS-3279-TOM  ISSUE 1 (ORANGE ONLY)</li><li>AS 4602.1 Class D/N</li></ul>,,,,
RT22,Variant,,"Perfect for warm weather, the RT22 has a stylish contrasting gray collar ensuring dirt and stains are less noticeable and features HiVisTex reflective tape to keep you visible and safe",https://d11ak7fd9ypfb7.cloudfront.net/styles1100px/RT22ORR.jpg,,0.0,TRUE,InStock,0.44,,RT22ORR4XL,,,,Size,DROP_DOWN,4XL,Color,DROP_DOWN,Orange,,,,,,,,,,,,,Fit,<p>R</p>,Length,<p>55</p>,Width,<p>36</p>,Height,<p>40</p>,Box Quantity,<p>48</p>,Inner Pack Quantity,<p>1</p>,Country Of Origin,<p>BD</p>,Standards,<ul><li>EN ISO 20471 Class 2</li><li>ANSI/ISEA 107 TYPE R CLASS 2</li><li>RIS-3279-TOM  ISSUE 1 (ORANGE ONLY)</li><li>AS 4602.1 Class D/N</li></ul>,,,,
RT22,Variant,,"Perfect for warm weather, the RT22 has a stylish contrasting gray collar ensuring dirt and stains are less noticeable and features HiVisTex reflective tape to keep you visible and safe",https://d11ak7fd9ypfb7.cloudfront.net/styles1100px/RT22ORR.jpg,,0.0,TRUE,InStock,0.46,,RT22ORR5XL,,,,Size,DROP_DOWN,5XL,Color,DROP_DOWN,Orange,,,,,,,,,,,,,Fit,<p>R</p>,Length,<p>55</p>,Width,<p>36</p>,Height,<p>40</p>,Box Quantity,<p>48</p>,Inner Pack Quantity,<p>1</p>,Country Of Origin,<p>BD</p>,Standards,<ul><li>EN ISO 20471 Class 2</li><li>ANSI/ISEA 107 TYPE R CLASS 2</li><li>RIS-3279-TOM  ISSUE 1 (ORANGE ONLY)</li><li>AS 4602.1 Class D/N</li></ul>,,,,
RT22,Variant,,"Perfect for warm weather, the RT22 has a stylish contrasting gray collar ensuring dirt and stains are less noticeable and features HiVisTex reflective tape to keep you visible and safe",https://d11ak7fd9ypfb7.cloudfront.net/styles1100px/RT22ORR.jpg,,0.0,TRUE,InStock,0.36,,RT22ORRL,,,,Size,DROP_DOWN,L,Color,DROP_DOWN,Orange,,,,,,,,,,,,,Fit,<p>R</p>,Length,<p>55</p>,Width,<p>36</p>,Height,<p>34</p>,Box Quantity,<p>48</p>,Inner Pack Quantity,<p>1</p>,Country Of Origin,<p>BD</p>,Standards,<ul><li>EN ISO 20471 Class 2</li><li>ANSI/ISEA 107 TYPE R CLASS 2</li><li>RIS-3279-TOM  ISSUE 1 (ORANGE ONLY)</li><li>AS 4602.1 Class D/N</li></ul>,,,,
RT22,Variant,,"Perfect for warm weather, the RT22 has a stylish contrasting gray collar ensuring dirt and stains are less noticeable and features HiVisTex reflective tape to keep you visible and safe",https://d11ak7fd9ypfb7.cloudfront.net/styles1100px/RT22ORR.jpg,,0.0,TRUE,InStock,0.32,,RT22ORRM,,,,Size,DROP_DOWN,M,Color,DROP_DOWN,Orange,,,,,,,,,,,,,Fit,<p>R</p>,Length,<p>55</p>,Width,<p>36</p>,Height,<p>34</p>,Box Quantity,<p>48</p>,Inner Pack Quantity,<p>1</p>,Country Of Origin,<p>BD</p>,Standards,<ul><li>EN ISO 20471 Class 2</li><li>ANSI/ISEA 107 TYPE R CLASS 2</li><li>RIS-3279-TOM  ISSUE 1 (ORANGE ONLY)</li><li>AS 4602.1 Class D/N</li></ul>,,,,
RT22,Variant,,"Perfect for warm weather, the RT22 has a stylish contrasting gray collar ensuring dirt and stains are less noticeable and features HiVisTex reflective tape to keep you visible and safe",https://d11ak7fd9ypfb7.cloudfront.net/styles1100px/RT22ORR.jpg,,0.0,TRUE,InStock,0.34,,RT22ORRS,,,,Size,DROP_DOWN,S,Color,DROP_DOWN,Orange,,,,,,,,,,,,,Fit,<p>R</p>,Length,<p>55</p>,Width,<p>36</p>,Height,<p>34</p>,Box Quantity,<p>48</p>,Inner Pack Quantity,<p>1</p>,Country Of Origin,<p>BD</p>,Standards,<ul><li>EN ISO 20471 Class 2</li><li>ANSI/ISEA 107 TYPE R CLASS 2</li><li>RIS-3279-TOM  ISSUE 1 (ORANGE ONLY)</li><li>AS 4602.1 Class D/N</li></ul>,,,,
RT22,Variant,,"Perfect for warm weather, the RT22 has a stylish contrasting gray collar ensuring dirt and stains are less noticeable and features HiVisTex reflective tape to keep you visible and safe",https://d11ak7fd9ypfb7.cloudfront.net/styles1100px/RT22ORR.jpg,,0.0,TRUE,InStock,0.38,,RT22ORRXL,,,,Size,DROP_DOWN,XL,Color,DROP_DOWN,Orange,,,,,,,,,,,,,Fit,<p>R</p>,Length,<p>55</p>,Width,<p>36</p>,Height,<p>40</p>,Box Quantity,<p>48</p>,Inner Pack Quantity,<p>1</p>,Country Of Origin,<p>BD</p>,Standards,<ul><li>EN ISO 20471 Class 2</li><li>ANSI/ISEA 107 TYPE R CLASS 2</li><li>RIS-3279-TOM  ISSUE 1 (ORANGE ONLY)</li><li>AS 4602.1 Class D/N</li></ul>,,,,
RT22,Variant,,"Perfect for warm weather, the RT22 has a stylish contrasting gray collar ensuring dirt and stains are less noticeable and features HiVisTex reflective tape to keep you visible and safe",https://d11ak7fd9ypfb7.cloudfront.net/styles1100px/RT22ORR.jpg,,0.0,TRUE,InStock,0.38,,RT22ORRXXL,,,,Size,DROP_DOWN,XXL,Color,DROP_DOWN,Orange,,,,,,,,,,,,,Fit,<p>R</p>,Length,<p>55</p>,Width,<p>36</p>,Height,<p>40</p>,Box Quantity,<p>48</p>,Inner Pack Quantity,<p>1</p>,Country Of Origin,<p>BD</p>,Standards,<ul><li>EN ISO 20471 Class 2</li><li>ANSI/ISEA 107 TYPE R CLASS 2</li><li>RIS-3279-TOM  ISSUE 1 (ORANGE ONLY)</li><li>AS 4602.1 Class D/N</li></ul>,,,,
RT22,Variant,,"Perfect for warm weather, the RT22 has a stylish contrasting gray collar ensuring dirt and stains are less noticeable and features HiVisTex reflective tape to keep you visible and safe",https://d11ak7fd9ypfb7.cloudfront.net/styles1100px/RT22ORR.jpg,,0.0,TRUE,InStock,0.4,,RT22ORRXXXL,,,,Size,DROP_DOWN,XXXL,Color,DROP_DOWN,Orange,,,,,,,,,,,,,Fit,<p>R</p>,Length,<p>55</p>,Width,<p>36</p>,Height,<p>40</p>,Box Quantity,<p>48</p>,Inner Pack Quantity,<p>1</p>,Country Of Origin,<p>BD</p>,Standards,<ul><li>EN ISO 20471 Class 2</li><li>ANSI/ISEA 107 TYPE R CLASS 2</li><li>RIS-3279-TOM  ISSUE 1 (ORANGE ONLY)</li><li>AS 4602.1 Class D/N</li></ul>,,,,
RT22,Variant,,"Perfect for warm weather, the RT22 has a stylish contrasting gray collar ensuring dirt and stains are less noticeable and features HiVisTex reflective tape to keep you visible and safe",https://d11ak7fd9ypfb7.cloudfront.net/styles1100px/RT22ORT.jpg,,0.0,TRUE,InStock,0.46,,RT22ORT4XL,,,,Size,DROP_DOWN,4XL,Color,DROP_DOWN,Orange Tall,,,,,,,,,,,,,Fit,<p>T</p>,Length,<p>55</p>,Width,<p>36</p>,Height,<p>40</p>,Box Quantity,<p>48</p>,Inner Pack Quantity,<p>1</p>,Country Of Origin,<p>BD</p>,Standards,<ul><li>EN ISO 20471 Class 2</li><li>ANSI/ISEA 107 TYPE R CLASS 2</li><li>RIS-3279-TOM  ISSUE 1 (ORANGE ONLY)</li><li>AS 4602.1 Class D/N</li></ul>,,,,
RT22,Variant,,"Perfect for warm weather, the RT22 has a stylish contrasting gray collar ensuring dirt and stains are less noticeable and features HiVisTex reflective tape to keep you visible and safe",https://d11ak7fd9ypfb7.cloudfront.net/styles1100px/RT22ORT.jpg,,0.0,TRUE,InStock,0.48,,RT22ORT5XL,,,,Size,DROP_DOWN,5XL,Color,DROP_DOWN,Orange Tall,,,,,,,,,,,,,Fit,<p>T</p>,Length,<p>55</p>,Width,<p>36</p>,Height,<p>40</p>,Box Quantity,<p>48</p>,Inner Pack Quantity,<p>1</p>,Country Of Origin,<p>BD</p>,Standards,<ul><li>EN ISO 20471 Class 2</li><li>ANSI/ISEA 107 TYPE R CLASS 2</li><li>RIS-3279-TOM  ISSUE 1 (ORANGE ONLY)</li><li>AS 4602.1 Class D/N</li></ul>,,,,
RT22,Variant,,"Perfect for warm weather, the RT22 has a stylish contrasting gray collar ensuring dirt and stains are less noticeable and features HiVisTex reflective tape to keep you visible and safe",https://d11ak7fd9ypfb7.cloudfront.net/styles1100px/RT22ORT.jpg,,0.0,TRUE,InStock,0.38,,RT22ORTL,,,,Size,DROP_DOWN,L,Color,DROP_DOWN,Orange Tall,,,,,,,,,,,,,Fit,<p>T</p>,Length,<p>55</p>,Width,<p>36</p>,Height,<p>34</p>,Box Quantity,<p>48</p>,Inner Pack Quantity,<p>1</p>,Country Of Origin,<p>BD</p>,Standards,<ul><li>EN ISO 20471 Class 2</li><li>ANSI/ISEA 107 TYPE R CLASS 2</li><li>RIS-3279-TOM  ISSUE 1 (ORANGE ONLY)</li><li>AS 4602.1 Class D/N</li></ul>,,,,
RT22,Variant,,"Perfect for warm weather, the RT22 has a stylish contrasting gray collar ensuring dirt and stains are less noticeable and features HiVisTex reflective tape to keep you visible and safe",https://d11ak7fd9ypfb7.cloudfront.net/styles1100px/RT22ORT.jpg,,0.0,TRUE,InStock,0.4,,RT22ORTXL,,,,Size,DROP_DOWN,XL,Color,DROP_DOWN,Orange Tall,,,,,,,,,,,,,Fit,<p>T</p>,Length,<p>55</p>,Width,<p>36</p>,Height,<p>40</p>,Box Quantity,<p>48</p>,Inner Pack Quantity,<p>1</p>,Country Of Origin,<p>BD</p>,Standards,<ul><li>EN ISO 20471 Class 2</li><li>ANSI/ISEA 107 TYPE R CLASS 2</li><li>RIS-3279-TOM  ISSUE 1 (ORANGE ONLY)</li><li>AS 4602.1 Class D/N</li></ul>,,,,
RT22,Variant,,"Perfect for warm weather, the RT22 has a stylish contrasting gray collar ensuring dirt and stains are less noticeable and features HiVisTex reflective tape to keep you visible and safe",https://d11ak7fd9ypfb7.cloudfront.net/styles1100px/RT22ORT.jpg,,0.0,TRUE,InStock,0.42,,RT22ORTXXL,,,,Size,DROP_DOWN,XXL,Color,DROP_DOWN,Orange Tall,,,,,,,,,,,,,Fit,<p>T</p>,Length,<p>55</p>,Width,<p>36</p>,Height,<p>40</p>,Box Quantity,<p>48</p>,Inner Pack Quantity,<p>1</p>,Country Of Origin,<p>BD</p>,Standards,<ul><li>EN ISO 20471 Class 2</li><li>ANSI/ISEA 107 TYPE R CLASS 2</li><li>RIS-3279-TOM  ISSUE 1 (ORANGE ONLY)</li><li>AS 4602.1 Class D/N</li></ul>,,,,
RT22,Variant,,"Perfect for warm weather, the RT22 has a stylish contrasting gray collar ensuring dirt and stains are less noticeable and features HiVisTex reflective tape to keep you visible and safe",https://d11ak7fd9ypfb7.cloudfront.net/styles1100px/RT22ORT.jpg,,0.0,TRUE,InStock,0.44,,RT22ORTXXXL,,,,Size,DROP_DOWN,XXXL,Color,DROP_DOWN,Orange Tall,,,,,,,,,,,,,Fit,<p>T</p>,Length,<p>55</p>,Width,<p>36</p>,Height,<p>40</p>,Box Quantity,<p>48</p>,Inner Pack Quantity,<p>1</p>,Country Of Origin,<p>BD</p>,Standards,<ul><li>EN ISO 20471 Class 2</li><li>ANSI/ISEA 107 TYPE R CLASS 2</li><li>RIS-3279-TOM  ISSUE 1 (ORANGE ONLY)</li><li>AS 4602.1 Class D/N</li></ul>,,,,
RT23,Product,RT23 - Hi-Vis T-Shirt,"Rail specification T-Shirt that combines high visibility protection and unbeatable comfort. Ideal for the summer months and indoor work, this T-Shirt is fully certified to RIS 3279.",https://d11ak7fd9ypfb7.cloudfront.net/styles1100px/RT23ORR.jpg,16.2,0.0,TRUE,InStock,0.29,,RT23ORR4XL,,,,Size,DROP_DOWN,XS;S;M;L;XL;XXL;XXXL;4XL;5XL,Color,DROP_DOWN,Orange,,,,,,,,,,,,,Fit,<p>R</p>,Length,<p>43</p>,Width,<p>28</p>,Height,<p>52</p>,Box Quantity,<p>48</p>,Inner Pack Quantity,<p>1</p>,Country Of Origin,<p>BD</p>,Standards,<ul><li>EN ISO 20471 Class 2</li><li>ANSI/ISEA 107 TYPE R CLASS 2</li><li>RIS-3279-TOM  ISSUE 1 (ORANGE ONLY)</li><li>AS 4602.1 Class D/N</li></ul>,,,,
RT23,Variant,,"Rail specification T-Shirt that combines high visibility protection and unbeatable comfort. Ideal for the summer months and indoor work, this T-Shirt is fully certified to RIS 3279.",https://d11ak7fd9ypfb7.cloudfront.net/styles1100px/RT23ORR.jpg,,0.0,TRUE,InStock,0.29,,RT23ORR4XL,,,,Size,DROP_DOWN,4XL,Color,DROP_DOWN,Orange,,,,,,,,,,,,,Fit,<p>R</p>,Length,<p>43</p>,Width,<p>28</p>,Height,<p>52</p>,Box Quantity,<p>48</p>,Inner Pack Quantity,<p>1</p>,Country Of Origin,<p>BD</p>,Standards,<ul><li>EN ISO 20471 Class 2</li><li>ANSI/ISEA 107 TYPE R CLASS 2</li><li>RIS-3279-TOM  ISSUE 1 (ORANGE ONLY)</li><li>AS 4602.1 Class D/N</li></ul>,,,,
RT23,Variant,,"Rail specification T-Shirt that combines high visibility protection and unbeatable comfort. Ideal for the summer months and indoor work, this T-Shirt is fully certified to RIS 3279.",https://d11ak7fd9ypfb7.cloudfront.net/styles1100px/RT23ORR.jpg,,0.0,TRUE,InStock,0.3,,RT23ORR5XL,,,,Size,DROP_DOWN,5XL,Color,DROP_DOWN,Orange,,,,,,,,,,,,,Fit,<p>R</p>,Length,<p>43</p>,Width,<p>28</p>,Height,<p>52</p>,Box Quantity,<p>48</p>,Inner Pack Quantity,<p>1</p>,Country Of Origin,<p>BD</p>,Standards,<ul><li>EN ISO 20471 Class 2</li><li>ANSI/ISEA 107 TYPE R CLASS 2</li><li>RIS-3279-TOM  ISSUE 1 (ORANGE ONLY)</li><li>AS 4602.1 Class D/N</li></ul>,,,,
RT23,Variant,,"Rail specification T-Shirt that combines high visibility protection and unbeatable comfort. Ideal for the summer months and indoor work, this T-Shirt is fully certified to RIS 3279.",https://d11ak7fd9ypfb7.cloudfront.net/styles1100px/RT23ORR.jpg,,0.0,TRUE,InStock,0.25,,RT23ORRL,,,,Size,DROP_DOWN,L,Color,DROP_DOWN,Orange,,,,,,,,,,,,,Fit,<p>R</p>,Length,<p>43</p>,Width,<p>28</p>,Height,<p>46</p>,Box Quantity,<p>48</p>,Inner Pack Quantity,<p>1</p>,Country Of Origin,<p>BD</p>,Standards,<ul><li>EN ISO 20471 Class 2</li><li>ANSI/ISEA 107 TYPE R CLASS 2</li><li>RIS-3279-TOM  ISSUE 1 (ORANGE ONLY)</li><li>AS 4602.1 Class D/N</li></ul>,,,,
RT23,Variant,,"Rail specification T-Shirt that combines high visibility protection and unbeatable comfort. Ideal for the summer months and indoor work, this T-Shirt is fully certified to RIS 3279.",https://d11ak7fd9ypfb7.cloudfront.net/styles1100px/RT23ORR.jpg,,0.0,TRUE,InStock,0.24,,RT23ORRM,,,,Size,DROP_DOWN,M,Color,DROP_DOWN,Orange,,,,,,,,,,,,,Fit,<p>R</p>,Length,<p>43</p>,Width,<p>28</p>,Height,<p>46</p>,Box Quantity,<p>48</p>,Inner Pack Quantity,<p>1</p>,Country Of Origin,<p>BD</p>,Standards,<ul><li>EN ISO 20471 Class 2</li><li>ANSI/ISEA 107 TYPE R CLASS 2</li><li>RIS-3279-TOM  ISSUE 1 (ORANGE ONLY)</li><li>AS 4602.1 Class D/N</li></ul>,,,,
RT23,Variant,,"Rail specification T-Shirt that combines high visibility protection and unbeatable comfort. Ideal for the summer months and indoor work, this T-Shirt is fully certified to RIS 3279.",https://d11ak7fd9ypfb7.cloudfront.net/styles1100px/RT23ORR.jpg,,0.0,TRUE,InStock,0.23,,RT23ORRS,,,,Size,DROP_DOWN,S,Color,DROP_DOWN,Orange,,,,,,,,,,,,,Fit,<p>R</p>,Length,<p>43</p>,Width,<p>28</p>,Height,<p>46</p>,Box Quantity,<p>48</p>,Inner Pack Quantity,<p>1</p>,Country Of Origin,<p>BD</p>,Standards,<ul><li>EN ISO 20471 Class 2</li><li>ANSI/ISEA 107 TYPE R CLASS 2</li><li>RIS-3279-TOM  ISSUE 1 (ORANGE ONLY)</li><li>AS 4602.1 Class D/N</li></ul>,,,,
RT23,Variant,,"Rail specification T-Shirt that combines high visibility protection and unbeatable comfort. Ideal for the summer months and indoor work, this T-Shirt is fully certified to RIS 3279.",https://d11ak7fd9ypfb7.cloudfront.net/styles1100px/RT23ORR.jpg,,0.0,TRUE,InStock,0.26,,RT23ORRXL,,,,Size,DROP_DOWN,XL,Color,DROP_DOWN,Orange,,,,,,,,,,,,,Fit,<p>R</p>,Length,<p>43</p>,Width,<p>28</p>,Height,<p>46</p>,Box Quantity,<p>48</p>,Inner Pack Quantity,<p>1</p>,Country Of Origin,<p>BD</p>,Standards,<ul><li>EN ISO 20471 Class 2</li><li>ANSI/ISEA 107 TYPE R CLASS 2</li><li>RIS-3279-TOM  ISSUE 1 (ORANGE ONLY)</li><li>AS 4602.1 Class D/N</li></ul>,,,,
RT23,Variant,,"Rail specification T-Shirt that combines high visibility protection and unbeatable comfort. Ideal for the summer months and indoor work, this T-Shirt is fully certified to RIS 3279.",https://d11ak7fd9ypfb7.cloudfront.net/styles1100px/RT23ORR.jpg,,0.0,TRUE,InStock,0.22,,RT23ORRXS,,,,Size,DROP_DOWN,XS,Color,DROP_DOWN,Orange,,,,,,,,,,,,,Fit,<p>R</p>,Length,<p>43</p>,Width,<p>28</p>,Height,<p>46</p>,Box Quantity,<p>48</p>,Inner Pack Quantity,<p>1</p>,Country Of Origin,<p>BD</p>,Standards,<ul><li>EN ISO 20471 Class 2</li><li>ANSI/ISEA 107 TYPE R CLASS 2</li><li>RIS-3279-TOM  ISSUE 1 (ORANGE ONLY)</li><li>AS 4602.1 Class D/N</li></ul>,,,,
RT23,Variant,,"Rail specification T-Shirt that combines high visibility protection and unbeatable comfort. Ideal for the summer months and indoor work, this T-Shirt is fully certified to RIS 3279.",https://d11ak7fd9ypfb7.cloudfront.net/styles1100px/RT23ORR.jpg,,0.0,TRUE,InStock,0.27,,RT23ORRXXL,,,,Size,DROP_DOWN,XXL,Color,DROP_DOWN,Orange,,,,,,,,,,,,,Fit,<p>R</p>,Length,<p>43</p>,Width,<p>28</p>,Height,<p>52</p>,Box Quantity,<p>48</p>,Inner Pack Quantity,<p>1</p>,Country Of Origin,<p>BD</p>,Standards,<ul><li>EN ISO 20471 Class 2</li><li>ANSI/ISEA 107 TYPE R CLASS 2</li><li>RIS-3279-TOM  ISSUE 1 (ORANGE ONLY)</li><li>AS 4602.1 Class D/N</li></ul>,,,,
RT23,Variant,,"Rail specification T-Shirt that combines high visibility protection and unbeatable comfort. Ideal for the summer months and indoor work, this T-Shirt is fully certified to RIS 3279.",https://d11ak7fd9ypfb7.cloudfront.net/styles1100px/RT23ORR.jpg,,0.0,TRUE,InStock,0.28,,RT23ORRXXXL,,,,Size,DROP_DOWN,XXXL,Color,DROP_DOWN,Orange,,,,,,,,,,,,,Fit,<p>R</p>,Length,<p>43</p>,Width,<p>28</p>,Height,<p>52</p>,Box Quantity,<p>48</p>,Inner Pack Quantity,<p>1</p>,Country Of Origin,<p>BD</p>,Standards,<ul><li>EN ISO 20471 Class 2</li><li>ANSI/ISEA 107 TYPE R CLASS 2</li><li>RIS-3279-TOM  ISSUE 1 (ORANGE ONLY)</li><li>AS 4602.1 Class D/N</li></ul>,,,,
S124,Product,S124 - Industrial Work Shirt ,"Work shirt with 6 button front closure with snap at neck. 2 front pockets with button closure. Bartack pencil stall on left pocket. Lined collar with sewn in stays Industrial wash, durable press with Texpel finish.",https://d11ak7fd9ypfb7.cloudfront.net/styles1100px/S124CGR.jpg,29.9,0.0,TRUE,InStock,0.46,,S124CGR5XL,,,,Size,DROP_DOWN,L;XL;XXL;4XL;5XL,Color,DROP_DOWN,Navy;Charcoal Grey,,,,,,,,,,,,,Fit,<p>R</p>,Length,<p>44</p>,Width,<p>36</p>,Height,<p>38</p>,Box Quantity,<p>24</p>,Inner Pack Quantity,<p>1</p>,Country Of Origin,<p>CN</p>,Standards,<p></p>,,,,
S124,Variant,,"Work shirt with 6 button front closure with snap at neck. 2 front pockets with button closure. Bartack pencil stall on left pocket. Lined collar with sewn in stays Industrial wash, durable press with Texpel finish.",https://d11ak7fd9ypfb7.cloudfront.net/styles1100px/S124CGR.jpg,,0.0,TRUE,InStock,0.46,,S124CGR5XL,,,,Size,DROP_DOWN,5XL,Color,DROP_DOWN,Charcoal Grey,,,,,,,,,,,,,Fit,<p>R</p>,Length,<p>44</p>,Width,<p>36</p>,Height,<p>38</p>,Box Quantity,<p>24</p>,Inner Pack Quantity,<p>1</p>,Country Of Origin,<p>CN</p>,Standards,<p></p>,,,,
S124,Variant,,"Work shirt with 6 button front closure with snap at neck. 2 front pockets with button closure. Bartack pencil stall on left pocket. Lined collar with sewn in stays Industrial wash, durable press with Texpel finish.",https://d11ak7fd9ypfb7.cloudfront.net/styles1100px/S124NAR.jpg,,0.0,TRUE,InStock,0.43,,S124NAR4XL,,,,Size,DROP_DOWN,4XL,Color,DROP_DOWN,Navy,,,,,,,,,,,,,Fit,<p>R</p>,Length,<p>44</p>,Width,<p>36</p>,Height,<p>38</p>,Box Quantity,<p>24</p>,Inner Pack Quantity,<p>1</p>,Country Of Origin,<p>CN</p>,Standards,<p></p>,,,,
S124,Variant,,"Work shirt with 6 button front closure with snap at neck. 2 front pockets with button closure. Bartack pencil stall on left pocket. Lined collar with sewn in stays Industrial wash, durable press with Texpel finish.",https://d11ak7fd9ypfb7.cloudfront.net/styles1100px/S124NAR.jpg,,0.0,TRUE,InStock,0.46,,S124NAR5XL,,,,Size,DROP_DOWN,5XL,Color,DROP_DOWN,Navy,,,,,,,,,,,,,Fit,<p>R</p>,Length,<p>44</p>,Width,<p>36</p>,Height,<p>38</p>,Box Quantity,<p>24</p>,Inner Pack Quantity,<p>1</p>,Country Of Origin,<p>CN</p>,Standards,<p></p>,,,,
S124,Variant,,"Work shirt with 6 button front closure with snap at neck. 2 front pockets with button closure. Bartack pencil stall on left pocket. Lined collar with sewn in stays Industrial wash, durable press with Texpel finish.",https://d11ak7fd9ypfb7.cloudfront.net/styles1100px/S124NAR.jpg,,0.0,TRUE,InStock,0.32,,S124NARL,,,,Size,DROP_DOWN,L,Color,DROP_DOWN,Navy,,,,,,,,,,,,,Fit,<p>R</p>,Length,<p>44</p>,Width,<p>36</p>,Height,<p>38</p>,Box Quantity,<p>24</p>,Inner Pack Quantity,<p>1</p>,Country Of Origin,<p>CN</p>,Standards,<p></p>,,,,
S124,Variant,,"Work shirt with 6 button front closure with snap at neck. 2 front pockets with button closure. Bartack pencil stall on left pocket. Lined collar with sewn in stays Industrial wash, durable press with Texpel finish.",https://d11ak7fd9ypfb7.cloudfront.net/styles1100px/S124NAR.jpg,,0.0,TRUE,InStock,0.34,,S124NARXL,,,,Size,DROP_DOWN,XL,Color,DROP_DOWN,Navy,,,,,,,,,,,,,Fit,<p>R</p>,Length,<p>44</p>,Width,<p>36</p>,Height,<p>38</p>,Box Quantity,<p>24</p>,Inner Pack Quantity,<p>1</p>,Country Of Origin,<p>CN</p>,Standards,<p></p>,,,,
S124,Variant,,"Work shirt with 6 button front closure with snap at neck. 2 front pockets with button closure. Bartack pencil stall on left pocket. Lined collar with sewn in stays Industrial wash, durable press with Texpel finish.",https://d11ak7fd9ypfb7.cloudfront.net/styles1100px/S124NAR.jpg,,0.0,TRUE,InStock,0.37,,S124NARXXL,,,,Size,DROP_DOWN,XXL,Color,DROP_DOWN,Navy,,,,,,,,,,,,,Fit,<p>R</p>,Length,<p>44</p>,Width,<p>36</p>,Height,<p>38</p>,Box Quantity,<p>24</p>,Inner Pack Quantity,<p>1</p>,Country Of Origin,<p>CN</p>,Standards,<p></p>,,,,
S125,Product,S125 - Industrial Work Shirt,"Six button front closure with snap at neck. Two chest pockets with button closure. Bartack pencil stall on left pocket. Lined collar with sewn in stays. Two piece upper back yoke. Button closure cuffs. Industrial wash, durable press with Texpel finish.",https://d11ak7fd9ypfb7.cloudfront.net/styles1100px/S125CGR.jpg,31.0,0.0,TRUE,InStock,0.36,,S125CGRL,,,,Size,DROP_DOWN,M;L;XL;XXL;XXXL;4XL;5XL,Color,DROP_DOWN,Navy;Charcoal Grey,,,,,,,,,,,,,Fit,<p>R</p>,Length,<p>44</p>,Width,<p>36</p>,Height,<p>38</p>,Box Quantity,<p>24</p>,Inner Pack Quantity,<p>1</p>,Country Of Origin,<p>CN</p>,Standards,<p></p>,,,,
S125,Variant,,"Six button front closure with snap at neck. Two chest pockets with button closure. Bartack pencil stall on left pocket. Lined collar with sewn in stays. Two piece upper back yoke. Button closure cuffs. Industrial wash, durable press with Texpel finish.",https://d11ak7fd9ypfb7.cloudfront.net/styles1100px/S125CGR.jpg,,0.0,TRUE,InStock,0.36,,S125CGRL,,,,Size,DROP_DOWN,L,Color,DROP_DOWN,Charcoal Grey,,,,,,,,,,,,,Fit,<p>R</p>,Length,<p>44</p>,Width,<p>36</p>,Height,<p>38</p>,Box Quantity,<p>24</p>,Inner Pack Quantity,<p>1</p>,Country Of Origin,<p>CN</p>,Standards,<p></p>,,,,
S125,Variant,,"Six button front closure with snap at neck. Two chest pockets with button closure. Bartack pencil stall on left pocket. Lined collar with sewn in stays. Two piece upper back yoke. Button closure cuffs. Industrial wash, durable press with Texpel finish.",https://d11ak7fd9ypfb7.cloudfront.net/styles1100px/S125CGR.jpg,,0.0,TRUE,InStock,0.34,,S125CGRM,,,,Size,DROP_DOWN,M,Color,DROP_DOWN,Charcoal Grey,,,,,,,,,,,,,Fit,<p>R</p>,Length,<p>44</p>,Width,<p>36</p>,Height,<p>38</p>,Box Quantity,<p>24</p>,Inner Pack Quantity,<p>1</p>,Country Of Origin,<p>CN</p>,Standards,<p></p>,,,,
S125,Variant,,"Six button front closure with snap at neck. Two chest pockets with button closure. Bartack pencil stall on left pocket. Lined collar with sewn in stays. Two piece upper back yoke. Button closure cuffs. Industrial wash, durable press with Texpel finish.",https://d11ak7fd9ypfb7.cloudfront.net/styles1100px/S125CGR.jpg,,0.0,TRUE,InStock,0.38,,S125CGRXL,,,,Size,DROP_DOWN,XL,Color,DROP_DOWN,Charcoal Grey,,,,,,,,,,,,,Fit,<p>R</p>,Length,<p>44</p>,Width,<p>36</p>,Height,<p>38</p>,Box Quantity,<p>24</p>,Inner Pack Quantity,<p>1</p>,Country Of Origin,<p>CN</p>,Standards,<p></p>,,,,
S125,Variant,,"Six button front closure with snap at neck. Two chest pockets with button closure. Bartack pencil stall on left pocket. Lined collar with sewn in stays. Two piece upper back yoke. Button closure cuffs. Industrial wash, durable press with Texpel finish.",https://d11ak7fd9ypfb7.cloudfront.net/styles1100px/S125CGR.jpg,,0.0,TRUE,InStock,0.44,,S125CGRXXXL,,,,Size,DROP_DOWN,XXXL,Color,DROP_DOWN,Charcoal Grey,,,,,,,,,,,,,Fit,<p>R</p>,Length,<p>44</p>,Width,<p>36</p>,Height,<p>38</p>,Box Quantity,<p>24</p>,Inner Pack Quantity,<p>1</p>,Country Of Origin,<p>CN</p>,Standards,<p></p>,,,,
S125,Variant,,"Six button front closure with snap at neck. Two chest pockets with button closure. Bartack pencil stall on left pocket. Lined collar with sewn in stays. Two piece upper back yoke. Button closure cuffs. Industrial wash, durable press with Texpel finish.",https://d11ak7fd9ypfb7.cloudfront.net/styles1100px/S125NAR.jpg,,0.0,TRUE,InStock,0.47,,S125NAR4XL,,,,Size,DROP_DOWN,4XL,Color,DROP_DOWN,Navy,,,,,,,,,,,,,Fit,<p>R</p>,Length,<p>44</p>,Width,<p>36</p>,Height,<p>38</p>,Box Quantity,<p>24</p>,Inner Pack Quantity,<p>1</p>,Country Of Origin,<p>CN</p>,Standards,<p></p>,,,,
S125,Variant,,"Six button front closure with snap at neck. Two chest pockets with button closure. Bartack pencil stall on left pocket. Lined collar with sewn in stays. Two piece upper back yoke. Button closure cuffs. Industrial wash, durable press with Texpel finish.",https://d11ak7fd9ypfb7.cloudfront.net/styles1100px/S125NAR.jpg,,0.0,TRUE,InStock,0.5,,S125NAR5XL,,,,Size,DROP_DOWN,5XL,Color,DROP_DOWN,Navy,,,,,,,,,,,,,Fit,<p>R</p>,Length,<p>44</p>,Width,<p>36</p>,Height,<p>38</p>,Box Quantity,<p>24</p>,Inner Pack Quantity,<p>1</p>,Country Of Origin,<p>CN</p>,Standards,<p></p>,,,,
S125,Variant,,"Six button front closure with snap at neck. Two chest pockets with button closure. Bartack pencil stall on left pocket. Lined collar with sewn in stays. Two piece upper back yoke. Button closure cuffs. Industrial wash, durable press with Texpel finish.",https://d11ak7fd9ypfb7.cloudfront.net/styles1100px/S125NAR.jpg,,0.0,TRUE,InStock,0.41,,S125NARXXL,,,,Size,DROP_DOWN,XXL,Color,DROP_DOWN,Navy,,,,,,,,,,,,,Fit,<p>R</p>,Length,<p>44</p>,Width,<p>36</p>,Height,<p>38</p>,Box Quantity,<p>24</p>,Inner Pack Quantity,<p>1</p>,Country Of Origin,<p>CN</p>,Standards,<p></p>,,,,
S125,Variant,,"Six button front closure with snap at neck. Two chest pockets with button closure. Bartack pencil stall on left pocket. Lined collar with sewn in stays. Two piece upper back yoke. Button closure cuffs. Industrial wash, durable press with Texpel finish.",https://d11ak7fd9ypfb7.cloudfront.net/styles1100px/S125NAR.jpg,,0.0,TRUE,InStock,0.44,,S125NARXXXL,,,,Size,DROP_DOWN,XXXL,Color,DROP_DOWN,Navy,,,,,,,,,,,,,Fit,<p>R</p>,Length,<p>44</p>,Width,<p>36</p>,Height,<p>38</p>,Box Quantity,<p>24</p>,Inner Pack Quantity,<p>1</p>,Country Of Origin,<p>CN</p>,Standards,<p></p>,,,,
S130,Product,S130 - Ripstop Long Sleeve Shirt,"This long sleeve shirt is made from our Kingsmill Poly/Cotton ripstop fabric. Hard wearing and perfect for your every days needs.,",https://d11ak7fd9ypfb7.cloudfront.net/styles1100px/S130BKR.jpg,39.9,0.0,TRUE,InStock,0.999,,S130BKRL,,,,Size,DROP_DOWN,S;M;L;XL;XXL;XXXL,Color,DROP_DOWN,Dark Navy;Sand;Black,,,,,,,,,,,,,Fit,<p>R</p>,Length,<p>43</p>,Width,<p>28</p>,Height,<p>35</p>,Box Quantity,<p>24</p>,Inner Pack Quantity,<p>1</p>,Country Of Origin,<p>BD</p>,Standards,<p></p>,,,,
S130,Variant,,"This long sleeve shirt is made from our Kingsmill Poly/Cotton ripstop fabric. Hard wearing and perfect for your every days needs.,",https://d11ak7fd9ypfb7.cloudfront.net/styles1100px/S130BKR.jpg,,0.0,TRUE,InStock,0.999,,S130BKRL,,,,Size,DROP_DOWN,L,Color,DROP_DOWN,Black,,,,,,,,,,,,,Fit,<p>R</p>,Length,<p>43</p>,Width,<p>28</p>,Height,<p>35</p>,Box Quantity,<p>24</p>,Inner Pack Quantity,<p>1</p>,Country Of Origin,<p>BD</p>,Standards,<p></p>,,,,
S130,Variant,,"This long sleeve shirt is made from our Kingsmill Poly/Cotton ripstop fabric. Hard wearing and perfect for your every days needs.,",https://d11ak7fd9ypfb7.cloudfront.net/styles1100px/S130BKR.jpg,,0.0,TRUE,InStock,0.999,,S130BKRM,,,,Size,DROP_DOWN,M,Color,DROP_DOWN,Black,,,,,,,,,,,,,Fit,<p>R</p>,Length,<p>43</p>,Width,<p>28</p>,Height,<p>35</p>,Box Quantity,<p>24</p>,Inner Pack Quantity,<p>1</p>,Country Of Origin,<p>BD</p>,Standards,<p></p>,,,,
S130,Variant,,"This long sleeve shirt is made from our Kingsmill Poly/Cotton ripstop fabric. Hard wearing and perfect for your every days needs.,",https://d11ak7fd9ypfb7.cloudfront.net/styles1100px/S130BKR.jpg,,0.0,TRUE,InStock,0.999,,S130BKRS,,,,Size,DROP_DOWN,S,Color,DROP_DOWN,Black,,,,,,,,,,,,,Fit,<p>R</p>,Length,<p>43</p>,Width,<p>28</p>,Height,<p>35</p>,Box Quantity,<p>24</p>,Inner Pack Quantity,<p>1</p>,Country Of Origin,<p>BD</p>,Standards,<p></p>,,,,
S130,Variant,,"This long sleeve shirt is made from our Kingsmill Poly/Cotton ripstop fabric. Hard wearing and perfect for your every days needs.,",https://d11ak7fd9ypfb7.cloudfront.net/styles1100px/S130BKR.jpg,,0.0,TRUE,InStock,0.999,,S130BKRXL,,,,Size,DROP_DOWN,XL,Color,DROP_DOWN,Black,,,,,,,,,,,,,Fit,<p>R</p>,Length,<p>43</p>,Width,<p>28</p>,Height,<p>35</p>,Box Quantity,<p>24</p>,Inner Pack Quantity,<p>1</p>,Country Of Origin,<p>BD</p>,Standards,<p></p>,,,,
S130,Variant,,"This long sleeve shirt is made from our Kingsmill Poly/Cotton ripstop fabric. Hard wearing and perfect for your every days needs.,",https://d11ak7fd9ypfb7.cloudfront.net/styles1100px/S130BKR.jpg,,0.0,TRUE,InStock,0.999,,S130BKRXXL,,,,Size,DROP_DOWN,XXL,Color,DROP_DOWN,Black,,,,,,,,,,,,,Fit,<p>R</p>,Length,<p>43</p>,Width,<p>28</p>,Height,<p>35</p>,Box Quantity,<p>24</p>,Inner Pack Quantity,<p>1</p>,Country Of Origin,<p>BD</p>,Standards,<p></p>,,,,
S130,Variant,,"This long sleeve shirt is made from our Kingsmill Poly/Cotton ripstop fabric. Hard wearing and perfect for your every days needs.,",https://d11ak7fd9ypfb7.cloudfront.net/styles1100px/S130BKR.jpg,,0.0,TRUE,InStock,0.999,,S130BKRXXXL,,,,Size,DROP_DOWN,XXXL,Color,DROP_DOWN,Black,,,,,,,,,,,,,Fit,<p>R</p>,Length,<p>43</p>,Width,<p>28</p>,Height,<p>35</p>,Box Quantity,<p>24</p>,Inner Pack Quantity,<p>1</p>,Country Of Origin,<p>BD</p>,Standards,<p></p>,,,,
S130,Variant,,"This long sleeve shirt is made from our Kingsmill Poly/Cotton ripstop fabric. Hard wearing and perfect for your every days needs.,",https://d11ak7fd9ypfb7.cloudfront.net/styles1100px/S130DNR.jpg,,0.0,TRUE,InStock,0.999,,S130DNRL,,,,Size,DROP_DOWN,L,Color,DROP_DOWN,Dark Navy,,,,,,,,,,,,,Fit,<p>R</p>,Length,<p>43</p>,Width,<p>28</p>,Height,<p>35</p>,Box Quantity,<p>24</p>,Inner Pack Quantity,<p>1</p>,Country Of Origin,<p>BD</p>,Standards,<p></p>,,,,
S130,Variant,,"This long sleeve shirt is made from our Kingsmill Poly/Cotton ripstop fabric. Hard wearing and perfect for your every days needs.,",https://d11ak7fd9ypfb7.cloudfront.net/styles1100px/S130DNR.jpg,,0.0,TRUE,InStock,0.999,,S130DNRM,,,,Size,DROP_DOWN,M,Color,DROP_DOWN,Dark Navy,,,,,,,,,,,,,Fit,<p>R</p>,Length,<p>43</p>,Width,<p>28</p>,Height,<p>35</p>,Box Quantity,<p>24</p>,Inner Pack Quantity,<p>1</p>,Country Of Origin,<p>BD</p>,Standards,<p></p>,,,,
S130,Variant,,"This long sleeve shirt is made from our Kingsmill Poly/Cotton ripstop fabric. Hard wearing and perfect for your every days needs.,",https://d11ak7fd9ypfb7.cloudfront.net/styles1100px/S130DNR.jpg,,0.0,TRUE,InStock,0.999,,S130DNRS,,,,Size,DROP_DOWN,S,Color,DROP_DOWN,Dark Navy,,,,,,,,,,,,,Fit,<p>R</p>,Length,<p>43</p>,Width,<p>28</p>,Height,<p>35</p>,Box Quantity,<p>24</p>,Inner Pack Quantity,<p>1</p>,Country Of Origin,<p>BD</p>,Standards,<p></p>,,,,
S130,Variant,,"This long sleeve shirt is made from our Kingsmill Poly/Cotton ripstop fabric. Hard wearing and perfect for your every days needs.,",https://d11ak7fd9ypfb7.cloudfront.net/styles1100px/S130DNR.jpg,,0.0,TRUE,InStock,0.999,,S130DNRXL,,,,Size,DROP_DOWN,XL,Color,DROP_DOWN,Dark Navy,,,,,,,,,,,,,Fit,<p>R</p>,Length,<p>43</p>,Width,<p>28</p>,Height,<p>35</p>,Box Quantity,<p>24</p>,Inner Pack Quantity,<p>1</p>,Country Of Origin,<p>BD</p>,Standards,<p></p>,,,,
S130,Variant,,"This long sleeve shirt is made from our Kingsmill Poly/Cotton ripstop fabric. Hard wearing and perfect for your every days needs.,",https://d11ak7fd9ypfb7.cloudfront.net/styles1100px/S130DNR.jpg,,0.0,TRUE,InStock,0.999,,S130DNRXXL,,,,Size,DROP_DOWN,XXL,Color,DROP_DOWN,Dark Navy,,,,,,,,,,,,,Fit,<p>R</p>,Length,<p>43</p>,Width,<p>28</p>,Height,<p>35</p>,Box Quantity,<p>24</p>,Inner Pack Quantity,<p>1</p>,Country Of Origin,<p>BD</p>,Standards,<p></p>,,,,
S130,Variant,,"This long sleeve shirt is made from our Kingsmill Poly/Cotton ripstop fabric. Hard wearing and perfect for your every days needs.,",https://d11ak7fd9ypfb7.cloudfront.net/styles1100px/S130DNR.jpg,,0.0,TRUE,InStock,0.999,,S130DNRXXXL,,,,Size,DROP_DOWN,XXXL,Color,DROP_DOWN,Dark Navy,,,,,,,,,,,,,Fit,<p>R</p>,Length,<p>43</p>,Width,<p>28</p>,Height,<p>35</p>,Box Quantity,<p>24</p>,Inner Pack Quantity,<p>1</p>,Country Of Origin,<p>BD</p>,Standards,<p></p>,,,,
S130,Variant,,"This long sleeve shirt is made from our Kingsmill Poly/Cotton ripstop fabric. Hard wearing and perfect for your every days needs.,",https://d11ak7fd9ypfb7.cloudfront.net/styles1100px/S130SAR.jpg,,0.0,TRUE,InStock,0.999,,S130SARL,,,,Size,DROP_DOWN,L,Color,DROP_DOWN,Sand,,,,,,,,,,,,,Fit,<p>R</p>,Length,<p>43</p>,Width,<p>28</p>,Height,<p>35</p>,Box Quantity,<p>24</p>,Inner Pack Quantity,<p>1</p>,Country Of Origin,<p>BD</p>,Standards,<p></p>,,,,
S130,Variant,,"This long sleeve shirt is made from our Kingsmill Poly/Cotton ripstop fabric. Hard wearing and perfect for your every days needs.,",https://d11ak7fd9ypfb7.cloudfront.net/styles1100px/S130SAR.jpg,,0.0,TRUE,InStock,0.999,,S130SARM,,,,Size,DROP_DOWN,M,Color,DROP_DOWN,Sand,,,,,,,,,,,,,Fit,<p>R</p>,Length,<p>43</p>,Width,<p>28</p>,Height,<p>35</p>,Box Quantity,<p>24</p>,Inner Pack Quantity,<p>1</p>,Country Of Origin,<p>BD</p>,Standards,<p></p>,,,,
S130,Variant,,"This long sleeve shirt is made from our Kingsmill Poly/Cotton ripstop fabric. Hard wearing and perfect for your every days needs.,",https://d11ak7fd9ypfb7.cloudfront.net/styles1100px/S130SAR.jpg,,0.0,TRUE,InStock,0.999,,S130SARS,,,,Size,DROP_DOWN,S,Color,DROP_DOWN,Sand,,,,,,,,,,,,,Fit,<p>R</p>,Length,<p>43</p>,Width,<p>28</p>,Height,<p>35</p>,Box Quantity,<p>24</p>,Inner Pack Quantity,<p>1</p>,Country Of Origin,<p>BD</p>,Standards,<p></p>,,,,
S130,Variant,,"This long sleeve shirt is made from our Kingsmill Poly/Cotton ripstop fabric. Hard wearing and perfect for your every days needs.,",https://d11ak7fd9ypfb7.cloudfront.net/styles1100px/S130SAR.jpg,,0.0,TRUE,InStock,0.999,,S130SARXL,,,,Size,DROP_DOWN,XL,Color,DROP_DOWN,Sand,,,,,,,,,,,,,Fit,<p>R</p>,Length,<p>43</p>,Width,<p>28</p>,Height,<p>35</p>,Box Quantity,<p>24</p>,Inner Pack Quantity,<p>1</p>,Country Of Origin,<p>BD</p>,Standards,<p></p>,,,,
S130,Variant,,"This long sleeve shirt is made from our Kingsmill Poly/Cotton ripstop fabric. Hard wearing and perfect for your every days needs.,",https://d11ak7fd9ypfb7.cloudfront.net/styles1100px/S130SAR.jpg,,0.0,TRUE,InStock,0.999,,S130SARXXL,,,,Size,DROP_DOWN,XXL,Color,DROP_DOWN,Sand,,,,,,,,,,,,,Fit,<p>R</p>,Length,<p>43</p>,Width,<p>28</p>,Height,<p>35</p>,Box Quantity,<p>24</p>,Inner Pack Quantity,<p>1</p>,Country Of Origin,<p>BD</p>,Standards,<p></p>,,,,
S130,Variant,,"This long sleeve shirt is made from our Kingsmill Poly/Cotton ripstop fabric. Hard wearing and perfect for your every days needs.,",https://d11ak7fd9ypfb7.cloudfront.net/styles1100px/S130SAR.jpg,,0.0,TRUE,InStock,0.999,,S130SARXXXL,,,,Size,DROP_DOWN,XXXL,Color,DROP_DOWN,Sand,,,,,,,,,,,,,Fit,<p>R</p>,Length,<p>43</p>,Width,<p>28</p>,Height,<p>35</p>,Box Quantity,<p>24</p>,Inner Pack Quantity,<p>1</p>,Country Of Origin,<p>BD</p>,Standards,<p></p>,,,,
S156,Product,S156 - Portwest Knee Pad,Ergonomically designed to contour to your knee Durable high density EVA protects and gives comfort to the wearer Fits all Portwest knee pad pockets,https://d11ak7fd9ypfb7.cloudfront.net/styles1100px/S156BKR.jpg,10.3,0.0,TRUE,InStock,0.099,Accessories;Kneepads & Mats,S156BKR,,,,Size,DROP_DOWN,,Color,DROP_DOWN,Black,,,,,,,,,,,,,Fit,<p>R</p>,Length,<p>76</p>,Width,<p>54</p>,Height,<p>49</p>,Box Quantity,<p>96</p>,Inner Pack Quantity,<p>24</p>,Country Of Origin,<p>CN</p>,Standards,<ul><li>EN 14404:2004+A1:2010 Type 2  Level 0</li></ul>,,,,
S170,Product,S170 - Cotton Comfort Short Sleeve T-Shirt,"Using our Cotton Comfort fabric which is lightweight and breathable, this short sleeve t-shirt has a taped neck seam for extra comfort and uses reflective tape for enhanced visibility.",https://d11ak7fd9ypfb7.cloudfront.net/styles1100px/S170ORR.jpg,21.9,0.0,TRUE,InStock,0.265,,S170ORR4XL,,,,Size,DROP_DOWN,S;M;L;XL;XXL;XXXL;4XL;5XL,Color,DROP_DOWN,Yellow;Orange;Yellow Tall,,,,,,,,,,,,,Fit,<p>R</p>,Length,<p>43</p>,Width,<p>28</p>,Height,<p>46</p>,Box Quantity,<p>48</p>,Inner Pack Quantity,<p>1</p>,Country Of Origin,<p>BD</p>,Standards,<ul><li>EN ISO 20471 Class 2</li><li>ANSI/ISEA 107 TYPE R CLASS 2</li><li>RIS-3279-TOM  ISSUE 1 (ORANGE ONLY)</li></ul>,,,,
S170,Variant,,"Using our Cotton Comfort fabric which is lightweight and breathable, this short sleeve t-shirt has a taped neck seam for extra comfort and uses reflective tape for enhanced visibility.",https://d11ak7fd9ypfb7.cloudfront.net/styles1100px/S170ORR.jpg,,0.0,TRUE,InStock,0.265,,S170ORR4XL,,,,Size,DROP_DOWN,4XL,Color,DROP_DOWN,Orange,,,,,,,,,,,,,Fit,<p>R</p>,Length,<p>43</p>,Width,<p>28</p>,Height,<p>46</p>,Box Quantity,<p>48</p>,Inner Pack Quantity,<p>1</p>,Country Of Origin,<p>BD</p>,Standards,<ul><li>EN ISO 20471 Class 2</li><li>ANSI/ISEA 107 TYPE R CLASS 2</li><li>RIS-3279-TOM  ISSUE 1 (ORANGE ONLY)</li></ul>,,,,
S170,Variant,,"Using our Cotton Comfort fabric which is lightweight and breathable, this short sleeve t-shirt has a taped neck seam for extra comfort and uses reflective tape for enhanced visibility.",https://d11ak7fd9ypfb7.cloudfront.net/styles1100px/S170ORR.jpg,,0.0,TRUE,InStock,0.275,,S170ORR5XL,,,,Size,DROP_DOWN,5XL,Color,DROP_DOWN,Orange,,,,,,,,,,,,,Fit,<p>R</p>,Length,<p>43</p>,Width,<p>28</p>,Height,<p>46</p>,Box Quantity,<p>48</p>,Inner Pack Quantity,<p>1</p>,Country Of Origin,<p>BD</p>,Standards,<ul><li>EN ISO 20471 Class 2</li><li>ANSI/ISEA 107 TYPE R CLASS 2</li><li>RIS-3279-TOM  ISSUE 1 (ORANGE ONLY)</li></ul>,,,,
S170,Variant,,"Using our Cotton Comfort fabric which is lightweight and breathable, this short sleeve t-shirt has a taped neck seam for extra comfort and uses reflective tape for enhanced visibility.",https://d11ak7fd9ypfb7.cloudfront.net/styles1100px/S170ORR.jpg,,0.0,TRUE,InStock,0.225,,S170ORRL,,,,Size,DROP_DOWN,L,Color,DROP_DOWN,Orange,,,,,,,,,,,,,Fit,<p>R</p>,Length,<p>43</p>,Width,<p>28</p>,Height,<p>46</p>,Box Quantity,<p>48</p>,Inner Pack Quantity,<p>1</p>,Country Of Origin,<p>BD</p>,Standards,<ul><li>EN ISO 20471 Class 2</li><li>ANSI/ISEA 107 TYPE R CLASS 2</li><li>RIS-3279-TOM  ISSUE 1 (ORANGE ONLY)</li></ul>,,,,
S170,Variant,,"Using our Cotton Comfort fabric which is lightweight and breathable, this short sleeve t-shirt has a taped neck seam for extra comfort and uses reflective tape for enhanced visibility.",https://d11ak7fd9ypfb7.cloudfront.net/styles1100px/S170ORR.jpg,,0.0,TRUE,InStock,0.22,,S170ORRM,,,,Size,DROP_DOWN,M,Color,DROP_DOWN,Orange,,,,,,,,,,,,,Fit,<p>R</p>,Length,<p>43</p>,Width,<p>28</p>,Height,<p>46</p>,Box Quantity,<p>48</p>,Inner Pack Quantity,<p>1</p>,Country Of Origin,<p>BD</p>,Standards,<ul><li>EN ISO 20471 Class 2</li><li>ANSI/ISEA 107 TYPE R CLASS 2</li><li>RIS-3279-TOM  ISSUE 1 (ORANGE ONLY)</li></ul>,,,,
S170,Variant,,"Using our Cotton Comfort fabric which is lightweight and breathable, this short sleeve t-shirt has a taped neck seam for extra comfort and uses reflective tape for enhanced visibility.",https://d11ak7fd9ypfb7.cloudfront.net/styles1100px/S170ORR.jpg,,0.0,TRUE,InStock,0.215,,S170ORRS,,,,Size,DROP_DOWN,S,Color,DROP_DOWN,Orange,,,,,,,,,,,,,Fit,<p>R</p>,Length,<p>43</p>,Width,<p>28</p>,Height,<p>46</p>,Box Quantity,<p>48</p>,Inner Pack Quantity,<p>1</p>,Country Of Origin,<p>BD</p>,Standards,<ul><li>EN ISO 20471 Class 2</li><li>ANSI/ISEA 107 TYPE R CLASS 2</li><li>RIS-3279-TOM  ISSUE 1 (ORANGE ONLY)</li></ul>,,,,
S170,Variant,,"Using our Cotton Comfort fabric which is lightweight and breathable, this short sleeve t-shirt has a taped neck seam for extra comfort and uses reflective tape for enhanced visibility.",https://d11ak7fd9ypfb7.cloudfront.net/styles1100px/S170ORR.jpg,,0.0,TRUE,InStock,0.235,,S170ORRXL,,,,Size,DROP_DOWN,XL,Color,DROP_DOWN,Orange,,,,,,,,,,,,,Fit,<p>R</p>,Length,<p>43</p>,Width,<p>28</p>,Height,<p>46</p>,Box Quantity,<p>48</p>,Inner Pack Quantity,<p>1</p>,Country Of Origin,<p>BD</p>,Standards,<ul><li>EN ISO 20471 Class 2</li><li>ANSI/ISEA 107 TYPE R CLASS 2</li><li>RIS-3279-TOM  ISSUE 1 (ORANGE ONLY)</li></ul>,,,,
S170,Variant,,"Using our Cotton Comfort fabric which is lightweight and breathable, this short sleeve t-shirt has a taped neck seam for extra comfort and uses reflective tape for enhanced visibility.",https://d11ak7fd9ypfb7.cloudfront.net/styles1100px/S170ORR.jpg,,0.0,TRUE,InStock,0.245,,S170ORRXXL,,,,Size,DROP_DOWN,XXL,Color,DROP_DOWN,Orange,,,,,,,,,,,,,Fit,<p>R</p>,Length,<p>43</p>,Width,<p>28</p>,Height,<p>46</p>,Box Quantity,<p>48</p>,Inner Pack Quantity,<p>1</p>,Country Of Origin,<p>BD</p>,Standards,<ul><li>EN ISO 20471 Class 2</li><li>ANSI/ISEA 107 TYPE R CLASS 2</li><li>RIS-3279-TOM  ISSUE 1 (ORANGE ONLY)</li></ul>,,,,
S170,Variant,,"Using our Cotton Comfort fabric which is lightweight and breathable, this short sleeve t-shirt has a taped neck seam for extra comfort and uses reflective tape for enhanced visibility.",https://d11ak7fd9ypfb7.cloudfront.net/styles1100px/S170ORR.jpg,,0.0,TRUE,InStock,0.255,,S170ORRXXXL,,,,Size,DROP_DOWN,XXXL,Color,DROP_DOWN,Orange,,,,,,,,,,,,,Fit,<p>R</p>,Length,<p>43</p>,Width,<p>28</p>,Height,<p>46</p>,Box Quantity,<p>48</p>,Inner Pack Quantity,<p>1</p>,Country Of Origin,<p>BD</p>,Standards,<ul><li>EN ISO 20471 Class 2</li><li>ANSI/ISEA 107 TYPE R CLASS 2</li><li>RIS-3279-TOM  ISSUE 1 (ORANGE ONLY)</li></ul>,,,,
S170,Variant,,"Using our Cotton Comfort fabric which is lightweight and breathable, this short sleeve t-shirt has a taped neck seam for extra comfort and uses reflective tape for enhanced visibility.",https://d11ak7fd9ypfb7.cloudfront.net/styles1100px/S170YER.jpg,,0.0,TRUE,InStock,0.265,,S170YER4XL,,,,Size,DROP_DOWN,4XL,Color,DROP_DOWN,Yellow,,,,,,,,,,,,,Fit,<p>R</p>,Length,<p>43</p>,Width,<p>28</p>,Height,<p>46</p>,Box Quantity,<p>48</p>,Inner Pack Quantity,<p>1</p>,Country Of Origin,<p>BD</p>,Standards,<ul><li>EN ISO 20471 Class 2</li><li>ANSI/ISEA 107 TYPE R CLASS 2</li><li>RIS-3279-TOM  ISSUE 1 (ORANGE ONLY)</li></ul>,,,,
S170,Variant,,"Using our Cotton Comfort fabric which is lightweight and breathable, this short sleeve t-shirt has a taped neck seam for extra comfort and uses reflective tape for enhanced visibility.",https://d11ak7fd9ypfb7.cloudfront.net/styles1100px/S170YER.jpg,,0.0,TRUE,InStock,0.275,,S170YER5XL,,,,Size,DROP_DOWN,5XL,Color,DROP_DOWN,Yellow,,,,,,,,,,,,,Fit,<p>R</p>,Length,<p>43</p>,Width,<p>28</p>,Height,<p>46</p>,Box Quantity,<p>48</p>,Inner Pack Quantity,<p>1</p>,Country Of Origin,<p>BD</p>,Standards,<ul><li>EN ISO 20471 Class 2</li><li>ANSI/ISEA 107 TYPE R CLASS 2</li><li>RIS-3279-TOM  ISSUE 1 (ORANGE ONLY)</li></ul>,,,,
S170,Variant,,"Using our Cotton Comfort fabric which is lightweight and breathable, this short sleeve t-shirt has a taped neck seam for extra comfort and uses reflective tape for enhanced visibility.",https://d11ak7fd9ypfb7.cloudfront.net/styles1100px/S170YER.jpg,,0.0,TRUE,InStock,0.225,,S170YERL,,,,Size,DROP_DOWN,L,Color,DROP_DOWN,Yellow,,,,,,,,,,,,,Fit,<p>R</p>,Length,<p>43</p>,Width,<p>28</p>,Height,<p>46</p>,Box Quantity,<p>48</p>,Inner Pack Quantity,<p>1</p>,Country Of Origin,<p>BD</p>,Standards,<ul><li>EN ISO 20471 Class 2</li><li>ANSI/ISEA 107 TYPE R CLASS 2</li><li>RIS-3279-TOM  ISSUE 1 (ORANGE ONLY)</li></ul>,,,,
S170,Variant,,"Using our Cotton Comfort fabric which is lightweight and breathable, this short sleeve t-shirt has a taped neck seam for extra comfort and uses reflective tape for enhanced visibility.",https://d11ak7fd9ypfb7.cloudfront.net/styles1100px/S170YER.jpg,,0.0,TRUE,InStock,0.22,,S170YERM,,,,Size,DROP_DOWN,M,Color,DROP_DOWN,Yellow,,,,,,,,,,,,,Fit,<p>R</p>,Length,<p>43</p>,Width,<p>28</p>,Height,<p>46</p>,Box Quantity,<p>48</p>,Inner Pack Quantity,<p>1</p>,Country Of Origin,<p>BD</p>,Standards,<ul><li>EN ISO 20471 Class 2</li><li>ANSI/ISEA 107 TYPE R CLASS 2</li><li>RIS-3279-TOM  ISSUE 1 (ORANGE ONLY)</li></ul>,,,,
S170,Variant,,"Using our Cotton Comfort fabric which is lightweight and breathable, this short sleeve t-shirt has a taped neck seam for extra comfort and uses reflective tape for enhanced visibility.",https://d11ak7fd9ypfb7.cloudfront.net/styles1100px/S170YER.jpg,,0.0,TRUE,InStock,0.215,,S170YERS,,,,Size,DROP_DOWN,S,Color,DROP_DOWN,Yellow,,,,,,,,,,,,,Fit,<p>R</p>,Length,<p>43</p>,Width,<p>28</p>,Height,<p>46</p>,Box Quantity,<p>48</p>,Inner Pack Quantity,<p>1</p>,Country Of Origin,<p>BD</p>,Standards,<ul><li>EN ISO 20471 Class 2</li><li>ANSI/ISEA 107 TYPE R CLASS 2</li><li>RIS-3279-TOM  ISSUE 1 (ORANGE ONLY)</li></ul>,,,,
S170,Variant,,"Using our Cotton Comfort fabric which is lightweight and breathable, this short sleeve t-shirt has a taped neck seam for extra comfort and uses reflective tape for enhanced visibility.",https://d11ak7fd9ypfb7.cloudfront.net/styles1100px/S170YER.jpg,,0.0,TRUE,InStock,0.235,,S170YERXL,,,,Size,DROP_DOWN,XL,Color,DROP_DOWN,Yellow,,,,,,,,,,,,,Fit,<p>R</p>,Length,<p>43</p>,Width,<p>28</p>,Height,<p>46</p>,Box Quantity,<p>48</p>,Inner Pack Quantity,<p>1</p>,Country Of Origin,<p>BD</p>,Standards,<ul><li>EN ISO 20471 Class 2</li><li>ANSI/ISEA 107 TYPE R CLASS 2</li><li>RIS-3279-TOM  ISSUE 1 (ORANGE ONLY)</li></ul>,,,,
S170,Variant,,"Using our Cotton Comfort fabric which is lightweight and breathable, this short sleeve t-shirt has a taped neck seam for extra comfort and uses reflective tape for enhanced visibility.",https://d11ak7fd9ypfb7.cloudfront.net/styles1100px/S170YER.jpg,,0.0,TRUE,InStock,0.245,,S170YERXXL,,,,Size,DROP_DOWN,XXL,Color,DROP_DOWN,Yellow,,,,,,,,,,,,,Fit,<p>R</p>,Length,<p>43</p>,Width,<p>28</p>,Height,<p>46</p>,Box Quantity,<p>48</p>,Inner Pack Quantity,<p>1</p>,Country Of Origin,<p>BD</p>,Standards,<ul><li>EN ISO 20471 Class 2</li><li>ANSI/ISEA 107 TYPE R CLASS 2</li><li>RIS-3279-TOM  ISSUE 1 (ORANGE ONLY)</li></ul>,,,,
S170,Variant,,"Using our Cotton Comfort fabric which is lightweight and breathable, this short sleeve t-shirt has a taped neck seam for extra comfort and uses reflective tape for enhanced visibility.",https://d11ak7fd9ypfb7.cloudfront.net/styles1100px/S170YER.jpg,,0.0,TRUE,InStock,0.255,,S170YERXXXL,,,,Size,DROP_DOWN,XXXL,Color,DROP_DOWN,Yellow,,,,,,,,,,,,,Fit,<p>R</p>,Length,<p>43</p>,Width,<p>28</p>,Height,<p>46</p>,Box Quantity,<p>48</p>,Inner Pack Quantity,<p>1</p>,Country Of Origin,<p>BD</p>,Standards,<ul><li>EN ISO 20471 Class 2</li><li>ANSI/ISEA 107 TYPE R CLASS 2</li><li>RIS-3279-TOM  ISSUE 1 (ORANGE ONLY)</li></ul>,,,,
S170,Variant,,"Using our Cotton Comfort fabric which is lightweight and breathable, this short sleeve t-shirt has a taped neck seam for extra comfort and uses reflective tape for enhanced visibility.",https://d11ak7fd9ypfb7.cloudfront.net/styles1100px/S170YET.jpg,,0.0,TRUE,InStock,0.999,,S170YET4XL,,,,Size,DROP_DOWN,4XL,Color,DROP_DOWN,Yellow Tall,,,,,,,,,,,,,Fit,<p>T</p>,Length,<p>43</p>,Width,<p>28</p>,Height,<p>46</p>,Box Quantity,<p>48</p>,Inner Pack Quantity,<p>1</p>,Country Of Origin,<p>BD</p>,Standards,<ul><li>EN ISO 20471 Class 2</li><li>ANSI/ISEA 107 TYPE R CLASS 2</li><li>RIS-3279-TOM  ISSUE 1 (ORANGE ONLY)</li></ul>,,,,
S170,Variant,,"Using our Cotton Comfort fabric which is lightweight and breathable, this short sleeve t-shirt has a taped neck seam for extra comfort and uses reflective tape for enhanced visibility.",https://d11ak7fd9ypfb7.cloudfront.net/styles1100px/S170YET.jpg,,0.0,TRUE,InStock,0.999,,S170YET5XL,,,,Size,DROP_DOWN,5XL,Color,DROP_DOWN,Yellow Tall,,,,,,,,,,,,,Fit,<p>T</p>,Length,<p>43</p>,Width,<p>28</p>,Height,<p>46</p>,Box Quantity,<p>48</p>,Inner Pack Quantity,<p>1</p>,Country Of Origin,<p>BD</p>,Standards,<ul><li>EN ISO 20471 Class 2</li><li>ANSI/ISEA 107 TYPE R CLASS 2</li><li>RIS-3279-TOM  ISSUE 1 (ORANGE ONLY)</li></ul>,,,,
S170,Variant,,"Using our Cotton Comfort fabric which is lightweight and breathable, this short sleeve t-shirt has a taped neck seam for extra comfort and uses reflective tape for enhanced visibility.",https://d11ak7fd9ypfb7.cloudfront.net/styles1100px/S170YET.jpg,,0.0,TRUE,InStock,0.999,,S170YETL,,,,Size,DROP_DOWN,L,Color,DROP_DOWN,Yellow Tall,,,,,,,,,,,,,Fit,<p>T</p>,Length,<p>43</p>,Width,<p>28</p>,Height,<p>46</p>,Box Quantity,<p>48</p>,Inner Pack Quantity,<p>1</p>,Country Of Origin,<p>BD</p>,Standards,<ul><li>EN ISO 20471 Class 2</li><li>ANSI/ISEA 107 TYPE R CLASS 2</li><li>RIS-3279-TOM  ISSUE 1 (ORANGE ONLY)</li></ul>,,,,
S170,Variant,,"Using our Cotton Comfort fabric which is lightweight and breathable, this short sleeve t-shirt has a taped neck seam for extra comfort and uses reflective tape for enhanced visibility.",https://d11ak7fd9ypfb7.cloudfront.net/styles1100px/S170YET.jpg,,0.0,TRUE,InStock,0.999,,S170YETXL,,,,Size,DROP_DOWN,XL,Color,DROP_DOWN,Yellow Tall,,,,,,,,,,,,,Fit,<p>T</p>,Length,<p>43</p>,Width,<p>28</p>,Height,<p>46</p>,Box Quantity,<p>48</p>,Inner Pack Quantity,<p>1</p>,Country Of Origin,<p>BD</p>,Standards,<ul><li>EN ISO 20471 Class 2</li><li>ANSI/ISEA 107 TYPE R CLASS 2</li><li>RIS-3279-TOM  ISSUE 1 (ORANGE ONLY)</li></ul>,,,,
S170,Variant,,"Using our Cotton Comfort fabric which is lightweight and breathable, this short sleeve t-shirt has a taped neck seam for extra comfort and uses reflective tape for enhanced visibility.",https://d11ak7fd9ypfb7.cloudfront.net/styles1100px/S170YET.jpg,,0.0,TRUE,InStock,0.999,,S170YETXXL,,,,Size,DROP_DOWN,XXL,Color,DROP_DOWN,Yellow Tall,,,,,,,,,,,,,Fit,<p>T</p>,Length,<p>43</p>,Width,<p>28</p>,Height,<p>46</p>,Box Quantity,<p>48</p>,Inner Pack Quantity,<p>1</p>,Country Of Origin,<p>BD</p>,Standards,<ul><li>EN ISO 20471 Class 2</li><li>ANSI/ISEA 107 TYPE R CLASS 2</li><li>RIS-3279-TOM  ISSUE 1 (ORANGE ONLY)</li></ul>,,,,
S170,Variant,,"Using our Cotton Comfort fabric which is lightweight and breathable, this short sleeve t-shirt has a taped neck seam for extra comfort and uses reflective tape for enhanced visibility.",https://d11ak7fd9ypfb7.cloudfront.net/styles1100px/S170YET.jpg,,0.0,TRUE,InStock,0.999,,S170YETXXXL,,,,Size,DROP_DOWN,XXXL,Color,DROP_DOWN,Yellow Tall,,,,,,,,,,,,,Fit,<p>T</p>,Length,<p>43</p>,Width,<p>28</p>,Height,<p>46</p>,Box Quantity,<p>48</p>,Inner Pack Quantity,<p>1</p>,Country Of Origin,<p>BD</p>,Standards,<ul><li>EN ISO 20471 Class 2</li><li>ANSI/ISEA 107 TYPE R CLASS 2</li><li>RIS-3279-TOM  ISSUE 1 (ORANGE ONLY)</li></ul>,,,,
S190,Product,S190 - Hi-Vis Pocket T-Shirt,"This pocket t-shirt uses moisture wicking polyester fabric. Features include a pocket on the left chest, a crew neck, a taped neck seam for extra comfort and reflective heat seal tape for enhanced visibility.",https://d11ak7fd9ypfb7.cloudfront.net/styles1100px/S190ORR.jpg,20.5,0.0,TRUE,InStock,0.3,,S190ORR4XL,,,,Size,DROP_DOWN,S;M;L;XL;XXL;XXXL;4XL;5XL,Color,DROP_DOWN,Yellow;Orange;Yellow Tall,,,,,,,,,,,,,Fit,<p>R</p>,Length,<p>43</p>,Width,<p>28</p>,Height,<p>46</p>,Box Quantity,<p>48</p>,Inner Pack Quantity,<p>1</p>,Country Of Origin,<p>BD</p>,Standards,<ul><li>EN ISO 20471 Class 2</li><li>ANSI/ISEA 107 TYPE R CLASS 2</li><li>RIS-3279-TOM  ISSUE 1 (ORANGE ONLY)</li></ul>,,,,
S190,Variant,,"This pocket t-shirt uses moisture wicking polyester fabric. Features include a pocket on the left chest, a crew neck, a taped neck seam for extra comfort and reflective heat seal tape for enhanced visibility.",https://d11ak7fd9ypfb7.cloudfront.net/styles1100px/S190ORR.jpg,,0.0,TRUE,InStock,0.3,,S190ORR4XL,,,,Size,DROP_DOWN,4XL,Color,DROP_DOWN,Orange,,,,,,,,,,,,,Fit,<p>R</p>,Length,<p>43</p>,Width,<p>28</p>,Height,<p>46</p>,Box Quantity,<p>48</p>,Inner Pack Quantity,<p>1</p>,Country Of Origin,<p>BD</p>,Standards,<ul><li>EN ISO 20471 Class 2</li><li>ANSI/ISEA 107 TYPE R CLASS 2</li><li>RIS-3279-TOM  ISSUE 1 (ORANGE ONLY)</li></ul>,,,,
S190,Variant,,"This pocket t-shirt uses moisture wicking polyester fabric. Features include a pocket on the left chest, a crew neck, a taped neck seam for extra comfort and reflective heat seal tape for enhanced visibility.",https://d11ak7fd9ypfb7.cloudfront.net/styles1100px/S190ORR.jpg,,0.0,TRUE,InStock,0.32,,S190ORR5XL,,,,Size,DROP_DOWN,5XL,Color,DROP_DOWN,Orange,,,,,,,,,,,,,Fit,<p>R</p>,Length,<p>43</p>,Width,<p>28</p>,Height,<p>46</p>,Box Quantity,<p>48</p>,Inner Pack Quantity,<p>1</p>,Country Of Origin,<p>BD</p>,Standards,<ul><li>EN ISO 20471 Class 2</li><li>ANSI/ISEA 107 TYPE R CLASS 2</li><li>RIS-3279-TOM  ISSUE 1 (ORANGE ONLY)</li></ul>,,,,
S190,Variant,,"This pocket t-shirt uses moisture wicking polyester fabric. Features include a pocket on the left chest, a crew neck, a taped neck seam for extra comfort and reflective heat seal tape for enhanced visibility.",https://d11ak7fd9ypfb7.cloudfront.net/styles1100px/S190ORR.jpg,,0.0,TRUE,InStock,0.22,,S190ORRL,,,,Size,DROP_DOWN,L,Color,DROP_DOWN,Orange,,,,,,,,,,,,,Fit,<p>R</p>,Length,<p>43</p>,Width,<p>28</p>,Height,<p>46</p>,Box Quantity,<p>48</p>,Inner Pack Quantity,<p>1</p>,Country Of Origin,<p>BD</p>,Standards,<ul><li>EN ISO 20471 Class 2</li><li>ANSI/ISEA 107 TYPE R CLASS 2</li><li>RIS-3279-TOM  ISSUE 1 (ORANGE ONLY)</li></ul>,,,,
S190,Variant,,"This pocket t-shirt uses moisture wicking polyester fabric. Features include a pocket on the left chest, a crew neck, a taped neck seam for extra comfort and reflective heat seal tape for enhanced visibility.",https://d11ak7fd9ypfb7.cloudfront.net/styles1100px/S190ORR.jpg,,0.0,TRUE,InStock,0.2,,S190ORRM,,,,Size,DROP_DOWN,M,Color,DROP_DOWN,Orange,,,,,,,,,,,,,Fit,<p>R</p>,Length,<p>43</p>,Width,<p>28</p>,Height,<p>46</p>,Box Quantity,<p>48</p>,Inner Pack Quantity,<p>1</p>,Country Of Origin,<p>BD</p>,Standards,<ul><li>EN ISO 20471 Class 2</li><li>ANSI/ISEA 107 TYPE R CLASS 2</li><li>RIS-3279-TOM  ISSUE 1 (ORANGE ONLY)</li></ul>,,,,
S190,Variant,,"This pocket t-shirt uses moisture wicking polyester fabric. Features include a pocket on the left chest, a crew neck, a taped neck seam for extra comfort and reflective heat seal tape for enhanced visibility.",https://d11ak7fd9ypfb7.cloudfront.net/styles1100px/S190ORR.jpg,,0.0,TRUE,InStock,0.19,,S190ORRS,,,,Size,DROP_DOWN,S,Color,DROP_DOWN,Orange,,,,,,,,,,,,,Fit,<p>R</p>,Length,<p>43</p>,Width,<p>28</p>,Height,<p>46</p>,Box Quantity,<p>48</p>,Inner Pack Quantity,<p>1</p>,Country Of Origin,<p>BD</p>,Standards,<ul><li>EN ISO 20471 Class 2</li><li>ANSI/ISEA 107 TYPE R CLASS 2</li><li>RIS-3279-TOM  ISSUE 1 (ORANGE ONLY)</li></ul>,,,,
S190,Variant,,"This pocket t-shirt uses moisture wicking polyester fabric. Features include a pocket on the left chest, a crew neck, a taped neck seam for extra comfort and reflective heat seal tape for enhanced visibility.",https://d11ak7fd9ypfb7.cloudfront.net/styles1100px/S190ORR.jpg,,0.0,TRUE,InStock,0.24,,S190ORRXL,,,,Size,DROP_DOWN,XL,Color,DROP_DOWN,Orange,,,,,,,,,,,,,Fit,<p>R</p>,Length,<p>43</p>,Width,<p>28</p>,Height,<p>46</p>,Box Quantity,<p>48</p>,Inner Pack Quantity,<p>1</p>,Country Of Origin,<p>BD</p>,Standards,<ul><li>EN ISO 20471 Class 2</li><li>ANSI/ISEA 107 TYPE R CLASS 2</li><li>RIS-3279-TOM  ISSUE 1 (ORANGE ONLY)</li></ul>,,,,
S190,Variant,,"This pocket t-shirt uses moisture wicking polyester fabric. Features include a pocket on the left chest, a crew neck, a taped neck seam for extra comfort and reflective heat seal tape for enhanced visibility.",https://d11ak7fd9ypfb7.cloudfront.net/styles1100px/S190ORR.jpg,,0.0,TRUE,InStock,0.26,,S190ORRXXL,,,,Size,DROP_DOWN,XXL,Color,DROP_DOWN,Orange,,,,,,,,,,,,,Fit,<p>R</p>,Length,<p>43</p>,Width,<p>28</p>,Height,<p>46</p>,Box Quantity,<p>48</p>,Inner Pack Quantity,<p>1</p>,Country Of Origin,<p>BD</p>,Standards,<ul><li>EN ISO 20471 Class 2</li><li>ANSI/ISEA 107 TYPE R CLASS 2</li><li>RIS-3279-TOM  ISSUE 1 (ORANGE ONLY)</li></ul>,,,,
S190,Variant,,"This pocket t-shirt uses moisture wicking polyester fabric. Features include a pocket on the left chest, a crew neck, a taped neck seam for extra comfort and reflective heat seal tape for enhanced visibility.",https://d11ak7fd9ypfb7.cloudfront.net/styles1100px/S190ORR.jpg,,0.0,TRUE,InStock,0.28,,S190ORRXXXL,,,,Size,DROP_DOWN,XXXL,Color,DROP_DOWN,Orange,,,,,,,,,,,,,Fit,<p>R</p>,Length,<p>43</p>,Width,<p>28</p>,Height,<p>46</p>,Box Quantity,<p>48</p>,Inner Pack Quantity,<p>1</p>,Country Of Origin,<p>BD</p>,Standards,<ul><li>EN ISO 20471 Class 2</li><li>ANSI/ISEA 107 TYPE R CLASS 2</li><li>RIS-3279-TOM  ISSUE 1 (ORANGE ONLY)</li></ul>,,,,
S190,Variant,,"This pocket t-shirt uses moisture wicking polyester fabric. Features include a pocket on the left chest, a crew neck, a taped neck seam for extra comfort and reflective heat seal tape for enhanced visibility.",https://d11ak7fd9ypfb7.cloudfront.net/styles1100px/S190YER.jpg,,0.0,TRUE,InStock,0.3,,S190YER4XL,,,,Size,DROP_DOWN,4XL,Color,DROP_DOWN,Yellow,,,,,,,,,,,,,Fit,<p>R</p>,Length,<p>43</p>,Width,<p>28</p>,Height,<p>46</p>,Box Quantity,<p>48</p>,Inner Pack Quantity,<p>1</p>,Country Of Origin,<p>BD</p>,Standards,<ul><li>EN ISO 20471 Class 2</li><li>ANSI/ISEA 107 TYPE R CLASS 2</li><li>RIS-3279-TOM  ISSUE 1 (ORANGE ONLY)</li></ul>,,,,
S190,Variant,,"This pocket t-shirt uses moisture wicking polyester fabric. Features include a pocket on the left chest, a crew neck, a taped neck seam for extra comfort and reflective heat seal tape for enhanced visibility.",https://d11ak7fd9ypfb7.cloudfront.net/styles1100px/S190YER.jpg,,0.0,TRUE,InStock,0.32,,S190YER5XL,,,,Size,DROP_DOWN,5XL,Color,DROP_DOWN,Yellow,,,,,,,,,,,,,Fit,<p>R</p>,Length,<p>43</p>,Width,<p>28</p>,Height,<p>46</p>,Box Quantity,<p>48</p>,Inner Pack Quantity,<p>1</p>,Country Of Origin,<p>BD</p>,Standards,<ul><li>EN ISO 20471 Class 2</li><li>ANSI/ISEA 107 TYPE R CLASS 2</li><li>RIS-3279-TOM  ISSUE 1 (ORANGE ONLY)</li></ul>,,,,
S190,Variant,,"This pocket t-shirt uses moisture wicking polyester fabric. Features include a pocket on the left chest, a crew neck, a taped neck seam for extra comfort and reflective heat seal tape for enhanced visibility.",https://d11ak7fd9ypfb7.cloudfront.net/styles1100px/S190YER.jpg,,0.0,TRUE,InStock,0.22,,S190YERL,,,,Size,DROP_DOWN,L,Color,DROP_DOWN,Yellow,,,,,,,,,,,,,Fit,<p>R</p>,Length,<p>43</p>,Width,<p>28</p>,Height,<p>46</p>,Box Quantity,<p>48</p>,Inner Pack Quantity,<p>1</p>,Country Of Origin,<p>BD</p>,Standards,<ul><li>EN ISO 20471 Class 2</li><li>ANSI/ISEA 107 TYPE R CLASS 2</li><li>RIS-3279-TOM  ISSUE 1 (ORANGE ONLY)</li></ul>,,,,
S190,Variant,,"This pocket t-shirt uses moisture wicking polyester fabric. Features include a pocket on the left chest, a crew neck, a taped neck seam for extra comfort and reflective heat seal tape for enhanced visibility.",https://d11ak7fd9ypfb7.cloudfront.net/styles1100px/S190YER.jpg,,0.0,TRUE,InStock,0.2,,S190YERM,,,,Size,DROP_DOWN,M,Color,DROP_DOWN,Yellow,,,,,,,,,,,,,Fit,<p>R</p>,Length,<p>43</p>,Width,<p>28</p>,Height,<p>46</p>,Box Quantity,<p>48</p>,Inner Pack Quantity,<p>1</p>,Country Of Origin,<p>BD</p>,Standards,<ul><li>EN ISO 20471 Class 2</li><li>ANSI/ISEA 107 TYPE R CLASS 2</li><li>RIS-3279-TOM  ISSUE 1 (ORANGE ONLY)</li></ul>,,,,
S190,Variant,,"This pocket t-shirt uses moisture wicking polyester fabric. Features include a pocket on the left chest, a crew neck, a taped neck seam for extra comfort and reflective heat seal tape for enhanced visibility.",https://d11ak7fd9ypfb7.cloudfront.net/styles1100px/S190YER.jpg,,0.0,TRUE,InStock,0.19,,S190YERS,,,,Size,DROP_DOWN,S,Color,DROP_DOWN,Yellow,,,,,,,,,,,,,Fit,<p>R</p>,Length,<p>43</p>,Width,<p>28</p>,Height,<p>46</p>,Box Quantity,<p>48</p>,Inner Pack Quantity,<p>1</p>,Country Of Origin,<p>BD</p>,Standards,<ul><li>EN ISO 20471 Class 2</li><li>ANSI/ISEA 107 TYPE R CLASS 2</li><li>RIS-3279-TOM  ISSUE 1 (ORANGE ONLY)</li></ul>,,,,
S190,Variant,,"This pocket t-shirt uses moisture wicking polyester fabric. Features include a pocket on the left chest, a crew neck, a taped neck seam for extra comfort and reflective heat seal tape for enhanced visibility.",https://d11ak7fd9ypfb7.cloudfront.net/styles1100px/S190YER.jpg,,0.0,TRUE,InStock,0.24,,S190YERXL,,,,Size,DROP_DOWN,XL,Color,DROP_DOWN,Yellow,,,,,,,,,,,,,Fit,<p>R</p>,Length,<p>43</p>,Width,<p>28</p>,Height,<p>46</p>,Box Quantity,<p>48</p>,Inner Pack Quantity,<p>1</p>,Country Of Origin,<p>BD</p>,Standards,<ul><li>EN ISO 20471 Class 2</li><li>ANSI/ISEA 107 TYPE R CLASS 2</li><li>RIS-3279-TOM  ISSUE 1 (ORANGE ONLY)</li></ul>,,,,
S190,Variant,,"This pocket t-shirt uses moisture wicking polyester fabric. Features include a pocket on the left chest, a crew neck, a taped neck seam for extra comfort and reflective heat seal tape for enhanced visibility.",https://d11ak7fd9ypfb7.cloudfront.net/styles1100px/S190YER.jpg,,0.0,TRUE,InStock,0.26,,S190YERXXL,,,,Size,DROP_DOWN,XXL,Color,DROP_DOWN,Yellow,,,,,,,,,,,,,Fit,<p>R</p>,Length,<p>43</p>,Width,<p>28</p>,Height,<p>46</p>,Box Quantity,<p>48</p>,Inner Pack Quantity,<p>1</p>,Country Of Origin,<p>BD</p>,Standards,<ul><li>EN ISO 20471 Class 2</li><li>ANSI/ISEA 107 TYPE R CLASS 2</li><li>RIS-3279-TOM  ISSUE 1 (ORANGE ONLY)</li></ul>,,,,
S190,Variant,,"This pocket t-shirt uses moisture wicking polyester fabric. Features include a pocket on the left chest, a crew neck, a taped neck seam for extra comfort and reflective heat seal tape for enhanced visibility.",https://d11ak7fd9ypfb7.cloudfront.net/styles1100px/S190YER.jpg,,0.0,TRUE,InStock,0.28,,S190YERXXXL,,,,Size,DROP_DOWN,XXXL,Color,DROP_DOWN,Yellow,,,,,,,,,,,,,Fit,<p>R</p>,Length,<p>43</p>,Width,<p>28</p>,Height,<p>46</p>,Box Quantity,<p>48</p>,Inner Pack Quantity,<p>1</p>,Country Of Origin,<p>BD</p>,Standards,<ul><li>EN ISO 20471 Class 2</li><li>ANSI/ISEA 107 TYPE R CLASS 2</li><li>RIS-3279-TOM  ISSUE 1 (ORANGE ONLY)</li></ul>,,,,
S190,Variant,,"This pocket t-shirt uses moisture wicking polyester fabric. Features include a pocket on the left chest, a crew neck, a taped neck seam for extra comfort and reflective heat seal tape for enhanced visibility.",https://d11ak7fd9ypfb7.cloudfront.net/styles1100px/S190YET.jpg,,0.0,TRUE,InStock,0.999,,S190YET4XL,,,,Size,DROP_DOWN,4XL,Color,DROP_DOWN,Yellow Tall,,,,,,,,,,,,,Fit,<p>T</p>,Length,<p>43</p>,Width,<p>28</p>,Height,<p>46</p>,Box Quantity,<p>48</p>,Inner Pack Quantity,<p>1</p>,Country Of Origin,<p>BD</p>,Standards,<ul><li>EN ISO 20471 Class 2</li><li>ANSI/ISEA 107 TYPE R CLASS 2</li><li>RIS-3279-TOM  ISSUE 1 (ORANGE ONLY)</li></ul>,,,,
S190,Variant,,"This pocket t-shirt uses moisture wicking polyester fabric. Features include a pocket on the left chest, a crew neck, a taped neck seam for extra comfort and reflective heat seal tape for enhanced visibility.",https://d11ak7fd9ypfb7.cloudfront.net/styles1100px/S190YET.jpg,,0.0,TRUE,InStock,0.999,,S190YET5XL,,,,Size,DROP_DOWN,5XL,Color,DROP_DOWN,Yellow Tall,,,,,,,,,,,,,Fit,<p>T</p>,Length,<p>43</p>,Width,<p>28</p>,Height,<p>46</p>,Box Quantity,<p>48</p>,Inner Pack Quantity,<p>1</p>,Country Of Origin,<p>BD</p>,Standards,<ul><li>EN ISO 20471 Class 2</li><li>ANSI/ISEA 107 TYPE R CLASS 2</li><li>RIS-3279-TOM  ISSUE 1 (ORANGE ONLY)</li></ul>,,,,
S190,Variant,,"This pocket t-shirt uses moisture wicking polyester fabric. Features include a pocket on the left chest, a crew neck, a taped neck seam for extra comfort and reflective heat seal tape for enhanced visibility.",https://d11ak7fd9ypfb7.cloudfront.net/styles1100px/S190YET.jpg,,0.0,TRUE,InStock,0.999,,S190YETL,,,,Size,DROP_DOWN,L,Color,DROP_DOWN,Yellow Tall,,,,,,,,,,,,,Fit,<p>T</p>,Length,<p>43</p>,Width,<p>28</p>,Height,<p>46</p>,Box Quantity,<p>48</p>,Inner Pack Quantity,<p>1</p>,Country Of Origin,<p>BD</p>,Standards,<ul><li>EN ISO 20471 Class 2</li><li>ANSI/ISEA 107 TYPE R CLASS 2</li><li>RIS-3279-TOM  ISSUE 1 (ORANGE ONLY)</li></ul>,,,,
S190,Variant,,"This pocket t-shirt uses moisture wicking polyester fabric. Features include a pocket on the left chest, a crew neck, a taped neck seam for extra comfort and reflective heat seal tape for enhanced visibility.",https://d11ak7fd9ypfb7.cloudfront.net/styles1100px/S190YET.jpg,,0.0,TRUE,InStock,0.999,,S190YETXL,,,,Size,DROP_DOWN,XL,Color,DROP_DOWN,Yellow Tall,,,,,,,,,,,,,Fit,<p>T</p>,Length,<p>43</p>,Width,<p>28</p>,Height,<p>46</p>,Box Quantity,<p>48</p>,Inner Pack Quantity,<p>1</p>,Country Of Origin,<p>BD</p>,Standards,<ul><li>EN ISO 20471 Class 2</li><li>ANSI/ISEA 107 TYPE R CLASS 2</li><li>RIS-3279-TOM  ISSUE 1 (ORANGE ONLY)</li></ul>,,,,
S190,Variant,,"This pocket t-shirt uses moisture wicking polyester fabric. Features include a pocket on the left chest, a crew neck, a taped neck seam for extra comfort and reflective heat seal tape for enhanced visibility.",https://d11ak7fd9ypfb7.cloudfront.net/styles1100px/S190YET.jpg,,0.0,TRUE,InStock,0.999,,S190YETXXL,,,,Size,DROP_DOWN,XXL,Color,DROP_DOWN,Yellow Tall,,,,,,,,,,,,,Fit,<p>T</p>,Length,<p>43</p>,Width,<p>28</p>,Height,<p>46</p>,Box Quantity,<p>48</p>,Inner Pack Quantity,<p>1</p>,Country Of Origin,<p>BD</p>,Standards,<ul><li>EN ISO 20471 Class 2</li><li>ANSI/ISEA 107 TYPE R CLASS 2</li><li>RIS-3279-TOM  ISSUE 1 (ORANGE ONLY)</li></ul>,,,,
S190,Variant,,"This pocket t-shirt uses moisture wicking polyester fabric. Features include a pocket on the left chest, a crew neck, a taped neck seam for extra comfort and reflective heat seal tape for enhanced visibility.",https://d11ak7fd9ypfb7.cloudfront.net/styles1100px/S190YET.jpg,,0.0,TRUE,InStock,0.999,,S190YETXXXL,,,,Size,DROP_DOWN,XXXL,Color,DROP_DOWN,Yellow Tall,,,,,,,,,,,,,Fit,<p>T</p>,Length,<p>43</p>,Width,<p>28</p>,Height,<p>46</p>,Box Quantity,<p>48</p>,Inner Pack Quantity,<p>1</p>,Country Of Origin,<p>BD</p>,Standards,<ul><li>EN ISO 20471 Class 2</li><li>ANSI/ISEA 107 TYPE R CLASS 2</li><li>RIS-3279-TOM  ISSUE 1 (ORANGE ONLY)</li></ul>,,,,
S191,Product,S191 - Hi-Vis Long Sleeve Pocket T-Shirt,"This long sleeve pocket t-shirt uses moisture wicking polyester fabric to keep the wearer cool, dry and comfortable under exerting conditions. Features include a pocket on the left chest, a crew neck, a taped neck seam for extra comfort and reflective heat seal tape for enhanced visibility.",https://d11ak7fd9ypfb7.cloudfront.net/styles1100px/S191ORR.jpg,22.4,0.0,TRUE,InStock,0.44,,S191ORR4XL,,,,Size,DROP_DOWN,S;M;L;XL;XXL;XXXL;4XL;5XL;6XL,Color,DROP_DOWN,Yellow;Orange;Yellow Tall,,,,,,,,,,,,,Fit,<p>R</p>,Length,<p>55</p>,Width,<p>36</p>,Height,<p>40</p>,Box Quantity,<p>48</p>,Inner Pack Quantity,<p>1</p>,Country Of Origin,<p>BD</p>,Standards,<ul><li>EN ISO 20471 Class 3</li><li>ANSI/ISEA 107 TYPE R CLASS 3</li><li>RIS-3279-TOM  ISSUE 1 (ORANGE ONLY)</li></ul>,,,,
S191,Variant,,"This long sleeve pocket t-shirt uses moisture wicking polyester fabric to keep the wearer cool, dry and comfortable under exerting conditions. Features include a pocket on the left chest, a crew neck, a taped neck seam for extra comfort and reflective heat seal tape for enhanced visibility.",https://d11ak7fd9ypfb7.cloudfront.net/styles1100px/S191ORR.jpg,,0.0,TRUE,InStock,0.44,,S191ORR4XL,,,,Size,DROP_DOWN,4XL,Color,DROP_DOWN,Orange,,,,,,,,,,,,,Fit,<p>R</p>,Length,<p>55</p>,Width,<p>36</p>,Height,<p>40</p>,Box Quantity,<p>48</p>,Inner Pack Quantity,<p>1</p>,Country Of Origin,<p>BD</p>,Standards,<ul><li>EN ISO 20471 Class 3</li><li>ANSI/ISEA 107 TYPE R CLASS 3</li><li>RIS-3279-TOM  ISSUE 1 (ORANGE ONLY)</li></ul>,,,,
S191,Variant,,"This long sleeve pocket t-shirt uses moisture wicking polyester fabric to keep the wearer cool, dry and comfortable under exerting conditions. Features include a pocket on the left chest, a crew neck, a taped neck seam for extra comfort and reflective heat seal tape for enhanced visibility.",https://d11ak7fd9ypfb7.cloudfront.net/styles1100px/S191ORR.jpg,,0.0,TRUE,InStock,0.47,,S191ORR5XL,,,,Size,DROP_DOWN,5XL,Color,DROP_DOWN,Orange,,,,,,,,,,,,,Fit,<p>R</p>,Length,<p>55</p>,Width,<p>36</p>,Height,<p>40</p>,Box Quantity,<p>48</p>,Inner Pack Quantity,<p>1</p>,Country Of Origin,<p>BD</p>,Standards,<ul><li>EN ISO 20471 Class 3</li><li>ANSI/ISEA 107 TYPE R CLASS 3</li><li>RIS-3279-TOM  ISSUE 1 (ORANGE ONLY)</li></ul>,,,,
S191,Variant,,"This long sleeve pocket t-shirt uses moisture wicking polyester fabric to keep the wearer cool, dry and comfortable under exerting conditions. Features include a pocket on the left chest, a crew neck, a taped neck seam for extra comfort and reflective heat seal tape for enhanced visibility.",https://d11ak7fd9ypfb7.cloudfront.net/styles1100px/S191ORR.jpg,,0.0,TRUE,InStock,0.36,,S191ORRL,,,,Size,DROP_DOWN,L,Color,DROP_DOWN,Orange,,,,,,,,,,,,,Fit,<p>R</p>,Length,<p>55</p>,Width,<p>36</p>,Height,<p>35</p>,Box Quantity,<p>48</p>,Inner Pack Quantity,<p>1</p>,Country Of Origin,<p>BD</p>,Standards,<ul><li>EN ISO 20471 Class 3</li><li>ANSI/ISEA 107 TYPE R CLASS 3</li><li>RIS-3279-TOM  ISSUE 1 (ORANGE ONLY)</li></ul>,,,,
S191,Variant,,"This long sleeve pocket t-shirt uses moisture wicking polyester fabric to keep the wearer cool, dry and comfortable under exerting conditions. Features include a pocket on the left chest, a crew neck, a taped neck seam for extra comfort and reflective heat seal tape for enhanced visibility.",https://d11ak7fd9ypfb7.cloudfront.net/styles1100px/S191ORR.jpg,,0.0,TRUE,InStock,0.34,,S191ORRM,,,,Size,DROP_DOWN,M,Color,DROP_DOWN,Orange,,,,,,,,,,,,,Fit,<p>R</p>,Length,<p>55</p>,Width,<p>36</p>,Height,<p>35</p>,Box Quantity,<p>48</p>,Inner Pack Quantity,<p>1</p>,Country Of Origin,<p>BD</p>,Standards,<ul><li>EN ISO 20471 Class 3</li><li>ANSI/ISEA 107 TYPE R CLASS 3</li><li>RIS-3279-TOM  ISSUE 1 (ORANGE ONLY)</li></ul>,,,,
S191,Variant,,"This long sleeve pocket t-shirt uses moisture wicking polyester fabric to keep the wearer cool, dry and comfortable under exerting conditions. Features include a pocket on the left chest, a crew neck, a taped neck seam for extra comfort and reflective heat seal tape for enhanced visibility.",https://d11ak7fd9ypfb7.cloudfront.net/styles1100px/S191ORR.jpg,,0.0,TRUE,InStock,0.33,,S191ORRS,,,,Size,DROP_DOWN,S,Color,DROP_DOWN,Orange,,,,,,,,,,,,,Fit,<p>R</p>,Length,<p>55</p>,Width,<p>36</p>,Height,<p>35</p>,Box Quantity,<p>48</p>,Inner Pack Quantity,<p>1</p>,Country Of Origin,<p>BD</p>,Standards,<ul><li>EN ISO 20471 Class 3</li><li>ANSI/ISEA 107 TYPE R CLASS 3</li><li>RIS-3279-TOM  ISSUE 1 (ORANGE ONLY)</li></ul>,,,,
S191,Variant,,"This long sleeve pocket t-shirt uses moisture wicking polyester fabric to keep the wearer cool, dry and comfortable under exerting conditions. Features include a pocket on the left chest, a crew neck, a taped neck seam for extra comfort and reflective heat seal tape for enhanced visibility.",https://d11ak7fd9ypfb7.cloudfront.net/styles1100px/S191ORR.jpg,,0.0,TRUE,InStock,0.38,,S191ORRXL,,,,Size,DROP_DOWN,XL,Color,DROP_DOWN,Orange,,,,,,,,,,,,,Fit,<p>R</p>,Length,<p>55</p>,Width,<p>36</p>,Height,<p>35</p>,Box Quantity,<p>48</p>,Inner Pack Quantity,<p>1</p>,Country Of Origin,<p>BD</p>,Standards,<ul><li>EN ISO 20471 Class 3</li><li>ANSI/ISEA 107 TYPE R CLASS 3</li><li>RIS-3279-TOM  ISSUE 1 (ORANGE ONLY)</li></ul>,,,,
S191,Variant,,"This long sleeve pocket t-shirt uses moisture wicking polyester fabric to keep the wearer cool, dry and comfortable under exerting conditions. Features include a pocket on the left chest, a crew neck, a taped neck seam for extra comfort and reflective heat seal tape for enhanced visibility.",https://d11ak7fd9ypfb7.cloudfront.net/styles1100px/S191ORR.jpg,,0.0,TRUE,InStock,0.4,,S191ORRXXL,,,,Size,DROP_DOWN,XXL,Color,DROP_DOWN,Orange,,,,,,,,,,,,,Fit,<p>R</p>,Length,<p>55</p>,Width,<p>36</p>,Height,<p>40</p>,Box Quantity,<p>48</p>,Inner Pack Quantity,<p>1</p>,Country Of Origin,<p>BD</p>,Standards,<ul><li>EN ISO 20471 Class 3</li><li>ANSI/ISEA 107 TYPE R CLASS 3</li><li>RIS-3279-TOM  ISSUE 1 (ORANGE ONLY)</li></ul>,,,,
S191,Variant,,"This long sleeve pocket t-shirt uses moisture wicking polyester fabric to keep the wearer cool, dry and comfortable under exerting conditions. Features include a pocket on the left chest, a crew neck, a taped neck seam for extra comfort and reflective heat seal tape for enhanced visibility.",https://d11ak7fd9ypfb7.cloudfront.net/styles1100px/S191ORR.jpg,,0.0,TRUE,InStock,0.42,,S191ORRXXXL,,,,Size,DROP_DOWN,XXXL,Color,DROP_DOWN,Orange,,,,,,,,,,,,,Fit,<p>R</p>,Length,<p>55</p>,Width,<p>36</p>,Height,<p>40</p>,Box Quantity,<p>48</p>,Inner Pack Quantity,<p>1</p>,Country Of Origin,<p>BD</p>,Standards,<ul><li>EN ISO 20471 Class 3</li><li>ANSI/ISEA 107 TYPE R CLASS 3</li><li>RIS-3279-TOM  ISSUE 1 (ORANGE ONLY)</li></ul>,,,,
S191,Variant,,"This long sleeve pocket t-shirt uses moisture wicking polyester fabric to keep the wearer cool, dry and comfortable under exerting conditions. Features include a pocket on the left chest, a crew neck, a taped neck seam for extra comfort and reflective heat seal tape for enhanced visibility.",https://d11ak7fd9ypfb7.cloudfront.net/styles1100px/S191YER.jpg,,0.0,TRUE,InStock,0.44,,S191YER4XL,,,,Size,DROP_DOWN,4XL,Color,DROP_DOWN,Yellow,,,,,,,,,,,,,Fit,<p>R</p>,Length,<p>55</p>,Width,<p>36</p>,Height,<p>40</p>,Box Quantity,<p>48</p>,Inner Pack Quantity,<p>1</p>,Country Of Origin,<p>BD</p>,Standards,<ul><li>EN ISO 20471 Class 3</li><li>ANSI/ISEA 107 TYPE R CLASS 3</li><li>RIS-3279-TOM  ISSUE 1 (ORANGE ONLY)</li></ul>,,,,
S191,Variant,,"This long sleeve pocket t-shirt uses moisture wicking polyester fabric to keep the wearer cool, dry and comfortable under exerting conditions. Features include a pocket on the left chest, a crew neck, a taped neck seam for extra comfort and reflective heat seal tape for enhanced visibility.",https://d11ak7fd9ypfb7.cloudfront.net/styles1100px/S191YER.jpg,,0.0,TRUE,InStock,0.47,,S191YER5XL,,,,Size,DROP_DOWN,5XL,Color,DROP_DOWN,Yellow,,,,,,,,,,,,,Fit,<p>R</p>,Length,<p>55</p>,Width,<p>36</p>,Height,<p>40</p>,Box Quantity,<p>48</p>,Inner Pack Quantity,<p>1</p>,Country Of Origin,<p>BD</p>,Standards,<ul><li>EN ISO 20471 Class 3</li><li>ANSI/ISEA 107 TYPE R CLASS 3</li><li>RIS-3279-TOM  ISSUE 1 (ORANGE ONLY)</li></ul>,,,,
S191,Variant,,"This long sleeve pocket t-shirt uses moisture wicking polyester fabric to keep the wearer cool, dry and comfortable under exerting conditions. Features include a pocket on the left chest, a crew neck, a taped neck seam for extra comfort and reflective heat seal tape for enhanced visibility.",https://d11ak7fd9ypfb7.cloudfront.net/styles1100px/S191YER.jpg,,0.0,TRUE,InStock,0.49,,S191YER6XL,,,,Size,DROP_DOWN,6XL,Color,DROP_DOWN,Yellow,,,,,,,,,,,,,Fit,<p>R</p>,Length,<p>55</p>,Width,<p>36</p>,Height,<p>40</p>,Box Quantity,<p>48</p>,Inner Pack Quantity,<p>1</p>,Country Of Origin,<p>BD</p>,Standards,<ul><li>EN ISO 20471 Class 3</li><li>ANSI/ISEA 107 TYPE R CLASS 3</li><li>RIS-3279-TOM  ISSUE 1 (ORANGE ONLY)</li></ul>,,,,
S191,Variant,,"This long sleeve pocket t-shirt uses moisture wicking polyester fabric to keep the wearer cool, dry and comfortable under exerting conditions. Features include a pocket on the left chest, a crew neck, a taped neck seam for extra comfort and reflective heat seal tape for enhanced visibility.",https://d11ak7fd9ypfb7.cloudfront.net/styles1100px/S191YER.jpg,,0.0,TRUE,InStock,0.36,,S191YERL,,,,Size,DROP_DOWN,L,Color,DROP_DOWN,Yellow,,,,,,,,,,,,,Fit,<p>R</p>,Length,<p>55</p>,Width,<p>36</p>,Height,<p>35</p>,Box Quantity,<p>48</p>,Inner Pack Quantity,<p>1</p>,Country Of Origin,<p>BD</p>,Standards,<ul><li>EN ISO 20471 Class 3</li><li>ANSI/ISEA 107 TYPE R CLASS 3</li><li>RIS-3279-TOM  ISSUE 1 (ORANGE ONLY)</li></ul>,,,,
S191,Variant,,"This long sleeve pocket t-shirt uses moisture wicking polyester fabric to keep the wearer cool, dry and comfortable under exerting conditions. Features include a pocket on the left chest, a crew neck, a taped neck seam for extra comfort and reflective heat seal tape for enhanced visibility.",https://d11ak7fd9ypfb7.cloudfront.net/styles1100px/S191YER.jpg,,0.0,TRUE,InStock,0.34,,S191YERM,,,,Size,DROP_DOWN,M,Color,DROP_DOWN,Yellow,,,,,,,,,,,,,Fit,<p>R</p>,Length,<p>55</p>,Width,<p>36</p>,Height,<p>35</p>,Box Quantity,<p>48</p>,Inner Pack Quantity,<p>1</p>,Country Of Origin,<p>BD</p>,Standards,<ul><li>EN ISO 20471 Class 3</li><li>ANSI/ISEA 107 TYPE R CLASS 3</li><li>RIS-3279-TOM  ISSUE 1 (ORANGE ONLY)</li></ul>,,,,
S191,Variant,,"This long sleeve pocket t-shirt uses moisture wicking polyester fabric to keep the wearer cool, dry and comfortable under exerting conditions. Features include a pocket on the left chest, a crew neck, a taped neck seam for extra comfort and reflective heat seal tape for enhanced visibility.",https://d11ak7fd9ypfb7.cloudfront.net/styles1100px/S191YER.jpg,,0.0,TRUE,InStock,0.33,,S191YERS,,,,Size,DROP_DOWN,S,Color,DROP_DOWN,Yellow,,,,,,,,,,,,,Fit,<p>R</p>,Length,<p>55</p>,Width,<p>36</p>,Height,<p>35</p>,Box Quantity,<p>48</p>,Inner Pack Quantity,<p>1</p>,Country Of Origin,<p>BD</p>,Standards,<ul><li>EN ISO 20471 Class 3</li><li>ANSI/ISEA 107 TYPE R CLASS 3</li><li>RIS-3279-TOM  ISSUE 1 (ORANGE ONLY)</li></ul>,,,,
S191,Variant,,"This long sleeve pocket t-shirt uses moisture wicking polyester fabric to keep the wearer cool, dry and comfortable under exerting conditions. Features include a pocket on the left chest, a crew neck, a taped neck seam for extra comfort and reflective heat seal tape for enhanced visibility.",https://d11ak7fd9ypfb7.cloudfront.net/styles1100px/S191YER.jpg,,0.0,TRUE,InStock,0.38,,S191YERXL,,,,Size,DROP_DOWN,XL,Color,DROP_DOWN,Yellow,,,,,,,,,,,,,Fit,<p>R</p>,Length,<p>55</p>,Width,<p>36</p>,Height,<p>35</p>,Box Quantity,<p>48</p>,Inner Pack Quantity,<p>1</p>,Country Of Origin,<p>BD</p>,Standards,<ul><li>EN ISO 20471 Class 3</li><li>ANSI/ISEA 107 TYPE R CLASS 3</li><li>RIS-3279-TOM  ISSUE 1 (ORANGE ONLY)</li></ul>,,,,
S191,Variant,,"This long sleeve pocket t-shirt uses moisture wicking polyester fabric to keep the wearer cool, dry and comfortable under exerting conditions. Features include a pocket on the left chest, a crew neck, a taped neck seam for extra comfort and reflective heat seal tape for enhanced visibility.",https://d11ak7fd9ypfb7.cloudfront.net/styles1100px/S191YER.jpg,,0.0,TRUE,InStock,0.4,,S191YERXXL,,,,Size,DROP_DOWN,XXL,Color,DROP_DOWN,Yellow,,,,,,,,,,,,,Fit,<p>R</p>,Length,<p>55</p>,Width,<p>36</p>,Height,<p>40</p>,Box Quantity,<p>48</p>,Inner Pack Quantity,<p>1</p>,Country Of Origin,<p>BD</p>,Standards,<ul><li>EN ISO 20471 Class 3</li><li>ANSI/ISEA 107 TYPE R CLASS 3</li><li>RIS-3279-TOM  ISSUE 1 (ORANGE ONLY)</li></ul>,,,,
S191,Variant,,"This long sleeve pocket t-shirt uses moisture wicking polyester fabric to keep the wearer cool, dry and comfortable under exerting conditions. Features include a pocket on the left chest, a crew neck, a taped neck seam for extra comfort and reflective heat seal tape for enhanced visibility.",https://d11ak7fd9ypfb7.cloudfront.net/styles1100px/S191YER.jpg,,0.0,TRUE,InStock,0.42,,S191YERXXXL,,,,Size,DROP_DOWN,XXXL,Color,DROP_DOWN,Yellow,,,,,,,,,,,,,Fit,<p>R</p>,Length,<p>55</p>,Width,<p>36</p>,Height,<p>40</p>,Box Quantity,<p>48</p>,Inner Pack Quantity,<p>1</p>,Country Of Origin,<p>BD</p>,Standards,<ul><li>EN ISO 20471 Class 3</li><li>ANSI/ISEA 107 TYPE R CLASS 3</li><li>RIS-3279-TOM  ISSUE 1 (ORANGE ONLY)</li></ul>,,,,
S191,Variant,,"This long sleeve pocket t-shirt uses moisture wicking polyester fabric to keep the wearer cool, dry and comfortable under exerting conditions. Features include a pocket on the left chest, a crew neck, a taped neck seam for extra comfort and reflective heat seal tape for enhanced visibility.",https://d11ak7fd9ypfb7.cloudfront.net/styles1100px/S191YET.jpg,,0.0,TRUE,InStock,0.999,,S191YET4XL,,,,Size,DROP_DOWN,4XL,Color,DROP_DOWN,Yellow Tall,,,,,,,,,,,,,Fit,<p>T</p>,Length,<p>55</p>,Width,<p>36</p>,Height,<p>40</p>,Box Quantity,<p>48</p>,Inner Pack Quantity,<p>1</p>,Country Of Origin,<p>BD</p>,Standards,<ul><li>EN ISO 20471 Class 3</li><li>ANSI/ISEA 107 TYPE R CLASS 3</li><li>RIS-3279-TOM  ISSUE 1 (ORANGE ONLY)</li></ul>,,,,
S191,Variant,,"This long sleeve pocket t-shirt uses moisture wicking polyester fabric to keep the wearer cool, dry and comfortable under exerting conditions. Features include a pocket on the left chest, a crew neck, a taped neck seam for extra comfort and reflective heat seal tape for enhanced visibility.",https://d11ak7fd9ypfb7.cloudfront.net/styles1100px/S191YET.jpg,,0.0,TRUE,InStock,0.999,,S191YET5XL,,,,Size,DROP_DOWN,5XL,Color,DROP_DOWN,Yellow Tall,,,,,,,,,,,,,Fit,<p>T</p>,Length,<p>55</p>,Width,<p>36</p>,Height,<p>40</p>,Box Quantity,<p>48</p>,Inner Pack Quantity,<p>1</p>,Country Of Origin,<p>BD</p>,Standards,<ul><li>EN ISO 20471 Class 3</li><li>ANSI/ISEA 107 TYPE R CLASS 3</li><li>RIS-3279-TOM  ISSUE 1 (ORANGE ONLY)</li></ul>,,,,
S191,Variant,,"This long sleeve pocket t-shirt uses moisture wicking polyester fabric to keep the wearer cool, dry and comfortable under exerting conditions. Features include a pocket on the left chest, a crew neck, a taped neck seam for extra comfort and reflective heat seal tape for enhanced visibility.",https://d11ak7fd9ypfb7.cloudfront.net/styles1100px/S191YET.jpg,,0.0,TRUE,InStock,0.999,,S191YET6XL,,,,Size,DROP_DOWN,6XL,Color,DROP_DOWN,Yellow Tall,,,,,,,,,,,,,Fit,<p>T</p>,Length,<p>55</p>,Width,<p>36</p>,Height,<p>40</p>,Box Quantity,<p>48</p>,Inner Pack Quantity,<p>1</p>,Country Of Origin,<p>BD</p>,Standards,<ul><li>EN ISO 20471 Class 3</li><li>ANSI/ISEA 107 TYPE R CLASS 3</li><li>RIS-3279-TOM  ISSUE 1 (ORANGE ONLY)</li></ul>,,,,
S191,Variant,,"This long sleeve pocket t-shirt uses moisture wicking polyester fabric to keep the wearer cool, dry and comfortable under exerting conditions. Features include a pocket on the left chest, a crew neck, a taped neck seam for extra comfort and reflective heat seal tape for enhanced visibility.",https://d11ak7fd9ypfb7.cloudfront.net/styles1100px/S191YET.jpg,,0.0,TRUE,InStock,0.999,,S191YETL,,,,Size,DROP_DOWN,L,Color,DROP_DOWN,Yellow Tall,,,,,,,,,,,,,Fit,<p>T</p>,Length,<p>55</p>,Width,<p>36</p>,Height,<p>35</p>,Box Quantity,<p>48</p>,Inner Pack Quantity,<p>1</p>,Country Of Origin,<p>BD</p>,Standards,<ul><li>EN ISO 20471 Class 3</li><li>ANSI/ISEA 107 TYPE R CLASS 3</li><li>RIS-3279-TOM  ISSUE 1 (ORANGE ONLY)</li></ul>,,,,
S191,Variant,,"This long sleeve pocket t-shirt uses moisture wicking polyester fabric to keep the wearer cool, dry and comfortable under exerting conditions. Features include a pocket on the left chest, a crew neck, a taped neck seam for extra comfort and reflective heat seal tape for enhanced visibility.",https://d11ak7fd9ypfb7.cloudfront.net/styles1100px/S191YET.jpg,,0.0,TRUE,InStock,0.999,,S191YETXL,,,,Size,DROP_DOWN,XL,Color,DROP_DOWN,Yellow Tall,,,,,,,,,,,,,Fit,<p>T</p>,Length,<p>55</p>,Width,<p>36</p>,Height,<p>35</p>,Box Quantity,<p>48</p>,Inner Pack Quantity,<p>1</p>,Country Of Origin,<p>BD</p>,Standards,<ul><li>EN ISO 20471 Class 3</li><li>ANSI/ISEA 107 TYPE R CLASS 3</li><li>RIS-3279-TOM  ISSUE 1 (ORANGE ONLY)</li></ul>,,,,
S191,Variant,,"This long sleeve pocket t-shirt uses moisture wicking polyester fabric to keep the wearer cool, dry and comfortable under exerting conditions. Features include a pocket on the left chest, a crew neck, a taped neck seam for extra comfort and reflective heat seal tape for enhanced visibility.",https://d11ak7fd9ypfb7.cloudfront.net/styles1100px/S191YET.jpg,,0.0,TRUE,InStock,0.999,,S191YETXXL,,,,Size,DROP_DOWN,XXL,Color,DROP_DOWN,Yellow Tall,,,,,,,,,,,,,Fit,<p>T</p>,Length,<p>55</p>,Width,<p>36</p>,Height,<p>40</p>,Box Quantity,<p>48</p>,Inner Pack Quantity,<p>1</p>,Country Of Origin,<p>BD</p>,Standards,<ul><li>EN ISO 20471 Class 3</li><li>ANSI/ISEA 107 TYPE R CLASS 3</li><li>RIS-3279-TOM  ISSUE 1 (ORANGE ONLY)</li></ul>,,,,
S191,Variant,,"This long sleeve pocket t-shirt uses moisture wicking polyester fabric to keep the wearer cool, dry and comfortable under exerting conditions. Features include a pocket on the left chest, a crew neck, a taped neck seam for extra comfort and reflective heat seal tape for enhanced visibility.",https://d11ak7fd9ypfb7.cloudfront.net/styles1100px/S191YET.jpg,,0.0,TRUE,InStock,0.999,,S191YETXXXL,,,,Size,DROP_DOWN,XXXL,Color,DROP_DOWN,Yellow Tall,,,,,,,,,,,,,Fit,<p>T</p>,Length,<p>55</p>,Width,<p>36</p>,Height,<p>40</p>,Box Quantity,<p>48</p>,Inner Pack Quantity,<p>1</p>,Country Of Origin,<p>BD</p>,Standards,<ul><li>EN ISO 20471 Class 3</li><li>ANSI/ISEA 107 TYPE R CLASS 3</li><li>RIS-3279-TOM  ISSUE 1 (ORANGE ONLY)</li></ul>,,,,
S192,Product,S192 - Hi-Vis Long Sleeve Ribbed Cuff T-Shirt,"Comfortable yet practical design, providing user safety in working environments. Finished with ribbed cuffs and neck.",https://d11ak7fd9ypfb7.cloudfront.net/styles1100px/S192ORR.jpg,23.4,0.0,TRUE,InStock,0.999,,S192ORR4XL,,,,Size,DROP_DOWN,S;M;L;XL;XXL;XXXL;4XL;5XL;6XL,Color,DROP_DOWN,Yellow;Orange,,,,,,,,,,,,,Fit,<p>R</p>,Length,<p>55</p>,Width,<p>36</p>,Height,<p>40</p>,Box Quantity,<p>48</p>,Inner Pack Quantity,<p>1</p>,Country Of Origin,<p>BD</p>,Standards,<ul><li>ANSI/ISEA 107 TYPE R CLASS 3</li></ul>,,,,
S192,Variant,,"Comfortable yet practical design, providing user safety in working environments. Finished with ribbed cuffs and neck.",https://d11ak7fd9ypfb7.cloudfront.net/styles1100px/S192ORR.jpg,,0.0,TRUE,InStock,0.999,,S192ORR4XL,,,,Size,DROP_DOWN,4XL,Color,DROP_DOWN,Orange,,,,,,,,,,,,,Fit,<p>R</p>,Length,<p>55</p>,Width,<p>36</p>,Height,<p>40</p>,Box Quantity,<p>48</p>,Inner Pack Quantity,<p>1</p>,Country Of Origin,<p>BD</p>,Standards,<ul><li>ANSI/ISEA 107 TYPE R CLASS 3</li></ul>,,,,
S192,Variant,,"Comfortable yet practical design, providing user safety in working environments. Finished with ribbed cuffs and neck.",https://d11ak7fd9ypfb7.cloudfront.net/styles1100px/S192ORR.jpg,,0.0,TRUE,InStock,0.999,,S192ORR5XL,,,,Size,DROP_DOWN,5XL,Color,DROP_DOWN,Orange,,,,,,,,,,,,,Fit,<p>R</p>,Length,<p>55</p>,Width,<p>36</p>,Height,<p>40</p>,Box Quantity,<p>48</p>,Inner Pack Quantity,<p>1</p>,Country Of Origin,<p>BD</p>,Standards,<ul><li>ANSI/ISEA 107 TYPE R CLASS 3</li></ul>,,,,
S192,Variant,,"Comfortable yet practical design, providing user safety in working environments. Finished with ribbed cuffs and neck.",https://d11ak7fd9ypfb7.cloudfront.net/styles1100px/S192ORR.jpg,,0.0,TRUE,InStock,0.999,,S192ORR6XL,,,,Size,DROP_DOWN,6XL,Color,DROP_DOWN,Orange,,,,,,,,,,,,,Fit,<p>R</p>,Length,<p>55</p>,Width,<p>36</p>,Height,<p>40</p>,Box Quantity,<p>48</p>,Inner Pack Quantity,<p>1</p>,Country Of Origin,<p>BD</p>,Standards,<ul><li>ANSI/ISEA 107 TYPE R CLASS 3</li></ul>,,,,
S192,Variant,,"Comfortable yet practical design, providing user safety in working environments. Finished with ribbed cuffs and neck.",https://d11ak7fd9ypfb7.cloudfront.net/styles1100px/S192ORR.jpg,,0.0,TRUE,InStock,0.999,,S192ORRL,,,,Size,DROP_DOWN,L,Color,DROP_DOWN,Orange,,,,,,,,,,,,,Fit,<p>R</p>,Length,<p>55</p>,Width,<p>36</p>,Height,<p>40</p>,Box Quantity,<p>48</p>,Inner Pack Quantity,<p>1</p>,Country Of Origin,<p>BD</p>,Standards,<ul><li>ANSI/ISEA 107 TYPE R CLASS 3</li></ul>,,,,
S192,Variant,,"Comfortable yet practical design, providing user safety in working environments. Finished with ribbed cuffs and neck.",https://d11ak7fd9ypfb7.cloudfront.net/styles1100px/S192ORR.jpg,,0.0,TRUE,InStock,0.999,,S192ORRM,,,,Size,DROP_DOWN,M,Color,DROP_DOWN,Orange,,,,,,,,,,,,,Fit,<p>R</p>,Length,<p>55</p>,Width,<p>36</p>,Height,<p>40</p>,Box Quantity,<p>48</p>,Inner Pack Quantity,<p>1</p>,Country Of Origin,<p>BD</p>,Standards,<ul><li>ANSI/ISEA 107 TYPE R CLASS 3</li></ul>,,,,
S192,Variant,,"Comfortable yet practical design, providing user safety in working environments. Finished with ribbed cuffs and neck.",https://d11ak7fd9ypfb7.cloudfront.net/styles1100px/S192ORR.jpg,,0.0,TRUE,InStock,0.999,,S192ORRS,,,,Size,DROP_DOWN,S,Color,DROP_DOWN,Orange,,,,,,,,,,,,,Fit,<p>R</p>,Length,<p>55</p>,Width,<p>36</p>,Height,<p>40</p>,Box Quantity,<p>48</p>,Inner Pack Quantity,<p>1</p>,Country Of Origin,<p>BD</p>,Standards,<ul><li>ANSI/ISEA 107 TYPE R CLASS 3</li></ul>,,,,
S192,Variant,,"Comfortable yet practical design, providing user safety in working environments. Finished with ribbed cuffs and neck.",https://d11ak7fd9ypfb7.cloudfront.net/styles1100px/S192ORR.jpg,,0.0,TRUE,InStock,0.999,,S192ORRXL,,,,Size,DROP_DOWN,XL,Color,DROP_DOWN,Orange,,,,,,,,,,,,,Fit,<p>R</p>,Length,<p>55</p>,Width,<p>36</p>,Height,<p>40</p>,Box Quantity,<p>48</p>,Inner Pack Quantity,<p>1</p>,Country Of Origin,<p>BD</p>,Standards,<ul><li>ANSI/ISEA 107 TYPE R CLASS 3</li></ul>,,,,
S192,Variant,,"Comfortable yet practical design, providing user safety in working environments. Finished with ribbed cuffs and neck.",https://d11ak7fd9ypfb7.cloudfront.net/styles1100px/S192ORR.jpg,,0.0,TRUE,InStock,0.999,,S192ORRXXL,,,,Size,DROP_DOWN,XXL,Color,DROP_DOWN,Orange,,,,,,,,,,,,,Fit,<p>R</p>,Length,<p>55</p>,Width,<p>36</p>,Height,<p>40</p>,Box Quantity,<p>48</p>,Inner Pack Quantity,<p>1</p>,Country Of Origin,<p>BD</p>,Standards,<ul><li>ANSI/ISEA 107 TYPE R CLASS 3</li></ul>,,,,
S192,Variant,,"Comfortable yet practical design, providing user safety in working environments. Finished with ribbed cuffs and neck.",https://d11ak7fd9ypfb7.cloudfront.net/styles1100px/S192ORR.jpg,,0.0,TRUE,InStock,0.999,,S192ORRXXXL,,,,Size,DROP_DOWN,XXXL,Color,DROP_DOWN,Orange,,,,,,,,,,,,,Fit,<p>R</p>,Length,<p>55</p>,Width,<p>36</p>,Height,<p>40</p>,Box Quantity,<p>48</p>,Inner Pack Quantity,<p>1</p>,Country Of Origin,<p>BD</p>,Standards,<ul><li>ANSI/ISEA 107 TYPE R CLASS 3</li></ul>,,,,
S192,Variant,,"Comfortable yet practical design, providing user safety in working environments. Finished with ribbed cuffs and neck.",https://d11ak7fd9ypfb7.cloudfront.net/styles1100px/S192YER.jpg,,0.0,TRUE,InStock,0.999,,S192YER4XL,,,,Size,DROP_DOWN,4XL,Color,DROP_DOWN,Yellow,,,,,,,,,,,,,Fit,<p>R</p>,Length,<p>55</p>,Width,<p>36</p>,Height,<p>40</p>,Box Quantity,<p>48</p>,Inner Pack Quantity,<p>1</p>,Country Of Origin,<p>BD</p>,Standards,<ul><li>ANSI/ISEA 107 TYPE R CLASS 3</li></ul>,,,,
S192,Variant,,"Comfortable yet practical design, providing user safety in working environments. Finished with ribbed cuffs and neck.",https://d11ak7fd9ypfb7.cloudfront.net/styles1100px/S192YER.jpg,,0.0,TRUE,InStock,0.999,,S192YER5XL,,,,Size,DROP_DOWN,5XL,Color,DROP_DOWN,Yellow,,,,,,,,,,,,,Fit,<p>R</p>,Length,<p>55</p>,Width,<p>36</p>,Height,<p>40</p>,Box Quantity,<p>48</p>,Inner Pack Quantity,<p>1</p>,Country Of Origin,<p>BD</p>,Standards,<ul><li>ANSI/ISEA 107 TYPE R CLASS 3</li></ul>,,,,
S192,Variant,,"Comfortable yet practical design, providing user safety in working environments. Finished with ribbed cuffs and neck.",https://d11ak7fd9ypfb7.cloudfront.net/styles1100px/S192YER.jpg,,0.0,TRUE,InStock,0.999,,S192YER6XL,,,,Size,DROP_DOWN,6XL,Color,DROP_DOWN,Yellow,,,,,,,,,,,,,Fit,<p>R</p>,Length,<p>55</p>,Width,<p>36</p>,Height,<p>40</p>,Box Quantity,<p>48</p>,Inner Pack Quantity,<p>1</p>,Country Of Origin,<p>BD</p>,Standards,<ul><li>ANSI/ISEA 107 TYPE R CLASS 3</li></ul>,,,,
S192,Variant,,"Comfortable yet practical design, providing user safety in working environments. Finished with ribbed cuffs and neck.",https://d11ak7fd9ypfb7.cloudfront.net/styles1100px/S192YER.jpg,,0.0,TRUE,InStock,0.999,,S192YERL,,,,Size,DROP_DOWN,L,Color,DROP_DOWN,Yellow,,,,,,,,,,,,,Fit,<p>R</p>,Length,<p>55</p>,Width,<p>36</p>,Height,<p>40</p>,Box Quantity,<p>48</p>,Inner Pack Quantity,<p>1</p>,Country Of Origin,<p>BD</p>,Standards,<ul><li>ANSI/ISEA 107 TYPE R CLASS 3</li></ul>,,,,
S192,Variant,,"Comfortable yet practical design, providing user safety in working environments. Finished with ribbed cuffs and neck.",https://d11ak7fd9ypfb7.cloudfront.net/styles1100px/S192YER.jpg,,0.0,TRUE,InStock,0.999,,S192YERM,,,,Size,DROP_DOWN,M,Color,DROP_DOWN,Yellow,,,,,,,,,,,,,Fit,<p>R</p>,Length,<p>55</p>,Width,<p>36</p>,Height,<p>40</p>,Box Quantity,<p>48</p>,Inner Pack Quantity,<p>1</p>,Country Of Origin,<p>BD</p>,Standards,<ul><li>ANSI/ISEA 107 TYPE R CLASS 3</li></ul>,,,,
S192,Variant,,"Comfortable yet practical design, providing user safety in working environments. Finished with ribbed cuffs and neck.",https://d11ak7fd9ypfb7.cloudfront.net/styles1100px/S192YER.jpg,,0.0,TRUE,InStock,0.999,,S192YERS,,,,Size,DROP_DOWN,S,Color,DROP_DOWN,Yellow,,,,,,,,,,,,,Fit,<p>R</p>,Length,<p>55</p>,Width,<p>36</p>,Height,<p>40</p>,Box Quantity,<p>48</p>,Inner Pack Quantity,<p>1</p>,Country Of Origin,<p>BD</p>,Standards,<ul><li>ANSI/ISEA 107 TYPE R CLASS 3</li></ul>,,,,
S192,Variant,,"Comfortable yet practical design, providing user safety in working environments. Finished with ribbed cuffs and neck.",https://d11ak7fd9ypfb7.cloudfront.net/styles1100px/S192YER.jpg,,0.0,TRUE,InStock,0.999,,S192YERXL,,,,Size,DROP_DOWN,XL,Color,DROP_DOWN,Yellow,,,,,,,,,,,,,Fit,<p>R</p>,Length,<p>55</p>,Width,<p>36</p>,Height,<p>40</p>,Box Quantity,<p>48</p>,Inner Pack Quantity,<p>1</p>,Country Of Origin,<p>BD</p>,Standards,<ul><li>ANSI/ISEA 107 TYPE R CLASS 3</li></ul>,,,,
S192,Variant,,"Comfortable yet practical design, providing user safety in working environments. Finished with ribbed cuffs and neck.",https://d11ak7fd9ypfb7.cloudfront.net/styles1100px/S192YER.jpg,,0.0,TRUE,InStock,0.999,,S192YERXXL,,,,Size,DROP_DOWN,XXL,Color,DROP_DOWN,Yellow,,,,,,,,,,,,,Fit,<p>R</p>,Length,<p>55</p>,Width,<p>36</p>,Height,<p>40</p>,Box Quantity,<p>48</p>,Inner Pack Quantity,<p>1</p>,Country Of Origin,<p>BD</p>,Standards,<ul><li>ANSI/ISEA 107 TYPE R CLASS 3</li></ul>,,,,
S192,Variant,,"Comfortable yet practical design, providing user safety in working environments. Finished with ribbed cuffs and neck.",https://d11ak7fd9ypfb7.cloudfront.net/styles1100px/S192YER.jpg,,0.0,TRUE,InStock,0.999,,S192YERXXXL,,,,Size,DROP_DOWN,XXXL,Color,DROP_DOWN,Yellow,,,,,,,,,,,,,Fit,<p>R</p>,Length,<p>55</p>,Width,<p>36</p>,Height,<p>40</p>,Box Quantity,<p>48</p>,Inner Pack Quantity,<p>1</p>,Country Of Origin,<p>BD</p>,Standards,<ul><li>ANSI/ISEA 107 TYPE R CLASS 3</li></ul>,,,,
S194,Product,S194 - ,,https://d11ak7fd9ypfb7.cloudfront.net/styles1100px/S194ORR.jpg,24.7,0.0,TRUE,InStock,0.999,,S194ORR4XL,,,,Size,DROP_DOWN,S;M;L;XL;XXL;XXXL;4XL;5XL,Color,DROP_DOWN,Yellow;Orange,,,,,,,,,,,,,Fit,<p>R</p>,Length,<p>55</p>,Width,<p>36</p>,Height,<p>40</p>,Box Quantity,<p>48</p>,Inner Pack Quantity,<p>1</p>,Country Of Origin,<p>BD</p>,Standards,<p></p>,,,,
S194,Variant,,,https://d11ak7fd9ypfb7.cloudfront.net/styles1100px/S194ORR.jpg,,0.0,TRUE,InStock,0.999,,S194ORR4XL,,,,Size,DROP_DOWN,4XL,Color,DROP_DOWN,Orange,,,,,,,,,,,,,Fit,<p>R</p>,Length,<p>55</p>,Width,<p>36</p>,Height,<p>40</p>,Box Quantity,<p>48</p>,Inner Pack Quantity,<p>1</p>,Country Of Origin,<p>BD</p>,Standards,<p></p>,,,,
S194,Variant,,,https://d11ak7fd9ypfb7.cloudfront.net/styles1100px/S194ORR.jpg,,0.0,TRUE,InStock,0.999,,S194ORR5XL,,,,Size,DROP_DOWN,5XL,Color,DROP_DOWN,Orange,,,,,,,,,,,,,Fit,<p>R</p>,Length,<p>55</p>,Width,<p>36</p>,Height,<p>40</p>,Box Quantity,<p>48</p>,Inner Pack Quantity,<p>1</p>,Country Of Origin,<p>BD</p>,Standards,<p></p>,,,,
S194,Variant,,,https://d11ak7fd9ypfb7.cloudfront.net/styles1100px/S194ORR.jpg,,0.0,TRUE,InStock,0.999,,S194ORRL,,,,Size,DROP_DOWN,L,Color,DROP_DOWN,Orange,,,,,,,,,,,,,Fit,<p>R</p>,Length,<p>55</p>,Width,<p>36</p>,Height,<p>34</p>,Box Quantity,<p>48</p>,Inner Pack Quantity,<p>1</p>,Country Of Origin,<p>BD</p>,Standards,<p></p>,,,,
S194,Variant,,,https://d11ak7fd9ypfb7.cloudfront.net/styles1100px/S194ORR.jpg,,0.0,TRUE,InStock,0.999,,S194ORRM,,,,Size,DROP_DOWN,M,Color,DROP_DOWN,Orange,,,,,,,,,,,,,Fit,<p>R</p>,Length,<p>55</p>,Width,<p>36</p>,Height,<p>34</p>,Box Quantity,<p>48</p>,Inner Pack Quantity,<p>1</p>,Country Of Origin,<p>BD</p>,Standards,<p></p>,,,,
S194,Variant,,,https://d11ak7fd9ypfb7.cloudfront.net/styles1100px/S194ORR.jpg,,0.0,TRUE,InStock,0.999,,S194ORRS,,,,Size,DROP_DOWN,S,Color,DROP_DOWN,Orange,,,,,,,,,,,,,Fit,<p>R</p>,Length,<p>55</p>,Width,<p>36</p>,Height,<p>34</p>,Box Quantity,<p>48</p>,Inner Pack Quantity,<p>1</p>,Country Of Origin,<p>BD</p>,Standards,<p></p>,,,,
S194,Variant,,,https://d11ak7fd9ypfb7.cloudfront.net/styles1100px/S194ORR.jpg,,0.0,TRUE,InStock,0.999,,S194ORRXL,,,,Size,DROP_DOWN,XL,Color,DROP_DOWN,Orange,,,,,,,,,,,,,Fit,<p>R</p>,Length,<p>55</p>,Width,<p>36</p>,Height,<p>34</p>,Box Quantity,<p>48</p>,Inner Pack Quantity,<p>1</p>,Country Of Origin,<p>BD</p>,Standards,<p></p>,,,,
S194,Variant,,,https://d11ak7fd9ypfb7.cloudfront.net/styles1100px/S194ORR.jpg,,0.0,TRUE,InStock,0.999,,S194ORRXXL,,,,Size,DROP_DOWN,XXL,Color,DROP_DOWN,Orange,,,,,,,,,,,,,Fit,<p>R</p>,Length,<p>55</p>,Width,<p>36</p>,Height,<p>40</p>,Box Quantity,<p>48</p>,Inner Pack Quantity,<p>1</p>,Country Of Origin,<p>BD</p>,Standards,<p></p>,,,,
S194,Variant,,,https://d11ak7fd9ypfb7.cloudfront.net/styles1100px/S194ORR.jpg,,0.0,TRUE,InStock,0.999,,S194ORRXXXL,,,,Size,DROP_DOWN,XXXL,Color,DROP_DOWN,Orange,,,,,,,,,,,,,Fit,<p>R</p>,Length,<p>55</p>,Width,<p>36</p>,Height,<p>40</p>,Box Quantity,<p>48</p>,Inner Pack Quantity,<p>1</p>,Country Of Origin,<p>BD</p>,Standards,<p></p>,,,,
S194,Variant,,,https://d11ak7fd9ypfb7.cloudfront.net/styles1100px/S194YER.jpg,,0.0,TRUE,InStock,0.999,,S194YER4XL,,,,Size,DROP_DOWN,4XL,Color,DROP_DOWN,Yellow,,,,,,,,,,,,,Fit,<p>R</p>,Length,<p>55</p>,Width,<p>36</p>,Height,<p>40</p>,Box Quantity,<p>48</p>,Inner Pack Quantity,<p>1</p>,Country Of Origin,<p>BD</p>,Standards,<p></p>,,,,
S194,Variant,,,https://d11ak7fd9ypfb7.cloudfront.net/styles1100px/S194YER.jpg,,0.0,TRUE,InStock,0.999,,S194YER5XL,,,,Size,DROP_DOWN,5XL,Color,DROP_DOWN,Yellow,,,,,,,,,,,,,Fit,<p>R</p>,Length,<p>55</p>,Width,<p>36</p>,Height,<p>40</p>,Box Quantity,<p>48</p>,Inner Pack Quantity,<p>1</p>,Country Of Origin,<p>BD</p>,Standards,<p></p>,,,,
S194,Variant,,,https://d11ak7fd9ypfb7.cloudfront.net/styles1100px/S194YER.jpg,,0.0,TRUE,InStock,0.999,,S194YERL,,,,Size,DROP_DOWN,L,Color,DROP_DOWN,Yellow,,,,,,,,,,,,,Fit,<p>R</p>,Length,<p>55</p>,Width,<p>36</p>,Height,<p>34</p>,Box Quantity,<p>48</p>,Inner Pack Quantity,<p>1</p>,Country Of Origin,<p>BD</p>,Standards,<p></p>,,,,
S194,Variant,,,https://d11ak7fd9ypfb7.cloudfront.net/styles1100px/S194YER.jpg,,0.0,TRUE,InStock,0.999,,S194YERM,,,,Size,DROP_DOWN,M,Color,DROP_DOWN,Yellow,,,,,,,,,,,,,Fit,<p>R</p>,Length,<p>55</p>,Width,<p>36</p>,Height,<p>34</p>,Box Quantity,<p>48</p>,Inner Pack Quantity,<p>1</p>,Country Of Origin,<p>BD</p>,Standards,<p></p>,,,,
S194,Variant,,,https://d11ak7fd9ypfb7.cloudfront.net/styles1100px/S194YER.jpg,,0.0,TRUE,InStock,0.999,,S194YERS,,,,Size,DROP_DOWN,S,Color,DROP_DOWN,Yellow,,,,,,,,,,,,,Fit,<p>R</p>,Length,<p>55</p>,Width,<p>36</p>,Height,<p>34</p>,Box Quantity,<p>48</p>,Inner Pack Quantity,<p>1</p>,Country Of Origin,<p>BD</p>,Standards,<p></p>,,,,
S194,Variant,,,https://d11ak7fd9ypfb7.cloudfront.net/styles1100px/S194YER.jpg,,0.0,TRUE,InStock,0.999,,S194YERXL,,,,Size,DROP_DOWN,XL,Color,DROP_DOWN,Yellow,,,,,,,,,,,,,Fit,<p>R</p>,Length,<p>55</p>,Width,<p>36</p>,Height,<p>34</p>,Box Quantity,<p>48</p>,Inner Pack Quantity,<p>1</p>,Country Of Origin,<p>BD</p>,Standards,<p></p>,,,,
S194,Variant,,,https://d11ak7fd9ypfb7.cloudfront.net/styles1100px/S194YER.jpg,,0.0,TRUE,InStock,0.999,,S194YERXXL,,,,Size,DROP_DOWN,XXL,Color,DROP_DOWN,Yellow,,,,,,,,,,,,,Fit,<p>R</p>,Length,<p>55</p>,Width,<p>36</p>,Height,<p>40</p>,Box Quantity,<p>48</p>,Inner Pack Quantity,<p>1</p>,Country Of Origin,<p>BD</p>,Standards,<p></p>,,,,
S194,Variant,,,https://d11ak7fd9ypfb7.cloudfront.net/styles1100px/S194YER.jpg,,0.0,TRUE,InStock,0.999,,S194YERXXXL,,,,Size,DROP_DOWN,XXXL,Color,DROP_DOWN,Yellow,,,,,,,,,,,,,Fit,<p>R</p>,Length,<p>55</p>,Width,<p>36</p>,Height,<p>40</p>,Box Quantity,<p>48</p>,Inner Pack Quantity,<p>1</p>,Country Of Origin,<p>BD</p>,Standards,<p></p>,,,,
S195,Product,S195 - ,,https://d11ak7fd9ypfb7.cloudfront.net/styles1100px/S195ORR.jpg,32.6,0.0,TRUE,InStock,0.999,,S195ORR4XL,,,,Size,DROP_DOWN,S;M;L;XL;XXL;XXXL;4XL,Color,DROP_DOWN,Yellow;Orange,,,,,,,,,,,,,Fit,<p>R</p>,Length,<p>55</p>,Width,<p>36</p>,Height,<p>45</p>,Box Quantity,<p>48</p>,Inner Pack Quantity,<p>1</p>,Country Of Origin,<p>BD</p>,Standards,<p></p>,,,,
S195,Variant,,,https://d11ak7fd9ypfb7.cloudfront.net/styles1100px/S195ORR.jpg,,0.0,TRUE,InStock,0.999,,S195ORR4XL,,,,Size,DROP_DOWN,4XL,Color,DROP_DOWN,Orange,,,,,,,,,,,,,Fit,<p>R</p>,Length,<p>55</p>,Width,<p>36</p>,Height,<p>45</p>,Box Quantity,<p>48</p>,Inner Pack Quantity,<p>1</p>,Country Of Origin,<p>BD</p>,Standards,<p></p>,,,,
S195,Variant,,,https://d11ak7fd9ypfb7.cloudfront.net/styles1100px/S195ORR.jpg,,0.0,TRUE,InStock,0.999,,S195ORRL,,,,Size,DROP_DOWN,L,Color,DROP_DOWN,Orange,,,,,,,,,,,,,Fit,<p>R</p>,Length,<p>55</p>,Width,<p>36</p>,Height,<p>40</p>,Box Quantity,<p>48</p>,Inner Pack Quantity,<p>1</p>,Country Of Origin,<p>BD</p>,Standards,<p></p>,,,,
S195,Variant,,,https://d11ak7fd9ypfb7.cloudfront.net/styles1100px/S195ORR.jpg,,0.0,TRUE,InStock,0.999,,S195ORRM,,,,Size,DROP_DOWN,M,Color,DROP_DOWN,Orange,,,,,,,,,,,,,Fit,<p>R</p>,Length,<p>55</p>,Width,<p>36</p>,Height,<p>40</p>,Box Quantity,<p>48</p>,Inner Pack Quantity,<p>1</p>,Country Of Origin,<p>BD</p>,Standards,<p></p>,,,,
S195,Variant,,,https://d11ak7fd9ypfb7.cloudfront.net/styles1100px/S195ORR.jpg,,0.0,TRUE,InStock,0.999,,S195ORRS,,,,Size,DROP_DOWN,S,Color,DROP_DOWN,Orange,,,,,,,,,,,,,Fit,<p>R</p>,Length,<p>55</p>,Width,<p>36</p>,Height,<p>40</p>,Box Quantity,<p>48</p>,Inner Pack Quantity,<p>1</p>,Country Of Origin,<p>BD</p>,Standards,<p></p>,,,,
S195,Variant,,,https://d11ak7fd9ypfb7.cloudfront.net/styles1100px/S195ORR.jpg,,0.0,TRUE,InStock,0.999,,S195ORRXL,,,,Size,DROP_DOWN,XL,Color,DROP_DOWN,Orange,,,,,,,,,,,,,Fit,<p>R</p>,Length,<p>55</p>,Width,<p>36</p>,Height,<p>40</p>,Box Quantity,<p>48</p>,Inner Pack Quantity,<p>1</p>,Country Of Origin,<p>BD</p>,Standards,<p></p>,,,,
S195,Variant,,,https://d11ak7fd9ypfb7.cloudfront.net/styles1100px/S195ORR.jpg,,0.0,TRUE,InStock,0.999,,S195ORRXXL,,,,Size,DROP_DOWN,XXL,Color,DROP_DOWN,Orange,,,,,,,,,,,,,Fit,<p>R</p>,Length,<p>55</p>,Width,<p>36</p>,Height,<p>45</p>,Box Quantity,<p>48</p>,Inner Pack Quantity,<p>1</p>,Country Of Origin,<p>BD</p>,Standards,<p></p>,,,,
S195,Variant,,,https://d11ak7fd9ypfb7.cloudfront.net/styles1100px/S195ORR.jpg,,0.0,TRUE,InStock,0.999,,S195ORRXXXL,,,,Size,DROP_DOWN,XXXL,Color,DROP_DOWN,Orange,,,,,,,,,,,,,Fit,<p>R</p>,Length,<p>55</p>,Width,<p>36</p>,Height,<p>45</p>,Box Quantity,<p>48</p>,Inner Pack Quantity,<p>1</p>,Country Of Origin,<p>BD</p>,Standards,<p></p>,,,,
S195,Variant,,,https://d11ak7fd9ypfb7.cloudfront.net/styles1100px/S195YER.jpg,,0.0,TRUE,InStock,0.999,,S195YER4XL,,,,Size,DROP_DOWN,4XL,Color,DROP_DOWN,Yellow,,,,,,,,,,,,,Fit,<p>R</p>,Length,<p>55</p>,Width,<p>36</p>,Height,<p>45</p>,Box Quantity,<p>48</p>,Inner Pack Quantity,<p>1</p>,Country Of Origin,<p>BD</p>,Standards,<p></p>,,,,
S195,Variant,,,https://d11ak7fd9ypfb7.cloudfront.net/styles1100px/S195YER.jpg,,0.0,TRUE,InStock,0.999,,S195YERL,,,,Size,DROP_DOWN,L,Color,DROP_DOWN,Yellow,,,,,,,,,,,,,Fit,<p>R</p>,Length,<p>55</p>,Width,<p>36</p>,Height,<p>40</p>,Box Quantity,<p>48</p>,Inner Pack Quantity,<p>1</p>,Country Of Origin,<p>BD</p>,Standards,<p></p>,,,,
S195,Variant,,,https://d11ak7fd9ypfb7.cloudfront.net/styles1100px/S195YER.jpg,,0.0,TRUE,InStock,0.999,,S195YERM,,,,Size,DROP_DOWN,M,Color,DROP_DOWN,Yellow,,,,,,,,,,,,,Fit,<p>R</p>,Length,<p>55</p>,Width,<p>36</p>,Height,<p>40</p>,Box Quantity,<p>48</p>,Inner Pack Quantity,<p>1</p>,Country Of Origin,<p>BD</p>,Standards,<p></p>,,,,
S195,Variant,,,https://d11ak7fd9ypfb7.cloudfront.net/styles1100px/S195YER.jpg,,0.0,TRUE,InStock,0.999,,S195YERS,,,,Size,DROP_DOWN,S,Color,DROP_DOWN,Yellow,,,,,,,,,,,,,Fit,<p>R</p>,Length,<p>55</p>,Width,<p>36</p>,Height,<p>40</p>,Box Quantity,<p>48</p>,Inner Pack Quantity,<p>1</p>,Country Of Origin,<p>BD</p>,Standards,<p></p>,,,,
S195,Variant,,,https://d11ak7fd9ypfb7.cloudfront.net/styles1100px/S195YER.jpg,,0.0,TRUE,InStock,0.999,,S195YERXL,,,,Size,DROP_DOWN,XL,Color,DROP_DOWN,Yellow,,,,,,,,,,,,,Fit,<p>R</p>,Length,<p>55</p>,Width,<p>36</p>,Height,<p>40</p>,Box Quantity,<p>48</p>,Inner Pack Quantity,<p>1</p>,Country Of Origin,<p>BD</p>,Standards,<p></p>,,,,
S195,Variant,,,https://d11ak7fd9ypfb7.cloudfront.net/styles1100px/S195YER.jpg,,0.0,TRUE,InStock,0.999,,S195YERXXL,,,,Size,DROP_DOWN,XXL,Color,DROP_DOWN,Yellow,,,,,,,,,,,,,Fit,<p>R</p>,Length,<p>55</p>,Width,<p>36</p>,Height,<p>45</p>,Box Quantity,<p>48</p>,Inner Pack Quantity,<p>1</p>,Country Of Origin,<p>BD</p>,Standards,<p></p>,,,,
S195,Variant,,,https://d11ak7fd9ypfb7.cloudfront.net/styles1100px/S195YER.jpg,,0.0,TRUE,InStock,0.999,,S195YERXXXL,,,,Size,DROP_DOWN,XXXL,Color,DROP_DOWN,Yellow,,,,,,,,,,,,,Fit,<p>R</p>,Length,<p>55</p>,Width,<p>36</p>,Height,<p>45</p>,Box Quantity,<p>48</p>,Inner Pack Quantity,<p>1</p>,Country Of Origin,<p>BD</p>,Standards,<p></p>,,,,
S231,Product,S231 - Stretch Slim Combat Pants,"This slim fit stretch pant has all the features of a cargo style with the advantage of dynamic cotton stretch twill fabric. This stretch fabric gives the ultimate in comfort and freedom of movement. Features include multiple utility pockets and a concealed hook and bar waist fastening. With twin stitching throughout and bar-tacking at all stress points, this trouser is highly durable.",https://d11ak7fd9ypfb7.cloudfront.net/styles1100px/S231BKR.jpg,34.4,0.0,TRUE,InStock,0.448,,S231BKR28,,,,Size,DROP_DOWN,28;30;32;34;36;38;40;42;44;46,Color,DROP_DOWN,Dark Navy;Black,,,,,,,,,,,,,Fit,<p>R</p>,Length,<p>43</p>,Width,<p>28</p>,Height,<p>52</p>,Box Quantity,<p>36</p>,Inner Pack Quantity,<p>1</p>,Country Of Origin,<p>BD</p>,Standards,<p></p>,,,,
S231,Variant,,"This slim fit stretch pant has all the features of a cargo style with the advantage of dynamic cotton stretch twill fabric. This stretch fabric gives the ultimate in comfort and freedom of movement. Features include multiple utility pockets and a concealed hook and bar waist fastening. With twin stitching throughout and bar-tacking at all stress points, this trouser is highly durable.",https://d11ak7fd9ypfb7.cloudfront.net/styles1100px/S231BKR.jpg,,0.0,TRUE,InStock,0.448,,S231BKR28,,,,Size,DROP_DOWN,28,Color,DROP_DOWN,Black,,,,,,,,,,,,,Fit,<p>R</p>,Length,<p>43</p>,Width,<p>28</p>,Height,<p>52</p>,Box Quantity,<p>36</p>,Inner Pack Quantity,<p>1</p>,Country Of Origin,<p>BD</p>,Standards,<p></p>,,,,
S231,Variant,,"This slim fit stretch pant has all the features of a cargo style with the advantage of dynamic cotton stretch twill fabric. This stretch fabric gives the ultimate in comfort and freedom of movement. Features include multiple utility pockets and a concealed hook and bar waist fastening. With twin stitching throughout and bar-tacking at all stress points, this trouser is highly durable.",https://d11ak7fd9ypfb7.cloudfront.net/styles1100px/S231BKR.jpg,,0.0,TRUE,InStock,0.456,,S231BKR30,,,,Size,DROP_DOWN,30,Color,DROP_DOWN,Black,,,,,,,,,,,,,Fit,<p>R</p>,Length,<p>43</p>,Width,<p>28</p>,Height,<p>52</p>,Box Quantity,<p>36</p>,Inner Pack Quantity,<p>1</p>,Country Of Origin,<p>BD</p>,Standards,<p></p>,,,,
S231,Variant,,"This slim fit stretch pant has all the features of a cargo style with the advantage of dynamic cotton stretch twill fabric. This stretch fabric gives the ultimate in comfort and freedom of movement. Features include multiple utility pockets and a concealed hook and bar waist fastening. With twin stitching throughout and bar-tacking at all stress points, this trouser is highly durable.",https://d11ak7fd9ypfb7.cloudfront.net/styles1100px/S231BKR.jpg,,0.0,TRUE,InStock,0.485,,S231BKR32,,,,Size,DROP_DOWN,32,Color,DROP_DOWN,Black,,,,,,,,,,,,,Fit,<p>R</p>,Length,<p>43</p>,Width,<p>28</p>,Height,<p>52</p>,Box Quantity,<p>36</p>,Inner Pack Quantity,<p>1</p>,Country Of Origin,<p>BD</p>,Standards,<p></p>,,,,
S231,Variant,,"This slim fit stretch pant has all the features of a cargo style with the advantage of dynamic cotton stretch twill fabric. This stretch fabric gives the ultimate in comfort and freedom of movement. Features include multiple utility pockets and a concealed hook and bar waist fastening. With twin stitching throughout and bar-tacking at all stress points, this trouser is highly durable.",https://d11ak7fd9ypfb7.cloudfront.net/styles1100px/S231BKR.jpg,,0.0,TRUE,InStock,0.499,,S231BKR34,,,,Size,DROP_DOWN,34,Color,DROP_DOWN,Black,,,,,,,,,,,,,Fit,<p>R</p>,Length,<p>43</p>,Width,<p>28</p>,Height,<p>52</p>,Box Quantity,<p>36</p>,Inner Pack Quantity,<p>1</p>,Country Of Origin,<p>BD</p>,Standards,<p></p>,,,,
S231,Variant,,"This slim fit stretch pant has all the features of a cargo style with the advantage of dynamic cotton stretch twill fabric. This stretch fabric gives the ultimate in comfort and freedom of movement. Features include multiple utility pockets and a concealed hook and bar waist fastening. With twin stitching throughout and bar-tacking at all stress points, this trouser is highly durable.",https://d11ak7fd9ypfb7.cloudfront.net/styles1100px/S231BKR.jpg,,0.0,TRUE,InStock,0.515,,S231BKR36,,,,Size,DROP_DOWN,36,Color,DROP_DOWN,Black,,,,,,,,,,,,,Fit,<p>R</p>,Length,<p>43</p>,Width,<p>28</p>,Height,<p>52</p>,Box Quantity,<p>36</p>,Inner Pack Quantity,<p>1</p>,Country Of Origin,<p>BD</p>,Standards,<p></p>,,,,
S231,Variant,,"This slim fit stretch pant has all the features of a cargo style with the advantage of dynamic cotton stretch twill fabric. This stretch fabric gives the ultimate in comfort and freedom of movement. Features include multiple utility pockets and a concealed hook and bar waist fastening. With twin stitching throughout and bar-tacking at all stress points, this trouser is highly durable.",https://d11ak7fd9ypfb7.cloudfront.net/styles1100px/S231BKR.jpg,,0.0,TRUE,InStock,0.52,,S231BKR38,,,,Size,DROP_DOWN,38,Color,DROP_DOWN,Black,,,,,,,,,,,,,Fit,<p>R</p>,Length,<p>43</p>,Width,<p>28</p>,Height,<p>52</p>,Box Quantity,<p>36</p>,Inner Pack Quantity,<p>1</p>,Country Of Origin,<p>BD</p>,Standards,<p></p>,,,,
S231,Variant,,"This slim fit stretch pant has all the features of a cargo style with the advantage of dynamic cotton stretch twill fabric. This stretch fabric gives the ultimate in comfort and freedom of movement. Features include multiple utility pockets and a concealed hook and bar waist fastening. With twin stitching throughout and bar-tacking at all stress points, this trouser is highly durable.",https://d11ak7fd9ypfb7.cloudfront.net/styles1100px/S231BKR.jpg,,0.0,TRUE,InStock,0.532,,S231BKR40,,,,Size,DROP_DOWN,40,Color,DROP_DOWN,Black,,,,,,,,,,,,,Fit,<p>R</p>,Length,<p>43</p>,Width,<p>28</p>,Height,<p>55</p>,Box Quantity,<p>36</p>,Inner Pack Quantity,<p>1</p>,Country Of Origin,<p>BD</p>,Standards,<p></p>,,,,
S231,Variant,,"This slim fit stretch pant has all the features of a cargo style with the advantage of dynamic cotton stretch twill fabric. This stretch fabric gives the ultimate in comfort and freedom of movement. Features include multiple utility pockets and a concealed hook and bar waist fastening. With twin stitching throughout and bar-tacking at all stress points, this trouser is highly durable.",https://d11ak7fd9ypfb7.cloudfront.net/styles1100px/S231BKR.jpg,,0.0,TRUE,InStock,0.539,,S231BKR42,,,,Size,DROP_DOWN,42,Color,DROP_DOWN,Black,,,,,,,,,,,,,Fit,<p>R</p>,Length,<p>43</p>,Width,<p>28</p>,Height,<p>55</p>,Box Quantity,<p>36</p>,Inner Pack Quantity,<p>1</p>,Country Of Origin,<p>BD</p>,Standards,<p></p>,,,,
S231,Variant,,"This slim fit stretch pant has all the features of a cargo style with the advantage of dynamic cotton stretch twill fabric. This stretch fabric gives the ultimate in comfort and freedom of movement. Features include multiple utility pockets and a concealed hook and bar waist fastening. With twin stitching throughout and bar-tacking at all stress points, this trouser is highly durable.",https://d11ak7fd9ypfb7.cloudfront.net/styles1100px/S231BKR.jpg,,0.0,TRUE,InStock,0.554,,S231BKR44,,,,Size,DROP_DOWN,44,Color,DROP_DOWN,Black,,,,,,,,,,,,,Fit,<p>R</p>,Length,<p>43</p>,Width,<p>28</p>,Height,<p>55</p>,Box Quantity,<p>36</p>,Inner Pack Quantity,<p>1</p>,Country Of Origin,<p>BD</p>,Standards,<p></p>,,,,
S231,Variant,,"This slim fit stretch pant has all the features of a cargo style with the advantage of dynamic cotton stretch twill fabric. This stretch fabric gives the ultimate in comfort and freedom of movement. Features include multiple utility pockets and a concealed hook and bar waist fastening. With twin stitching throughout and bar-tacking at all stress points, this trouser is highly durable.",https://d11ak7fd9ypfb7.cloudfront.net/styles1100px/S231BKR.jpg,,0.0,TRUE,InStock,0.578,,S231BKR46,,,,Size,DROP_DOWN,46,Color,DROP_DOWN,Black,,,,,,,,,,,,,Fit,<p>R</p>,Length,<p>43</p>,Width,<p>28</p>,Height,<p>55</p>,Box Quantity,<p>36</p>,Inner Pack Quantity,<p>1</p>,Country Of Origin,<p>BD</p>,Standards,<p></p>,,,,
S231,Variant,,"This slim fit stretch pant has all the features of a cargo style with the advantage of dynamic cotton stretch twill fabric. This stretch fabric gives the ultimate in comfort and freedom of movement. Features include multiple utility pockets and a concealed hook and bar waist fastening. With twin stitching throughout and bar-tacking at all stress points, this trouser is highly durable.",https://d11ak7fd9ypfb7.cloudfront.net/styles1100px/S231DNR.jpg,,0.0,TRUE,InStock,0.438,,S231DNR28,,,,Size,DROP_DOWN,28,Color,DROP_DOWN,Dark Navy,,,,,,,,,,,,,Fit,<p>R</p>,Length,<p>43</p>,Width,<p>28</p>,Height,<p>52</p>,Box Quantity,<p>36</p>,Inner Pack Quantity,<p>1</p>,Country Of Origin,<p>BD</p>,Standards,<p></p>,,,,
S231,Variant,,"This slim fit stretch pant has all the features of a cargo style with the advantage of dynamic cotton stretch twill fabric. This stretch fabric gives the ultimate in comfort and freedom of movement. Features include multiple utility pockets and a concealed hook and bar waist fastening. With twin stitching throughout and bar-tacking at all stress points, this trouser is highly durable.",https://d11ak7fd9ypfb7.cloudfront.net/styles1100px/S231DNR.jpg,,0.0,TRUE,InStock,0.467,,S231DNR30,,,,Size,DROP_DOWN,30,Color,DROP_DOWN,Dark Navy,,,,,,,,,,,,,Fit,<p>R</p>,Length,<p>43</p>,Width,<p>28</p>,Height,<p>52</p>,Box Quantity,<p>36</p>,Inner Pack Quantity,<p>1</p>,Country Of Origin,<p>BD</p>,Standards,<p></p>,,,,
S231,Variant,,"This slim fit stretch pant has all the features of a cargo style with the advantage of dynamic cotton stretch twill fabric. This stretch fabric gives the ultimate in comfort and freedom of movement. Features include multiple utility pockets and a concealed hook and bar waist fastening. With twin stitching throughout and bar-tacking at all stress points, this trouser is highly durable.",https://d11ak7fd9ypfb7.cloudfront.net/styles1100px/S231DNR.jpg,,0.0,TRUE,InStock,0.468,,S231DNR32,,,,Size,DROP_DOWN,32,Color,DROP_DOWN,Dark Navy,,,,,,,,,,,,,Fit,<p>R</p>,Length,<p>43</p>,Width,<p>28</p>,Height,<p>52</p>,Box Quantity,<p>36</p>,Inner Pack Quantity,<p>1</p>,Country Of Origin,<p>BD</p>,Standards,<p></p>,,,,
S231,Variant,,"This slim fit stretch pant has all the features of a cargo style with the advantage of dynamic cotton stretch twill fabric. This stretch fabric gives the ultimate in comfort and freedom of movement. Features include multiple utility pockets and a concealed hook and bar waist fastening. With twin stitching throughout and bar-tacking at all stress points, this trouser is highly durable.",https://d11ak7fd9ypfb7.cloudfront.net/styles1100px/S231DNR.jpg,,0.0,TRUE,InStock,0.484,,S231DNR34,,,,Size,DROP_DOWN,34,Color,DROP_DOWN,Dark Navy,,,,,,,,,,,,,Fit,<p>R</p>,Length,<p>43</p>,Width,<p>28</p>,Height,<p>52</p>,Box Quantity,<p>36</p>,Inner Pack Quantity,<p>1</p>,Country Of Origin,<p>BD</p>,Standards,<p></p>,,,,
S231,Variant,,"This slim fit stretch pant has all the features of a cargo style with the advantage of dynamic cotton stretch twill fabric. This stretch fabric gives the ultimate in comfort and freedom of movement. Features include multiple utility pockets and a concealed hook and bar waist fastening. With twin stitching throughout and bar-tacking at all stress points, this trouser is highly durable.",https://d11ak7fd9ypfb7.cloudfront.net/styles1100px/S231DNR.jpg,,0.0,TRUE,InStock,0.493,,S231DNR36,,,,Size,DROP_DOWN,36,Color,DROP_DOWN,Dark Navy,,,,,,,,,,,,,Fit,<p>R</p>,Length,<p>43</p>,Width,<p>28</p>,Height,<p>52</p>,Box Quantity,<p>36</p>,Inner Pack Quantity,<p>1</p>,Country Of Origin,<p>BD</p>,Standards,<p></p>,,,,
S231,Variant,,"This slim fit stretch pant has all the features of a cargo style with the advantage of dynamic cotton stretch twill fabric. This stretch fabric gives the ultimate in comfort and freedom of movement. Features include multiple utility pockets and a concealed hook and bar waist fastening. With twin stitching throughout and bar-tacking at all stress points, this trouser is highly durable.",https://d11ak7fd9ypfb7.cloudfront.net/styles1100px/S231DNR.jpg,,0.0,TRUE,InStock,0.496,,S231DNR38,,,,Size,DROP_DOWN,38,Color,DROP_DOWN,Dark Navy,,,,,,,,,,,,,Fit,<p>R</p>,Length,<p>43</p>,Width,<p>28</p>,Height,<p>52</p>,Box Quantity,<p>36</p>,Inner Pack Quantity,<p>1</p>,Country Of Origin,<p>BD</p>,Standards,<p></p>,,,,
S231,Variant,,"This slim fit stretch pant has all the features of a cargo style with the advantage of dynamic cotton stretch twill fabric. This stretch fabric gives the ultimate in comfort and freedom of movement. Features include multiple utility pockets and a concealed hook and bar waist fastening. With twin stitching throughout and bar-tacking at all stress points, this trouser is highly durable.",https://d11ak7fd9ypfb7.cloudfront.net/styles1100px/S231DNR.jpg,,0.0,TRUE,InStock,0.505,,S231DNR40,,,,Size,DROP_DOWN,40,Color,DROP_DOWN,Dark Navy,,,,,,,,,,,,,Fit,<p>R</p>,Length,<p>43</p>,Width,<p>28</p>,Height,<p>55</p>,Box Quantity,<p>36</p>,Inner Pack Quantity,<p>1</p>,Country Of Origin,<p>BD</p>,Standards,<p></p>,,,,
S231,Variant,,"This slim fit stretch pant has all the features of a cargo style with the advantage of dynamic cotton stretch twill fabric. This stretch fabric gives the ultimate in comfort and freedom of movement. Features include multiple utility pockets and a concealed hook and bar waist fastening. With twin stitching throughout and bar-tacking at all stress points, this trouser is highly durable.",https://d11ak7fd9ypfb7.cloudfront.net/styles1100px/S231DNR.jpg,,0.0,TRUE,InStock,0.538,,S231DNR42,,,,Size,DROP_DOWN,42,Color,DROP_DOWN,Dark Navy,,,,,,,,,,,,,Fit,<p>R</p>,Length,<p>43</p>,Width,<p>28</p>,Height,<p>55</p>,Box Quantity,<p>36</p>,Inner Pack Quantity,<p>1</p>,Country Of Origin,<p>BD</p>,Standards,<p></p>,,,,
S231,Variant,,"This slim fit stretch pant has all the features of a cargo style with the advantage of dynamic cotton stretch twill fabric. This stretch fabric gives the ultimate in comfort and freedom of movement. Features include multiple utility pockets and a concealed hook and bar waist fastening. With twin stitching throughout and bar-tacking at all stress points, this trouser is highly durable.",https://d11ak7fd9ypfb7.cloudfront.net/styles1100px/S231DNR.jpg,,0.0,TRUE,InStock,0.533,,S231DNR44,,,,Size,DROP_DOWN,44,Color,DROP_DOWN,Dark Navy,,,,,,,,,,,,,Fit,<p>R</p>,Length,<p>43</p>,Width,<p>28</p>,Height,<p>55</p>,Box Quantity,<p>36</p>,Inner Pack Quantity,<p>1</p>,Country Of Origin,<p>BD</p>,Standards,<p></p>,,,,
S231,Variant,,"This slim fit stretch pant has all the features of a cargo style with the advantage of dynamic cotton stretch twill fabric. This stretch fabric gives the ultimate in comfort and freedom of movement. Features include multiple utility pockets and a concealed hook and bar waist fastening. With twin stitching throughout and bar-tacking at all stress points, this trouser is highly durable.",https://d11ak7fd9ypfb7.cloudfront.net/styles1100px/S231DNR.jpg,,0.0,TRUE,InStock,0.55,,S231DNR46,,,,Size,DROP_DOWN,46,Color,DROP_DOWN,Dark Navy,,,,,,,,,,,,,Fit,<p>R</p>,Length,<p>43</p>,Width,<p>28</p>,Height,<p>55</p>,Box Quantity,<p>36</p>,Inner Pack Quantity,<p>1</p>,Country Of Origin,<p>BD</p>,Standards,<p></p>,,,,
S277,Product,S277 - Hi-Vis Long Sleeve Polo,Thoughtful details and a high quality construction mean our polo shirt is more comfortable and longer lasting than leading competitors. Ideal for warmer working conditions.,https://d11ak7fd9ypfb7.cloudfront.net/styles1100px/S277ORR.jpg,24.2,0.0,TRUE,InStock,0.56,,S277ORR4XL,,,,Size,DROP_DOWN,S;M;L;XL;XXL;XXXL;4XL;5XL;6XL,Color,DROP_DOWN,Yellow;Orange;Yellow Tall;Orange Tall,,,,,,,,,,,,,Fit,<p>R</p>,Length,<p>55</p>,Width,<p>36</p>,Height,<p>50</p>,Box Quantity,<p>48</p>,Inner Pack Quantity,<p>1</p>,Country Of Origin,<p>BD</p>,Standards,<ul><li>EN ISO 20471 Class 3</li><li>ANSI/ISEA 107 TYPE R CLASS 3</li><li>RIS-3279-TOM  ISSUE 1 (ORANGE ONLY)</li><li>AS 4602.1 Class D/N</li></ul>,,,,
S277,Variant,,Thoughtful details and a high quality construction mean our polo shirt is more comfortable and longer lasting than leading competitors. Ideal for warmer working conditions.,https://d11ak7fd9ypfb7.cloudfront.net/styles1100px/S277ORR.jpg,,0.0,TRUE,InStock,0.56,,S277ORR4XL,,,,Size,DROP_DOWN,4XL,Color,DROP_DOWN,Orange,,,,,,,,,,,,,Fit,<p>R</p>,Length,<p>55</p>,Width,<p>36</p>,Height,<p>50</p>,Box Quantity,<p>48</p>,Inner Pack Quantity,<p>1</p>,Country Of Origin,<p>BD</p>,Standards,<ul><li>EN ISO 20471 Class 3</li><li>ANSI/ISEA 107 TYPE R CLASS 3</li><li>RIS-3279-TOM  ISSUE 1 (ORANGE ONLY)</li><li>AS 4602.1 Class D/N</li></ul>,,,,
S277,Variant,,Thoughtful details and a high quality construction mean our polo shirt is more comfortable and longer lasting than leading competitors. Ideal for warmer working conditions.,https://d11ak7fd9ypfb7.cloudfront.net/styles1100px/S277ORR.jpg,,0.0,TRUE,InStock,0.4,,S277ORRL,,,,Size,DROP_DOWN,L,Color,DROP_DOWN,Orange,,,,,,,,,,,,,Fit,<p>R</p>,Length,<p>55</p>,Width,<p>36</p>,Height,<p>50</p>,Box Quantity,<p>48</p>,Inner Pack Quantity,<p>1</p>,Country Of Origin,<p>BD</p>,Standards,<ul><li>EN ISO 20471 Class 3</li><li>ANSI/ISEA 107 TYPE R CLASS 3</li><li>RIS-3279-TOM  ISSUE 1 (ORANGE ONLY)</li><li>AS 4602.1 Class D/N</li></ul>,,,,
S277,Variant,,Thoughtful details and a high quality construction mean our polo shirt is more comfortable and longer lasting than leading competitors. Ideal for warmer working conditions.,https://d11ak7fd9ypfb7.cloudfront.net/styles1100px/S277ORR.jpg,,0.0,TRUE,InStock,0.38,,S277ORRM,,,,Size,DROP_DOWN,M,Color,DROP_DOWN,Orange,,,,,,,,,,,,,Fit,<p>R</p>,Length,<p>55</p>,Width,<p>36</p>,Height,<p>50</p>,Box Quantity,<p>48</p>,Inner Pack Quantity,<p>1</p>,Country Of Origin,<p>BD</p>,Standards,<ul><li>EN ISO 20471 Class 3</li><li>ANSI/ISEA 107 TYPE R CLASS 3</li><li>RIS-3279-TOM  ISSUE 1 (ORANGE ONLY)</li><li>AS 4602.1 Class D/N</li></ul>,,,,
S277,Variant,,Thoughtful details and a high quality construction mean our polo shirt is more comfortable and longer lasting than leading competitors. Ideal for warmer working conditions.,https://d11ak7fd9ypfb7.cloudfront.net/styles1100px/S277ORR.jpg,,0.0,TRUE,InStock,0.36,,S277ORRS,,,,Size,DROP_DOWN,S,Color,DROP_DOWN,Orange,,,,,,,,,,,,,Fit,<p>R</p>,Length,<p>55</p>,Width,<p>36</p>,Height,<p>50</p>,Box Quantity,<p>48</p>,Inner Pack Quantity,<p>1</p>,Country Of Origin,<p>BD</p>,Standards,<ul><li>EN ISO 20471 Class 3</li><li>ANSI/ISEA 107 TYPE R CLASS 3</li><li>RIS-3279-TOM  ISSUE 1 (ORANGE ONLY)</li><li>AS 4602.1 Class D/N</li></ul>,,,,
S277,Variant,,Thoughtful details and a high quality construction mean our polo shirt is more comfortable and longer lasting than leading competitors. Ideal for warmer working conditions.,https://d11ak7fd9ypfb7.cloudfront.net/styles1100px/S277ORR.jpg,,0.0,TRUE,InStock,0.44,,S277ORRXL,,,,Size,DROP_DOWN,XL,Color,DROP_DOWN,Orange,,,,,,,,,,,,,Fit,<p>R</p>,Length,<p>55</p>,Width,<p>36</p>,Height,<p>50</p>,Box Quantity,<p>48</p>,Inner Pack Quantity,<p>1</p>,Country Of Origin,<p>BD</p>,Standards,<ul><li>EN ISO 20471 Class 3</li><li>ANSI/ISEA 107 TYPE R CLASS 3</li><li>RIS-3279-TOM  ISSUE 1 (ORANGE ONLY)</li><li>AS 4602.1 Class D/N</li></ul>,,,,
S277,Variant,,Thoughtful details and a high quality construction mean our polo shirt is more comfortable and longer lasting than leading competitors. Ideal for warmer working conditions.,https://d11ak7fd9ypfb7.cloudfront.net/styles1100px/S277ORR.jpg,,0.0,TRUE,InStock,0.48,,S277ORRXXL,,,,Size,DROP_DOWN,XXL,Color,DROP_DOWN,Orange,,,,,,,,,,,,,Fit,<p>R</p>,Length,<p>55</p>,Width,<p>36</p>,Height,<p>50</p>,Box Quantity,<p>48</p>,Inner Pack Quantity,<p>1</p>,Country Of Origin,<p>BD</p>,Standards,<ul><li>EN ISO 20471 Class 3</li><li>ANSI/ISEA 107 TYPE R CLASS 3</li><li>RIS-3279-TOM  ISSUE 1 (ORANGE ONLY)</li><li>AS 4602.1 Class D/N</li></ul>,,,,
S277,Variant,,Thoughtful details and a high quality construction mean our polo shirt is more comfortable and longer lasting than leading competitors. Ideal for warmer working conditions.,https://d11ak7fd9ypfb7.cloudfront.net/styles1100px/S277ORR.jpg,,0.0,TRUE,InStock,0.52,,S277ORRXXXL,,,,Size,DROP_DOWN,XXXL,Color,DROP_DOWN,Orange,,,,,,,,,,,,,Fit,<p>R</p>,Length,<p>55</p>,Width,<p>36</p>,Height,<p>50</p>,Box Quantity,<p>48</p>,Inner Pack Quantity,<p>1</p>,Country Of Origin,<p>BD</p>,Standards,<ul><li>EN ISO 20471 Class 3</li><li>ANSI/ISEA 107 TYPE R CLASS 3</li><li>RIS-3279-TOM  ISSUE 1 (ORANGE ONLY)</li><li>AS 4602.1 Class D/N</li></ul>,,,,
S277,Variant,,Thoughtful details and a high quality construction mean our polo shirt is more comfortable and longer lasting than leading competitors. Ideal for warmer working conditions.,https://d11ak7fd9ypfb7.cloudfront.net/styles1100px/S277ORT.jpg,,0.0,TRUE,InStock,0.999,,S277ORT4XL,,,,Size,DROP_DOWN,4XL,Color,DROP_DOWN,Orange Tall,,,,,,,,,,,,,Fit,<p>T</p>,Length,<p>55</p>,Width,<p>36</p>,Height,<p>50</p>,Box Quantity,<p>48</p>,Inner Pack Quantity,<p>1</p>,Country Of Origin,<p>BD</p>,Standards,<ul><li>EN ISO 20471 Class 3</li><li>ANSI/ISEA 107 TYPE R CLASS 3</li><li>RIS-3279-TOM  ISSUE 1 (ORANGE ONLY)</li><li>AS 4602.1 Class D/N</li></ul>,,,,
S277,Variant,,Thoughtful details and a high quality construction mean our polo shirt is more comfortable and longer lasting than leading competitors. Ideal for warmer working conditions.,https://d11ak7fd9ypfb7.cloudfront.net/styles1100px/S277ORT.jpg,,0.0,TRUE,InStock,0.999,,S277ORTL,,,,Size,DROP_DOWN,L,Color,DROP_DOWN,Orange Tall,,,,,,,,,,,,,Fit,<p>T</p>,Length,<p>55</p>,Width,<p>36</p>,Height,<p>50</p>,Box Quantity,<p>48</p>,Inner Pack Quantity,<p>1</p>,Country Of Origin,<p>BD</p>,Standards,<ul><li>EN ISO 20471 Class 3</li><li>ANSI/ISEA 107 TYPE R CLASS 3</li><li>RIS-3279-TOM  ISSUE 1 (ORANGE ONLY)</li><li>AS 4602.1 Class D/N</li></ul>,,,,
S277,Variant,,Thoughtful details and a high quality construction mean our polo shirt is more comfortable and longer lasting than leading competitors. Ideal for warmer working conditions.,https://d11ak7fd9ypfb7.cloudfront.net/styles1100px/S277ORT.jpg,,0.0,TRUE,InStock,0.999,,S277ORTXL,,,,Size,DROP_DOWN,XL,Color,DROP_DOWN,Orange Tall,,,,,,,,,,,,,Fit,<p>T</p>,Length,<p>55</p>,Width,<p>36</p>,Height,<p>50</p>,Box Quantity,<p>48</p>,Inner Pack Quantity,<p>1</p>,Country Of Origin,<p>BD</p>,Standards,<ul><li>EN ISO 20471 Class 3</li><li>ANSI/ISEA 107 TYPE R CLASS 3</li><li>RIS-3279-TOM  ISSUE 1 (ORANGE ONLY)</li><li>AS 4602.1 Class D/N</li></ul>,,,,
S277,Variant,,Thoughtful details and a high quality construction mean our polo shirt is more comfortable and longer lasting than leading competitors. Ideal for warmer working conditions.,https://d11ak7fd9ypfb7.cloudfront.net/styles1100px/S277ORT.jpg,,0.0,TRUE,InStock,0.999,,S277ORTXXL,,,,Size,DROP_DOWN,XXL,Color,DROP_DOWN,Orange Tall,,,,,,,,,,,,,Fit,<p>T</p>,Length,<p>55</p>,Width,<p>36</p>,Height,<p>50</p>,Box Quantity,<p>48</p>,Inner Pack Quantity,<p>1</p>,Country Of Origin,<p>BD</p>,Standards,<ul><li>EN ISO 20471 Class 3</li><li>ANSI/ISEA 107 TYPE R CLASS 3</li><li>RIS-3279-TOM  ISSUE 1 (ORANGE ONLY)</li><li>AS 4602.1 Class D/N</li></ul>,,,,
S277,Variant,,Thoughtful details and a high quality construction mean our polo shirt is more comfortable and longer lasting than leading competitors. Ideal for warmer working conditions.,https://d11ak7fd9ypfb7.cloudfront.net/styles1100px/S277ORT.jpg,,0.0,TRUE,InStock,0.999,,S277ORTXXXL,,,,Size,DROP_DOWN,XXXL,Color,DROP_DOWN,Orange Tall,,,,,,,,,,,,,Fit,<p>T</p>,Length,<p>55</p>,Width,<p>36</p>,Height,<p>50</p>,Box Quantity,<p>48</p>,Inner Pack Quantity,<p>1</p>,Country Of Origin,<p>BD</p>,Standards,<ul><li>EN ISO 20471 Class 3</li><li>ANSI/ISEA 107 TYPE R CLASS 3</li><li>RIS-3279-TOM  ISSUE 1 (ORANGE ONLY)</li><li>AS 4602.1 Class D/N</li></ul>,,,,
S277,Variant,,Thoughtful details and a high quality construction mean our polo shirt is more comfortable and longer lasting than leading competitors. Ideal for warmer working conditions.,https://d11ak7fd9ypfb7.cloudfront.net/styles1100px/S277YER.jpg,,0.0,TRUE,InStock,0.56,,S277YER4XL,,,,Size,DROP_DOWN,4XL,Color,DROP_DOWN,Yellow,,,,,,,,,,,,,Fit,<p>R</p>,Length,<p>55</p>,Width,<p>36</p>,Height,<p>50</p>,Box Quantity,<p>48</p>,Inner Pack Quantity,<p>1</p>,Country Of Origin,<p>BD</p>,Standards,<ul><li>EN ISO 20471 Class 3</li><li>ANSI/ISEA 107 TYPE R CLASS 3</li><li>RIS-3279-TOM  ISSUE 1 (ORANGE ONLY)</li><li>AS 4602.1 Class D/N</li></ul>,,,,
S277,Variant,,Thoughtful details and a high quality construction mean our polo shirt is more comfortable and longer lasting than leading competitors. Ideal for warmer working conditions.,https://d11ak7fd9ypfb7.cloudfront.net/styles1100px/S277YER.jpg,,0.0,TRUE,InStock,0.58,,S277YER5XL,,,,Size,DROP_DOWN,5XL,Color,DROP_DOWN,Yellow,,,,,,,,,,,,,Fit,<p>R</p>,Length,<p>55</p>,Width,<p>36</p>,Height,<p>50</p>,Box Quantity,<p>48</p>,Inner Pack Quantity,<p>1</p>,Country Of Origin,<p>BD</p>,Standards,<ul><li>EN ISO 20471 Class 3</li><li>ANSI/ISEA 107 TYPE R CLASS 3</li><li>RIS-3279-TOM  ISSUE 1 (ORANGE ONLY)</li><li>AS 4602.1 Class D/N</li></ul>,,,,
S277,Variant,,Thoughtful details and a high quality construction mean our polo shirt is more comfortable and longer lasting than leading competitors. Ideal for warmer working conditions.,https://d11ak7fd9ypfb7.cloudfront.net/styles1100px/S277YER.jpg,,0.0,TRUE,InStock,0.6,,S277YER6XL,,,,Size,DROP_DOWN,6XL,Color,DROP_DOWN,Yellow,,,,,,,,,,,,,Fit,<p>R</p>,Length,<p>55</p>,Width,<p>36</p>,Height,<p>50</p>,Box Quantity,<p>48</p>,Inner Pack Quantity,<p>1</p>,Country Of Origin,<p>BD</p>,Standards,<ul><li>EN ISO 20471 Class 3</li><li>ANSI/ISEA 107 TYPE R CLASS 3</li><li>RIS-3279-TOM  ISSUE 1 (ORANGE ONLY)</li><li>AS 4602.1 Class D/N</li></ul>,,,,
S277,Variant,,Thoughtful details and a high quality construction mean our polo shirt is more comfortable and longer lasting than leading competitors. Ideal for warmer working conditions.,https://d11ak7fd9ypfb7.cloudfront.net/styles1100px/S277YER.jpg,,0.0,TRUE,InStock,0.43,,S277YERL,,,,Size,DROP_DOWN,L,Color,DROP_DOWN,Yellow,,,,,,,,,,,,,Fit,<p>R</p>,Length,<p>55</p>,Width,<p>36</p>,Height,<p>50</p>,Box Quantity,<p>48</p>,Inner Pack Quantity,<p>1</p>,Country Of Origin,<p>BD</p>,Standards,<ul><li>EN ISO 20471 Class 3</li><li>ANSI/ISEA 107 TYPE R CLASS 3</li><li>RIS-3279-TOM  ISSUE 1 (ORANGE ONLY)</li><li>AS 4602.1 Class D/N</li></ul>,,,,
S277,Variant,,Thoughtful details and a high quality construction mean our polo shirt is more comfortable and longer lasting than leading competitors. Ideal for warmer working conditions.,https://d11ak7fd9ypfb7.cloudfront.net/styles1100px/S277YER.jpg,,0.0,TRUE,InStock,0.42,,S277YERM,,,,Size,DROP_DOWN,M,Color,DROP_DOWN,Yellow,,,,,,,,,,,,,Fit,<p>R</p>,Length,<p>55</p>,Width,<p>36</p>,Height,<p>50</p>,Box Quantity,<p>48</p>,Inner Pack Quantity,<p>1</p>,Country Of Origin,<p>BD</p>,Standards,<ul><li>EN ISO 20471 Class 3</li><li>ANSI/ISEA 107 TYPE R CLASS 3</li><li>RIS-3279-TOM  ISSUE 1 (ORANGE ONLY)</li><li>AS 4602.1 Class D/N</li></ul>,,,,
S277,Variant,,Thoughtful details and a high quality construction mean our polo shirt is more comfortable and longer lasting than leading competitors. Ideal for warmer working conditions.,https://d11ak7fd9ypfb7.cloudfront.net/styles1100px/S277YER.jpg,,0.0,TRUE,InStock,0.44,,S277YERS,,,,Size,DROP_DOWN,S,Color,DROP_DOWN,Yellow,,,,,,,,,,,,,Fit,<p>R</p>,Length,<p>55</p>,Width,<p>36</p>,Height,<p>50</p>,Box Quantity,<p>48</p>,Inner Pack Quantity,<p>1</p>,Country Of Origin,<p>BD</p>,Standards,<ul><li>EN ISO 20471 Class 3</li><li>ANSI/ISEA 107 TYPE R CLASS 3</li><li>RIS-3279-TOM  ISSUE 1 (ORANGE ONLY)</li><li>AS 4602.1 Class D/N</li></ul>,,,,
S277,Variant,,Thoughtful details and a high quality construction mean our polo shirt is more comfortable and longer lasting than leading competitors. Ideal for warmer working conditions.,https://d11ak7fd9ypfb7.cloudfront.net/styles1100px/S277YER.jpg,,0.0,TRUE,InStock,0.44,,S277YERXL,,,,Size,DROP_DOWN,XL,Color,DROP_DOWN,Yellow,,,,,,,,,,,,,Fit,<p>R</p>,Length,<p>55</p>,Width,<p>36</p>,Height,<p>50</p>,Box Quantity,<p>48</p>,Inner Pack Quantity,<p>1</p>,Country Of Origin,<p>BD</p>,Standards,<ul><li>EN ISO 20471 Class 3</li><li>ANSI/ISEA 107 TYPE R CLASS 3</li><li>RIS-3279-TOM  ISSUE 1 (ORANGE ONLY)</li><li>AS 4602.1 Class D/N</li></ul>,,,,
S277,Variant,,Thoughtful details and a high quality construction mean our polo shirt is more comfortable and longer lasting than leading competitors. Ideal for warmer working conditions.,https://d11ak7fd9ypfb7.cloudfront.net/styles1100px/S277YER.jpg,,0.0,TRUE,InStock,0.48,,S277YERXXL,,,,Size,DROP_DOWN,XXL,Color,DROP_DOWN,Yellow,,,,,,,,,,,,,Fit,<p>R</p>,Length,<p>55</p>,Width,<p>36</p>,Height,<p>50</p>,Box Quantity,<p>48</p>,Inner Pack Quantity,<p>1</p>,Country Of Origin,<p>BD</p>,Standards,<ul><li>EN ISO 20471 Class 3</li><li>ANSI/ISEA 107 TYPE R CLASS 3</li><li>RIS-3279-TOM  ISSUE 1 (ORANGE ONLY)</li><li>AS 4602.1 Class D/N</li></ul>,,,,
S277,Variant,,Thoughtful details and a high quality construction mean our polo shirt is more comfortable and longer lasting than leading competitors. Ideal for warmer working conditions.,https://d11ak7fd9ypfb7.cloudfront.net/styles1100px/S277YER.jpg,,0.0,TRUE,InStock,0.52,,S277YERXXXL,,,,Size,DROP_DOWN,XXXL,Color,DROP_DOWN,Yellow,,,,,,,,,,,,,Fit,<p>R</p>,Length,<p>55</p>,Width,<p>36</p>,Height,<p>50</p>,Box Quantity,<p>48</p>,Inner Pack Quantity,<p>1</p>,Country Of Origin,<p>BD</p>,Standards,<ul><li>EN ISO 20471 Class 3</li><li>ANSI/ISEA 107 TYPE R CLASS 3</li><li>RIS-3279-TOM  ISSUE 1 (ORANGE ONLY)</li><li>AS 4602.1 Class D/N</li></ul>,,,,
S277,Variant,,Thoughtful details and a high quality construction mean our polo shirt is more comfortable and longer lasting than leading competitors. Ideal for warmer working conditions.,https://d11ak7fd9ypfb7.cloudfront.net/styles1100px/S277YET.jpg,,0.0,TRUE,InStock,0.999,,S277YET4XL,,,,Size,DROP_DOWN,4XL,Color,DROP_DOWN,Yellow Tall,,,,,,,,,,,,,Fit,<p>T</p>,Length,<p>55</p>,Width,<p>36</p>,Height,<p>50</p>,Box Quantity,<p>48</p>,Inner Pack Quantity,<p>1</p>,Country Of Origin,<p>BD</p>,Standards,<ul><li>EN ISO 20471 Class 3</li><li>ANSI/ISEA 107 TYPE R CLASS 3</li><li>RIS-3279-TOM  ISSUE 1 (ORANGE ONLY)</li><li>AS 4602.1 Class D/N</li></ul>,,,,
S277,Variant,,Thoughtful details and a high quality construction mean our polo shirt is more comfortable and longer lasting than leading competitors. Ideal for warmer working conditions.,https://d11ak7fd9ypfb7.cloudfront.net/styles1100px/S277YET.jpg,,0.0,TRUE,InStock,0.999,,S277YET5XL,,,,Size,DROP_DOWN,5XL,Color,DROP_DOWN,Yellow Tall,,,,,,,,,,,,,Fit,<p>T</p>,Length,<p>55</p>,Width,<p>36</p>,Height,<p>50</p>,Box Quantity,<p>48</p>,Inner Pack Quantity,<p>1</p>,Country Of Origin,<p>BD</p>,Standards,<ul><li>EN ISO 20471 Class 3</li><li>ANSI/ISEA 107 TYPE R CLASS 3</li><li>RIS-3279-TOM  ISSUE 1 (ORANGE ONLY)</li><li>AS 4602.1 Class D/N</li></ul>,,,,
S277,Variant,,Thoughtful details and a high quality construction mean our polo shirt is more comfortable and longer lasting than leading competitors. Ideal for warmer working conditions.,https://d11ak7fd9ypfb7.cloudfront.net/styles1100px/S277YET.jpg,,0.0,TRUE,InStock,0.999,,S277YET6XL,,,,Size,DROP_DOWN,6XL,Color,DROP_DOWN,Yellow Tall,,,,,,,,,,,,,Fit,<p>T</p>,Length,<p>55</p>,Width,<p>36</p>,Height,<p>50</p>,Box Quantity,<p>48</p>,Inner Pack Quantity,<p>1</p>,Country Of Origin,<p>BD</p>,Standards,<ul><li>EN ISO 20471 Class 3</li><li>ANSI/ISEA 107 TYPE R CLASS 3</li><li>RIS-3279-TOM  ISSUE 1 (ORANGE ONLY)</li><li>AS 4602.1 Class D/N</li></ul>,,,,
S277,Variant,,Thoughtful details and a high quality construction mean our polo shirt is more comfortable and longer lasting than leading competitors. Ideal for warmer working conditions.,https://d11ak7fd9ypfb7.cloudfront.net/styles1100px/S277YET.jpg,,0.0,TRUE,InStock,0.999,,S277YETL,,,,Size,DROP_DOWN,L,Color,DROP_DOWN,Yellow Tall,,,,,,,,,,,,,Fit,<p>T</p>,Length,<p>55</p>,Width,<p>36</p>,Height,<p>50</p>,Box Quantity,<p>48</p>,Inner Pack Quantity,<p>1</p>,Country Of Origin,<p>BD</p>,Standards,<ul><li>EN ISO 20471 Class 3</li><li>ANSI/ISEA 107 TYPE R CLASS 3</li><li>RIS-3279-TOM  ISSUE 1 (ORANGE ONLY)</li><li>AS 4602.1 Class D/N</li></ul>,,,,
S277,Variant,,Thoughtful details and a high quality construction mean our polo shirt is more comfortable and longer lasting than leading competitors. Ideal for warmer working conditions.,https://d11ak7fd9ypfb7.cloudfront.net/styles1100px/S277YET.jpg,,0.0,TRUE,InStock,0.999,,S277YETXL,,,,Size,DROP_DOWN,XL,Color,DROP_DOWN,Yellow Tall,,,,,,,,,,,,,Fit,<p>T</p>,Length,<p>55</p>,Width,<p>36</p>,Height,<p>50</p>,Box Quantity,<p>48</p>,Inner Pack Quantity,<p>1</p>,Country Of Origin,<p>BD</p>,Standards,<ul><li>EN ISO 20471 Class 3</li><li>ANSI/ISEA 107 TYPE R CLASS 3</li><li>RIS-3279-TOM  ISSUE 1 (ORANGE ONLY)</li><li>AS 4602.1 Class D/N</li></ul>,,,,
S277,Variant,,Thoughtful details and a high quality construction mean our polo shirt is more comfortable and longer lasting than leading competitors. Ideal for warmer working conditions.,https://d11ak7fd9ypfb7.cloudfront.net/styles1100px/S277YET.jpg,,0.0,TRUE,InStock,0.999,,S277YETXXL,,,,Size,DROP_DOWN,XXL,Color,DROP_DOWN,Yellow Tall,,,,,,,,,,,,,Fit,<p>T</p>,Length,<p>55</p>,Width,<p>36</p>,Height,<p>50</p>,Box Quantity,<p>48</p>,Inner Pack Quantity,<p>1</p>,Country Of Origin,<p>BD</p>,Standards,<ul><li>EN ISO 20471 Class 3</li><li>ANSI/ISEA 107 TYPE R CLASS 3</li><li>RIS-3279-TOM  ISSUE 1 (ORANGE ONLY)</li><li>AS 4602.1 Class D/N</li></ul>,,,,
S277,Variant,,Thoughtful details and a high quality construction mean our polo shirt is more comfortable and longer lasting than leading competitors. Ideal for warmer working conditions.,https://d11ak7fd9ypfb7.cloudfront.net/styles1100px/S277YET.jpg,,0.0,TRUE,InStock,0.999,,S277YETXXXL,,,,Size,DROP_DOWN,XXXL,Color,DROP_DOWN,Yellow Tall,,,,,,,,,,,,,Fit,<p>T</p>,Length,<p>55</p>,Width,<p>36</p>,Height,<p>50</p>,Box Quantity,<p>48</p>,Inner Pack Quantity,<p>1</p>,Country Of Origin,<p>BD</p>,Standards,<ul><li>EN ISO 20471 Class 3</li><li>ANSI/ISEA 107 TYPE R CLASS 3</li><li>RIS-3279-TOM  ISSUE 1 (ORANGE ONLY)</li><li>AS 4602.1 Class D/N</li></ul>,,,,
S278,Product,S278 - Cotton Comfort Long Sleeve T-Shirt,Our innovative Cotton Comfort fabric is used for this long sleeved T-Shirt. Practical and comfortable with the added benefit of full arm protection.,https://d11ak7fd9ypfb7.cloudfront.net/styles1100px/S278ORR.jpg,25.5,0.0,TRUE,InStock,0.36,,S278ORRL,,,,Size,DROP_DOWN,S;M;L;XL;XXL;XXXL,Color,DROP_DOWN,Yellow;Orange,,,,,,,,,,,,,Fit,<p>R</p>,Length,<p>55</p>,Width,<p>36</p>,Height,<p>45</p>,Box Quantity,<p>48</p>,Inner Pack Quantity,<p>1</p>,Country Of Origin,<p>BD</p>,Standards,<ul><li>EN ISO 20471 Class 3</li><li>ANSI/ISEA 107 TYPE R CLASS 3</li><li>RIS-3279-TOM  ISSUE 1 (ORANGE ONLY)</li></ul>,,,,
S278,Variant,,Our innovative Cotton Comfort fabric is used for this long sleeved T-Shirt. Practical and comfortable with the added benefit of full arm protection.,https://d11ak7fd9ypfb7.cloudfront.net/styles1100px/S278ORR.jpg,,0.0,TRUE,InStock,0.36,,S278ORRL,,,,Size,DROP_DOWN,L,Color,DROP_DOWN,Orange,,,,,,,,,,,,,Fit,<p>R</p>,Length,<p>55</p>,Width,<p>36</p>,Height,<p>45</p>,Box Quantity,<p>48</p>,Inner Pack Quantity,<p>1</p>,Country Of Origin,<p>BD</p>,Standards,<ul><li>EN ISO 20471 Class 3</li><li>ANSI/ISEA 107 TYPE R CLASS 3</li><li>RIS-3279-TOM  ISSUE 1 (ORANGE ONLY)</li></ul>,,,,
S278,Variant,,Our innovative Cotton Comfort fabric is used for this long sleeved T-Shirt. Practical and comfortable with the added benefit of full arm protection.,https://d11ak7fd9ypfb7.cloudfront.net/styles1100px/S278ORR.jpg,,0.0,TRUE,InStock,0.34,,S278ORRM,,,,Size,DROP_DOWN,M,Color,DROP_DOWN,Orange,,,,,,,,,,,,,Fit,<p>R</p>,Length,<p>55</p>,Width,<p>36</p>,Height,<p>45</p>,Box Quantity,<p>48</p>,Inner Pack Quantity,<p>1</p>,Country Of Origin,<p>BD</p>,Standards,<ul><li>EN ISO 20471 Class 3</li><li>ANSI/ISEA 107 TYPE R CLASS 3</li><li>RIS-3279-TOM  ISSUE 1 (ORANGE ONLY)</li></ul>,,,,
S278,Variant,,Our innovative Cotton Comfort fabric is used for this long sleeved T-Shirt. Practical and comfortable with the added benefit of full arm protection.,https://d11ak7fd9ypfb7.cloudfront.net/styles1100px/S278ORR.jpg,,0.0,TRUE,InStock,0.32,,S278ORRS,,,,Size,DROP_DOWN,S,Color,DROP_DOWN,Orange,,,,,,,,,,,,,Fit,<p>R</p>,Length,<p>55</p>,Width,<p>36</p>,Height,<p>45</p>,Box Quantity,<p>48</p>,Inner Pack Quantity,<p>1</p>,Country Of Origin,<p>BD</p>,Standards,<ul><li>EN ISO 20471 Class 3</li><li>ANSI/ISEA 107 TYPE R CLASS 3</li><li>RIS-3279-TOM  ISSUE 1 (ORANGE ONLY)</li></ul>,,,,
S278,Variant,,Our innovative Cotton Comfort fabric is used for this long sleeved T-Shirt. Practical and comfortable with the added benefit of full arm protection.,https://d11ak7fd9ypfb7.cloudfront.net/styles1100px/S278ORR.jpg,,0.0,TRUE,InStock,0.38,,S278ORRXL,,,,Size,DROP_DOWN,XL,Color,DROP_DOWN,Orange,,,,,,,,,,,,,Fit,<p>R</p>,Length,<p>55</p>,Width,<p>36</p>,Height,<p>45</p>,Box Quantity,<p>48</p>,Inner Pack Quantity,<p>1</p>,Country Of Origin,<p>BD</p>,Standards,<ul><li>EN ISO 20471 Class 3</li><li>ANSI/ISEA 107 TYPE R CLASS 3</li><li>RIS-3279-TOM  ISSUE 1 (ORANGE ONLY)</li></ul>,,,,
S278,Variant,,Our innovative Cotton Comfort fabric is used for this long sleeved T-Shirt. Practical and comfortable with the added benefit of full arm protection.,https://d11ak7fd9ypfb7.cloudfront.net/styles1100px/S278ORR.jpg,,0.0,TRUE,InStock,0.4,,S278ORRXXL,,,,Size,DROP_DOWN,XXL,Color,DROP_DOWN,Orange,,,,,,,,,,,,,Fit,<p>R</p>,Length,<p>55</p>,Width,<p>36</p>,Height,<p>50</p>,Box Quantity,<p>48</p>,Inner Pack Quantity,<p>1</p>,Country Of Origin,<p>BD</p>,Standards,<ul><li>EN ISO 20471 Class 3</li><li>ANSI/ISEA 107 TYPE R CLASS 3</li><li>RIS-3279-TOM  ISSUE 1 (ORANGE ONLY)</li></ul>,,,,
S278,Variant,,Our innovative Cotton Comfort fabric is used for this long sleeved T-Shirt. Practical and comfortable with the added benefit of full arm protection.,https://d11ak7fd9ypfb7.cloudfront.net/styles1100px/S278ORR.jpg,,0.0,TRUE,InStock,0.42,,S278ORRXXXL,,,,Size,DROP_DOWN,XXXL,Color,DROP_DOWN,Orange,,,,,,,,,,,,,Fit,<p>R</p>,Length,<p>55</p>,Width,<p>36</p>,Height,<p>50</p>,Box Quantity,<p>48</p>,Inner Pack Quantity,<p>1</p>,Country Of Origin,<p>BD</p>,Standards,<ul><li>EN ISO 20471 Class 3</li><li>ANSI/ISEA 107 TYPE R CLASS 3</li><li>RIS-3279-TOM  ISSUE 1 (ORANGE ONLY)</li></ul>,,,,
S278,Variant,,Our innovative Cotton Comfort fabric is used for this long sleeved T-Shirt. Practical and comfortable with the added benefit of full arm protection.,https://d11ak7fd9ypfb7.cloudfront.net/styles1100px/S278YER.jpg,,0.0,TRUE,InStock,0.36,,S278YERL,,,,Size,DROP_DOWN,L,Color,DROP_DOWN,Yellow,,,,,,,,,,,,,Fit,<p>R</p>,Length,<p>55</p>,Width,<p>36</p>,Height,<p>45</p>,Box Quantity,<p>48</p>,Inner Pack Quantity,<p>1</p>,Country Of Origin,<p>BD</p>,Standards,<ul><li>EN ISO 20471 Class 3</li><li>ANSI/ISEA 107 TYPE R CLASS 3</li><li>RIS-3279-TOM  ISSUE 1 (ORANGE ONLY)</li></ul>,,,,
S278,Variant,,Our innovative Cotton Comfort fabric is used for this long sleeved T-Shirt. Practical and comfortable with the added benefit of full arm protection.,https://d11ak7fd9ypfb7.cloudfront.net/styles1100px/S278YER.jpg,,0.0,TRUE,InStock,0.34,,S278YERM,,,,Size,DROP_DOWN,M,Color,DROP_DOWN,Yellow,,,,,,,,,,,,,Fit,<p>R</p>,Length,<p>55</p>,Width,<p>36</p>,Height,<p>45</p>,Box Quantity,<p>48</p>,Inner Pack Quantity,<p>1</p>,Country Of Origin,<p>BD</p>,Standards,<ul><li>EN ISO 20471 Class 3</li><li>ANSI/ISEA 107 TYPE R CLASS 3</li><li>RIS-3279-TOM  ISSUE 1 (ORANGE ONLY)</li></ul>,,,,
S278,Variant,,Our innovative Cotton Comfort fabric is used for this long sleeved T-Shirt. Practical and comfortable with the added benefit of full arm protection.,https://d11ak7fd9ypfb7.cloudfront.net/styles1100px/S278YER.jpg,,0.0,TRUE,InStock,0.32,,S278YERS,,,,Size,DROP_DOWN,S,Color,DROP_DOWN,Yellow,,,,,,,,,,,,,Fit,<p>R</p>,Length,<p>55</p>,Width,<p>36</p>,Height,<p>45</p>,Box Quantity,<p>48</p>,Inner Pack Quantity,<p>1</p>,Country Of Origin,<p>BD</p>,Standards,<ul><li>EN ISO 20471 Class 3</li><li>ANSI/ISEA 107 TYPE R CLASS 3</li><li>RIS-3279-TOM  ISSUE 1 (ORANGE ONLY)</li></ul>,,,,
S278,Variant,,Our innovative Cotton Comfort fabric is used for this long sleeved T-Shirt. Practical and comfortable with the added benefit of full arm protection.,https://d11ak7fd9ypfb7.cloudfront.net/styles1100px/S278YER.jpg,,0.0,TRUE,InStock,0.38,,S278YERXL,,,,Size,DROP_DOWN,XL,Color,DROP_DOWN,Yellow,,,,,,,,,,,,,Fit,<p>R</p>,Length,<p>55</p>,Width,<p>36</p>,Height,<p>45</p>,Box Quantity,<p>48</p>,Inner Pack Quantity,<p>1</p>,Country Of Origin,<p>BD</p>,Standards,<ul><li>EN ISO 20471 Class 3</li><li>ANSI/ISEA 107 TYPE R CLASS 3</li><li>RIS-3279-TOM  ISSUE 1 (ORANGE ONLY)</li></ul>,,,,
S278,Variant,,Our innovative Cotton Comfort fabric is used for this long sleeved T-Shirt. Practical and comfortable with the added benefit of full arm protection.,https://d11ak7fd9ypfb7.cloudfront.net/styles1100px/S278YER.jpg,,0.0,TRUE,InStock,0.4,,S278YERXXL,,,,Size,DROP_DOWN,XXL,Color,DROP_DOWN,Yellow,,,,,,,,,,,,,Fit,<p>R</p>,Length,<p>55</p>,Width,<p>36</p>,Height,<p>50</p>,Box Quantity,<p>48</p>,Inner Pack Quantity,<p>1</p>,Country Of Origin,<p>BD</p>,Standards,<ul><li>EN ISO 20471 Class 3</li><li>ANSI/ISEA 107 TYPE R CLASS 3</li><li>RIS-3279-TOM  ISSUE 1 (ORANGE ONLY)</li></ul>,,,,
S278,Variant,,Our innovative Cotton Comfort fabric is used for this long sleeved T-Shirt. Practical and comfortable with the added benefit of full arm protection.,https://d11ak7fd9ypfb7.cloudfront.net/styles1100px/S278YER.jpg,,0.0,TRUE,InStock,0.42,,S278YERXXXL,,,,Size,DROP_DOWN,XXXL,Color,DROP_DOWN,Yellow,,,,,,,,,,,,,Fit,<p>R</p>,Length,<p>55</p>,Width,<p>36</p>,Height,<p>50</p>,Box Quantity,<p>48</p>,Inner Pack Quantity,<p>1</p>,Country Of Origin,<p>BD</p>,Standards,<ul><li>EN ISO 20471 Class 3</li><li>ANSI/ISEA 107 TYPE R CLASS 3</li><li>RIS-3279-TOM  ISSUE 1 (ORANGE ONLY)</li></ul>,,,,
S279,Product,S279 - Two-Tone Long Sleeve Polo,"This style combines all the benefits of our best selling long sleeve polo with the additional feature of two-toning for even more practical benefit. The polyester bird eye knit material used is breathable, light, and comfortable.",https://d11ak7fd9ypfb7.cloudfront.net/styles1100px/S279ONR.jpg,27.9,0.0,TRUE,InStock,0.5,,S279ONR4XL,,,,Size,DROP_DOWN,S;M;L;XL;XXL;XXXL;4XL,Color,DROP_DOWN,Yellow/Navy;Orange/Navy,,,,,,,,,,,,,Fit,<p>R</p>,Length,<p>55</p>,Width,<p>36</p>,Height,<p>45</p>,Box Quantity,<p>48</p>,Inner Pack Quantity,<p>1</p>,Country Of Origin,<p>BD</p>,Standards,<ul><li>EN ISO 20471 Class 2</li><li>RIS-3279-TOM  ISSUE 1 (ORANGE ONLY)</li><li>ANSI/ISEA 107 TYPE R CLASS 2</li></ul>,,,,
S279,Variant,,"This style combines all the benefits of our best selling long sleeve polo with the additional feature of two-toning for even more practical benefit. The polyester bird eye knit material used is breathable, light, and comfortable.",https://d11ak7fd9ypfb7.cloudfront.net/styles1100px/S279ONR.jpg,,0.0,TRUE,InStock,0.5,,S279ONR4XL,,,,Size,DROP_DOWN,4XL,Color,DROP_DOWN,Orange/Navy,,,,,,,,,,,,,Fit,<p>R</p>,Length,<p>55</p>,Width,<p>36</p>,Height,<p>45</p>,Box Quantity,<p>48</p>,Inner Pack Quantity,<p>1</p>,Country Of Origin,<p>BD</p>,Standards,<ul><li>EN ISO 20471 Class 2</li><li>RIS-3279-TOM  ISSUE 1 (ORANGE ONLY)</li><li>ANSI/ISEA 107 TYPE R CLASS 2</li></ul>,,,,
S279,Variant,,"This style combines all the benefits of our best selling long sleeve polo with the additional feature of two-toning for even more practical benefit. The polyester bird eye knit material used is breathable, light, and comfortable.",https://d11ak7fd9ypfb7.cloudfront.net/styles1100px/S279ONR.jpg,,0.0,TRUE,InStock,0.38,,S279ONRL,,,,Size,DROP_DOWN,L,Color,DROP_DOWN,Orange/Navy,,,,,,,,,,,,,Fit,<p>R</p>,Length,<p>55</p>,Width,<p>36</p>,Height,<p>45</p>,Box Quantity,<p>48</p>,Inner Pack Quantity,<p>1</p>,Country Of Origin,<p>BD</p>,Standards,<ul><li>EN ISO 20471 Class 2</li><li>RIS-3279-TOM  ISSUE 1 (ORANGE ONLY)</li><li>ANSI/ISEA 107 TYPE R CLASS 2</li></ul>,,,,
S279,Variant,,"This style combines all the benefits of our best selling long sleeve polo with the additional feature of two-toning for even more practical benefit. The polyester bird eye knit material used is breathable, light, and comfortable.",https://d11ak7fd9ypfb7.cloudfront.net/styles1100px/S279ONR.jpg,,0.0,TRUE,InStock,0.36,,S279ONRM,,,,Size,DROP_DOWN,M,Color,DROP_DOWN,Orange/Navy,,,,,,,,,,,,,Fit,<p>R</p>,Length,<p>55</p>,Width,<p>36</p>,Height,<p>45</p>,Box Quantity,<p>48</p>,Inner Pack Quantity,<p>1</p>,Country Of Origin,<p>BD</p>,Standards,<ul><li>EN ISO 20471 Class 2</li><li>RIS-3279-TOM  ISSUE 1 (ORANGE ONLY)</li><li>ANSI/ISEA 107 TYPE R CLASS 2</li></ul>,,,,
S279,Variant,,"This style combines all the benefits of our best selling long sleeve polo with the additional feature of two-toning for even more practical benefit. The polyester bird eye knit material used is breathable, light, and comfortable.",https://d11ak7fd9ypfb7.cloudfront.net/styles1100px/S279ONR.jpg,,0.0,TRUE,InStock,0.36,,S279ONRS,,,,Size,DROP_DOWN,S,Color,DROP_DOWN,Orange/Navy,,,,,,,,,,,,,Fit,<p>R</p>,Length,<p>55</p>,Width,<p>36</p>,Height,<p>45</p>,Box Quantity,<p>48</p>,Inner Pack Quantity,<p>1</p>,Country Of Origin,<p>BD</p>,Standards,<ul><li>EN ISO 20471 Class 2</li><li>RIS-3279-TOM  ISSUE 1 (ORANGE ONLY)</li><li>ANSI/ISEA 107 TYPE R CLASS 2</li></ul>,,,,
S279,Variant,,"This style combines all the benefits of our best selling long sleeve polo with the additional feature of two-toning for even more practical benefit. The polyester bird eye knit material used is breathable, light, and comfortable.",https://d11ak7fd9ypfb7.cloudfront.net/styles1100px/S279ONR.jpg,,0.0,TRUE,InStock,0.4,,S279ONRXL,,,,Size,DROP_DOWN,XL,Color,DROP_DOWN,Orange/Navy,,,,,,,,,,,,,Fit,<p>R</p>,Length,<p>55</p>,Width,<p>36</p>,Height,<p>45</p>,Box Quantity,<p>48</p>,Inner Pack Quantity,<p>1</p>,Country Of Origin,<p>BD</p>,Standards,<ul><li>EN ISO 20471 Class 2</li><li>RIS-3279-TOM  ISSUE 1 (ORANGE ONLY)</li><li>ANSI/ISEA 107 TYPE R CLASS 2</li></ul>,,,,
S279,Variant,,"This style combines all the benefits of our best selling long sleeve polo with the additional feature of two-toning for even more practical benefit. The polyester bird eye knit material used is breathable, light, and comfortable.",https://d11ak7fd9ypfb7.cloudfront.net/styles1100px/S279ONR.jpg,,0.0,TRUE,InStock,0.44,,S279ONRXXL,,,,Size,DROP_DOWN,XXL,Color,DROP_DOWN,Orange/Navy,,,,,,,,,,,,,Fit,<p>R</p>,Length,<p>55</p>,Width,<p>36</p>,Height,<p>50</p>,Box Quantity,<p>48</p>,Inner Pack Quantity,<p>1</p>,Country Of Origin,<p>BD</p>,Standards,<ul><li>EN ISO 20471 Class 2</li><li>RIS-3279-TOM  ISSUE 1 (ORANGE ONLY)</li><li>ANSI/ISEA 107 TYPE R CLASS 2</li></ul>,,,,
S279,Variant,,"This style combines all the benefits of our best selling long sleeve polo with the additional feature of two-toning for even more practical benefit. The polyester bird eye knit material used is breathable, light, and comfortable.",https://d11ak7fd9ypfb7.cloudfront.net/styles1100px/S279ONR.jpg,,0.0,TRUE,InStock,0.48,,S279ONRXXXL,,,,Size,DROP_DOWN,XXXL,Color,DROP_DOWN,Orange/Navy,,,,,,,,,,,,,Fit,<p>R</p>,Length,<p>55</p>,Width,<p>36</p>,Height,<p>50</p>,Box Quantity,<p>48</p>,Inner Pack Quantity,<p>1</p>,Country Of Origin,<p>BD</p>,Standards,<ul><li>EN ISO 20471 Class 2</li><li>RIS-3279-TOM  ISSUE 1 (ORANGE ONLY)</li><li>ANSI/ISEA 107 TYPE R CLASS 2</li></ul>,,,,
S279,Variant,,"This style combines all the benefits of our best selling long sleeve polo with the additional feature of two-toning for even more practical benefit. The polyester bird eye knit material used is breathable, light, and comfortable.",https://d11ak7fd9ypfb7.cloudfront.net/styles1100px/S279YNR.jpg,,0.0,TRUE,InStock,0.5,,S279YNR4XL,,,,Size,DROP_DOWN,4XL,Color,DROP_DOWN,Yellow/Navy,,,,,,,,,,,,,Fit,<p>R</p>,Length,<p>55</p>,Width,<p>36</p>,Height,<p>45</p>,Box Quantity,<p>48</p>,Inner Pack Quantity,<p>1</p>,Country Of Origin,<p>BD</p>,Standards,<ul><li>EN ISO 20471 Class 2</li><li>RIS-3279-TOM  ISSUE 1 (ORANGE ONLY)</li><li>ANSI/ISEA 107 TYPE R CLASS 2</li></ul>,,,,
S279,Variant,,"This style combines all the benefits of our best selling long sleeve polo with the additional feature of two-toning for even more practical benefit. The polyester bird eye knit material used is breathable, light, and comfortable.",https://d11ak7fd9ypfb7.cloudfront.net/styles1100px/S279YNR.jpg,,0.0,TRUE,InStock,0.38,,S279YNRL,,,,Size,DROP_DOWN,L,Color,DROP_DOWN,Yellow/Navy,,,,,,,,,,,,,Fit,<p>R</p>,Length,<p>55</p>,Width,<p>36</p>,Height,<p>45</p>,Box Quantity,<p>48</p>,Inner Pack Quantity,<p>1</p>,Country Of Origin,<p>BD</p>,Standards,<ul><li>EN ISO 20471 Class 2</li><li>RIS-3279-TOM  ISSUE 1 (ORANGE ONLY)</li><li>ANSI/ISEA 107 TYPE R CLASS 2</li></ul>,,,,
S279,Variant,,"This style combines all the benefits of our best selling long sleeve polo with the additional feature of two-toning for even more practical benefit. The polyester bird eye knit material used is breathable, light, and comfortable.",https://d11ak7fd9ypfb7.cloudfront.net/styles1100px/S279YNR.jpg,,0.0,TRUE,InStock,0.36,,S279YNRM,,,,Size,DROP_DOWN,M,Color,DROP_DOWN,Yellow/Navy,,,,,,,,,,,,,Fit,<p>R</p>,Length,<p>55</p>,Width,<p>36</p>,Height,<p>45</p>,Box Quantity,<p>48</p>,Inner Pack Quantity,<p>1</p>,Country Of Origin,<p>BD</p>,Standards,<ul><li>EN ISO 20471 Class 2</li><li>RIS-3279-TOM  ISSUE 1 (ORANGE ONLY)</li><li>ANSI/ISEA 107 TYPE R CLASS 2</li></ul>,,,,
S279,Variant,,"This style combines all the benefits of our best selling long sleeve polo with the additional feature of two-toning for even more practical benefit. The polyester bird eye knit material used is breathable, light, and comfortable.",https://d11ak7fd9ypfb7.cloudfront.net/styles1100px/S279YNR.jpg,,0.0,TRUE,InStock,0.36,,S279YNRS,,,,Size,DROP_DOWN,S,Color,DROP_DOWN,Yellow/Navy,,,,,,,,,,,,,Fit,<p>R</p>,Length,<p>55</p>,Width,<p>36</p>,Height,<p>45</p>,Box Quantity,<p>48</p>,Inner Pack Quantity,<p>1</p>,Country Of Origin,<p>BD</p>,Standards,<ul><li>EN ISO 20471 Class 2</li><li>RIS-3279-TOM  ISSUE 1 (ORANGE ONLY)</li><li>ANSI/ISEA 107 TYPE R CLASS 2</li></ul>,,,,
S279,Variant,,"This style combines all the benefits of our best selling long sleeve polo with the additional feature of two-toning for even more practical benefit. The polyester bird eye knit material used is breathable, light, and comfortable.",https://d11ak7fd9ypfb7.cloudfront.net/styles1100px/S279YNR.jpg,,0.0,TRUE,InStock,0.4,,S279YNRXL,,,,Size,DROP_DOWN,XL,Color,DROP_DOWN,Yellow/Navy,,,,,,,,,,,,,Fit,<p>R</p>,Length,<p>55</p>,Width,<p>36</p>,Height,<p>45</p>,Box Quantity,<p>48</p>,Inner Pack Quantity,<p>1</p>,Country Of Origin,<p>BD</p>,Standards,<ul><li>EN ISO 20471 Class 2</li><li>RIS-3279-TOM  ISSUE 1 (ORANGE ONLY)</li><li>ANSI/ISEA 107 TYPE R CLASS 2</li></ul>,,,,
S279,Variant,,"This style combines all the benefits of our best selling long sleeve polo with the additional feature of two-toning for even more practical benefit. The polyester bird eye knit material used is breathable, light, and comfortable.",https://d11ak7fd9ypfb7.cloudfront.net/styles1100px/S279YNR.jpg,,0.0,TRUE,InStock,0.44,,S279YNRXXL,,,,Size,DROP_DOWN,XXL,Color,DROP_DOWN,Yellow/Navy,,,,,,,,,,,,,Fit,<p>R</p>,Length,<p>55</p>,Width,<p>36</p>,Height,<p>50</p>,Box Quantity,<p>48</p>,Inner Pack Quantity,<p>1</p>,Country Of Origin,<p>BD</p>,Standards,<ul><li>EN ISO 20471 Class 2</li><li>RIS-3279-TOM  ISSUE 1 (ORANGE ONLY)</li><li>ANSI/ISEA 107 TYPE R CLASS 2</li></ul>,,,,
S279,Variant,,"This style combines all the benefits of our best selling long sleeve polo with the additional feature of two-toning for even more practical benefit. The polyester bird eye knit material used is breathable, light, and comfortable.",https://d11ak7fd9ypfb7.cloudfront.net/styles1100px/S279YNR.jpg,,0.0,TRUE,InStock,0.48,,S279YNRXXXL,,,,Size,DROP_DOWN,XXXL,Color,DROP_DOWN,Yellow/Navy,,,,,,,,,,,,,Fit,<p>R</p>,Length,<p>55</p>,Width,<p>36</p>,Height,<p>50</p>,Box Quantity,<p>48</p>,Inner Pack Quantity,<p>1</p>,Country Of Origin,<p>BD</p>,Standards,<ul><li>EN ISO 20471 Class 2</li><li>RIS-3279-TOM  ISSUE 1 (ORANGE ONLY)</li><li>ANSI/ISEA 107 TYPE R CLASS 2</li></ul>,,,,
S346,Product,S346 - Iona Plus Long Sleeve T-Shirt,"This product does not comply with ANSI/ISEA 107-2015 2"" silver HiVisTex Pro reflective tape with contrast material 100% polyester moisture wicking fabric Pocket: 1 Tape free chest pocket ideal for corporate branding 2 mic tabs",https://d11ak7fd9ypfb7.cloudfront.net/styles1100px/S346BKR.jpg,30.4,0.0,TRUE,InStock,0.999,,S346BKR4XL,,,,Size,DROP_DOWN,S;M;L;XL;XXL;XXXL;4XL;5XL;6XL,Color,DROP_DOWN,Black,,,,,,,,,,,,,Fit,<p>R</p>,Length,<p>55</p>,Width,<p>36</p>,Height,<p>40</p>,Box Quantity,<p>48</p>,Inner Pack Quantity,<p>1</p>,Country Of Origin,<p>BD</p>,Standards,<p></p>,,,,
S346,Variant,,"This product does not comply with ANSI/ISEA 107-2015 2"" silver HiVisTex Pro reflective tape with contrast material 100% polyester moisture wicking fabric Pocket: 1 Tape free chest pocket ideal for corporate branding 2 mic tabs",https://d11ak7fd9ypfb7.cloudfront.net/styles1100px/S346BKR.jpg,,0.0,TRUE,InStock,0.999,,S346BKR4XL,,,,Size,DROP_DOWN,4XL,Color,DROP_DOWN,Black,,,,,,,,,,,,,Fit,<p>R</p>,Length,<p>55</p>,Width,<p>36</p>,Height,<p>40</p>,Box Quantity,<p>48</p>,Inner Pack Quantity,<p>1</p>,Country Of Origin,<p>BD</p>,Standards,<p></p>,,,,
S346,Variant,,"This product does not comply with ANSI/ISEA 107-2015 2"" silver HiVisTex Pro reflective tape with contrast material 100% polyester moisture wicking fabric Pocket: 1 Tape free chest pocket ideal for corporate branding 2 mic tabs",https://d11ak7fd9ypfb7.cloudfront.net/styles1100px/S346BKR.jpg,,0.0,TRUE,InStock,0.999,,S346BKR5XL,,,,Size,DROP_DOWN,5XL,Color,DROP_DOWN,Black,,,,,,,,,,,,,Fit,<p>R</p>,Length,<p>55</p>,Width,<p>36</p>,Height,<p>40</p>,Box Quantity,<p>48</p>,Inner Pack Quantity,<p>1</p>,Country Of Origin,<p>BD</p>,Standards,<p></p>,,,,
S346,Variant,,"This product does not comply with ANSI/ISEA 107-2015 2"" silver HiVisTex Pro reflective tape with contrast material 100% polyester moisture wicking fabric Pocket: 1 Tape free chest pocket ideal for corporate branding 2 mic tabs",https://d11ak7fd9ypfb7.cloudfront.net/styles1100px/S346BKR.jpg,,0.0,TRUE,InStock,0.999,,S346BKR6XL,,,,Size,DROP_DOWN,6XL,Color,DROP_DOWN,Black,,,,,,,,,,,,,Fit,<p>R</p>,Length,<p>55</p>,Width,<p>36</p>,Height,<p>40</p>,Box Quantity,<p>48</p>,Inner Pack Quantity,<p>1</p>,Country Of Origin,<p>BD</p>,Standards,<p></p>,,,,
S346,Variant,,"This product does not comply with ANSI/ISEA 107-2015 2"" silver HiVisTex Pro reflective tape with contrast material 100% polyester moisture wicking fabric Pocket: 1 Tape free chest pocket ideal for corporate branding 2 mic tabs",https://d11ak7fd9ypfb7.cloudfront.net/styles1100px/S346BKR.jpg,,0.0,TRUE,InStock,0.999,,S346BKRL,,,,Size,DROP_DOWN,L,Color,DROP_DOWN,Black,,,,,,,,,,,,,Fit,<p>R</p>,Length,<p>55</p>,Width,<p>36</p>,Height,<p>37</p>,Box Quantity,<p>48</p>,Inner Pack Quantity,<p>1</p>,Country Of Origin,<p>BD</p>,Standards,<p></p>,,,,
S346,Variant,,"This product does not comply with ANSI/ISEA 107-2015 2"" silver HiVisTex Pro reflective tape with contrast material 100% polyester moisture wicking fabric Pocket: 1 Tape free chest pocket ideal for corporate branding 2 mic tabs",https://d11ak7fd9ypfb7.cloudfront.net/styles1100px/S346BKR.jpg,,0.0,TRUE,InStock,0.999,,S346BKRM,,,,Size,DROP_DOWN,M,Color,DROP_DOWN,Black,,,,,,,,,,,,,Fit,<p>R</p>,Length,<p>55</p>,Width,<p>36</p>,Height,<p>37</p>,Box Quantity,<p>48</p>,Inner Pack Quantity,<p>1</p>,Country Of Origin,<p>BD</p>,Standards,<p></p>,,,,
S346,Variant,,"This product does not comply with ANSI/ISEA 107-2015 2"" silver HiVisTex Pro reflective tape with contrast material 100% polyester moisture wicking fabric Pocket: 1 Tape free chest pocket ideal for corporate branding 2 mic tabs",https://d11ak7fd9ypfb7.cloudfront.net/styles1100px/S346BKR.jpg,,0.0,TRUE,InStock,0.999,,S346BKRS,,,,Size,DROP_DOWN,S,Color,DROP_DOWN,Black,,,,,,,,,,,,,Fit,<p>R</p>,Length,<p>55</p>,Width,<p>36</p>,Height,<p>37</p>,Box Quantity,<p>48</p>,Inner Pack Quantity,<p>1</p>,Country Of Origin,<p>BD</p>,Standards,<p></p>,,,,
S346,Variant,,"This product does not comply with ANSI/ISEA 107-2015 2"" silver HiVisTex Pro reflective tape with contrast material 100% polyester moisture wicking fabric Pocket: 1 Tape free chest pocket ideal for corporate branding 2 mic tabs",https://d11ak7fd9ypfb7.cloudfront.net/styles1100px/S346BKR.jpg,,0.0,TRUE,InStock,0.999,,S346BKRXL,,,,Size,DROP_DOWN,XL,Color,DROP_DOWN,Black,,,,,,,,,,,,,Fit,<p>R</p>,Length,<p>55</p>,Width,<p>36</p>,Height,<p>37</p>,Box Quantity,<p>48</p>,Inner Pack Quantity,<p>1</p>,Country Of Origin,<p>BD</p>,Standards,<p></p>,,,,
S346,Variant,,"This product does not comply with ANSI/ISEA 107-2015 2"" silver HiVisTex Pro reflective tape with contrast material 100% polyester moisture wicking fabric Pocket: 1 Tape free chest pocket ideal for corporate branding 2 mic tabs",https://d11ak7fd9ypfb7.cloudfront.net/styles1100px/S346BKR.jpg,,0.0,TRUE,InStock,0.999,,S346BKRXXL,,,,Size,DROP_DOWN,XXL,Color,DROP_DOWN,Black,,,,,,,,,,,,,Fit,<p>R</p>,Length,<p>55</p>,Width,<p>36</p>,Height,<p>40</p>,Box Quantity,<p>48</p>,Inner Pack Quantity,<p>1</p>,Country Of Origin,<p>BD</p>,Standards,<p></p>,,,,
S346,Variant,,"This product does not comply with ANSI/ISEA 107-2015 2"" silver HiVisTex Pro reflective tape with contrast material 100% polyester moisture wicking fabric Pocket: 1 Tape free chest pocket ideal for corporate branding 2 mic tabs",https://d11ak7fd9ypfb7.cloudfront.net/styles1100px/S346BKR.jpg,,0.0,TRUE,InStock,0.999,,S346BKRXXXL,,,,Size,DROP_DOWN,XXXL,Color,DROP_DOWN,Black,,,,,,,,,,,,,Fit,<p>R</p>,Length,<p>55</p>,Width,<p>36</p>,Height,<p>40</p>,Box Quantity,<p>48</p>,Inner Pack Quantity,<p>1</p>,Country Of Origin,<p>BD</p>,Standards,<p></p>,,,,
S358,Product,S358 - Nashville Two-Tone T-Shirt,This two-tone combination T-shirt offers a generous fit and allows for maximum movement in any working environment. The standard reflective tape configuration ensures maximum visibility for added safety.,https://d11ak7fd9ypfb7.cloudfront.net/styles1100px/S358YBR.jpg,19.6,0.0,TRUE,InStock,0.999,,S358YBR4XL,,,,Size,DROP_DOWN,S;M;L;XL;XXL;XXXL;4XL;5XL;6XL,Color,DROP_DOWN,Yellow/Black,,,,,,,,,,,,,Fit,<p>R</p>,Length,<p>43</p>,Width,<p>28</p>,Height,<p>46</p>,Box Quantity,<p>48</p>,Inner Pack Quantity,<p>1</p>,Country Of Origin,<p>BD</p>,Standards,<ul><li>ANSI/ISEA 107 TYPE R CLASS 2</li></ul>,,,,
S358,Variant,,This two-tone combination T-shirt offers a generous fit and allows for maximum movement in any working environment. The standard reflective tape configuration ensures maximum visibility for added safety.,https://d11ak7fd9ypfb7.cloudfront.net/styles1100px/S358YBR.jpg,,0.0,TRUE,InStock,0.999,,S358YBR4XL,,,,Size,DROP_DOWN,4XL,Color,DROP_DOWN,Yellow/Black,,,,,,,,,,,,,Fit,<p>R</p>,Length,<p>43</p>,Width,<p>28</p>,Height,<p>46</p>,Box Quantity,<p>48</p>,Inner Pack Quantity,<p>1</p>,Country Of Origin,<p>BD</p>,Standards,<ul><li>ANSI/ISEA 107 TYPE R CLASS 2</li></ul>,,,,
S358,Variant,,This two-tone combination T-shirt offers a generous fit and allows for maximum movement in any working environment. The standard reflective tape configuration ensures maximum visibility for added safety.,https://d11ak7fd9ypfb7.cloudfront.net/styles1100px/S358YBR.jpg,,0.0,TRUE,InStock,0.999,,S358YBR5XL,,,,Size,DROP_DOWN,5XL,Color,DROP_DOWN,Yellow/Black,,,,,,,,,,,,,Fit,<p>R</p>,Length,<p>43</p>,Width,<p>28</p>,Height,<p>46</p>,Box Quantity,<p>48</p>,Inner Pack Quantity,<p>1</p>,Country Of Origin,<p>BD</p>,Standards,<ul><li>ANSI/ISEA 107 TYPE R CLASS 2</li></ul>,,,,
S358,Variant,,This two-tone combination T-shirt offers a generous fit and allows for maximum movement in any working environment. The standard reflective tape configuration ensures maximum visibility for added safety.,https://d11ak7fd9ypfb7.cloudfront.net/styles1100px/S358YBR.jpg,,0.0,TRUE,InStock,0.999,,S358YBR6XL,,,,Size,DROP_DOWN,6XL,Color,DROP_DOWN,Yellow/Black,,,,,,,,,,,,,Fit,<p>R</p>,Length,<p>43</p>,Width,<p>28</p>,Height,<p>46</p>,Box Quantity,<p>48</p>,Inner Pack Quantity,<p>1</p>,Country Of Origin,<p>BD</p>,Standards,<ul><li>ANSI/ISEA 107 TYPE R CLASS 2</li></ul>,,,,
S358,Variant,,This two-tone combination T-shirt offers a generous fit and allows for maximum movement in any working environment. The standard reflective tape configuration ensures maximum visibility for added safety.,https://d11ak7fd9ypfb7.cloudfront.net/styles1100px/S358YBR.jpg,,0.0,TRUE,InStock,0.999,,S358YBRL,,,,Size,DROP_DOWN,L,Color,DROP_DOWN,Yellow/Black,,,,,,,,,,,,,Fit,<p>R</p>,Length,<p>43</p>,Width,<p>28</p>,Height,<p>46</p>,Box Quantity,<p>48</p>,Inner Pack Quantity,<p>1</p>,Country Of Origin,<p>BD</p>,Standards,<ul><li>ANSI/ISEA 107 TYPE R CLASS 2</li></ul>,,,,
S358,Variant,,This two-tone combination T-shirt offers a generous fit and allows for maximum movement in any working environment. The standard reflective tape configuration ensures maximum visibility for added safety.,https://d11ak7fd9ypfb7.cloudfront.net/styles1100px/S358YBR.jpg,,0.0,TRUE,InStock,0.999,,S358YBRM,,,,Size,DROP_DOWN,M,Color,DROP_DOWN,Yellow/Black,,,,,,,,,,,,,Fit,<p>R</p>,Length,<p>43</p>,Width,<p>28</p>,Height,<p>46</p>,Box Quantity,<p>48</p>,Inner Pack Quantity,<p>1</p>,Country Of Origin,<p>BD</p>,Standards,<ul><li>ANSI/ISEA 107 TYPE R CLASS 2</li></ul>,,,,
S358,Variant,,This two-tone combination T-shirt offers a generous fit and allows for maximum movement in any working environment. The standard reflective tape configuration ensures maximum visibility for added safety.,https://d11ak7fd9ypfb7.cloudfront.net/styles1100px/S358YBR.jpg,,0.0,TRUE,InStock,0.999,,S358YBRS,,,,Size,DROP_DOWN,S,Color,DROP_DOWN,Yellow/Black,,,,,,,,,,,,,Fit,<p>R</p>,Length,<p>43</p>,Width,<p>28</p>,Height,<p>46</p>,Box Quantity,<p>48</p>,Inner Pack Quantity,<p>1</p>,Country Of Origin,<p>BD</p>,Standards,<ul><li>ANSI/ISEA 107 TYPE R CLASS 2</li></ul>,,,,
S358,Variant,,This two-tone combination T-shirt offers a generous fit and allows for maximum movement in any working environment. The standard reflective tape configuration ensures maximum visibility for added safety.,https://d11ak7fd9ypfb7.cloudfront.net/styles1100px/S358YBR.jpg,,0.0,TRUE,InStock,0.999,,S358YBRXL,,,,Size,DROP_DOWN,XL,Color,DROP_DOWN,Yellow/Black,,,,,,,,,,,,,Fit,<p>R</p>,Length,<p>43</p>,Width,<p>28</p>,Height,<p>46</p>,Box Quantity,<p>48</p>,Inner Pack Quantity,<p>1</p>,Country Of Origin,<p>BD</p>,Standards,<ul><li>ANSI/ISEA 107 TYPE R CLASS 2</li></ul>,,,,
S358,Variant,,This two-tone combination T-shirt offers a generous fit and allows for maximum movement in any working environment. The standard reflective tape configuration ensures maximum visibility for added safety.,https://d11ak7fd9ypfb7.cloudfront.net/styles1100px/S358YBR.jpg,,0.0,TRUE,InStock,0.999,,S358YBRXXL,,,,Size,DROP_DOWN,XXL,Color,DROP_DOWN,Yellow/Black,,,,,,,,,,,,,Fit,<p>R</p>,Length,<p>43</p>,Width,<p>28</p>,Height,<p>46</p>,Box Quantity,<p>48</p>,Inner Pack Quantity,<p>1</p>,Country Of Origin,<p>BD</p>,Standards,<ul><li>ANSI/ISEA 107 TYPE R CLASS 2</li></ul>,,,,
S358,Variant,,This two-tone combination T-shirt offers a generous fit and allows for maximum movement in any working environment. The standard reflective tape configuration ensures maximum visibility for added safety.,https://d11ak7fd9ypfb7.cloudfront.net/styles1100px/S358YBR.jpg,,0.0,TRUE,InStock,0.999,,S358YBRXXXL,,,,Size,DROP_DOWN,XXXL,Color,DROP_DOWN,Yellow/Black,,,,,,,,,,,,,Fit,<p>R</p>,Length,<p>43</p>,Width,<p>28</p>,Height,<p>46</p>,Box Quantity,<p>48</p>,Inner Pack Quantity,<p>1</p>,Country Of Origin,<p>BD</p>,Standards,<ul><li>ANSI/ISEA 107 TYPE R CLASS 2</li></ul>,,,,
S362,Product,S362 - ,,https://d11ak7fd9ypfb7.cloudfront.net/styles1100px/S362OBR.jpg,0.0,0.0,TRUE,InStock,0.999,,S362OBR4XL,,,,Size,DROP_DOWN,S;M;L;XL;XXL;XXXL;4XL;5XL,Color,DROP_DOWN,Orange/Black;Yellow/Black,,,,,,,,,,,,,Fit,<p>R</p>,Length,<p>65</p>,Width,<p>45</p>,Height,<p>47</p>,Box Quantity,<p>10</p>,Inner Pack Quantity,<p>1</p>,Country Of Origin,<p>MM</p>,Standards,<p></p>,,,,
S362,Variant,,,https://d11ak7fd9ypfb7.cloudfront.net/styles1100px/S362OBR.jpg,,0.0,TRUE,InStock,0.999,,S362OBR4XL,,,,Size,DROP_DOWN,4XL,Color,DROP_DOWN,Orange/Black,,,,,,,,,,,,,Fit,<p>R</p>,Length,<p>65</p>,Width,<p>45</p>,Height,<p>47</p>,Box Quantity,<p>10</p>,Inner Pack Quantity,<p>1</p>,Country Of Origin,<p>MM</p>,Standards,<p></p>,,,,
S362,Variant,,,https://d11ak7fd9ypfb7.cloudfront.net/styles1100px/S362OBR.jpg,,0.0,TRUE,InStock,0.999,,S362OBR5XL,,,,Size,DROP_DOWN,5XL,Color,DROP_DOWN,Orange/Black,,,,,,,,,,,,,Fit,<p>R</p>,Length,<p>65</p>,Width,<p>45</p>,Height,<p>47</p>,Box Quantity,<p>10</p>,Inner Pack Quantity,<p>1</p>,Country Of Origin,<p>MM</p>,Standards,<p></p>,,,,
S362,Variant,,,https://d11ak7fd9ypfb7.cloudfront.net/styles1100px/S362OBR.jpg,,0.0,TRUE,InStock,0.999,,S362OBRL,,,,Size,DROP_DOWN,L,Color,DROP_DOWN,Orange/Black,,,,,,,,,,,,,Fit,<p>R</p>,Length,<p>65</p>,Width,<p>45</p>,Height,<p>47</p>,Box Quantity,<p>10</p>,Inner Pack Quantity,<p>1</p>,Country Of Origin,<p>MM</p>,Standards,<p></p>,,,,
S362,Variant,,,https://d11ak7fd9ypfb7.cloudfront.net/styles1100px/S362OBR.jpg,,0.0,TRUE,InStock,0.999,,S362OBRM,,,,Size,DROP_DOWN,M,Color,DROP_DOWN,Orange/Black,,,,,,,,,,,,,Fit,<p>R</p>,Length,<p>65</p>,Width,<p>45</p>,Height,<p>47</p>,Box Quantity,<p>10</p>,Inner Pack Quantity,<p>1</p>,Country Of Origin,<p>MM</p>,Standards,<p></p>,,,,
S362,Variant,,,https://d11ak7fd9ypfb7.cloudfront.net/styles1100px/S362OBR.jpg,,0.0,TRUE,InStock,0.999,,S362OBRS,,,,Size,DROP_DOWN,S,Color,DROP_DOWN,Orange/Black,,,,,,,,,,,,,Fit,<p>R</p>,Length,<p>65</p>,Width,<p>45</p>,Height,<p>47</p>,Box Quantity,<p>10</p>,Inner Pack Quantity,<p>1</p>,Country Of Origin,<p>MM</p>,Standards,<p></p>,,,,
S362,Variant,,,https://d11ak7fd9ypfb7.cloudfront.net/styles1100px/S362OBR.jpg,,0.0,TRUE,InStock,0.999,,S362OBRXL,,,,Size,DROP_DOWN,XL,Color,DROP_DOWN,Orange/Black,,,,,,,,,,,,,Fit,<p>R</p>,Length,<p>65</p>,Width,<p>45</p>,Height,<p>47</p>,Box Quantity,<p>10</p>,Inner Pack Quantity,<p>1</p>,Country Of Origin,<p>MM</p>,Standards,<p></p>,,,,
S362,Variant,,,https://d11ak7fd9ypfb7.cloudfront.net/styles1100px/S362OBR.jpg,,0.0,TRUE,InStock,0.999,,S362OBRXXL,,,,Size,DROP_DOWN,XXL,Color,DROP_DOWN,Orange/Black,,,,,,,,,,,,,Fit,<p>R</p>,Length,<p>65</p>,Width,<p>45</p>,Height,<p>47</p>,Box Quantity,<p>10</p>,Inner Pack Quantity,<p>1</p>,Country Of Origin,<p>MM</p>,Standards,<p></p>,,,,
S362,Variant,,,https://d11ak7fd9ypfb7.cloudfront.net/styles1100px/S362OBR.jpg,,0.0,TRUE,InStock,0.999,,S362OBRXXXL,,,,Size,DROP_DOWN,XXXL,Color,DROP_DOWN,Orange/Black,,,,,,,,,,,,,Fit,<p>R</p>,Length,<p>65</p>,Width,<p>45</p>,Height,<p>47</p>,Box Quantity,<p>10</p>,Inner Pack Quantity,<p>1</p>,Country Of Origin,<p>MM</p>,Standards,<p></p>,,,,
S362,Variant,,,https://d11ak7fd9ypfb7.cloudfront.net/styles1100px/S362YBR.jpg,,0.0,TRUE,InStock,0.999,,S362YBR4XL,,,,Size,DROP_DOWN,4XL,Color,DROP_DOWN,Yellow/Black,,,,,,,,,,,,,Fit,<p>R</p>,Length,<p>65</p>,Width,<p>45</p>,Height,<p>47</p>,Box Quantity,<p>10</p>,Inner Pack Quantity,<p>1</p>,Country Of Origin,<p>MM</p>,Standards,<p></p>,,,,
S362,Variant,,,https://d11ak7fd9ypfb7.cloudfront.net/styles1100px/S362YBR.jpg,,0.0,TRUE,InStock,0.999,,S362YBR5XL,,,,Size,DROP_DOWN,5XL,Color,DROP_DOWN,Yellow/Black,,,,,,,,,,,,,Fit,<p>R</p>,Length,<p>65</p>,Width,<p>45</p>,Height,<p>47</p>,Box Quantity,<p>10</p>,Inner Pack Quantity,<p>1</p>,Country Of Origin,<p>MM</p>,Standards,<p></p>,,,,
S362,Variant,,,https://d11ak7fd9ypfb7.cloudfront.net/styles1100px/S362YBR.jpg,,0.0,TRUE,InStock,0.999,,S362YBRL,,,,Size,DROP_DOWN,L,Color,DROP_DOWN,Yellow/Black,,,,,,,,,,,,,Fit,<p>R</p>,Length,<p>65</p>,Width,<p>45</p>,Height,<p>47</p>,Box Quantity,<p>10</p>,Inner Pack Quantity,<p>1</p>,Country Of Origin,<p>MM</p>,Standards,<p></p>,,,,
S362,Variant,,,https://d11ak7fd9ypfb7.cloudfront.net/styles1100px/S362YBR.jpg,,0.0,TRUE,InStock,0.999,,S362YBRM,,,,Size,DROP_DOWN,M,Color,DROP_DOWN,Yellow/Black,,,,,,,,,,,,,Fit,<p>R</p>,Length,<p>65</p>,Width,<p>45</p>,Height,<p>47</p>,Box Quantity,<p>10</p>,Inner Pack Quantity,<p>1</p>,Country Of Origin,<p>MM</p>,Standards,<p></p>,,,,
S362,Variant,,,https://d11ak7fd9ypfb7.cloudfront.net/styles1100px/S362YBR.jpg,,0.0,TRUE,InStock,0.999,,S362YBRS,,,,Size,DROP_DOWN,S,Color,DROP_DOWN,Yellow/Black,,,,,,,,,,,,,Fit,<p>R</p>,Length,<p>65</p>,Width,<p>45</p>,Height,<p>47</p>,Box Quantity,<p>10</p>,Inner Pack Quantity,<p>1</p>,Country Of Origin,<p>MM</p>,Standards,<p></p>,,,,
S362,Variant,,,https://d11ak7fd9ypfb7.cloudfront.net/styles1100px/S362YBR.jpg,,0.0,TRUE,InStock,0.999,,S362YBRXL,,,,Size,DROP_DOWN,XL,Color,DROP_DOWN,Yellow/Black,,,,,,,,,,,,,Fit,<p>R</p>,Length,<p>65</p>,Width,<p>45</p>,Height,<p>47</p>,Box Quantity,<p>10</p>,Inner Pack Quantity,<p>1</p>,Country Of Origin,<p>MM</p>,Standards,<p></p>,,,,
S362,Variant,,,https://d11ak7fd9ypfb7.cloudfront.net/styles1100px/S362YBR.jpg,,0.0,TRUE,InStock,0.999,,S362YBRXXL,,,,Size,DROP_DOWN,XXL,Color,DROP_DOWN,Yellow/Black,,,,,,,,,,,,,Fit,<p>R</p>,Length,<p>65</p>,Width,<p>45</p>,Height,<p>47</p>,Box Quantity,<p>10</p>,Inner Pack Quantity,<p>1</p>,Country Of Origin,<p>MM</p>,Standards,<p></p>,,,,
S362,Variant,,,https://d11ak7fd9ypfb7.cloudfront.net/styles1100px/S362YBR.jpg,,0.0,TRUE,InStock,0.999,,S362YBRXXXL,,,,Size,DROP_DOWN,XXXL,Color,DROP_DOWN,Yellow/Black,,,,,,,,,,,,,Fit,<p>R</p>,Length,<p>65</p>,Width,<p>45</p>,Height,<p>47</p>,Box Quantity,<p>10</p>,Inner Pack Quantity,<p>1</p>,Country Of Origin,<p>MM</p>,Standards,<p></p>,,,,
S378,Product,S378 - Two-Tone T-Shirt,This two-tone combination T-shirt offers a generous fit and allows for maximum movement in any working environment. The standard reflective tape configuration ensures maximum visibility for added safety.,https://d11ak7fd9ypfb7.cloudfront.net/styles1100px/S378YBR.jpg,19.0,0.0,TRUE,InStock,0.216,,S378YBR4XL,,,,Size,DROP_DOWN,S;M;L;XL;XXL;XXXL;4XL;5XL;6XL,Color,DROP_DOWN,Yellow/Navy;Yellow/Black,,,,,,,,,,,,,Fit,<p>R</p>,Length,<p>43</p>,Width,<p>28</p>,Height,<p>46</p>,Box Quantity,<p>48</p>,Inner Pack Quantity,<p>1</p>,Country Of Origin,<p>BD</p>,Standards,<ul><li>EN ISO 20471 Class 2</li><li>RIS-3279-TOM  ISSUE 1 (ORANGE ONLY)</li><li>ANSI/ISEA 107 TYPE R CLASS 2</li></ul>,,,,
S378,Variant,,This two-tone combination T-shirt offers a generous fit and allows for maximum movement in any working environment. The standard reflective tape configuration ensures maximum visibility for added safety.,https://d11ak7fd9ypfb7.cloudfront.net/styles1100px/S378YBR.jpg,,0.0,TRUE,InStock,0.216,,S378YBR4XL,,,,Size,DROP_DOWN,4XL,Color,DROP_DOWN,Yellow/Black,,,,,,,,,,,,,Fit,<p>R</p>,Length,<p>43</p>,Width,<p>28</p>,Height,<p>46</p>,Box Quantity,<p>48</p>,Inner Pack Quantity,<p>1</p>,Country Of Origin,<p>BD</p>,Standards,<ul><li>EN ISO 20471 Class 2</li><li>RIS-3279-TOM  ISSUE 1 (ORANGE ONLY)</li><li>ANSI/ISEA 107 TYPE R CLASS 2</li></ul>,,,,
S378,Variant,,This two-tone combination T-shirt offers a generous fit and allows for maximum movement in any working environment. The standard reflective tape configuration ensures maximum visibility for added safety.,https://d11ak7fd9ypfb7.cloudfront.net/styles1100px/S378YBR.jpg,,0.0,TRUE,InStock,0.216,,S378YBR5XL,,,,Size,DROP_DOWN,5XL,Color,DROP_DOWN,Yellow/Black,,,,,,,,,,,,,Fit,<p>R</p>,Length,<p>43</p>,Width,<p>28</p>,Height,<p>52</p>,Box Quantity,<p>48</p>,Inner Pack Quantity,<p>1</p>,Country Of Origin,<p>BD</p>,Standards,<ul><li>EN ISO 20471 Class 2</li><li>RIS-3279-TOM  ISSUE 1 (ORANGE ONLY)</li><li>ANSI/ISEA 107 TYPE R CLASS 2</li></ul>,,,,
S378,Variant,,This two-tone combination T-shirt offers a generous fit and allows for maximum movement in any working environment. The standard reflective tape configuration ensures maximum visibility for added safety.,https://d11ak7fd9ypfb7.cloudfront.net/styles1100px/S378YBR.jpg,,0.0,TRUE,InStock,0.216,,S378YBR6XL,,,,Size,DROP_DOWN,6XL,Color,DROP_DOWN,Yellow/Black,,,,,,,,,,,,,Fit,<p>R</p>,Length,<p>43</p>,Width,<p>28</p>,Height,<p>52</p>,Box Quantity,<p>48</p>,Inner Pack Quantity,<p>1</p>,Country Of Origin,<p>BD</p>,Standards,<ul><li>EN ISO 20471 Class 2</li><li>RIS-3279-TOM  ISSUE 1 (ORANGE ONLY)</li><li>ANSI/ISEA 107 TYPE R CLASS 2</li></ul>,,,,
S378,Variant,,This two-tone combination T-shirt offers a generous fit and allows for maximum movement in any working environment. The standard reflective tape configuration ensures maximum visibility for added safety.,https://d11ak7fd9ypfb7.cloudfront.net/styles1100px/S378YBR.jpg,,0.0,TRUE,InStock,0.216,,S378YBRL,,,,Size,DROP_DOWN,L,Color,DROP_DOWN,Yellow/Black,,,,,,,,,,,,,Fit,<p>R</p>,Length,<p>43</p>,Width,<p>28</p>,Height,<p>46</p>,Box Quantity,<p>48</p>,Inner Pack Quantity,<p>1</p>,Country Of Origin,<p>BD</p>,Standards,<ul><li>EN ISO 20471 Class 2</li><li>RIS-3279-TOM  ISSUE 1 (ORANGE ONLY)</li><li>ANSI/ISEA 107 TYPE R CLASS 2</li></ul>,,,,
S378,Variant,,This two-tone combination T-shirt offers a generous fit and allows for maximum movement in any working environment. The standard reflective tape configuration ensures maximum visibility for added safety.,https://d11ak7fd9ypfb7.cloudfront.net/styles1100px/S378YBR.jpg,,0.0,TRUE,InStock,0.216,,S378YBRM,,,,Size,DROP_DOWN,M,Color,DROP_DOWN,Yellow/Black,,,,,,,,,,,,,Fit,<p>R</p>,Length,<p>43</p>,Width,<p>28</p>,Height,<p>46</p>,Box Quantity,<p>48</p>,Inner Pack Quantity,<p>1</p>,Country Of Origin,<p>BD</p>,Standards,<ul><li>EN ISO 20471 Class 2</li><li>RIS-3279-TOM  ISSUE 1 (ORANGE ONLY)</li><li>ANSI/ISEA 107 TYPE R CLASS 2</li></ul>,,,,
S378,Variant,,This two-tone combination T-shirt offers a generous fit and allows for maximum movement in any working environment. The standard reflective tape configuration ensures maximum visibility for added safety.,https://d11ak7fd9ypfb7.cloudfront.net/styles1100px/S378YBR.jpg,,0.0,TRUE,InStock,0.216,,S378YBRS,,,,Size,DROP_DOWN,S,Color,DROP_DOWN,Yellow/Black,,,,,,,,,,,,,Fit,<p>R</p>,Length,<p>43</p>,Width,<p>28</p>,Height,<p>46</p>,Box Quantity,<p>48</p>,Inner Pack Quantity,<p>1</p>,Country Of Origin,<p>BD</p>,Standards,<ul><li>EN ISO 20471 Class 2</li><li>RIS-3279-TOM  ISSUE 1 (ORANGE ONLY)</li><li>ANSI/ISEA 107 TYPE R CLASS 2</li></ul>,,,,
S378,Variant,,This two-tone combination T-shirt offers a generous fit and allows for maximum movement in any working environment. The standard reflective tape configuration ensures maximum visibility for added safety.,https://d11ak7fd9ypfb7.cloudfront.net/styles1100px/S378YBR.jpg,,0.0,TRUE,InStock,0.216,,S378YBRXL,,,,Size,DROP_DOWN,XL,Color,DROP_DOWN,Yellow/Black,,,,,,,,,,,,,Fit,<p>R</p>,Length,<p>43</p>,Width,<p>28</p>,Height,<p>46</p>,Box Quantity,<p>48</p>,Inner Pack Quantity,<p>1</p>,Country Of Origin,<p>BD</p>,Standards,<ul><li>EN ISO 20471 Class 2</li><li>RIS-3279-TOM  ISSUE 1 (ORANGE ONLY)</li><li>ANSI/ISEA 107 TYPE R CLASS 2</li></ul>,,,,
S378,Variant,,This two-tone combination T-shirt offers a generous fit and allows for maximum movement in any working environment. The standard reflective tape configuration ensures maximum visibility for added safety.,https://d11ak7fd9ypfb7.cloudfront.net/styles1100px/S378YBR.jpg,,0.0,TRUE,InStock,0.216,,S378YBRXXL,,,,Size,DROP_DOWN,XXL,Color,DROP_DOWN,Yellow/Black,,,,,,,,,,,,,Fit,<p>R</p>,Length,<p>43</p>,Width,<p>28</p>,Height,<p>46</p>,Box Quantity,<p>48</p>,Inner Pack Quantity,<p>1</p>,Country Of Origin,<p>BD</p>,Standards,<ul><li>EN ISO 20471 Class 2</li><li>RIS-3279-TOM  ISSUE 1 (ORANGE ONLY)</li><li>ANSI/ISEA 107 TYPE R CLASS 2</li></ul>,,,,
S378,Variant,,This two-tone combination T-shirt offers a generous fit and allows for maximum movement in any working environment. The standard reflective tape configuration ensures maximum visibility for added safety.,https://d11ak7fd9ypfb7.cloudfront.net/styles1100px/S378YBR.jpg,,0.0,TRUE,InStock,0.216,,S378YBRXXXL,,,,Size,DROP_DOWN,XXXL,Color,DROP_DOWN,Yellow/Black,,,,,,,,,,,,,Fit,<p>R</p>,Length,<p>43</p>,Width,<p>28</p>,Height,<p>46</p>,Box Quantity,<p>48</p>,Inner Pack Quantity,<p>1</p>,Country Of Origin,<p>BD</p>,Standards,<ul><li>EN ISO 20471 Class 2</li><li>RIS-3279-TOM  ISSUE 1 (ORANGE ONLY)</li><li>ANSI/ISEA 107 TYPE R CLASS 2</li></ul>,,,,
S378,Variant,,This two-tone combination T-shirt offers a generous fit and allows for maximum movement in any working environment. The standard reflective tape configuration ensures maximum visibility for added safety.,https://d11ak7fd9ypfb7.cloudfront.net/styles1100px/S378YNR.jpg,,0.0,TRUE,InStock,0.216,,S378YNR4XL,,,,Size,DROP_DOWN,4XL,Color,DROP_DOWN,Yellow/Navy,,,,,,,,,,,,,Fit,<p>R</p>,Length,<p>43</p>,Width,<p>28</p>,Height,<p>46</p>,Box Quantity,<p>48</p>,Inner Pack Quantity,<p>1</p>,Country Of Origin,<p>BD</p>,Standards,<ul><li>EN ISO 20471 Class 2</li><li>RIS-3279-TOM  ISSUE 1 (ORANGE ONLY)</li><li>ANSI/ISEA 107 TYPE R CLASS 2</li></ul>,,,,
S378,Variant,,This two-tone combination T-shirt offers a generous fit and allows for maximum movement in any working environment. The standard reflective tape configuration ensures maximum visibility for added safety.,https://d11ak7fd9ypfb7.cloudfront.net/styles1100px/S378YNR.jpg,,0.0,TRUE,InStock,0.216,,S378YNR5XL,,,,Size,DROP_DOWN,5XL,Color,DROP_DOWN,Yellow/Navy,,,,,,,,,,,,,Fit,<p>R</p>,Length,<p>43</p>,Width,<p>28</p>,Height,<p>52</p>,Box Quantity,<p>48</p>,Inner Pack Quantity,<p>1</p>,Country Of Origin,<p>BD</p>,Standards,<ul><li>EN ISO 20471 Class 2</li><li>RIS-3279-TOM  ISSUE 1 (ORANGE ONLY)</li><li>ANSI/ISEA 107 TYPE R CLASS 2</li></ul>,,,,
S378,Variant,,This two-tone combination T-shirt offers a generous fit and allows for maximum movement in any working environment. The standard reflective tape configuration ensures maximum visibility for added safety.,https://d11ak7fd9ypfb7.cloudfront.net/styles1100px/S378YNR.jpg,,0.0,TRUE,InStock,0.216,,S378YNR6XL,,,,Size,DROP_DOWN,6XL,Color,DROP_DOWN,Yellow/Navy,,,,,,,,,,,,,Fit,<p>R</p>,Length,<p>43</p>,Width,<p>28</p>,Height,<p>52</p>,Box Quantity,<p>48</p>,Inner Pack Quantity,<p>1</p>,Country Of Origin,<p>BD</p>,Standards,<ul><li>EN ISO 20471 Class 2</li><li>RIS-3279-TOM  ISSUE 1 (ORANGE ONLY)</li><li>ANSI/ISEA 107 TYPE R CLASS 2</li></ul>,,,,
S378,Variant,,This two-tone combination T-shirt offers a generous fit and allows for maximum movement in any working environment. The standard reflective tape configuration ensures maximum visibility for added safety.,https://d11ak7fd9ypfb7.cloudfront.net/styles1100px/S378YNR.jpg,,0.0,TRUE,InStock,0.216,,S378YNRL,,,,Size,DROP_DOWN,L,Color,DROP_DOWN,Yellow/Navy,,,,,,,,,,,,,Fit,<p>R</p>,Length,<p>43</p>,Width,<p>28</p>,Height,<p>46</p>,Box Quantity,<p>48</p>,Inner Pack Quantity,<p>1</p>,Country Of Origin,<p>BD</p>,Standards,<ul><li>EN ISO 20471 Class 2</li><li>RIS-3279-TOM  ISSUE 1 (ORANGE ONLY)</li><li>ANSI/ISEA 107 TYPE R CLASS 2</li></ul>,,,,
S378,Variant,,This two-tone combination T-shirt offers a generous fit and allows for maximum movement in any working environment. The standard reflective tape configuration ensures maximum visibility for added safety.,https://d11ak7fd9ypfb7.cloudfront.net/styles1100px/S378YNR.jpg,,0.0,TRUE,InStock,0.216,,S378YNRM,,,,Size,DROP_DOWN,M,Color,DROP_DOWN,Yellow/Navy,,,,,,,,,,,,,Fit,<p>R</p>,Length,<p>43</p>,Width,<p>28</p>,Height,<p>46</p>,Box Quantity,<p>48</p>,Inner Pack Quantity,<p>1</p>,Country Of Origin,<p>BD</p>,Standards,<ul><li>EN ISO 20471 Class 2</li><li>RIS-3279-TOM  ISSUE 1 (ORANGE ONLY)</li><li>ANSI/ISEA 107 TYPE R CLASS 2</li></ul>,,,,
S378,Variant,,This two-tone combination T-shirt offers a generous fit and allows for maximum movement in any working environment. The standard reflective tape configuration ensures maximum visibility for added safety.,https://d11ak7fd9ypfb7.cloudfront.net/styles1100px/S378YNR.jpg,,0.0,TRUE,InStock,0.216,,S378YNRS,,,,Size,DROP_DOWN,S,Color,DROP_DOWN,Yellow/Navy,,,,,,,,,,,,,Fit,<p>R</p>,Length,<p>43</p>,Width,<p>28</p>,Height,<p>46</p>,Box Quantity,<p>48</p>,Inner Pack Quantity,<p>1</p>,Country Of Origin,<p>BD</p>,Standards,<ul><li>EN ISO 20471 Class 2</li><li>RIS-3279-TOM  ISSUE 1 (ORANGE ONLY)</li><li>ANSI/ISEA 107 TYPE R CLASS 2</li></ul>,,,,
S378,Variant,,This two-tone combination T-shirt offers a generous fit and allows for maximum movement in any working environment. The standard reflective tape configuration ensures maximum visibility for added safety.,https://d11ak7fd9ypfb7.cloudfront.net/styles1100px/S378YNR.jpg,,0.0,TRUE,InStock,0.216,,S378YNRXL,,,,Size,DROP_DOWN,XL,Color,DROP_DOWN,Yellow/Navy,,,,,,,,,,,,,Fit,<p>R</p>,Length,<p>43</p>,Width,<p>28</p>,Height,<p>46</p>,Box Quantity,<p>48</p>,Inner Pack Quantity,<p>1</p>,Country Of Origin,<p>BD</p>,Standards,<ul><li>EN ISO 20471 Class 2</li><li>RIS-3279-TOM  ISSUE 1 (ORANGE ONLY)</li><li>ANSI/ISEA 107 TYPE R CLASS 2</li></ul>,,,,
S378,Variant,,This two-tone combination T-shirt offers a generous fit and allows for maximum movement in any working environment. The standard reflective tape configuration ensures maximum visibility for added safety.,https://d11ak7fd9ypfb7.cloudfront.net/styles1100px/S378YNR.jpg,,0.0,TRUE,InStock,0.216,,S378YNRXXL,,,,Size,DROP_DOWN,XXL,Color,DROP_DOWN,Yellow/Navy,,,,,,,,,,,,,Fit,<p>R</p>,Length,<p>43</p>,Width,<p>28</p>,Height,<p>46</p>,Box Quantity,<p>48</p>,Inner Pack Quantity,<p>1</p>,Country Of Origin,<p>BD</p>,Standards,<ul><li>EN ISO 20471 Class 2</li><li>RIS-3279-TOM  ISSUE 1 (ORANGE ONLY)</li><li>ANSI/ISEA 107 TYPE R CLASS 2</li></ul>,,,,
S378,Variant,,This two-tone combination T-shirt offers a generous fit and allows for maximum movement in any working environment. The standard reflective tape configuration ensures maximum visibility for added safety.,https://d11ak7fd9ypfb7.cloudfront.net/styles1100px/S378YNR.jpg,,0.0,TRUE,InStock,0.216,,S378YNRXXXL,,,,Size,DROP_DOWN,XXXL,Color,DROP_DOWN,Yellow/Navy,,,,,,,,,,,,,Fit,<p>R</p>,Length,<p>43</p>,Width,<p>28</p>,Height,<p>46</p>,Box Quantity,<p>48</p>,Inner Pack Quantity,<p>1</p>,Country Of Origin,<p>BD</p>,Standards,<ul><li>EN ISO 20471 Class 2</li><li>RIS-3279-TOM  ISSUE 1 (ORANGE ONLY)</li><li>ANSI/ISEA 107 TYPE R CLASS 2</li></ul>,,,,
S393,Product,S393 - Dayton Class 3 T-Shirt,"Using our Cotton Comfort fabric which is lightweight and breathable, this short sleeve t-shirt features mesh panels for added cooling, and uses reflective tape for enhanced visibility.",https://d11ak7fd9ypfb7.cloudfront.net/styles1100px/S393YER.jpg,19.0,0.0,TRUE,InStock,0.999,,S393YER4XL,,,,Size,DROP_DOWN,S;M;L;XL;XXL;XXXL;4XL;5XL;6XL;7XL,Color,DROP_DOWN,Yellow,,,,,,,,,,,,,Fit,<p>R</p>,Length,<p>43</p>,Width,<p>28</p>,Height,<p>46</p>,Box Quantity,<p>48</p>,Inner Pack Quantity,<p>1</p>,Country Of Origin,<p>CN</p>,Standards,<ul><li>ANSI/ISEA 107 TYPE R CLASS 3</li></ul>,,,,
S393,Variant,,"Using our Cotton Comfort fabric which is lightweight and breathable, this short sleeve t-shirt features mesh panels for added cooling, and uses reflective tape for enhanced visibility.",https://d11ak7fd9ypfb7.cloudfront.net/styles1100px/S393YER.jpg,,0.0,TRUE,InStock,0.999,,S393YER4XL,,,,Size,DROP_DOWN,4XL,Color,DROP_DOWN,Yellow,,,,,,,,,,,,,Fit,<p>R</p>,Length,<p>43</p>,Width,<p>28</p>,Height,<p>46</p>,Box Quantity,<p>48</p>,Inner Pack Quantity,<p>1</p>,Country Of Origin,<p>CN</p>,Standards,<ul><li>ANSI/ISEA 107 TYPE R CLASS 3</li></ul>,,,,
S393,Variant,,"Using our Cotton Comfort fabric which is lightweight and breathable, this short sleeve t-shirt features mesh panels for added cooling, and uses reflective tape for enhanced visibility.",https://d11ak7fd9ypfb7.cloudfront.net/styles1100px/S393YER.jpg,,0.0,TRUE,InStock,0.999,,S393YER5XL,,,,Size,DROP_DOWN,5XL,Color,DROP_DOWN,Yellow,,,,,,,,,,,,,Fit,<p>R</p>,Length,<p>43</p>,Width,<p>28</p>,Height,<p>46</p>,Box Quantity,<p>48</p>,Inner Pack Quantity,<p>1</p>,Country Of Origin,<p>CN</p>,Standards,<ul><li>ANSI/ISEA 107 TYPE R CLASS 3</li></ul>,,,,
S393,Variant,,"Using our Cotton Comfort fabric which is lightweight and breathable, this short sleeve t-shirt features mesh panels for added cooling, and uses reflective tape for enhanced visibility.",https://d11ak7fd9ypfb7.cloudfront.net/styles1100px/S393YER.jpg,,0.0,TRUE,InStock,0.999,,S393YER6XL,,,,Size,DROP_DOWN,6XL,Color,DROP_DOWN,Yellow,,,,,,,,,,,,,Fit,<p>R</p>,Length,<p>43</p>,Width,<p>28</p>,Height,<p>46</p>,Box Quantity,<p>48</p>,Inner Pack Quantity,<p>1</p>,Country Of Origin,<p>CN</p>,Standards,<ul><li>ANSI/ISEA 107 TYPE R CLASS 3</li></ul>,,,,
S393,Variant,,"Using our Cotton Comfort fabric which is lightweight and breathable, this short sleeve t-shirt features mesh panels for added cooling, and uses reflective tape for enhanced visibility.",https://d11ak7fd9ypfb7.cloudfront.net/styles1100px/S393YER.jpg,,0.0,TRUE,InStock,0.999,,S393YER7XL,,,,Size,DROP_DOWN,7XL,Color,DROP_DOWN,Yellow,,,,,,,,,,,,,Fit,<p>R</p>,Length,<p>43</p>,Width,<p>28</p>,Height,<p>46</p>,Box Quantity,<p>48</p>,Inner Pack Quantity,<p>1</p>,Country Of Origin,<p>CN</p>,Standards,<ul><li>ANSI/ISEA 107 TYPE R CLASS 3</li></ul>,,,,
S393,Variant,,"Using our Cotton Comfort fabric which is lightweight and breathable, this short sleeve t-shirt features mesh panels for added cooling, and uses reflective tape for enhanced visibility.",https://d11ak7fd9ypfb7.cloudfront.net/styles1100px/S393YER.jpg,,0.0,TRUE,InStock,0.999,,S393YERL,,,,Size,DROP_DOWN,L,Color,DROP_DOWN,Yellow,,,,,,,,,,,,,Fit,<p>R</p>,Length,<p>43</p>,Width,<p>28</p>,Height,<p>46</p>,Box Quantity,<p>48</p>,Inner Pack Quantity,<p>1</p>,Country Of Origin,<p>CN</p>,Standards,<ul><li>ANSI/ISEA 107 TYPE R CLASS 3</li></ul>,,,,
S393,Variant,,"Using our Cotton Comfort fabric which is lightweight and breathable, this short sleeve t-shirt features mesh panels for added cooling, and uses reflective tape for enhanced visibility.",https://d11ak7fd9ypfb7.cloudfront.net/styles1100px/S393YER.jpg,,0.0,TRUE,InStock,0.3,,S393YERM,,,,Size,DROP_DOWN,M,Color,DROP_DOWN,Yellow,,,,,,,,,,,,,Fit,<p>R</p>,Length,<p>43</p>,Width,<p>28</p>,Height,<p>46</p>,Box Quantity,<p>48</p>,Inner Pack Quantity,<p>1</p>,Country Of Origin,<p>CN</p>,Standards,<ul><li>ANSI/ISEA 107 TYPE R CLASS 3</li></ul>,,,,
S393,Variant,,"Using our Cotton Comfort fabric which is lightweight and breathable, this short sleeve t-shirt features mesh panels for added cooling, and uses reflective tape for enhanced visibility.",https://d11ak7fd9ypfb7.cloudfront.net/styles1100px/S393YER.jpg,,0.0,TRUE,InStock,0.999,,S393YERS,,,,Size,DROP_DOWN,S,Color,DROP_DOWN,Yellow,,,,,,,,,,,,,Fit,<p>R</p>,Length,<p>43</p>,Width,<p>28</p>,Height,<p>46</p>,Box Quantity,<p>48</p>,Inner Pack Quantity,<p>1</p>,Country Of Origin,<p>CN</p>,Standards,<ul><li>ANSI/ISEA 107 TYPE R CLASS 3</li></ul>,,,,
S393,Variant,,"Using our Cotton Comfort fabric which is lightweight and breathable, this short sleeve t-shirt features mesh panels for added cooling, and uses reflective tape for enhanced visibility.",https://d11ak7fd9ypfb7.cloudfront.net/styles1100px/S393YER.jpg,,0.0,TRUE,InStock,0.999,,S393YERXL,,,,Size,DROP_DOWN,XL,Color,DROP_DOWN,Yellow,,,,,,,,,,,,,Fit,<p>R</p>,Length,<p>43</p>,Width,<p>28</p>,Height,<p>46</p>,Box Quantity,<p>48</p>,Inner Pack Quantity,<p>1</p>,Country Of Origin,<p>CN</p>,Standards,<ul><li>ANSI/ISEA 107 TYPE R CLASS 3</li></ul>,,,,
S393,Variant,,"Using our Cotton Comfort fabric which is lightweight and breathable, this short sleeve t-shirt features mesh panels for added cooling, and uses reflective tape for enhanced visibility.",https://d11ak7fd9ypfb7.cloudfront.net/styles1100px/S393YER.jpg,,0.0,TRUE,InStock,0.999,,S393YERXXL,,,,Size,DROP_DOWN,XXL,Color,DROP_DOWN,Yellow,,,,,,,,,,,,,Fit,<p>R</p>,Length,<p>43</p>,Width,<p>28</p>,Height,<p>46</p>,Box Quantity,<p>48</p>,Inner Pack Quantity,<p>1</p>,Country Of Origin,<p>CN</p>,Standards,<ul><li>ANSI/ISEA 107 TYPE R CLASS 3</li></ul>,,,,
S393,Variant,,"Using our Cotton Comfort fabric which is lightweight and breathable, this short sleeve t-shirt features mesh panels for added cooling, and uses reflective tape for enhanced visibility.",https://d11ak7fd9ypfb7.cloudfront.net/styles1100px/S393YER.jpg,,0.0,TRUE,InStock,0.999,,S393YERXXXL,,,,Size,DROP_DOWN,XXXL,Color,DROP_DOWN,Yellow,,,,,,,,,,,,,Fit,<p>R</p>,Length,<p>43</p>,Width,<p>28</p>,Height,<p>46</p>,Box Quantity,<p>48</p>,Inner Pack Quantity,<p>1</p>,Country Of Origin,<p>CN</p>,Standards,<ul><li>ANSI/ISEA 107 TYPE R CLASS 3</li></ul>,,,,
S395,Product,S395 - Detroit Short Sleeve T-Shirt,This two-tone combination T-shirt offers a generous fit and allows for maximum movement in any working environment. The standard reflective tape configuration ensures maximum visibility for added safety.,https://d11ak7fd9ypfb7.cloudfront.net/styles1100px/S395YBR.jpg,29.0,0.0,TRUE,InStock,0.999,,S395YBR4XL,,,,Size,DROP_DOWN,S;M;L;XL;XXL;XXXL;4XL;5XL;6XL,Color,DROP_DOWN,Yellow/Black,,,,,,,,,,,,,Fit,<p>R</p>,Length,<p>43</p>,Width,<p>28</p>,Height,<p>46</p>,Box Quantity,<p>48</p>,Inner Pack Quantity,<p>1</p>,Country Of Origin,<p>CN</p>,Standards,<ul><li>ANSI/ISEA 107 TYPE R CLASS 2</li><li>ANSI/ISEA 107 TYPE P CLASS 2</li></ul>,,,,
S395,Variant,,This two-tone combination T-shirt offers a generous fit and allows for maximum movement in any working environment. The standard reflective tape configuration ensures maximum visibility for added safety.,https://d11ak7fd9ypfb7.cloudfront.net/styles1100px/S395YBR.jpg,,0.0,TRUE,InStock,0.999,,S395YBR4XL,,,,Size,DROP_DOWN,4XL,Color,DROP_DOWN,Yellow/Black,,,,,,,,,,,,,Fit,<p>R</p>,Length,<p>43</p>,Width,<p>28</p>,Height,<p>46</p>,Box Quantity,<p>48</p>,Inner Pack Quantity,<p>1</p>,Country Of Origin,<p>CN</p>,Standards,<ul><li>ANSI/ISEA 107 TYPE R CLASS 2</li><li>ANSI/ISEA 107 TYPE P CLASS 2</li></ul>,,,,
S395,Variant,,This two-tone combination T-shirt offers a generous fit and allows for maximum movement in any working environment. The standard reflective tape configuration ensures maximum visibility for added safety.,https://d11ak7fd9ypfb7.cloudfront.net/styles1100px/S395YBR.jpg,,0.0,TRUE,InStock,0.999,,S395YBR5XL,,,,Size,DROP_DOWN,5XL,Color,DROP_DOWN,Yellow/Black,,,,,,,,,,,,,Fit,<p>R</p>,Length,<p>43</p>,Width,<p>28</p>,Height,<p>46</p>,Box Quantity,<p>48</p>,Inner Pack Quantity,<p>1</p>,Country Of Origin,<p>CN</p>,Standards,<ul><li>ANSI/ISEA 107 TYPE R CLASS 2</li><li>ANSI/ISEA 107 TYPE P CLASS 2</li></ul>,,,,
S395,Variant,,This two-tone combination T-shirt offers a generous fit and allows for maximum movement in any working environment. The standard reflective tape configuration ensures maximum visibility for added safety.,https://d11ak7fd9ypfb7.cloudfront.net/styles1100px/S395YBR.jpg,,0.0,TRUE,InStock,0.999,,S395YBR6XL,,,,Size,DROP_DOWN,6XL,Color,DROP_DOWN,Yellow/Black,,,,,,,,,,,,,Fit,<p>R</p>,Length,<p>43</p>,Width,<p>28</p>,Height,<p>46</p>,Box Quantity,<p>48</p>,Inner Pack Quantity,<p>1</p>,Country Of Origin,<p>CN</p>,Standards,<ul><li>ANSI/ISEA 107 TYPE R CLASS 2</li><li>ANSI/ISEA 107 TYPE P CLASS 2</li></ul>,,,,
S395,Variant,,This two-tone combination T-shirt offers a generous fit and allows for maximum movement in any working environment. The standard reflective tape configuration ensures maximum visibility for added safety.,https://d11ak7fd9ypfb7.cloudfront.net/styles1100px/S395YBR.jpg,,0.0,TRUE,InStock,0.999,,S395YBRL,,,,Size,DROP_DOWN,L,Color,DROP_DOWN,Yellow/Black,,,,,,,,,,,,,Fit,<p>R</p>,Length,<p>43</p>,Width,<p>28</p>,Height,<p>46</p>,Box Quantity,<p>48</p>,Inner Pack Quantity,<p>1</p>,Country Of Origin,<p>CN</p>,Standards,<ul><li>ANSI/ISEA 107 TYPE R CLASS 2</li><li>ANSI/ISEA 107 TYPE P CLASS 2</li></ul>,,,,
S395,Variant,,This two-tone combination T-shirt offers a generous fit and allows for maximum movement in any working environment. The standard reflective tape configuration ensures maximum visibility for added safety.,https://d11ak7fd9ypfb7.cloudfront.net/styles1100px/S395YBR.jpg,,0.0,TRUE,InStock,0.26,,S395YBRM,,,,Size,DROP_DOWN,M,Color,DROP_DOWN,Yellow/Black,,,,,,,,,,,,,Fit,<p>R</p>,Length,<p>43</p>,Width,<p>28</p>,Height,<p>46</p>,Box Quantity,<p>48</p>,Inner Pack Quantity,<p>1</p>,Country Of Origin,<p>CN</p>,Standards,<ul><li>ANSI/ISEA 107 TYPE R CLASS 2</li><li>ANSI/ISEA 107 TYPE P CLASS 2</li></ul>,,,,
S395,Variant,,This two-tone combination T-shirt offers a generous fit and allows for maximum movement in any working environment. The standard reflective tape configuration ensures maximum visibility for added safety.,https://d11ak7fd9ypfb7.cloudfront.net/styles1100px/S395YBR.jpg,,0.0,TRUE,InStock,0.999,,S395YBRS,,,,Size,DROP_DOWN,S,Color,DROP_DOWN,Yellow/Black,,,,,,,,,,,,,Fit,<p>R</p>,Length,<p>43</p>,Width,<p>28</p>,Height,<p>46</p>,Box Quantity,<p>48</p>,Inner Pack Quantity,<p>1</p>,Country Of Origin,<p>CN</p>,Standards,<ul><li>ANSI/ISEA 107 TYPE R CLASS 2</li><li>ANSI/ISEA 107 TYPE P CLASS 2</li></ul>,,,,
S395,Variant,,This two-tone combination T-shirt offers a generous fit and allows for maximum movement in any working environment. The standard reflective tape configuration ensures maximum visibility for added safety.,https://d11ak7fd9ypfb7.cloudfront.net/styles1100px/S395YBR.jpg,,0.0,TRUE,InStock,0.999,,S395YBRXL,,,,Size,DROP_DOWN,XL,Color,DROP_DOWN,Yellow/Black,,,,,,,,,,,,,Fit,<p>R</p>,Length,<p>43</p>,Width,<p>28</p>,Height,<p>46</p>,Box Quantity,<p>48</p>,Inner Pack Quantity,<p>1</p>,Country Of Origin,<p>CN</p>,Standards,<ul><li>ANSI/ISEA 107 TYPE R CLASS 2</li><li>ANSI/ISEA 107 TYPE P CLASS 2</li></ul>,,,,
S395,Variant,,This two-tone combination T-shirt offers a generous fit and allows for maximum movement in any working environment. The standard reflective tape configuration ensures maximum visibility for added safety.,https://d11ak7fd9ypfb7.cloudfront.net/styles1100px/S395YBR.jpg,,0.0,TRUE,InStock,0.999,,S395YBRXXL,,,,Size,DROP_DOWN,XXL,Color,DROP_DOWN,Yellow/Black,,,,,,,,,,,,,Fit,<p>R</p>,Length,<p>43</p>,Width,<p>28</p>,Height,<p>46</p>,Box Quantity,<p>48</p>,Inner Pack Quantity,<p>1</p>,Country Of Origin,<p>CN</p>,Standards,<ul><li>ANSI/ISEA 107 TYPE R CLASS 2</li><li>ANSI/ISEA 107 TYPE P CLASS 2</li></ul>,,,,
S395,Variant,,This two-tone combination T-shirt offers a generous fit and allows for maximum movement in any working environment. The standard reflective tape configuration ensures maximum visibility for added safety.,https://d11ak7fd9ypfb7.cloudfront.net/styles1100px/S395YBR.jpg,,0.0,TRUE,InStock,0.999,,S395YBRXXXL,,,,Size,DROP_DOWN,XXXL,Color,DROP_DOWN,Yellow/Black,,,,,,,,,,,,,Fit,<p>R</p>,Length,<p>43</p>,Width,<p>28</p>,Height,<p>46</p>,Box Quantity,<p>48</p>,Inner Pack Quantity,<p>1</p>,Country Of Origin,<p>CN</p>,Standards,<ul><li>ANSI/ISEA 107 TYPE R CLASS 2</li><li>ANSI/ISEA 107 TYPE P CLASS 2</li></ul>,,,,
S396,Product,S396 - Iona Plus Short Sleeve T-Shirt,"This product does not comply with ANSI/ISEA 107-2015 2"" silver HiVisTex Pro reflective tape with contrast material 100% polyester moisture wicking fabric Pocket: 1 Tape free chest pocket ideal for corporate branding 2 mic tabs",https://d11ak7fd9ypfb7.cloudfront.net/styles1100px/S396BKR.jpg,29.0,0.0,TRUE,InStock,0.999,,S396BKR4XL,,,,Size,DROP_DOWN,S;M;L;XL;XXL;XXXL;4XL;5XL;6XL,Color,DROP_DOWN,Red;Royal Blue;Black,,,,,,,,,,,,,Fit,<p>R</p>,Length,<p>43</p>,Width,<p>28</p>,Height,<p>46</p>,Box Quantity,<p>48</p>,Inner Pack Quantity,<p>1</p>,Country Of Origin,<p>BD</p>,Standards,<p></p>,,,,
S396,Variant,,"This product does not comply with ANSI/ISEA 107-2015 2"" silver HiVisTex Pro reflective tape with contrast material 100% polyester moisture wicking fabric Pocket: 1 Tape free chest pocket ideal for corporate branding 2 mic tabs",https://d11ak7fd9ypfb7.cloudfront.net/styles1100px/S396BKR.jpg,,0.0,TRUE,InStock,0.999,,S396BKR4XL,,,,Size,DROP_DOWN,4XL,Color,DROP_DOWN,Black,,,,,,,,,,,,,Fit,<p>R</p>,Length,<p>43</p>,Width,<p>28</p>,Height,<p>46</p>,Box Quantity,<p>48</p>,Inner Pack Quantity,<p>1</p>,Country Of Origin,<p>BD</p>,Standards,<p></p>,,,,
S396,Variant,,"This product does not comply with ANSI/ISEA 107-2015 2"" silver HiVisTex Pro reflective tape with contrast material 100% polyester moisture wicking fabric Pocket: 1 Tape free chest pocket ideal for corporate branding 2 mic tabs",https://d11ak7fd9ypfb7.cloudfront.net/styles1100px/S396BKR.jpg,,0.0,TRUE,InStock,0.999,,S396BKR5XL,,,,Size,DROP_DOWN,5XL,Color,DROP_DOWN,Black,,,,,,,,,,,,,Fit,<p>R</p>,Length,<p>43</p>,Width,<p>28</p>,Height,<p>46</p>,Box Quantity,<p>48</p>,Inner Pack Quantity,<p>1</p>,Country Of Origin,<p>BD</p>,Standards,<p></p>,,,,
S396,Variant,,"This product does not comply with ANSI/ISEA 107-2015 2"" silver HiVisTex Pro reflective tape with contrast material 100% polyester moisture wicking fabric Pocket: 1 Tape free chest pocket ideal for corporate branding 2 mic tabs",https://d11ak7fd9ypfb7.cloudfront.net/styles1100px/S396BKR.jpg,,0.0,TRUE,InStock,0.999,,S396BKR6XL,,,,Size,DROP_DOWN,6XL,Color,DROP_DOWN,Black,,,,,,,,,,,,,Fit,<p>R</p>,Length,<p>43</p>,Width,<p>28</p>,Height,<p>46</p>,Box Quantity,<p>48</p>,Inner Pack Quantity,<p>1</p>,Country Of Origin,<p>BD</p>,Standards,<p></p>,,,,
S396,Variant,,"This product does not comply with ANSI/ISEA 107-2015 2"" silver HiVisTex Pro reflective tape with contrast material 100% polyester moisture wicking fabric Pocket: 1 Tape free chest pocket ideal for corporate branding 2 mic tabs",https://d11ak7fd9ypfb7.cloudfront.net/styles1100px/S396BKR.jpg,,0.0,TRUE,InStock,0.999,,S396BKRL,,,,Size,DROP_DOWN,L,Color,DROP_DOWN,Black,,,,,,,,,,,,,Fit,<p>R</p>,Length,<p>43</p>,Width,<p>28</p>,Height,<p>46</p>,Box Quantity,<p>48</p>,Inner Pack Quantity,<p>1</p>,Country Of Origin,<p>BD</p>,Standards,<p></p>,,,,
S396,Variant,,"This product does not comply with ANSI/ISEA 107-2015 2"" silver HiVisTex Pro reflective tape with contrast material 100% polyester moisture wicking fabric Pocket: 1 Tape free chest pocket ideal for corporate branding 2 mic tabs",https://d11ak7fd9ypfb7.cloudfront.net/styles1100px/S396BKR.jpg,,0.0,TRUE,InStock,0.26,,S396BKRM,,,,Size,DROP_DOWN,M,Color,DROP_DOWN,Black,,,,,,,,,,,,,Fit,<p>R</p>,Length,<p>43</p>,Width,<p>28</p>,Height,<p>46</p>,Box Quantity,<p>48</p>,Inner Pack Quantity,<p>1</p>,Country Of Origin,<p>BD</p>,Standards,<p></p>,,,,
S396,Variant,,"This product does not comply with ANSI/ISEA 107-2015 2"" silver HiVisTex Pro reflective tape with contrast material 100% polyester moisture wicking fabric Pocket: 1 Tape free chest pocket ideal for corporate branding 2 mic tabs",https://d11ak7fd9ypfb7.cloudfront.net/styles1100px/S396BKR.jpg,,0.0,TRUE,InStock,0.999,,S396BKRS,,,,Size,DROP_DOWN,S,Color,DROP_DOWN,Black,,,,,,,,,,,,,Fit,<p>R</p>,Length,<p>43</p>,Width,<p>28</p>,Height,<p>46</p>,Box Quantity,<p>48</p>,Inner Pack Quantity,<p>1</p>,Country Of Origin,<p>BD</p>,Standards,<p></p>,,,,
S396,Variant,,"This product does not comply with ANSI/ISEA 107-2015 2"" silver HiVisTex Pro reflective tape with contrast material 100% polyester moisture wicking fabric Pocket: 1 Tape free chest pocket ideal for corporate branding 2 mic tabs",https://d11ak7fd9ypfb7.cloudfront.net/styles1100px/S396BKR.jpg,,0.0,TRUE,InStock,0.999,,S396BKRXL,,,,Size,DROP_DOWN,XL,Color,DROP_DOWN,Black,,,,,,,,,,,,,Fit,<p>R</p>,Length,<p>43</p>,Width,<p>28</p>,Height,<p>46</p>,Box Quantity,<p>48</p>,Inner Pack Quantity,<p>1</p>,Country Of Origin,<p>BD</p>,Standards,<p></p>,,,,
S396,Variant,,"This product does not comply with ANSI/ISEA 107-2015 2"" silver HiVisTex Pro reflective tape with contrast material 100% polyester moisture wicking fabric Pocket: 1 Tape free chest pocket ideal for corporate branding 2 mic tabs",https://d11ak7fd9ypfb7.cloudfront.net/styles1100px/S396BKR.jpg,,0.0,TRUE,InStock,0.999,,S396BKRXXL,,,,Size,DROP_DOWN,XXL,Color,DROP_DOWN,Black,,,,,,,,,,,,,Fit,<p>R</p>,Length,<p>43</p>,Width,<p>28</p>,Height,<p>46</p>,Box Quantity,<p>48</p>,Inner Pack Quantity,<p>1</p>,Country Of Origin,<p>BD</p>,Standards,<p></p>,,,,
S396,Variant,,"This product does not comply with ANSI/ISEA 107-2015 2"" silver HiVisTex Pro reflective tape with contrast material 100% polyester moisture wicking fabric Pocket: 1 Tape free chest pocket ideal for corporate branding 2 mic tabs",https://d11ak7fd9ypfb7.cloudfront.net/styles1100px/S396BKR.jpg,,0.0,TRUE,InStock,0.999,,S396BKRXXXL,,,,Size,DROP_DOWN,XXXL,Color,DROP_DOWN,Black,,,,,,,,,,,,,Fit,<p>R</p>,Length,<p>43</p>,Width,<p>28</p>,Height,<p>46</p>,Box Quantity,<p>48</p>,Inner Pack Quantity,<p>1</p>,Country Of Origin,<p>BD</p>,Standards,<p></p>,,,,
S396,Variant,,"This product does not comply with ANSI/ISEA 107-2015 2"" silver HiVisTex Pro reflective tape with contrast material 100% polyester moisture wicking fabric Pocket: 1 Tape free chest pocket ideal for corporate branding 2 mic tabs",https://d11ak7fd9ypfb7.cloudfront.net/styles1100px/S396RBR.jpg,,0.0,TRUE,InStock,0.999,,S396RBR4XL,,,,Size,DROP_DOWN,4XL,Color,DROP_DOWN,Royal Blue,,,,,,,,,,,,,Fit,<p>R</p>,Length,<p>43</p>,Width,<p>28</p>,Height,<p>46</p>,Box Quantity,<p>48</p>,Inner Pack Quantity,<p>1</p>,Country Of Origin,<p>BD</p>,Standards,<p></p>,,,,
S396,Variant,,"This product does not comply with ANSI/ISEA 107-2015 2"" silver HiVisTex Pro reflective tape with contrast material 100% polyester moisture wicking fabric Pocket: 1 Tape free chest pocket ideal for corporate branding 2 mic tabs",https://d11ak7fd9ypfb7.cloudfront.net/styles1100px/S396RBR.jpg,,0.0,TRUE,InStock,0.999,,S396RBR5XL,,,,Size,DROP_DOWN,5XL,Color,DROP_DOWN,Royal Blue,,,,,,,,,,,,,Fit,<p>R</p>,Length,<p>43</p>,Width,<p>28</p>,Height,<p>46</p>,Box Quantity,<p>48</p>,Inner Pack Quantity,<p>1</p>,Country Of Origin,<p>BD</p>,Standards,<p></p>,,,,
S396,Variant,,"This product does not comply with ANSI/ISEA 107-2015 2"" silver HiVisTex Pro reflective tape with contrast material 100% polyester moisture wicking fabric Pocket: 1 Tape free chest pocket ideal for corporate branding 2 mic tabs",https://d11ak7fd9ypfb7.cloudfront.net/styles1100px/S396RBR.jpg,,0.0,TRUE,InStock,0.999,,S396RBR6XL,,,,Size,DROP_DOWN,6XL,Color,DROP_DOWN,Royal Blue,,,,,,,,,,,,,Fit,<p>R</p>,Length,<p>43</p>,Width,<p>28</p>,Height,<p>46</p>,Box Quantity,<p>48</p>,Inner Pack Quantity,<p>1</p>,Country Of Origin,<p>BD</p>,Standards,<p></p>,,,,
S396,Variant,,"This product does not comply with ANSI/ISEA 107-2015 2"" silver HiVisTex Pro reflective tape with contrast material 100% polyester moisture wicking fabric Pocket: 1 Tape free chest pocket ideal for corporate branding 2 mic tabs",https://d11ak7fd9ypfb7.cloudfront.net/styles1100px/S396RBR.jpg,,0.0,TRUE,InStock,0.999,,S396RBRL,,,,Size,DROP_DOWN,L,Color,DROP_DOWN,Royal Blue,,,,,,,,,,,,,Fit,<p>R</p>,Length,<p>43</p>,Width,<p>28</p>,Height,<p>46</p>,Box Quantity,<p>48</p>,Inner Pack Quantity,<p>1</p>,Country Of Origin,<p>BD</p>,Standards,<p></p>,,,,
S396,Variant,,"This product does not comply with ANSI/ISEA 107-2015 2"" silver HiVisTex Pro reflective tape with contrast material 100% polyester moisture wicking fabric Pocket: 1 Tape free chest pocket ideal for corporate branding 2 mic tabs",https://d11ak7fd9ypfb7.cloudfront.net/styles1100px/S396RBR.jpg,,0.0,TRUE,InStock,0.999,,S396RBRM,,,,Size,DROP_DOWN,M,Color,DROP_DOWN,Royal Blue,,,,,,,,,,,,,Fit,<p>R</p>,Length,<p>43</p>,Width,<p>28</p>,Height,<p>46</p>,Box Quantity,<p>48</p>,Inner Pack Quantity,<p>1</p>,Country Of Origin,<p>BD</p>,Standards,<p></p>,,,,
S396,Variant,,"This product does not comply with ANSI/ISEA 107-2015 2"" silver HiVisTex Pro reflective tape with contrast material 100% polyester moisture wicking fabric Pocket: 1 Tape free chest pocket ideal for corporate branding 2 mic tabs",https://d11ak7fd9ypfb7.cloudfront.net/styles1100px/S396RBR.jpg,,0.0,TRUE,InStock,0.999,,S396RBRS,,,,Size,DROP_DOWN,S,Color,DROP_DOWN,Royal Blue,,,,,,,,,,,,,Fit,<p>R</p>,Length,<p>43</p>,Width,<p>28</p>,Height,<p>46</p>,Box Quantity,<p>48</p>,Inner Pack Quantity,<p>1</p>,Country Of Origin,<p>BD</p>,Standards,<p></p>,,,,
S396,Variant,,"This product does not comply with ANSI/ISEA 107-2015 2"" silver HiVisTex Pro reflective tape with contrast material 100% polyester moisture wicking fabric Pocket: 1 Tape free chest pocket ideal for corporate branding 2 mic tabs",https://d11ak7fd9ypfb7.cloudfront.net/styles1100px/S396RBR.jpg,,0.0,TRUE,InStock,0.999,,S396RBRXL,,,,Size,DROP_DOWN,XL,Color,DROP_DOWN,Royal Blue,,,,,,,,,,,,,Fit,<p>R</p>,Length,<p>43</p>,Width,<p>28</p>,Height,<p>46</p>,Box Quantity,<p>48</p>,Inner Pack Quantity,<p>1</p>,Country Of Origin,<p>BD</p>,Standards,<p></p>,,,,
S396,Variant,,"This product does not comply with ANSI/ISEA 107-2015 2"" silver HiVisTex Pro reflective tape with contrast material 100% polyester moisture wicking fabric Pocket: 1 Tape free chest pocket ideal for corporate branding 2 mic tabs",https://d11ak7fd9ypfb7.cloudfront.net/styles1100px/S396RBR.jpg,,0.0,TRUE,InStock,0.999,,S396RBRXXL,,,,Size,DROP_DOWN,XXL,Color,DROP_DOWN,Royal Blue,,,,,,,,,,,,,Fit,<p>R</p>,Length,<p>43</p>,Width,<p>28</p>,Height,<p>46</p>,Box Quantity,<p>48</p>,Inner Pack Quantity,<p>1</p>,Country Of Origin,<p>BD</p>,Standards,<p></p>,,,,
S396,Variant,,"This product does not comply with ANSI/ISEA 107-2015 2"" silver HiVisTex Pro reflective tape with contrast material 100% polyester moisture wicking fabric Pocket: 1 Tape free chest pocket ideal for corporate branding 2 mic tabs",https://d11ak7fd9ypfb7.cloudfront.net/styles1100px/S396RBR.jpg,,0.0,TRUE,InStock,0.999,,S396RBRXXXL,,,,Size,DROP_DOWN,XXXL,Color,DROP_DOWN,Royal Blue,,,,,,,,,,,,,Fit,<p>R</p>,Length,<p>43</p>,Width,<p>28</p>,Height,<p>46</p>,Box Quantity,<p>48</p>,Inner Pack Quantity,<p>1</p>,Country Of Origin,<p>BD</p>,Standards,<p></p>,,,,
S396,Variant,,"This product does not comply with ANSI/ISEA 107-2015 2"" silver HiVisTex Pro reflective tape with contrast material 100% polyester moisture wicking fabric Pocket: 1 Tape free chest pocket ideal for corporate branding 2 mic tabs",https://d11ak7fd9ypfb7.cloudfront.net/styles1100px/S396RER.jpg,,0.0,TRUE,InStock,0.999,,S396RER4XL,,,,Size,DROP_DOWN,4XL,Color,DROP_DOWN,Red,,,,,,,,,,,,,Fit,<p>R</p>,Length,<p>43</p>,Width,<p>28</p>,Height,<p>46</p>,Box Quantity,<p>48</p>,Inner Pack Quantity,<p>1</p>,Country Of Origin,<p>BD</p>,Standards,<p></p>,,,,
S396,Variant,,"This product does not comply with ANSI/ISEA 107-2015 2"" silver HiVisTex Pro reflective tape with contrast material 100% polyester moisture wicking fabric Pocket: 1 Tape free chest pocket ideal for corporate branding 2 mic tabs",https://d11ak7fd9ypfb7.cloudfront.net/styles1100px/S396RER.jpg,,0.0,TRUE,InStock,0.999,,S396RER5XL,,,,Size,DROP_DOWN,5XL,Color,DROP_DOWN,Red,,,,,,,,,,,,,Fit,<p>R</p>,Length,<p>43</p>,Width,<p>28</p>,Height,<p>46</p>,Box Quantity,<p>48</p>,Inner Pack Quantity,<p>1</p>,Country Of Origin,<p>BD</p>,Standards,<p></p>,,,,
S396,Variant,,"This product does not comply with ANSI/ISEA 107-2015 2"" silver HiVisTex Pro reflective tape with contrast material 100% polyester moisture wicking fabric Pocket: 1 Tape free chest pocket ideal for corporate branding 2 mic tabs",https://d11ak7fd9ypfb7.cloudfront.net/styles1100px/S396RER.jpg,,0.0,TRUE,InStock,0.999,,S396RER6XL,,,,Size,DROP_DOWN,6XL,Color,DROP_DOWN,Red,,,,,,,,,,,,,Fit,<p>R</p>,Length,<p>43</p>,Width,<p>28</p>,Height,<p>46</p>,Box Quantity,<p>48</p>,Inner Pack Quantity,<p>1</p>,Country Of Origin,<p>BD</p>,Standards,<p></p>,,,,
S396,Variant,,"This product does not comply with ANSI/ISEA 107-2015 2"" silver HiVisTex Pro reflective tape with contrast material 100% polyester moisture wicking fabric Pocket: 1 Tape free chest pocket ideal for corporate branding 2 mic tabs",https://d11ak7fd9ypfb7.cloudfront.net/styles1100px/S396RER.jpg,,0.0,TRUE,InStock,0.999,,S396RERL,,,,Size,DROP_DOWN,L,Color,DROP_DOWN,Red,,,,,,,,,,,,,Fit,<p>R</p>,Length,<p>43</p>,Width,<p>28</p>,Height,<p>46</p>,Box Quantity,<p>48</p>,Inner Pack Quantity,<p>1</p>,Country Of Origin,<p>BD</p>,Standards,<p></p>,,,,
S396,Variant,,"This product does not comply with ANSI/ISEA 107-2015 2"" silver HiVisTex Pro reflective tape with contrast material 100% polyester moisture wicking fabric Pocket: 1 Tape free chest pocket ideal for corporate branding 2 mic tabs",https://d11ak7fd9ypfb7.cloudfront.net/styles1100px/S396RER.jpg,,0.0,TRUE,InStock,0.999,,S396RERM,,,,Size,DROP_DOWN,M,Color,DROP_DOWN,Red,,,,,,,,,,,,,Fit,<p>R</p>,Length,<p>43</p>,Width,<p>28</p>,Height,<p>46</p>,Box Quantity,<p>48</p>,Inner Pack Quantity,<p>1</p>,Country Of Origin,<p>BD</p>,Standards,<p></p>,,,,
S396,Variant,,"This product does not comply with ANSI/ISEA 107-2015 2"" silver HiVisTex Pro reflective tape with contrast material 100% polyester moisture wicking fabric Pocket: 1 Tape free chest pocket ideal for corporate branding 2 mic tabs",https://d11ak7fd9ypfb7.cloudfront.net/styles1100px/S396RER.jpg,,0.0,TRUE,InStock,0.999,,S396RERS,,,,Size,DROP_DOWN,S,Color,DROP_DOWN,Red,,,,,,,,,,,,,Fit,<p>R</p>,Length,<p>43</p>,Width,<p>28</p>,Height,<p>46</p>,Box Quantity,<p>48</p>,Inner Pack Quantity,<p>1</p>,Country Of Origin,<p>BD</p>,Standards,<p></p>,,,,
S396,Variant,,"This product does not comply with ANSI/ISEA 107-2015 2"" silver HiVisTex Pro reflective tape with contrast material 100% polyester moisture wicking fabric Pocket: 1 Tape free chest pocket ideal for corporate branding 2 mic tabs",https://d11ak7fd9ypfb7.cloudfront.net/styles1100px/S396RER.jpg,,0.0,TRUE,InStock,0.999,,S396RERXL,,,,Size,DROP_DOWN,XL,Color,DROP_DOWN,Red,,,,,,,,,,,,,Fit,<p>R</p>,Length,<p>43</p>,Width,<p>28</p>,Height,<p>46</p>,Box Quantity,<p>48</p>,Inner Pack Quantity,<p>1</p>,Country Of Origin,<p>BD</p>,Standards,<p></p>,,,,
S396,Variant,,"This product does not comply with ANSI/ISEA 107-2015 2"" silver HiVisTex Pro reflective tape with contrast material 100% polyester moisture wicking fabric Pocket: 1 Tape free chest pocket ideal for corporate branding 2 mic tabs",https://d11ak7fd9ypfb7.cloudfront.net/styles1100px/S396RER.jpg,,0.0,TRUE,InStock,0.999,,S396RERXXL,,,,Size,DROP_DOWN,XXL,Color,DROP_DOWN,Red,,,,,,,,,,,,,Fit,<p>R</p>,Length,<p>43</p>,Width,<p>28</p>,Height,<p>46</p>,Box Quantity,<p>48</p>,Inner Pack Quantity,<p>1</p>,Country Of Origin,<p>BD</p>,Standards,<p></p>,,,,
S396,Variant,,"This product does not comply with ANSI/ISEA 107-2015 2"" silver HiVisTex Pro reflective tape with contrast material 100% polyester moisture wicking fabric Pocket: 1 Tape free chest pocket ideal for corporate branding 2 mic tabs",https://d11ak7fd9ypfb7.cloudfront.net/styles1100px/S396RER.jpg,,0.0,TRUE,InStock,0.999,,S396RERXXXL,,,,Size,DROP_DOWN,XXXL,Color,DROP_DOWN,Red,,,,,,,,,,,,,Fit,<p>R</p>,Length,<p>43</p>,Width,<p>28</p>,Height,<p>46</p>,Box Quantity,<p>48</p>,Inner Pack Quantity,<p>1</p>,Country Of Origin,<p>BD</p>,Standards,<p></p>,,,,
S397,Product,S397 - Class 3 Mesh Panel T-Shirt,"Using our Cotton Comfort fabric which is lightweight and breathable, this short sleeve t-shirt has a taped neck seam for extra comfort and uses reflective tape for enhanced visibility.",https://d11ak7fd9ypfb7.cloudfront.net/styles1100px/S397YER.jpg,22.5,0.0,TRUE,InStock,0.999,,S397YER4XL,,,,Size,DROP_DOWN,S;M;L;XL;XXL;XXXL;4XL;5XL;6XL,Color,DROP_DOWN,Yellow,,,,,,,,,,,,,Fit,<p>R</p>,Length,<p>43</p>,Width,<p>28</p>,Height,<p>46</p>,Box Quantity,<p>48</p>,Inner Pack Quantity,<p>1</p>,Country Of Origin,<p>CN</p>,Standards,<ul><li>ANSI/ISEA 107 TYPE R CLASS 3</li></ul>,,,,
S397,Variant,,"Using our Cotton Comfort fabric which is lightweight and breathable, this short sleeve t-shirt has a taped neck seam for extra comfort and uses reflective tape for enhanced visibility.",https://d11ak7fd9ypfb7.cloudfront.net/styles1100px/S397YER.jpg,,0.0,TRUE,InStock,0.999,,S397YER4XL,,,,Size,DROP_DOWN,4XL,Color,DROP_DOWN,Yellow,,,,,,,,,,,,,Fit,<p>R</p>,Length,<p>43</p>,Width,<p>28</p>,Height,<p>46</p>,Box Quantity,<p>48</p>,Inner Pack Quantity,<p>1</p>,Country Of Origin,<p>CN</p>,Standards,<ul><li>ANSI/ISEA 107 TYPE R CLASS 3</li></ul>,,,,
S397,Variant,,"Using our Cotton Comfort fabric which is lightweight and breathable, this short sleeve t-shirt has a taped neck seam for extra comfort and uses reflective tape for enhanced visibility.",https://d11ak7fd9ypfb7.cloudfront.net/styles1100px/S397YER.jpg,,0.0,TRUE,InStock,0.999,,S397YER5XL,,,,Size,DROP_DOWN,5XL,Color,DROP_DOWN,Yellow,,,,,,,,,,,,,Fit,<p>R</p>,Length,<p>43</p>,Width,<p>28</p>,Height,<p>46</p>,Box Quantity,<p>48</p>,Inner Pack Quantity,<p>1</p>,Country Of Origin,<p>CN</p>,Standards,<ul><li>ANSI/ISEA 107 TYPE R CLASS 3</li></ul>,,,,
S397,Variant,,"Using our Cotton Comfort fabric which is lightweight and breathable, this short sleeve t-shirt has a taped neck seam for extra comfort and uses reflective tape for enhanced visibility.",https://d11ak7fd9ypfb7.cloudfront.net/styles1100px/S397YER.jpg,,0.0,TRUE,InStock,0.999,,S397YER6XL,,,,Size,DROP_DOWN,6XL,Color,DROP_DOWN,Yellow,,,,,,,,,,,,,Fit,<p>R</p>,Length,<p>43</p>,Width,<p>28</p>,Height,<p>46</p>,Box Quantity,<p>48</p>,Inner Pack Quantity,<p>1</p>,Country Of Origin,<p>CN</p>,Standards,<ul><li>ANSI/ISEA 107 TYPE R CLASS 3</li></ul>,,,,
S397,Variant,,"Using our Cotton Comfort fabric which is lightweight and breathable, this short sleeve t-shirt has a taped neck seam for extra comfort and uses reflective tape for enhanced visibility.",https://d11ak7fd9ypfb7.cloudfront.net/styles1100px/S397YER.jpg,,0.0,TRUE,InStock,0.999,,S397YERL,,,,Size,DROP_DOWN,L,Color,DROP_DOWN,Yellow,,,,,,,,,,,,,Fit,<p>R</p>,Length,<p>43</p>,Width,<p>28</p>,Height,<p>46</p>,Box Quantity,<p>48</p>,Inner Pack Quantity,<p>1</p>,Country Of Origin,<p>CN</p>,Standards,<ul><li>ANSI/ISEA 107 TYPE R CLASS 3</li></ul>,,,,
S397,Variant,,"Using our Cotton Comfort fabric which is lightweight and breathable, this short sleeve t-shirt has a taped neck seam for extra comfort and uses reflective tape for enhanced visibility.",https://d11ak7fd9ypfb7.cloudfront.net/styles1100px/S397YER.jpg,,0.0,TRUE,InStock,0.28,,S397YERM,,,,Size,DROP_DOWN,M,Color,DROP_DOWN,Yellow,,,,,,,,,,,,,Fit,<p>R</p>,Length,<p>43</p>,Width,<p>28</p>,Height,<p>46</p>,Box Quantity,<p>48</p>,Inner Pack Quantity,<p>1</p>,Country Of Origin,<p>CN</p>,Standards,<ul><li>ANSI/ISEA 107 TYPE R CLASS 3</li></ul>,,,,
S397,Variant,,"Using our Cotton Comfort fabric which is lightweight and breathable, this short sleeve t-shirt has a taped neck seam for extra comfort and uses reflective tape for enhanced visibility.",https://d11ak7fd9ypfb7.cloudfront.net/styles1100px/S397YER.jpg,,0.0,TRUE,InStock,0.999,,S397YERS,,,,Size,DROP_DOWN,S,Color,DROP_DOWN,Yellow,,,,,,,,,,,,,Fit,<p>R</p>,Length,<p>43</p>,Width,<p>28</p>,Height,<p>46</p>,Box Quantity,<p>48</p>,Inner Pack Quantity,<p>1</p>,Country Of Origin,<p>CN</p>,Standards,<ul><li>ANSI/ISEA 107 TYPE R CLASS 3</li></ul>,,,,
S397,Variant,,"Using our Cotton Comfort fabric which is lightweight and breathable, this short sleeve t-shirt has a taped neck seam for extra comfort and uses reflective tape for enhanced visibility.",https://d11ak7fd9ypfb7.cloudfront.net/styles1100px/S397YER.jpg,,0.0,TRUE,InStock,0.999,,S397YERXL,,,,Size,DROP_DOWN,XL,Color,DROP_DOWN,Yellow,,,,,,,,,,,,,Fit,<p>R</p>,Length,<p>43</p>,Width,<p>28</p>,Height,<p>46</p>,Box Quantity,<p>48</p>,Inner Pack Quantity,<p>1</p>,Country Of Origin,<p>CN</p>,Standards,<ul><li>ANSI/ISEA 107 TYPE R CLASS 3</li></ul>,,,,
S397,Variant,,"Using our Cotton Comfort fabric which is lightweight and breathable, this short sleeve t-shirt has a taped neck seam for extra comfort and uses reflective tape for enhanced visibility.",https://d11ak7fd9ypfb7.cloudfront.net/styles1100px/S397YER.jpg,,0.0,TRUE,InStock,0.999,,S397YERXXL,,,,Size,DROP_DOWN,XXL,Color,DROP_DOWN,Yellow,,,,,,,,,,,,,Fit,<p>R</p>,Length,<p>43</p>,Width,<p>28</p>,Height,<p>46</p>,Box Quantity,<p>48</p>,Inner Pack Quantity,<p>1</p>,Country Of Origin,<p>CN</p>,Standards,<ul><li>ANSI/ISEA 107 TYPE R CLASS 3</li></ul>,,,,
S397,Variant,,"Using our Cotton Comfort fabric which is lightweight and breathable, this short sleeve t-shirt has a taped neck seam for extra comfort and uses reflective tape for enhanced visibility.",https://d11ak7fd9ypfb7.cloudfront.net/styles1100px/S397YER.jpg,,0.0,TRUE,InStock,0.999,,S397YERXXXL,,,,Size,DROP_DOWN,XXXL,Color,DROP_DOWN,Yellow,,,,,,,,,,,,,Fit,<p>R</p>,Length,<p>43</p>,Width,<p>28</p>,Height,<p>46</p>,Box Quantity,<p>48</p>,Inner Pack Quantity,<p>1</p>,Country Of Origin,<p>CN</p>,Standards,<ul><li>ANSI/ISEA 107 TYPE R CLASS 3</li></ul>,,,,
S398,Product,S398 - Laguna Long Sleeve T-Shirt,"This style combines all the benefits of our best selling long sleeve polo with the additional feature of two-toning for even more practical benefit. The polyester bird eye knit material used is breathable, light, and comfortable.",https://d11ak7fd9ypfb7.cloudfront.net/styles1100px/S398YBR.jpg,24.8,0.0,TRUE,InStock,0.999,,S398YBR4XL,,,,Size,DROP_DOWN,S;M;L;XL;XXL;XXXL;4XL;5XL;6XL,Color,DROP_DOWN,Yellow/Black,,,,,,,,,,,,,Fit,<p>R</p>,Length,<p>55</p>,Width,<p>36</p>,Height,<p>40</p>,Box Quantity,<p>48</p>,Inner Pack Quantity,<p>1</p>,Country Of Origin,<p>CN</p>,Standards,<ul><li>ANSI/ISEA 107 TYPE R CLASS 3</li></ul>,,,,
S398,Variant,,"This style combines all the benefits of our best selling long sleeve polo with the additional feature of two-toning for even more practical benefit. The polyester bird eye knit material used is breathable, light, and comfortable.",https://d11ak7fd9ypfb7.cloudfront.net/styles1100px/S398YBR.jpg,,0.0,TRUE,InStock,0.999,,S398YBR4XL,,,,Size,DROP_DOWN,4XL,Color,DROP_DOWN,Yellow/Black,,,,,,,,,,,,,Fit,<p>R</p>,Length,<p>55</p>,Width,<p>36</p>,Height,<p>40</p>,Box Quantity,<p>48</p>,Inner Pack Quantity,<p>1</p>,Country Of Origin,<p>CN</p>,Standards,<ul><li>ANSI/ISEA 107 TYPE R CLASS 3</li></ul>,,,,
S398,Variant,,"This style combines all the benefits of our best selling long sleeve polo with the additional feature of two-toning for even more practical benefit. The polyester bird eye knit material used is breathable, light, and comfortable.",https://d11ak7fd9ypfb7.cloudfront.net/styles1100px/S398YBR.jpg,,0.0,TRUE,InStock,0.999,,S398YBR5XL,,,,Size,DROP_DOWN,5XL,Color,DROP_DOWN,Yellow/Black,,,,,,,,,,,,,Fit,<p>R</p>,Length,<p>55</p>,Width,<p>36</p>,Height,<p>40</p>,Box Quantity,<p>48</p>,Inner Pack Quantity,<p>1</p>,Country Of Origin,<p>CN</p>,Standards,<ul><li>ANSI/ISEA 107 TYPE R CLASS 3</li></ul>,,,,
S398,Variant,,"This style combines all the benefits of our best selling long sleeve polo with the additional feature of two-toning for even more practical benefit. The polyester bird eye knit material used is breathable, light, and comfortable.",https://d11ak7fd9ypfb7.cloudfront.net/styles1100px/S398YBR.jpg,,0.0,TRUE,InStock,0.999,,S398YBR6XL,,,,Size,DROP_DOWN,6XL,Color,DROP_DOWN,Yellow/Black,,,,,,,,,,,,,Fit,<p>R</p>,Length,<p>55</p>,Width,<p>36</p>,Height,<p>40</p>,Box Quantity,<p>48</p>,Inner Pack Quantity,<p>1</p>,Country Of Origin,<p>CN</p>,Standards,<ul><li>ANSI/ISEA 107 TYPE R CLASS 3</li></ul>,,,,
S398,Variant,,"This style combines all the benefits of our best selling long sleeve polo with the additional feature of two-toning for even more practical benefit. The polyester bird eye knit material used is breathable, light, and comfortable.",https://d11ak7fd9ypfb7.cloudfront.net/styles1100px/S398YBR.jpg,,0.0,TRUE,InStock,0.999,,S398YBRL,,,,Size,DROP_DOWN,L,Color,DROP_DOWN,Yellow/Black,,,,,,,,,,,,,Fit,<p>R</p>,Length,<p>55</p>,Width,<p>36</p>,Height,<p>35</p>,Box Quantity,<p>48</p>,Inner Pack Quantity,<p>1</p>,Country Of Origin,<p>CN</p>,Standards,<ul><li>ANSI/ISEA 107 TYPE R CLASS 3</li></ul>,,,,
S398,Variant,,"This style combines all the benefits of our best selling long sleeve polo with the additional feature of two-toning for even more practical benefit. The polyester bird eye knit material used is breathable, light, and comfortable.",https://d11ak7fd9ypfb7.cloudfront.net/styles1100px/S398YBR.jpg,,0.0,TRUE,InStock,0.28,,S398YBRM,,,,Size,DROP_DOWN,M,Color,DROP_DOWN,Yellow/Black,,,,,,,,,,,,,Fit,<p>R</p>,Length,<p>55</p>,Width,<p>36</p>,Height,<p>35</p>,Box Quantity,<p>48</p>,Inner Pack Quantity,<p>1</p>,Country Of Origin,<p>CN</p>,Standards,<ul><li>ANSI/ISEA 107 TYPE R CLASS 3</li></ul>,,,,
S398,Variant,,"This style combines all the benefits of our best selling long sleeve polo with the additional feature of two-toning for even more practical benefit. The polyester bird eye knit material used is breathable, light, and comfortable.",https://d11ak7fd9ypfb7.cloudfront.net/styles1100px/S398YBR.jpg,,0.0,TRUE,InStock,0.999,,S398YBRS,,,,Size,DROP_DOWN,S,Color,DROP_DOWN,Yellow/Black,,,,,,,,,,,,,Fit,<p>R</p>,Length,<p>55</p>,Width,<p>36</p>,Height,<p>35</p>,Box Quantity,<p>48</p>,Inner Pack Quantity,<p>1</p>,Country Of Origin,<p>CN</p>,Standards,<ul><li>ANSI/ISEA 107 TYPE R CLASS 3</li></ul>,,,,
S398,Variant,,"This style combines all the benefits of our best selling long sleeve polo with the additional feature of two-toning for even more practical benefit. The polyester bird eye knit material used is breathable, light, and comfortable.",https://d11ak7fd9ypfb7.cloudfront.net/styles1100px/S398YBR.jpg,,0.0,TRUE,InStock,0.999,,S398YBRXL,,,,Size,DROP_DOWN,XL,Color,DROP_DOWN,Yellow/Black,,,,,,,,,,,,,Fit,<p>R</p>,Length,<p>55</p>,Width,<p>36</p>,Height,<p>35</p>,Box Quantity,<p>48</p>,Inner Pack Quantity,<p>1</p>,Country Of Origin,<p>CN</p>,Standards,<ul><li>ANSI/ISEA 107 TYPE R CLASS 3</li></ul>,,,,
S398,Variant,,"This style combines all the benefits of our best selling long sleeve polo with the additional feature of two-toning for even more practical benefit. The polyester bird eye knit material used is breathable, light, and comfortable.",https://d11ak7fd9ypfb7.cloudfront.net/styles1100px/S398YBR.jpg,,0.0,TRUE,InStock,0.999,,S398YBRXXL,,,,Size,DROP_DOWN,XXL,Color,DROP_DOWN,Yellow/Black,,,,,,,,,,,,,Fit,<p>R</p>,Length,<p>55</p>,Width,<p>36</p>,Height,<p>40</p>,Box Quantity,<p>48</p>,Inner Pack Quantity,<p>1</p>,Country Of Origin,<p>CN</p>,Standards,<ul><li>ANSI/ISEA 107 TYPE R CLASS 3</li></ul>,,,,
S398,Variant,,"This style combines all the benefits of our best selling long sleeve polo with the additional feature of two-toning for even more practical benefit. The polyester bird eye knit material used is breathable, light, and comfortable.",https://d11ak7fd9ypfb7.cloudfront.net/styles1100px/S398YBR.jpg,,0.0,TRUE,InStock,0.999,,S398YBRXXXL,,,,Size,DROP_DOWN,XXXL,Color,DROP_DOWN,Yellow/Black,,,,,,,,,,,,,Fit,<p>R</p>,Length,<p>55</p>,Width,<p>36</p>,Height,<p>40</p>,Box Quantity,<p>48</p>,Inner Pack Quantity,<p>1</p>,Country Of Origin,<p>CN</p>,Standards,<ul><li>ANSI/ISEA 107 TYPE R CLASS 3</li></ul>,,,,
S438,Product,S438 - Classic Adult Rain Coat,"The Classic Rain Coat offers outstanding waterproof protection. Its longer length gives added coverage for the wearer. Features include generous pockets, a pack away hood with eyelets and a back vent for ventilation.",https://d11ak7fd9ypfb7.cloudfront.net/styles1100px/S438BKR.jpg,25.9,0.0,TRUE,InStock,0.871,All Weather;Jackets,S438BKR4XL,,,,Size,DROP_DOWN,S;M;L;XL;XXL;XXXL;4XL,Color,DROP_DOWN,Navy;Yellow;Black,,,,,,,,,,,,,Fit,<p>R</p>,Length,<p>43</p>,Width,<p>28</p>,Height,<p>55</p>,Box Quantity,<p>24</p>,Inner Pack Quantity,<p>1</p>,Country Of Origin,<p>MM</p>,Standards,<ul><li>EN 343:2019 Class 3:1 X  WP 5000mm</li></ul>,,,,
S438,Variant,,"The Classic Rain Coat offers outstanding waterproof protection. Its longer length gives added coverage for the wearer. Features include generous pockets, a pack away hood with eyelets and a back vent for ventilation.",https://d11ak7fd9ypfb7.cloudfront.net/styles1100px/S438BKR.jpg,,0.0,TRUE,InStock,0.871,,S438BKR4XL,,,,Size,DROP_DOWN,4XL,Color,DROP_DOWN,Black,,,,,,,,,,,,,Fit,<p>R</p>,Length,<p>43</p>,Width,<p>28</p>,Height,<p>55</p>,Box Quantity,<p>24</p>,Inner Pack Quantity,<p>1</p>,Country Of Origin,<p>MM</p>,Standards,<ul><li>EN 343:2019 Class 3:1 X  WP 5000mm</li></ul>,,,,
S438,Variant,,"The Classic Rain Coat offers outstanding waterproof protection. Its longer length gives added coverage for the wearer. Features include generous pockets, a pack away hood with eyelets and a back vent for ventilation.",https://d11ak7fd9ypfb7.cloudfront.net/styles1100px/S438NAR.jpg,,0.0,TRUE,InStock,0.871,,S438NAR4XL,,,,Size,DROP_DOWN,4XL,Color,DROP_DOWN,Navy,,,,,,,,,,,,,Fit,<p>R</p>,Length,<p>43</p>,Width,<p>28</p>,Height,<p>55</p>,Box Quantity,<p>24</p>,Inner Pack Quantity,<p>1</p>,Country Of Origin,<p>MM</p>,Standards,<ul><li>EN 343:2019 Class 3:1 X  WP 5000mm</li></ul>,,,,
S438,Variant,,"The Classic Rain Coat offers outstanding waterproof protection. Its longer length gives added coverage for the wearer. Features include generous pockets, a pack away hood with eyelets and a back vent for ventilation.",https://d11ak7fd9ypfb7.cloudfront.net/styles1100px/S438NAR.jpg,,0.0,TRUE,InStock,0.741,,S438NARL,,,,Size,DROP_DOWN,L,Color,DROP_DOWN,Navy,,,,,,,,,,,,,Fit,<p>R</p>,Length,<p>43</p>,Width,<p>28</p>,Height,<p>43</p>,Box Quantity,<p>24</p>,Inner Pack Quantity,<p>1</p>,Country Of Origin,<p>MM</p>,Standards,<ul><li>EN 343:2019 Class 3:1 X  WP 5000mm</li></ul>,,,,
S438,Variant,,"The Classic Rain Coat offers outstanding waterproof protection. Its longer length gives added coverage for the wearer. Features include generous pockets, a pack away hood with eyelets and a back vent for ventilation.",https://d11ak7fd9ypfb7.cloudfront.net/styles1100px/S438NAR.jpg,,0.0,TRUE,InStock,0.715,,S438NARM,,,,Size,DROP_DOWN,M,Color,DROP_DOWN,Navy,,,,,,,,,,,,,Fit,<p>R</p>,Length,<p>43</p>,Width,<p>28</p>,Height,<p>43</p>,Box Quantity,<p>24</p>,Inner Pack Quantity,<p>1</p>,Country Of Origin,<p>MM</p>,Standards,<ul><li>EN 343:2019 Class 3:1 X  WP 5000mm</li></ul>,,,,
S438,Variant,,"The Classic Rain Coat offers outstanding waterproof protection. Its longer length gives added coverage for the wearer. Features include generous pockets, a pack away hood with eyelets and a back vent for ventilation.",https://d11ak7fd9ypfb7.cloudfront.net/styles1100px/S438NAR.jpg,,0.0,TRUE,InStock,0.676,,S438NARS,,,,Size,DROP_DOWN,S,Color,DROP_DOWN,Navy,,,,,,,,,,,,,Fit,<p>R</p>,Length,<p>43</p>,Width,<p>28</p>,Height,<p>43</p>,Box Quantity,<p>24</p>,Inner Pack Quantity,<p>1</p>,Country Of Origin,<p>MM</p>,Standards,<ul><li>EN 343:2019 Class 3:1 X  WP 5000mm</li></ul>,,,,
S438,Variant,,"The Classic Rain Coat offers outstanding waterproof protection. Its longer length gives added coverage for the wearer. Features include generous pockets, a pack away hood with eyelets and a back vent for ventilation.",https://d11ak7fd9ypfb7.cloudfront.net/styles1100px/S438NAR.jpg,,0.0,TRUE,InStock,0.809,,S438NARXL,,,,Size,DROP_DOWN,XL,Color,DROP_DOWN,Navy,,,,,,,,,,,,,Fit,<p>R</p>,Length,<p>43</p>,Width,<p>28</p>,Height,<p>43</p>,Box Quantity,<p>24</p>,Inner Pack Quantity,<p>1</p>,Country Of Origin,<p>MM</p>,Standards,<ul><li>EN 343:2019 Class 3:1 X  WP 5000mm</li></ul>,,,,
S438,Variant,,"The Classic Rain Coat offers outstanding waterproof protection. Its longer length gives added coverage for the wearer. Features include generous pockets, a pack away hood with eyelets and a back vent for ventilation.",https://d11ak7fd9ypfb7.cloudfront.net/styles1100px/S438NAR.jpg,,0.0,TRUE,InStock,0.827,,S438NARXXL,,,,Size,DROP_DOWN,XXL,Color,DROP_DOWN,Navy,,,,,,,,,,,,,Fit,<p>R</p>,Length,<p>43</p>,Width,<p>28</p>,Height,<p>43</p>,Box Quantity,<p>24</p>,Inner Pack Quantity,<p>1</p>,Country Of Origin,<p>MM</p>,Standards,<ul><li>EN 343:2019 Class 3:1 X  WP 5000mm</li></ul>,,,,
S438,Variant,,"The Classic Rain Coat offers outstanding waterproof protection. Its longer length gives added coverage for the wearer. Features include generous pockets, a pack away hood with eyelets and a back vent for ventilation.",https://d11ak7fd9ypfb7.cloudfront.net/styles1100px/S438NAR.jpg,,0.0,TRUE,InStock,0.852,,S438NARXXXL,,,,Size,DROP_DOWN,XXXL,Color,DROP_DOWN,Navy,,,,,,,,,,,,,Fit,<p>R</p>,Length,<p>43</p>,Width,<p>28</p>,Height,<p>43</p>,Box Quantity,<p>24</p>,Inner Pack Quantity,<p>1</p>,Country Of Origin,<p>MM</p>,Standards,<ul><li>EN 343:2019 Class 3:1 X  WP 5000mm</li></ul>,,,,
S438,Variant,,"The Classic Rain Coat offers outstanding waterproof protection. Its longer length gives added coverage for the wearer. Features include generous pockets, a pack away hood with eyelets and a back vent for ventilation.",https://d11ak7fd9ypfb7.cloudfront.net/styles1100px/S438YER.jpg,,0.0,TRUE,InStock,0.741,,S438YERL,,,,Size,DROP_DOWN,L,Color,DROP_DOWN,Yellow,,,,,,,,,,,,,Fit,<p>R</p>,Length,<p>43</p>,Width,<p>28</p>,Height,<p>43</p>,Box Quantity,<p>24</p>,Inner Pack Quantity,<p>1</p>,Country Of Origin,<p>MM</p>,Standards,<ul><li>EN 343:2019 Class 3:1 X  WP 5000mm</li></ul>,,,,
S438,Variant,,"The Classic Rain Coat offers outstanding waterproof protection. Its longer length gives added coverage for the wearer. Features include generous pockets, a pack away hood with eyelets and a back vent for ventilation.",https://d11ak7fd9ypfb7.cloudfront.net/styles1100px/S438YER.jpg,,0.0,TRUE,InStock,0.715,,S438YERM,,,,Size,DROP_DOWN,M,Color,DROP_DOWN,Yellow,,,,,,,,,,,,,Fit,<p>R</p>,Length,<p>43</p>,Width,<p>28</p>,Height,<p>43</p>,Box Quantity,<p>24</p>,Inner Pack Quantity,<p>1</p>,Country Of Origin,<p>MM</p>,Standards,<ul><li>EN 343:2019 Class 3:1 X  WP 5000mm</li></ul>,,,,
S438,Variant,,"The Classic Rain Coat offers outstanding waterproof protection. Its longer length gives added coverage for the wearer. Features include generous pockets, a pack away hood with eyelets and a back vent for ventilation.",https://d11ak7fd9ypfb7.cloudfront.net/styles1100px/S438YER.jpg,,0.0,TRUE,InStock,0.676,,S438YERS,,,,Size,DROP_DOWN,S,Color,DROP_DOWN,Yellow,,,,,,,,,,,,,Fit,<p>R</p>,Length,<p>43</p>,Width,<p>28</p>,Height,<p>43</p>,Box Quantity,<p>24</p>,Inner Pack Quantity,<p>1</p>,Country Of Origin,<p>MM</p>,Standards,<ul><li>EN 343:2019 Class 3:1 X  WP 5000mm</li></ul>,,,,
S438,Variant,,"The Classic Rain Coat offers outstanding waterproof protection. Its longer length gives added coverage for the wearer. Features include generous pockets, a pack away hood with eyelets and a back vent for ventilation.",https://d11ak7fd9ypfb7.cloudfront.net/styles1100px/S438YER.jpg,,0.0,TRUE,InStock,0.809,,S438YERXL,,,,Size,DROP_DOWN,XL,Color,DROP_DOWN,Yellow,,,,,,,,,,,,,Fit,<p>R</p>,Length,<p>43</p>,Width,<p>28</p>,Height,<p>43</p>,Box Quantity,<p>24</p>,Inner Pack Quantity,<p>1</p>,Country Of Origin,<p>MM</p>,Standards,<ul><li>EN 343:2019 Class 3:1 X  WP 5000mm</li></ul>,,,,
S438,Variant,,"The Classic Rain Coat offers outstanding waterproof protection. Its longer length gives added coverage for the wearer. Features include generous pockets, a pack away hood with eyelets and a back vent for ventilation.",https://d11ak7fd9ypfb7.cloudfront.net/styles1100px/S438YER.jpg,,0.0,TRUE,InStock,0.827,,S438YERXXL,,,,Size,DROP_DOWN,XXL,Color,DROP_DOWN,Yellow,,,,,,,,,,,,,Fit,<p>R</p>,Length,<p>43</p>,Width,<p>28</p>,Height,<p>43</p>,Box Quantity,<p>24</p>,Inner Pack Quantity,<p>1</p>,Country Of Origin,<p>MM</p>,Standards,<ul><li>EN 343:2019 Class 3:1 X  WP 5000mm</li></ul>,,,,
S438,Variant,,"The Classic Rain Coat offers outstanding waterproof protection. Its longer length gives added coverage for the wearer. Features include generous pockets, a pack away hood with eyelets and a back vent for ventilation.",https://d11ak7fd9ypfb7.cloudfront.net/styles1100px/S438YER.jpg,,0.0,TRUE,InStock,0.852,,S438YERXXXL,,,,Size,DROP_DOWN,XXXL,Color,DROP_DOWN,Yellow,,,,,,,,,,,,,Fit,<p>R</p>,Length,<p>43</p>,Width,<p>28</p>,Height,<p>43</p>,Box Quantity,<p>24</p>,Inner Pack Quantity,<p>1</p>,Country Of Origin,<p>MM</p>,Standards,<ul><li>EN 343:2019 Class 3:1 X  WP 5000mm</li></ul>,,,,
S441,Product,S441 - Classic Adult Rain Pants,"Lightweight and easily packable for convenience, these pants provide comfort and protection in any weather. The fit is roomy for easy layering on top of pants, with the added benefit of pass through pockets. The snap adjustable hem ensures a secure fit around work boots. Unbeatable value for money.",https://d11ak7fd9ypfb7.cloudfront.net/styles1100px/S441BKR.jpg,13.5,0.0,TRUE,InStock,0.516,All Weather;Pants,S441BKR4XL,,,,Size,DROP_DOWN,XS;S;M;L;XL;XXL;XXXL;4XL;5XL;6XL;7XL,Color,DROP_DOWN,Yellow;Olive Green;Navy;Orange;Black,,,,,,,,,,,,,Fit,<p>R</p>,Length,<p>56</p>,Width,<p>30</p>,Height,<p>20</p>,Box Quantity,<p>24</p>,Inner Pack Quantity,<p>1</p>,Country Of Origin,<p>CN</p>,Standards,<ul><li>EN 343:2019 Class 3:1 X  WP 5000mm</li></ul>,,,,
S441,Variant,,"Lightweight and easily packable for convenience, these pants provide comfort and protection in any weather. The fit is roomy for easy layering on top of pants, with the added benefit of pass through pockets. The snap adjustable hem ensures a secure fit around work boots. Unbeatable value for money.",https://d11ak7fd9ypfb7.cloudfront.net/styles1100px/S441BKR.jpg,,0.0,TRUE,InStock,0.516,,S441BKR4XL,,,,Size,DROP_DOWN,4XL,Color,DROP_DOWN,Black,,,,,,,,,,,,,Fit,<p>R</p>,Length,<p>56</p>,Width,<p>30</p>,Height,<p>20</p>,Box Quantity,<p>24</p>,Inner Pack Quantity,<p>1</p>,Country Of Origin,<p>CN</p>,Standards,<ul><li>EN 343:2019 Class 3:1 X  WP 5000mm</li></ul>,,,,
S441,Variant,,"Lightweight and easily packable for convenience, these pants provide comfort and protection in any weather. The fit is roomy for easy layering on top of pants, with the added benefit of pass through pockets. The snap adjustable hem ensures a secure fit around work boots. Unbeatable value for money.",https://d11ak7fd9ypfb7.cloudfront.net/styles1100px/S441BKR.jpg,,0.0,TRUE,InStock,0.526,,S441BKR5XL,,,,Size,DROP_DOWN,5XL,Color,DROP_DOWN,Black,,,,,,,,,,,,,Fit,<p>R</p>,Length,<p>56</p>,Width,<p>30</p>,Height,<p>20</p>,Box Quantity,<p>24</p>,Inner Pack Quantity,<p>1</p>,Country Of Origin,<p>CN</p>,Standards,<ul><li>EN 343:2019 Class 3:1 X  WP 5000mm</li></ul>,,,,
S441,Variant,,"Lightweight and easily packable for convenience, these pants provide comfort and protection in any weather. The fit is roomy for easy layering on top of pants, with the added benefit of pass through pockets. The snap adjustable hem ensures a secure fit around work boots. Unbeatable value for money.",https://d11ak7fd9ypfb7.cloudfront.net/styles1100px/S441BKR.jpg,,0.0,TRUE,InStock,0.536,,S441BKR6XL,,,,Size,DROP_DOWN,6XL,Color,DROP_DOWN,Black,,,,,,,,,,,,,Fit,<p>R</p>,Length,<p>56</p>,Width,<p>30</p>,Height,<p>20</p>,Box Quantity,<p>24</p>,Inner Pack Quantity,<p>1</p>,Country Of Origin,<p>CN</p>,Standards,<ul><li>EN 343:2019 Class 3:1 X  WP 5000mm</li></ul>,,,,
S441,Variant,,"Lightweight and easily packable for convenience, these pants provide comfort and protection in any weather. The fit is roomy for easy layering on top of pants, with the added benefit of pass through pockets. The snap adjustable hem ensures a secure fit around work boots. Unbeatable value for money.",https://d11ak7fd9ypfb7.cloudfront.net/styles1100px/S441BKR.jpg,,0.0,TRUE,InStock,0.546,,S441BKR7XL,,,,Size,DROP_DOWN,7XL,Color,DROP_DOWN,Black,,,,,,,,,,,,,Fit,<p>R</p>,Length,<p>56</p>,Width,<p>30</p>,Height,<p>20</p>,Box Quantity,<p>24</p>,Inner Pack Quantity,<p>1</p>,Country Of Origin,<p>CN</p>,Standards,<ul><li>EN 343:2019 Class 3:1 X  WP 5000mm</li></ul>,,,,
S441,Variant,,"Lightweight and easily packable for convenience, these pants provide comfort and protection in any weather. The fit is roomy for easy layering on top of pants, with the added benefit of pass through pockets. The snap adjustable hem ensures a secure fit around work boots. Unbeatable value for money.",https://d11ak7fd9ypfb7.cloudfront.net/styles1100px/S441BKR.jpg,,0.0,TRUE,InStock,0.429,,S441BKRL,,,,Size,DROP_DOWN,L,Color,DROP_DOWN,Black,,,,,,,,,,,,,Fit,<p>R</p>,Length,<p>56</p>,Width,<p>30</p>,Height,<p>20</p>,Box Quantity,<p>24</p>,Inner Pack Quantity,<p>1</p>,Country Of Origin,<p>CN</p>,Standards,<ul><li>EN 343:2019 Class 3:1 X  WP 5000mm</li></ul>,,,,
S441,Variant,,"Lightweight and easily packable for convenience, these pants provide comfort and protection in any weather. The fit is roomy for easy layering on top of pants, with the added benefit of pass through pockets. The snap adjustable hem ensures a secure fit around work boots. Unbeatable value for money.",https://d11ak7fd9ypfb7.cloudfront.net/styles1100px/S441BKR.jpg,,0.0,TRUE,InStock,0.401,,S441BKRM,,,,Size,DROP_DOWN,M,Color,DROP_DOWN,Black,,,,,,,,,,,,,Fit,<p>R</p>,Length,<p>56</p>,Width,<p>30</p>,Height,<p>20</p>,Box Quantity,<p>24</p>,Inner Pack Quantity,<p>1</p>,Country Of Origin,<p>CN</p>,Standards,<ul><li>EN 343:2019 Class 3:1 X  WP 5000mm</li></ul>,,,,
S441,Variant,,"Lightweight and easily packable for convenience, these pants provide comfort and protection in any weather. The fit is roomy for easy layering on top of pants, with the added benefit of pass through pockets. The snap adjustable hem ensures a secure fit around work boots. Unbeatable value for money.",https://d11ak7fd9ypfb7.cloudfront.net/styles1100px/S441BKR.jpg,,0.0,TRUE,InStock,0.391,,S441BKRS,,,,Size,DROP_DOWN,S,Color,DROP_DOWN,Black,,,,,,,,,,,,,Fit,<p>R</p>,Length,<p>56</p>,Width,<p>30</p>,Height,<p>20</p>,Box Quantity,<p>24</p>,Inner Pack Quantity,<p>1</p>,Country Of Origin,<p>CN</p>,Standards,<ul><li>EN 343:2019 Class 3:1 X  WP 5000mm</li></ul>,,,,
S441,Variant,,"Lightweight and easily packable for convenience, these pants provide comfort and protection in any weather. The fit is roomy for easy layering on top of pants, with the added benefit of pass through pockets. The snap adjustable hem ensures a secure fit around work boots. Unbeatable value for money.",https://d11ak7fd9ypfb7.cloudfront.net/styles1100px/S441BKR.jpg,,0.0,TRUE,InStock,0.457,,S441BKRXL,,,,Size,DROP_DOWN,XL,Color,DROP_DOWN,Black,,,,,,,,,,,,,Fit,<p>R</p>,Length,<p>56</p>,Width,<p>30</p>,Height,<p>20</p>,Box Quantity,<p>24</p>,Inner Pack Quantity,<p>1</p>,Country Of Origin,<p>CN</p>,Standards,<ul><li>EN 343:2019 Class 3:1 X  WP 5000mm</li></ul>,,,,
S441,Variant,,"Lightweight and easily packable for convenience, these pants provide comfort and protection in any weather. The fit is roomy for easy layering on top of pants, with the added benefit of pass through pockets. The snap adjustable hem ensures a secure fit around work boots. Unbeatable value for money.",https://d11ak7fd9ypfb7.cloudfront.net/styles1100px/S441BKR.jpg,,0.0,TRUE,InStock,0.368,,S441BKRXS,,,,Size,DROP_DOWN,XS,Color,DROP_DOWN,Black,,,,,,,,,,,,,Fit,<p>R</p>,Length,<p>56</p>,Width,<p>30</p>,Height,<p>20</p>,Box Quantity,<p>24</p>,Inner Pack Quantity,<p>1</p>,Country Of Origin,<p>CN</p>,Standards,<ul><li>EN 343:2019 Class 3:1 X  WP 5000mm</li></ul>,,,,
S441,Variant,,"Lightweight and easily packable for convenience, these pants provide comfort and protection in any weather. The fit is roomy for easy layering on top of pants, with the added benefit of pass through pockets. The snap adjustable hem ensures a secure fit around work boots. Unbeatable value for money.",https://d11ak7fd9ypfb7.cloudfront.net/styles1100px/S441BKR.jpg,,0.0,TRUE,InStock,0.476,,S441BKRXXL,,,,Size,DROP_DOWN,XXL,Color,DROP_DOWN,Black,,,,,,,,,,,,,Fit,<p>R</p>,Length,<p>56</p>,Width,<p>30</p>,Height,<p>20</p>,Box Quantity,<p>24</p>,Inner Pack Quantity,<p>1</p>,Country Of Origin,<p>CN</p>,Standards,<ul><li>EN 343:2019 Class 3:1 X  WP 5000mm</li></ul>,,,,
S441,Variant,,"Lightweight and easily packable for convenience, these pants provide comfort and protection in any weather. The fit is roomy for easy layering on top of pants, with the added benefit of pass through pockets. The snap adjustable hem ensures a secure fit around work boots. Unbeatable value for money.",https://d11ak7fd9ypfb7.cloudfront.net/styles1100px/S441BKR.jpg,,0.0,TRUE,InStock,0.5,,S441BKRXXXL,,,,Size,DROP_DOWN,XXXL,Color,DROP_DOWN,Black,,,,,,,,,,,,,Fit,<p>R</p>,Length,<p>56</p>,Width,<p>30</p>,Height,<p>20</p>,Box Quantity,<p>24</p>,Inner Pack Quantity,<p>1</p>,Country Of Origin,<p>CN</p>,Standards,<ul><li>EN 343:2019 Class 3:1 X  WP 5000mm</li></ul>,,,,
S441,Variant,,"Lightweight and easily packable for convenience, these pants provide comfort and protection in any weather. The fit is roomy for easy layering on top of pants, with the added benefit of pass through pockets. The snap adjustable hem ensures a secure fit around work boots. Unbeatable value for money.",https://d11ak7fd9ypfb7.cloudfront.net/styles1100px/S441NAR.jpg,,0.0,TRUE,InStock,0.516,,S441NAR4XL,,,,Size,DROP_DOWN,4XL,Color,DROP_DOWN,Navy,,,,,,,,,,,,,Fit,<p>R</p>,Length,<p>56</p>,Width,<p>30</p>,Height,<p>20</p>,Box Quantity,<p>24</p>,Inner Pack Quantity,<p>1</p>,Country Of Origin,<p>CN</p>,Standards,<ul><li>EN 343:2019 Class 3:1 X  WP 5000mm</li></ul>,,,,
S441,Variant,,"Lightweight and easily packable for convenience, these pants provide comfort and protection in any weather. The fit is roomy for easy layering on top of pants, with the added benefit of pass through pockets. The snap adjustable hem ensures a secure fit around work boots. Unbeatable value for money.",https://d11ak7fd9ypfb7.cloudfront.net/styles1100px/S441NAR.jpg,,0.0,TRUE,InStock,0.526,,S441NAR5XL,,,,Size,DROP_DOWN,5XL,Color,DROP_DOWN,Navy,,,,,,,,,,,,,Fit,<p>R</p>,Length,<p>56</p>,Width,<p>30</p>,Height,<p>20</p>,Box Quantity,<p>24</p>,Inner Pack Quantity,<p>1</p>,Country Of Origin,<p>CN</p>,Standards,<ul><li>EN 343:2019 Class 3:1 X  WP 5000mm</li></ul>,,,,
S441,Variant,,"Lightweight and easily packable for convenience, these pants provide comfort and protection in any weather. The fit is roomy for easy layering on top of pants, with the added benefit of pass through pockets. The snap adjustable hem ensures a secure fit around work boots. Unbeatable value for money.",https://d11ak7fd9ypfb7.cloudfront.net/styles1100px/S441NAR.jpg,,0.0,TRUE,InStock,0.536,,S441NAR6XL,,,,Size,DROP_DOWN,6XL,Color,DROP_DOWN,Navy,,,,,,,,,,,,,Fit,<p>R</p>,Length,<p>56</p>,Width,<p>30</p>,Height,<p>20</p>,Box Quantity,<p>24</p>,Inner Pack Quantity,<p>1</p>,Country Of Origin,<p>CN</p>,Standards,<ul><li>EN 343:2019 Class 3:1 X  WP 5000mm</li></ul>,,,,
S441,Variant,,"Lightweight and easily packable for convenience, these pants provide comfort and protection in any weather. The fit is roomy for easy layering on top of pants, with the added benefit of pass through pockets. The snap adjustable hem ensures a secure fit around work boots. Unbeatable value for money.",https://d11ak7fd9ypfb7.cloudfront.net/styles1100px/S441NAR.jpg,,0.0,TRUE,InStock,0.546,,S441NAR7XL,,,,Size,DROP_DOWN,7XL,Color,DROP_DOWN,Navy,,,,,,,,,,,,,Fit,<p>R</p>,Length,<p>56</p>,Width,<p>30</p>,Height,<p>20</p>,Box Quantity,<p>24</p>,Inner Pack Quantity,<p>1</p>,Country Of Origin,<p>CN</p>,Standards,<ul><li>EN 343:2019 Class 3:1 X  WP 5000mm</li></ul>,,,,
S441,Variant,,"Lightweight and easily packable for convenience, these pants provide comfort and protection in any weather. The fit is roomy for easy layering on top of pants, with the added benefit of pass through pockets. The snap adjustable hem ensures a secure fit around work boots. Unbeatable value for money.",https://d11ak7fd9ypfb7.cloudfront.net/styles1100px/S441NAR.jpg,,0.0,TRUE,InStock,0.429,,S441NARL,,,,Size,DROP_DOWN,L,Color,DROP_DOWN,Navy,,,,,,,,,,,,,Fit,<p>R</p>,Length,<p>56</p>,Width,<p>30</p>,Height,<p>20</p>,Box Quantity,<p>24</p>,Inner Pack Quantity,<p>1</p>,Country Of Origin,<p>CN</p>,Standards,<ul><li>EN 343:2019 Class 3:1 X  WP 5000mm</li></ul>,,,,
S441,Variant,,"Lightweight and easily packable for convenience, these pants provide comfort and protection in any weather. The fit is roomy for easy layering on top of pants, with the added benefit of pass through pockets. The snap adjustable hem ensures a secure fit around work boots. Unbeatable value for money.",https://d11ak7fd9ypfb7.cloudfront.net/styles1100px/S441NAR.jpg,,0.0,TRUE,InStock,0.401,,S441NARM,,,,Size,DROP_DOWN,M,Color,DROP_DOWN,Navy,,,,,,,,,,,,,Fit,<p>R</p>,Length,<p>56</p>,Width,<p>30</p>,Height,<p>20</p>,Box Quantity,<p>24</p>,Inner Pack Quantity,<p>1</p>,Country Of Origin,<p>CN</p>,Standards,<ul><li>EN 343:2019 Class 3:1 X  WP 5000mm</li></ul>,,,,
S441,Variant,,"Lightweight and easily packable for convenience, these pants provide comfort and protection in any weather. The fit is roomy for easy layering on top of pants, with the added benefit of pass through pockets. The snap adjustable hem ensures a secure fit around work boots. Unbeatable value for money.",https://d11ak7fd9ypfb7.cloudfront.net/styles1100px/S441NAR.jpg,,0.0,TRUE,InStock,0.391,,S441NARS,,,,Size,DROP_DOWN,S,Color,DROP_DOWN,Navy,,,,,,,,,,,,,Fit,<p>R</p>,Length,<p>56</p>,Width,<p>30</p>,Height,<p>20</p>,Box Quantity,<p>24</p>,Inner Pack Quantity,<p>1</p>,Country Of Origin,<p>CN</p>,Standards,<ul><li>EN 343:2019 Class 3:1 X  WP 5000mm</li></ul>,,,,
S441,Variant,,"Lightweight and easily packable for convenience, these pants provide comfort and protection in any weather. The fit is roomy for easy layering on top of pants, with the added benefit of pass through pockets. The snap adjustable hem ensures a secure fit around work boots. Unbeatable value for money.",https://d11ak7fd9ypfb7.cloudfront.net/styles1100px/S441NAR.jpg,,0.0,TRUE,InStock,0.457,,S441NARXL,,,,Size,DROP_DOWN,XL,Color,DROP_DOWN,Navy,,,,,,,,,,,,,Fit,<p>R</p>,Length,<p>56</p>,Width,<p>30</p>,Height,<p>20</p>,Box Quantity,<p>24</p>,Inner Pack Quantity,<p>1</p>,Country Of Origin,<p>CN</p>,Standards,<ul><li>EN 343:2019 Class 3:1 X  WP 5000mm</li></ul>,,,,
S441,Variant,,"Lightweight and easily packable for convenience, these pants provide comfort and protection in any weather. The fit is roomy for easy layering on top of pants, with the added benefit of pass through pockets. The snap adjustable hem ensures a secure fit around work boots. Unbeatable value for money.",https://d11ak7fd9ypfb7.cloudfront.net/styles1100px/S441NAR.jpg,,0.0,TRUE,InStock,0.368,,S441NARXS,,,,Size,DROP_DOWN,XS,Color,DROP_DOWN,Navy,,,,,,,,,,,,,Fit,<p>R</p>,Length,<p>56</p>,Width,<p>30</p>,Height,<p>20</p>,Box Quantity,<p>24</p>,Inner Pack Quantity,<p>1</p>,Country Of Origin,<p>CN</p>,Standards,<ul><li>EN 343:2019 Class 3:1 X  WP 5000mm</li></ul>,,,,
S441,Variant,,"Lightweight and easily packable for convenience, these pants provide comfort and protection in any weather. The fit is roomy for easy layering on top of pants, with the added benefit of pass through pockets. The snap adjustable hem ensures a secure fit around work boots. Unbeatable value for money.",https://d11ak7fd9ypfb7.cloudfront.net/styles1100px/S441NAR.jpg,,0.0,TRUE,InStock,0.476,,S441NARXXL,,,,Size,DROP_DOWN,XXL,Color,DROP_DOWN,Navy,,,,,,,,,,,,,Fit,<p>R</p>,Length,<p>56</p>,Width,<p>30</p>,Height,<p>20</p>,Box Quantity,<p>24</p>,Inner Pack Quantity,<p>1</p>,Country Of Origin,<p>CN</p>,Standards,<ul><li>EN 343:2019 Class 3:1 X  WP 5000mm</li></ul>,,,,
S441,Variant,,"Lightweight and easily packable for convenience, these pants provide comfort and protection in any weather. The fit is roomy for easy layering on top of pants, with the added benefit of pass through pockets. The snap adjustable hem ensures a secure fit around work boots. Unbeatable value for money.",https://d11ak7fd9ypfb7.cloudfront.net/styles1100px/S441NAR.jpg,,0.0,TRUE,InStock,0.5,,S441NARXXXL,,,,Size,DROP_DOWN,XXXL,Color,DROP_DOWN,Navy,,,,,,,,,,,,,Fit,<p>R</p>,Length,<p>56</p>,Width,<p>30</p>,Height,<p>20</p>,Box Quantity,<p>24</p>,Inner Pack Quantity,<p>1</p>,Country Of Origin,<p>CN</p>,Standards,<ul><li>EN 343:2019 Class 3:1 X  WP 5000mm</li></ul>,,,,
S441,Variant,,"Lightweight and easily packable for convenience, these pants provide comfort and protection in any weather. The fit is roomy for easy layering on top of pants, with the added benefit of pass through pockets. The snap adjustable hem ensures a secure fit around work boots. Unbeatable value for money.",https://d11ak7fd9ypfb7.cloudfront.net/styles1100px/S441OGR.jpg,,0.0,TRUE,InStock,0.516,,S441OGR4XL,,,,Size,DROP_DOWN,4XL,Color,DROP_DOWN,Olive Green,,,,,,,,,,,,,Fit,<p>R</p>,Length,<p>56</p>,Width,<p>30</p>,Height,<p>20</p>,Box Quantity,<p>24</p>,Inner Pack Quantity,<p>1</p>,Country Of Origin,<p>CN</p>,Standards,<ul><li>EN 343:2019 Class 3:1 X  WP 5000mm</li></ul>,,,,
S441,Variant,,"Lightweight and easily packable for convenience, these pants provide comfort and protection in any weather. The fit is roomy for easy layering on top of pants, with the added benefit of pass through pockets. The snap adjustable hem ensures a secure fit around work boots. Unbeatable value for money.",https://d11ak7fd9ypfb7.cloudfront.net/styles1100px/S441OGR.jpg,,0.0,TRUE,InStock,0.429,,S441OGRL,,,,Size,DROP_DOWN,L,Color,DROP_DOWN,Olive Green,,,,,,,,,,,,,Fit,<p>R</p>,Length,<p>56</p>,Width,<p>30</p>,Height,<p>20</p>,Box Quantity,<p>24</p>,Inner Pack Quantity,<p>1</p>,Country Of Origin,<p>CN</p>,Standards,<ul><li>EN 343:2019 Class 3:1 X  WP 5000mm</li></ul>,,,,
S441,Variant,,"Lightweight and easily packable for convenience, these pants provide comfort and protection in any weather. The fit is roomy for easy layering on top of pants, with the added benefit of pass through pockets. The snap adjustable hem ensures a secure fit around work boots. Unbeatable value for money.",https://d11ak7fd9ypfb7.cloudfront.net/styles1100px/S441OGR.jpg,,0.0,TRUE,InStock,0.401,,S441OGRM,,,,Size,DROP_DOWN,M,Color,DROP_DOWN,Olive Green,,,,,,,,,,,,,Fit,<p>R</p>,Length,<p>56</p>,Width,<p>30</p>,Height,<p>20</p>,Box Quantity,<p>24</p>,Inner Pack Quantity,<p>1</p>,Country Of Origin,<p>CN</p>,Standards,<ul><li>EN 343:2019 Class 3:1 X  WP 5000mm</li></ul>,,,,
S441,Variant,,"Lightweight and easily packable for convenience, these pants provide comfort and protection in any weather. The fit is roomy for easy layering on top of pants, with the added benefit of pass through pockets. The snap adjustable hem ensures a secure fit around work boots. Unbeatable value for money.",https://d11ak7fd9ypfb7.cloudfront.net/styles1100px/S441OGR.jpg,,0.0,TRUE,InStock,0.391,,S441OGRS,,,,Size,DROP_DOWN,S,Color,DROP_DOWN,Olive Green,,,,,,,,,,,,,Fit,<p>R</p>,Length,<p>56</p>,Width,<p>30</p>,Height,<p>20</p>,Box Quantity,<p>24</p>,Inner Pack Quantity,<p>1</p>,Country Of Origin,<p>CN</p>,Standards,<ul><li>EN 343:2019 Class 3:1 X  WP 5000mm</li></ul>,,,,
S441,Variant,,"Lightweight and easily packable for convenience, these pants provide comfort and protection in any weather. The fit is roomy for easy layering on top of pants, with the added benefit of pass through pockets. The snap adjustable hem ensures a secure fit around work boots. Unbeatable value for money.",https://d11ak7fd9ypfb7.cloudfront.net/styles1100px/S441OGR.jpg,,0.0,TRUE,InStock,0.457,,S441OGRXL,,,,Size,DROP_DOWN,XL,Color,DROP_DOWN,Olive Green,,,,,,,,,,,,,Fit,<p>R</p>,Length,<p>56</p>,Width,<p>30</p>,Height,<p>20</p>,Box Quantity,<p>24</p>,Inner Pack Quantity,<p>1</p>,Country Of Origin,<p>CN</p>,Standards,<ul><li>EN 343:2019 Class 3:1 X  WP 5000mm</li></ul>,,,,
S441,Variant,,"Lightweight and easily packable for convenience, these pants provide comfort and protection in any weather. The fit is roomy for easy layering on top of pants, with the added benefit of pass through pockets. The snap adjustable hem ensures a secure fit around work boots. Unbeatable value for money.",https://d11ak7fd9ypfb7.cloudfront.net/styles1100px/S441OGR.jpg,,0.0,TRUE,InStock,0.476,,S441OGRXXL,,,,Size,DROP_DOWN,XXL,Color,DROP_DOWN,Olive Green,,,,,,,,,,,,,Fit,<p>R</p>,Length,<p>56</p>,Width,<p>30</p>,Height,<p>20</p>,Box Quantity,<p>24</p>,Inner Pack Quantity,<p>1</p>,Country Of Origin,<p>CN</p>,Standards,<ul><li>EN 343:2019 Class 3:1 X  WP 5000mm</li></ul>,,,,
S441,Variant,,"Lightweight and easily packable for convenience, these pants provide comfort and protection in any weather. The fit is roomy for easy layering on top of pants, with the added benefit of pass through pockets. The snap adjustable hem ensures a secure fit around work boots. Unbeatable value for money.",https://d11ak7fd9ypfb7.cloudfront.net/styles1100px/S441OGR.jpg,,0.0,TRUE,InStock,0.5,,S441OGRXXXL,,,,Size,DROP_DOWN,XXXL,Color,DROP_DOWN,Olive Green,,,,,,,,,,,,,Fit,<p>R</p>,Length,<p>56</p>,Width,<p>30</p>,Height,<p>20</p>,Box Quantity,<p>24</p>,Inner Pack Quantity,<p>1</p>,Country Of Origin,<p>CN</p>,Standards,<ul><li>EN 343:2019 Class 3:1 X  WP 5000mm</li></ul>,,,,
S441,Variant,,"Lightweight and easily packable for convenience, these pants provide comfort and protection in any weather. The fit is roomy for easy layering on top of pants, with the added benefit of pass through pockets. The snap adjustable hem ensures a secure fit around work boots. Unbeatable value for money.",https://d11ak7fd9ypfb7.cloudfront.net/styles1100px/S441ORR.jpg,,0.0,TRUE,InStock,0.429,,S441ORRL,,,,Size,DROP_DOWN,L,Color,DROP_DOWN,Orange,,,,,,,,,,,,,Fit,<p>R</p>,Length,<p>56</p>,Width,<p>30</p>,Height,<p>20</p>,Box Quantity,<p>24</p>,Inner Pack Quantity,<p>1</p>,Country Of Origin,<p>CN</p>,Standards,<ul><li>EN 343:2019 Class 3:1 X  WP 5000mm</li></ul>,,,,
S441,Variant,,"Lightweight and easily packable for convenience, these pants provide comfort and protection in any weather. The fit is roomy for easy layering on top of pants, with the added benefit of pass through pockets. The snap adjustable hem ensures a secure fit around work boots. Unbeatable value for money.",https://d11ak7fd9ypfb7.cloudfront.net/styles1100px/S441ORR.jpg,,0.0,TRUE,InStock,0.401,,S441ORRM,,,,Size,DROP_DOWN,M,Color,DROP_DOWN,Orange,,,,,,,,,,,,,Fit,<p>R</p>,Length,<p>56</p>,Width,<p>30</p>,Height,<p>20</p>,Box Quantity,<p>24</p>,Inner Pack Quantity,<p>1</p>,Country Of Origin,<p>CN</p>,Standards,<ul><li>EN 343:2019 Class 3:1 X  WP 5000mm</li></ul>,,,,
S441,Variant,,"Lightweight and easily packable for convenience, these pants provide comfort and protection in any weather. The fit is roomy for easy layering on top of pants, with the added benefit of pass through pockets. The snap adjustable hem ensures a secure fit around work boots. Unbeatable value for money.",https://d11ak7fd9ypfb7.cloudfront.net/styles1100px/S441ORR.jpg,,0.0,TRUE,InStock,0.391,,S441ORRS,,,,Size,DROP_DOWN,S,Color,DROP_DOWN,Orange,,,,,,,,,,,,,Fit,<p>R</p>,Length,<p>56</p>,Width,<p>30</p>,Height,<p>20</p>,Box Quantity,<p>24</p>,Inner Pack Quantity,<p>1</p>,Country Of Origin,<p>CN</p>,Standards,<ul><li>EN 343:2019 Class 3:1 X  WP 5000mm</li></ul>,,,,
S441,Variant,,"Lightweight and easily packable for convenience, these pants provide comfort and protection in any weather. The fit is roomy for easy layering on top of pants, with the added benefit of pass through pockets. The snap adjustable hem ensures a secure fit around work boots. Unbeatable value for money.",https://d11ak7fd9ypfb7.cloudfront.net/styles1100px/S441ORR.jpg,,0.0,TRUE,InStock,0.457,,S441ORRXL,,,,Size,DROP_DOWN,XL,Color,DROP_DOWN,Orange,,,,,,,,,,,,,Fit,<p>R</p>,Length,<p>56</p>,Width,<p>30</p>,Height,<p>20</p>,Box Quantity,<p>24</p>,Inner Pack Quantity,<p>1</p>,Country Of Origin,<p>CN</p>,Standards,<ul><li>EN 343:2019 Class 3:1 X  WP 5000mm</li></ul>,,,,
S441,Variant,,"Lightweight and easily packable for convenience, these pants provide comfort and protection in any weather. The fit is roomy for easy layering on top of pants, with the added benefit of pass through pockets. The snap adjustable hem ensures a secure fit around work boots. Unbeatable value for money.",https://d11ak7fd9ypfb7.cloudfront.net/styles1100px/S441ORR.jpg,,0.0,TRUE,InStock,0.476,,S441ORRXXL,,,,Size,DROP_DOWN,XXL,Color,DROP_DOWN,Orange,,,,,,,,,,,,,Fit,<p>R</p>,Length,<p>56</p>,Width,<p>30</p>,Height,<p>20</p>,Box Quantity,<p>24</p>,Inner Pack Quantity,<p>1</p>,Country Of Origin,<p>CN</p>,Standards,<ul><li>EN 343:2019 Class 3:1 X  WP 5000mm</li></ul>,,,,
S441,Variant,,"Lightweight and easily packable for convenience, these pants provide comfort and protection in any weather. The fit is roomy for easy layering on top of pants, with the added benefit of pass through pockets. The snap adjustable hem ensures a secure fit around work boots. Unbeatable value for money.",https://d11ak7fd9ypfb7.cloudfront.net/styles1100px/S441ORR.jpg,,0.0,TRUE,InStock,0.5,,S441ORRXXXL,,,,Size,DROP_DOWN,XXXL,Color,DROP_DOWN,Orange,,,,,,,,,,,,,Fit,<p>R</p>,Length,<p>56</p>,Width,<p>30</p>,Height,<p>20</p>,Box Quantity,<p>24</p>,Inner Pack Quantity,<p>1</p>,Country Of Origin,<p>CN</p>,Standards,<ul><li>EN 343:2019 Class 3:1 X  WP 5000mm</li></ul>,,,,
S441,Variant,,"Lightweight and easily packable for convenience, these pants provide comfort and protection in any weather. The fit is roomy for easy layering on top of pants, with the added benefit of pass through pockets. The snap adjustable hem ensures a secure fit around work boots. Unbeatable value for money.",https://d11ak7fd9ypfb7.cloudfront.net/styles1100px/S441YER.jpg,,0.0,TRUE,InStock,0.516,,S441YER4XL,,,,Size,DROP_DOWN,4XL,Color,DROP_DOWN,Yellow,,,,,,,,,,,,,Fit,<p>R</p>,Length,<p>56</p>,Width,<p>30</p>,Height,<p>20</p>,Box Quantity,<p>24</p>,Inner Pack Quantity,<p>1</p>,Country Of Origin,<p>CN</p>,Standards,<ul><li>EN 343:2019 Class 3:1 X  WP 5000mm</li></ul>,,,,
S441,Variant,,"Lightweight and easily packable for convenience, these pants provide comfort and protection in any weather. The fit is roomy for easy layering on top of pants, with the added benefit of pass through pockets. The snap adjustable hem ensures a secure fit around work boots. Unbeatable value for money.",https://d11ak7fd9ypfb7.cloudfront.net/styles1100px/S441YER.jpg,,0.0,TRUE,InStock,0.526,,S441YER5XL,,,,Size,DROP_DOWN,5XL,Color,DROP_DOWN,Yellow,,,,,,,,,,,,,Fit,<p>R</p>,Length,<p>56</p>,Width,<p>30</p>,Height,<p>20</p>,Box Quantity,<p>24</p>,Inner Pack Quantity,<p>1</p>,Country Of Origin,<p>CN</p>,Standards,<ul><li>EN 343:2019 Class 3:1 X  WP 5000mm</li></ul>,,,,
S441,Variant,,"Lightweight and easily packable for convenience, these pants provide comfort and protection in any weather. The fit is roomy for easy layering on top of pants, with the added benefit of pass through pockets. The snap adjustable hem ensures a secure fit around work boots. Unbeatable value for money.",https://d11ak7fd9ypfb7.cloudfront.net/styles1100px/S441YER.jpg,,0.0,TRUE,InStock,0.536,,S441YER6XL,,,,Size,DROP_DOWN,6XL,Color,DROP_DOWN,Yellow,,,,,,,,,,,,,Fit,<p>R</p>,Length,<p>56</p>,Width,<p>30</p>,Height,<p>20</p>,Box Quantity,<p>24</p>,Inner Pack Quantity,<p>1</p>,Country Of Origin,<p>CN</p>,Standards,<ul><li>EN 343:2019 Class 3:1 X  WP 5000mm</li></ul>,,,,
S441,Variant,,"Lightweight and easily packable for convenience, these pants provide comfort and protection in any weather. The fit is roomy for easy layering on top of pants, with the added benefit of pass through pockets. The snap adjustable hem ensures a secure fit around work boots. Unbeatable value for money.",https://d11ak7fd9ypfb7.cloudfront.net/styles1100px/S441YER.jpg,,0.0,TRUE,InStock,0.429,,S441YERL,,,,Size,DROP_DOWN,L,Color,DROP_DOWN,Yellow,,,,,,,,,,,,,Fit,<p>R</p>,Length,<p>56</p>,Width,<p>30</p>,Height,<p>20</p>,Box Quantity,<p>24</p>,Inner Pack Quantity,<p>1</p>,Country Of Origin,<p>CN</p>,Standards,<ul><li>EN 343:2019 Class 3:1 X  WP 5000mm</li></ul>,,,,
S441,Variant,,"Lightweight and easily packable for convenience, these pants provide comfort and protection in any weather. The fit is roomy for easy layering on top of pants, with the added benefit of pass through pockets. The snap adjustable hem ensures a secure fit around work boots. Unbeatable value for money.",https://d11ak7fd9ypfb7.cloudfront.net/styles1100px/S441YER.jpg,,0.0,TRUE,InStock,0.401,,S441YERM,,,,Size,DROP_DOWN,M,Color,DROP_DOWN,Yellow,,,,,,,,,,,,,Fit,<p>R</p>,Length,<p>56</p>,Width,<p>30</p>,Height,<p>20</p>,Box Quantity,<p>24</p>,Inner Pack Quantity,<p>1</p>,Country Of Origin,<p>CN</p>,Standards,<ul><li>EN 343:2019 Class 3:1 X  WP 5000mm</li></ul>,,,,
S441,Variant,,"Lightweight and easily packable for convenience, these pants provide comfort and protection in any weather. The fit is roomy for easy layering on top of pants, with the added benefit of pass through pockets. The snap adjustable hem ensures a secure fit around work boots. Unbeatable value for money.",https://d11ak7fd9ypfb7.cloudfront.net/styles1100px/S441YER.jpg,,0.0,TRUE,InStock,0.391,,S441YERS,,,,Size,DROP_DOWN,S,Color,DROP_DOWN,Yellow,,,,,,,,,,,,,Fit,<p>R</p>,Length,<p>56</p>,Width,<p>30</p>,Height,<p>20</p>,Box Quantity,<p>24</p>,Inner Pack Quantity,<p>1</p>,Country Of Origin,<p>CN</p>,Standards,<ul><li>EN 343:2019 Class 3:1 X  WP 5000mm</li></ul>,,,,
S441,Variant,,"Lightweight and easily packable for convenience, these pants provide comfort and protection in any weather. The fit is roomy for easy layering on top of pants, with the added benefit of pass through pockets. The snap adjustable hem ensures a secure fit around work boots. Unbeatable value for money.",https://d11ak7fd9ypfb7.cloudfront.net/styles1100px/S441YER.jpg,,0.0,TRUE,InStock,0.457,,S441YERXL,,,,Size,DROP_DOWN,XL,Color,DROP_DOWN,Yellow,,,,,,,,,,,,,Fit,<p>R</p>,Length,<p>56</p>,Width,<p>30</p>,Height,<p>20</p>,Box Quantity,<p>24</p>,Inner Pack Quantity,<p>1</p>,Country Of Origin,<p>CN</p>,Standards,<ul><li>EN 343:2019 Class 3:1 X  WP 5000mm</li></ul>,,,,
S441,Variant,,"Lightweight and easily packable for convenience, these pants provide comfort and protection in any weather. The fit is roomy for easy layering on top of pants, with the added benefit of pass through pockets. The snap adjustable hem ensures a secure fit around work boots. Unbeatable value for money.",https://d11ak7fd9ypfb7.cloudfront.net/styles1100px/S441YER.jpg,,0.0,TRUE,InStock,0.476,,S441YERXXL,,,,Size,DROP_DOWN,XXL,Color,DROP_DOWN,Yellow,,,,,,,,,,,,,Fit,<p>R</p>,Length,<p>56</p>,Width,<p>30</p>,Height,<p>20</p>,Box Quantity,<p>24</p>,Inner Pack Quantity,<p>1</p>,Country Of Origin,<p>CN</p>,Standards,<ul><li>EN 343:2019 Class 3:1 X  WP 5000mm</li></ul>,,,,
S441,Variant,,"Lightweight and easily packable for convenience, these pants provide comfort and protection in any weather. The fit is roomy for easy layering on top of pants, with the added benefit of pass through pockets. The snap adjustable hem ensures a secure fit around work boots. Unbeatable value for money.",https://d11ak7fd9ypfb7.cloudfront.net/styles1100px/S441YER.jpg,,0.0,TRUE,InStock,0.5,,S441YERXXXL,,,,Size,DROP_DOWN,XXXL,Color,DROP_DOWN,Yellow,,,,,,,,,,,,,Fit,<p>R</p>,Length,<p>56</p>,Width,<p>30</p>,Height,<p>20</p>,Box Quantity,<p>24</p>,Inner Pack Quantity,<p>1</p>,Country Of Origin,<p>CN</p>,Standards,<ul><li>EN 343:2019 Class 3:1 X  WP 5000mm</li></ul>,,,,
S451,Product,S451 - Sealtex Classic Pants,"These lightweight, extremely waterproof over-pants offer exceptional value and should form part of every outdoor workers’ closet. The elasticated waist allows you to move and stretch without restriction and the snap-adjustable hem maintains a secure fit around the top of working boots.",https://d11ak7fd9ypfb7.cloudfront.net/styles1100px/S451NAR.jpg,35.9,0.0,TRUE,InStock,0.54,All Weather;Pants,S451NAR4XL,,,,Size,DROP_DOWN,S;M;L;XL;XXL;XXXL;4XL;5XL,Color,DROP_DOWN,Navy,,,,,,,,,,,,,Fit,<p>R</p>,Length,<p>65</p>,Width,<p>45</p>,Height,<p>36</p>,Box Quantity,<p>36</p>,Inner Pack Quantity,<p>1</p>,Country Of Origin,<p>MM</p>,Standards,<ul><li>EN 343:2019 Class 3:1 X  WP 5000mm</li></ul>,,,,
S451,Variant,,"These lightweight, extremely waterproof over-pants offer exceptional value and should form part of every outdoor workers’ closet. The elasticated waist allows you to move and stretch without restriction and the snap-adjustable hem maintains a secure fit around the top of working boots.",https://d11ak7fd9ypfb7.cloudfront.net/styles1100px/S451NAR.jpg,,0.0,TRUE,InStock,0.54,,S451NAR4XL,,,,Size,DROP_DOWN,4XL,Color,DROP_DOWN,Navy,,,,,,,,,,,,,Fit,<p>R</p>,Length,<p>65</p>,Width,<p>45</p>,Height,<p>36</p>,Box Quantity,<p>36</p>,Inner Pack Quantity,<p>1</p>,Country Of Origin,<p>MM</p>,Standards,<ul><li>EN 343:2019 Class 3:1 X  WP 5000mm</li></ul>,,,,
S451,Variant,,"These lightweight, extremely waterproof over-pants offer exceptional value and should form part of every outdoor workers’ closet. The elasticated waist allows you to move and stretch without restriction and the snap-adjustable hem maintains a secure fit around the top of working boots.",https://d11ak7fd9ypfb7.cloudfront.net/styles1100px/S451NAR.jpg,,0.0,TRUE,InStock,0.56,,S451NAR5XL,,,,Size,DROP_DOWN,5XL,Color,DROP_DOWN,Navy,,,,,,,,,,,,,Fit,<p>R</p>,Length,<p>65</p>,Width,<p>45</p>,Height,<p>36</p>,Box Quantity,<p>36</p>,Inner Pack Quantity,<p>1</p>,Country Of Origin,<p>MM</p>,Standards,<ul><li>EN 343:2019 Class 3:1 X  WP 5000mm</li></ul>,,,,
S451,Variant,,"These lightweight, extremely waterproof over-pants offer exceptional value and should form part of every outdoor workers’ closet. The elasticated waist allows you to move and stretch without restriction and the snap-adjustable hem maintains a secure fit around the top of working boots.",https://d11ak7fd9ypfb7.cloudfront.net/styles1100px/S451NAR.jpg,,0.0,TRUE,InStock,0.46,,S451NARL,,,,Size,DROP_DOWN,L,Color,DROP_DOWN,Navy,,,,,,,,,,,,,Fit,<p>R</p>,Length,<p>65</p>,Width,<p>30</p>,Height,<p>42</p>,Box Quantity,<p>36</p>,Inner Pack Quantity,<p>1</p>,Country Of Origin,<p>MM</p>,Standards,<ul><li>EN 343:2019 Class 3:1 X  WP 5000mm</li></ul>,,,,
S451,Variant,,"These lightweight, extremely waterproof over-pants offer exceptional value and should form part of every outdoor workers’ closet. The elasticated waist allows you to move and stretch without restriction and the snap-adjustable hem maintains a secure fit around the top of working boots.",https://d11ak7fd9ypfb7.cloudfront.net/styles1100px/S451NAR.jpg,,0.0,TRUE,InStock,0.44,,S451NARM,,,,Size,DROP_DOWN,M,Color,DROP_DOWN,Navy,,,,,,,,,,,,,Fit,<p>R</p>,Length,<p>65</p>,Width,<p>30</p>,Height,<p>42</p>,Box Quantity,<p>36</p>,Inner Pack Quantity,<p>1</p>,Country Of Origin,<p>MM</p>,Standards,<ul><li>EN 343:2019 Class 3:1 X  WP 5000mm</li></ul>,,,,
S451,Variant,,"These lightweight, extremely waterproof over-pants offer exceptional value and should form part of every outdoor workers’ closet. The elasticated waist allows you to move and stretch without restriction and the snap-adjustable hem maintains a secure fit around the top of working boots.",https://d11ak7fd9ypfb7.cloudfront.net/styles1100px/S451NAR.jpg,,0.0,TRUE,InStock,0.42,,S451NARS,,,,Size,DROP_DOWN,S,Color,DROP_DOWN,Navy,,,,,,,,,,,,,Fit,<p>R</p>,Length,<p>65</p>,Width,<p>30</p>,Height,<p>42</p>,Box Quantity,<p>36</p>,Inner Pack Quantity,<p>1</p>,Country Of Origin,<p>MM</p>,Standards,<ul><li>EN 343:2019 Class 3:1 X  WP 5000mm</li></ul>,,,,
S451,Variant,,"These lightweight, extremely waterproof over-pants offer exceptional value and should form part of every outdoor workers’ closet. The elasticated waist allows you to move and stretch without restriction and the snap-adjustable hem maintains a secure fit around the top of working boots.",https://d11ak7fd9ypfb7.cloudfront.net/styles1100px/S451NAR.jpg,,0.0,TRUE,InStock,0.48,,S451NARXL,,,,Size,DROP_DOWN,XL,Color,DROP_DOWN,Navy,,,,,,,,,,,,,Fit,<p>R</p>,Length,<p>65</p>,Width,<p>30</p>,Height,<p>42</p>,Box Quantity,<p>36</p>,Inner Pack Quantity,<p>1</p>,Country Of Origin,<p>MM</p>,Standards,<ul><li>EN 343:2019 Class 3:1 X  WP 5000mm</li></ul>,,,,
S451,Variant,,"These lightweight, extremely waterproof over-pants offer exceptional value and should form part of every outdoor workers’ closet. The elasticated waist allows you to move and stretch without restriction and the snap-adjustable hem maintains a secure fit around the top of working boots.",https://d11ak7fd9ypfb7.cloudfront.net/styles1100px/S451NAR.jpg,,0.0,TRUE,InStock,0.5,,S451NARXXL,,,,Size,DROP_DOWN,XXL,Color,DROP_DOWN,Navy,,,,,,,,,,,,,Fit,<p>R</p>,Length,<p>65</p>,Width,<p>30</p>,Height,<p>42</p>,Box Quantity,<p>36</p>,Inner Pack Quantity,<p>1</p>,Country Of Origin,<p>MM</p>,Standards,<ul><li>EN 343:2019 Class 3:1 X  WP 5000mm</li></ul>,,,,
S451,Variant,,"These lightweight, extremely waterproof over-pants offer exceptional value and should form part of every outdoor workers’ closet. The elasticated waist allows you to move and stretch without restriction and the snap-adjustable hem maintains a secure fit around the top of working boots.",https://d11ak7fd9ypfb7.cloudfront.net/styles1100px/S451NAR.jpg,,0.0,TRUE,InStock,0.52,,S451NARXXXL,,,,Size,DROP_DOWN,XXXL,Color,DROP_DOWN,Navy,,,,,,,,,,,,,Fit,<p>R</p>,Length,<p>65</p>,Width,<p>45</p>,Height,<p>36</p>,Box Quantity,<p>36</p>,Inner Pack Quantity,<p>1</p>,Country Of Origin,<p>MM</p>,Standards,<ul><li>EN 343:2019 Class 3:1 X  WP 5000mm</li></ul>,,,,
S453,Product,S453 - Sealtex Classic Bib,"Lightweight and practical, the Sealtex® Bib has been designed to fit comfortably over work clothes. Welded seams ensure wind and rain are locked out, providing full protection against harsh elements.",https://d11ak7fd9ypfb7.cloudfront.net/styles1100px/S453NAR.jpg,41.9,0.0,TRUE,InStock,0.574,All Weather;Bib & Brace,S453NARL,,,,Size,DROP_DOWN,M;L;XL;XXL,Color,DROP_DOWN,Navy,,,,,,,,,,,,,Fit,<p>R</p>,Length,<p>65</p>,Width,<p>30</p>,Height,<p>50</p>,Box Quantity,<p>36</p>,Inner Pack Quantity,<p>1</p>,Country Of Origin,<p>MM</p>,Standards,<ul><li>EN 343:2019 Class 3:1 X  WP 5000mm</li></ul>,,,,
S453,Variant,,"Lightweight and practical, the Sealtex® Bib has been designed to fit comfortably over work clothes. Welded seams ensure wind and rain are locked out, providing full protection against harsh elements.",https://d11ak7fd9ypfb7.cloudfront.net/styles1100px/S453NAR.jpg,,0.0,TRUE,InStock,0.574,,S453NARL,,,,Size,DROP_DOWN,L,Color,DROP_DOWN,Navy,,,,,,,,,,,,,Fit,<p>R</p>,Length,<p>65</p>,Width,<p>30</p>,Height,<p>50</p>,Box Quantity,<p>36</p>,Inner Pack Quantity,<p>1</p>,Country Of Origin,<p>MM</p>,Standards,<ul><li>EN 343:2019 Class 3:1 X  WP 5000mm</li></ul>,,,,
S453,Variant,,"Lightweight and practical, the Sealtex® Bib has been designed to fit comfortably over work clothes. Welded seams ensure wind and rain are locked out, providing full protection against harsh elements.",https://d11ak7fd9ypfb7.cloudfront.net/styles1100px/S453NAR.jpg,,0.0,TRUE,InStock,0.564,,S453NARM,,,,Size,DROP_DOWN,M,Color,DROP_DOWN,Navy,,,,,,,,,,,,,Fit,<p>R</p>,Length,<p>65</p>,Width,<p>30</p>,Height,<p>50</p>,Box Quantity,<p>36</p>,Inner Pack Quantity,<p>1</p>,Country Of Origin,<p>MM</p>,Standards,<ul><li>EN 343:2019 Class 3:1 X  WP 5000mm</li></ul>,,,,
S453,Variant,,"Lightweight and practical, the Sealtex® Bib has been designed to fit comfortably over work clothes. Welded seams ensure wind and rain are locked out, providing full protection against harsh elements.",https://d11ak7fd9ypfb7.cloudfront.net/styles1100px/S453NAR.jpg,,0.0,TRUE,InStock,0.584,,S453NARXL,,,,Size,DROP_DOWN,XL,Color,DROP_DOWN,Navy,,,,,,,,,,,,,Fit,<p>R</p>,Length,<p>65</p>,Width,<p>30</p>,Height,<p>50</p>,Box Quantity,<p>36</p>,Inner Pack Quantity,<p>1</p>,Country Of Origin,<p>MM</p>,Standards,<ul><li>EN 343:2019 Class 3:1 X  WP 5000mm</li></ul>,,,,
S453,Variant,,"Lightweight and practical, the Sealtex® Bib has been designed to fit comfortably over work clothes. Welded seams ensure wind and rain are locked out, providing full protection against harsh elements.",https://d11ak7fd9ypfb7.cloudfront.net/styles1100px/S453NAR.jpg,,0.0,TRUE,InStock,0.594,,S453NARXXL,,,,Size,DROP_DOWN,XXL,Color,DROP_DOWN,Navy,,,,,,,,,,,,,Fit,<p>R</p>,Length,<p>65</p>,Width,<p>30</p>,Height,<p>50</p>,Box Quantity,<p>36</p>,Inner Pack Quantity,<p>1</p>,Country Of Origin,<p>MM</p>,Standards,<ul><li>EN 343:2019 Class 3:1 X  WP 5000mm</li></ul>,,,,
S477,Product,S477 - Hi-Vis Short Sleeve Polo,Thoughtful details and a high quality construction mean our polo shirt is more comfortable and longer lasting than leading competitors. Ideal for warmer working conditions.,https://d11ak7fd9ypfb7.cloudfront.net/styles1100px/S477YER.jpg,18.7,0.0,TRUE,InStock,0.4,,S477YER4XL,,,,Size,DROP_DOWN,S;M;L;XL;XXL;XXXL;4XL;5XL;6XL;7XL,Color,DROP_DOWN,Yellow;Yellow Tall,,,,,,,,,,,,,Fit,<p>R</p>,Length,<p>55</p>,Width,<p>36</p>,Height,<p>40</p>,Box Quantity,<p>48</p>,Inner Pack Quantity,<p>1</p>,Country Of Origin,<p>BD</p>,Standards,<ul><li>EN ISO 20471 Class 2</li><li>ANSI/ISEA 107 TYPE R CLASS 2</li><li>AS 4602.1 Class D/N</li></ul>,,,,
S477,Variant,,Thoughtful details and a high quality construction mean our polo shirt is more comfortable and longer lasting than leading competitors. Ideal for warmer working conditions.,https://d11ak7fd9ypfb7.cloudfront.net/styles1100px/S477YER.jpg,,0.0,TRUE,InStock,0.4,,S477YER4XL,,,,Size,DROP_DOWN,4XL,Color,DROP_DOWN,Yellow,,,,,,,,,,,,,Fit,<p>R</p>,Length,<p>55</p>,Width,<p>36</p>,Height,<p>40</p>,Box Quantity,<p>48</p>,Inner Pack Quantity,<p>1</p>,Country Of Origin,<p>BD</p>,Standards,<ul><li>EN ISO 20471 Class 2</li><li>ANSI/ISEA 107 TYPE R CLASS 2</li><li>AS 4602.1 Class D/N</li></ul>,,,,
S477,Variant,,Thoughtful details and a high quality construction mean our polo shirt is more comfortable and longer lasting than leading competitors. Ideal for warmer working conditions.,https://d11ak7fd9ypfb7.cloudfront.net/styles1100px/S477YER.jpg,,0.0,TRUE,InStock,0.42,,S477YER5XL,,,,Size,DROP_DOWN,5XL,Color,DROP_DOWN,Yellow,,,,,,,,,,,,,Fit,<p>R</p>,Length,<p>55</p>,Width,<p>36</p>,Height,<p>40</p>,Box Quantity,<p>48</p>,Inner Pack Quantity,<p>1</p>,Country Of Origin,<p>BD</p>,Standards,<ul><li>EN ISO 20471 Class 2</li><li>ANSI/ISEA 107 TYPE R CLASS 2</li><li>AS 4602.1 Class D/N</li></ul>,,,,
S477,Variant,,Thoughtful details and a high quality construction mean our polo shirt is more comfortable and longer lasting than leading competitors. Ideal for warmer working conditions.,https://d11ak7fd9ypfb7.cloudfront.net/styles1100px/S477YER.jpg,,0.0,TRUE,InStock,0.44,,S477YER6XL,,,,Size,DROP_DOWN,6XL,Color,DROP_DOWN,Yellow,,,,,,,,,,,,,Fit,<p>R</p>,Length,<p>55</p>,Width,<p>36</p>,Height,<p>40</p>,Box Quantity,<p>48</p>,Inner Pack Quantity,<p>1</p>,Country Of Origin,<p>BD</p>,Standards,<ul><li>EN ISO 20471 Class 2</li><li>ANSI/ISEA 107 TYPE R CLASS 2</li><li>AS 4602.1 Class D/N</li></ul>,,,,
S477,Variant,,Thoughtful details and a high quality construction mean our polo shirt is more comfortable and longer lasting than leading competitors. Ideal for warmer working conditions.,https://d11ak7fd9ypfb7.cloudfront.net/styles1100px/S477YER.jpg,,0.0,TRUE,InStock,0.46,,S477YER7XL,,,,Size,DROP_DOWN,7XL,Color,DROP_DOWN,Yellow,,,,,,,,,,,,,Fit,<p>R</p>,Length,<p>55</p>,Width,<p>36</p>,Height,<p>40</p>,Box Quantity,<p>48</p>,Inner Pack Quantity,<p>1</p>,Country Of Origin,<p>BD</p>,Standards,<ul><li>EN ISO 20471 Class 2</li><li>ANSI/ISEA 107 TYPE R CLASS 2</li><li>AS 4602.1 Class D/N</li></ul>,,,,
S477,Variant,,Thoughtful details and a high quality construction mean our polo shirt is more comfortable and longer lasting than leading competitors. Ideal for warmer working conditions.,https://d11ak7fd9ypfb7.cloudfront.net/styles1100px/S477YER.jpg,,0.0,TRUE,InStock,0.32,,S477YERL,,,,Size,DROP_DOWN,L,Color,DROP_DOWN,Yellow,,,,,,,,,,,,,Fit,<p>R</p>,Length,<p>55</p>,Width,<p>36</p>,Height,<p>34</p>,Box Quantity,<p>48</p>,Inner Pack Quantity,<p>1</p>,Country Of Origin,<p>BD</p>,Standards,<ul><li>EN ISO 20471 Class 2</li><li>ANSI/ISEA 107 TYPE R CLASS 2</li><li>AS 4602.1 Class D/N</li></ul>,,,,
S477,Variant,,Thoughtful details and a high quality construction mean our polo shirt is more comfortable and longer lasting than leading competitors. Ideal for warmer working conditions.,https://d11ak7fd9ypfb7.cloudfront.net/styles1100px/S477YER.jpg,,0.0,TRUE,InStock,0.3,,S477YERM,,,,Size,DROP_DOWN,M,Color,DROP_DOWN,Yellow,,,,,,,,,,,,,Fit,<p>R</p>,Length,<p>55</p>,Width,<p>36</p>,Height,<p>34</p>,Box Quantity,<p>48</p>,Inner Pack Quantity,<p>1</p>,Country Of Origin,<p>BD</p>,Standards,<ul><li>EN ISO 20471 Class 2</li><li>ANSI/ISEA 107 TYPE R CLASS 2</li><li>AS 4602.1 Class D/N</li></ul>,,,,
S477,Variant,,Thoughtful details and a high quality construction mean our polo shirt is more comfortable and longer lasting than leading competitors. Ideal for warmer working conditions.,https://d11ak7fd9ypfb7.cloudfront.net/styles1100px/S477YER.jpg,,0.0,TRUE,InStock,0.28,,S477YERS,,,,Size,DROP_DOWN,S,Color,DROP_DOWN,Yellow,,,,,,,,,,,,,Fit,<p>R</p>,Length,<p>55</p>,Width,<p>36</p>,Height,<p>34</p>,Box Quantity,<p>48</p>,Inner Pack Quantity,<p>1</p>,Country Of Origin,<p>BD</p>,Standards,<ul><li>EN ISO 20471 Class 2</li><li>ANSI/ISEA 107 TYPE R CLASS 2</li><li>AS 4602.1 Class D/N</li></ul>,,,,
S477,Variant,,Thoughtful details and a high quality construction mean our polo shirt is more comfortable and longer lasting than leading competitors. Ideal for warmer working conditions.,https://d11ak7fd9ypfb7.cloudfront.net/styles1100px/S477YER.jpg,,0.0,TRUE,InStock,0.34,,S477YERXL,,,,Size,DROP_DOWN,XL,Color,DROP_DOWN,Yellow,,,,,,,,,,,,,Fit,<p>R</p>,Length,<p>55</p>,Width,<p>36</p>,Height,<p>40</p>,Box Quantity,<p>48</p>,Inner Pack Quantity,<p>1</p>,Country Of Origin,<p>BD</p>,Standards,<ul><li>EN ISO 20471 Class 2</li><li>ANSI/ISEA 107 TYPE R CLASS 2</li><li>AS 4602.1 Class D/N</li></ul>,,,,
S477,Variant,,Thoughtful details and a high quality construction mean our polo shirt is more comfortable and longer lasting than leading competitors. Ideal for warmer working conditions.,https://d11ak7fd9ypfb7.cloudfront.net/styles1100px/S477YER.jpg,,0.0,TRUE,InStock,0.36,,S477YERXXL,,,,Size,DROP_DOWN,XXL,Color,DROP_DOWN,Yellow,,,,,,,,,,,,,Fit,<p>R</p>,Length,<p>55</p>,Width,<p>36</p>,Height,<p>40</p>,Box Quantity,<p>48</p>,Inner Pack Quantity,<p>1</p>,Country Of Origin,<p>BD</p>,Standards,<ul><li>EN ISO 20471 Class 2</li><li>ANSI/ISEA 107 TYPE R CLASS 2</li><li>AS 4602.1 Class D/N</li></ul>,,,,
S477,Variant,,Thoughtful details and a high quality construction mean our polo shirt is more comfortable and longer lasting than leading competitors. Ideal for warmer working conditions.,https://d11ak7fd9ypfb7.cloudfront.net/styles1100px/S477YER.jpg,,0.0,TRUE,InStock,0.38,,S477YERXXXL,,,,Size,DROP_DOWN,XXXL,Color,DROP_DOWN,Yellow,,,,,,,,,,,,,Fit,<p>R</p>,Length,<p>55</p>,Width,<p>36</p>,Height,<p>40</p>,Box Quantity,<p>48</p>,Inner Pack Quantity,<p>1</p>,Country Of Origin,<p>BD</p>,Standards,<ul><li>EN ISO 20471 Class 2</li><li>ANSI/ISEA 107 TYPE R CLASS 2</li><li>AS 4602.1 Class D/N</li></ul>,,,,
S477,Variant,,Thoughtful details and a high quality construction mean our polo shirt is more comfortable and longer lasting than leading competitors. Ideal for warmer working conditions.,https://d11ak7fd9ypfb7.cloudfront.net/styles1100px/S477YET.jpg,,0.0,TRUE,InStock,0.999,,S477YET4XL,,,,Size,DROP_DOWN,4XL,Color,DROP_DOWN,Yellow Tall,,,,,,,,,,,,,Fit,<p>T</p>,Length,<p>55</p>,Width,<p>36</p>,Height,<p>40</p>,Box Quantity,<p>48</p>,Inner Pack Quantity,<p>1</p>,Country Of Origin,<p>BD</p>,Standards,<ul><li>EN ISO 20471 Class 2</li><li>ANSI/ISEA 107 TYPE R CLASS 2</li><li>AS 4602.1 Class D/N</li></ul>,,,,
S477,Variant,,Thoughtful details and a high quality construction mean our polo shirt is more comfortable and longer lasting than leading competitors. Ideal for warmer working conditions.,https://d11ak7fd9ypfb7.cloudfront.net/styles1100px/S477YET.jpg,,0.0,TRUE,InStock,0.999,,S477YET5XL,,,,Size,DROP_DOWN,5XL,Color,DROP_DOWN,Yellow Tall,,,,,,,,,,,,,Fit,<p>T</p>,Length,<p>55</p>,Width,<p>36</p>,Height,<p>40</p>,Box Quantity,<p>48</p>,Inner Pack Quantity,<p>1</p>,Country Of Origin,<p>BD</p>,Standards,<ul><li>EN ISO 20471 Class 2</li><li>ANSI/ISEA 107 TYPE R CLASS 2</li><li>AS 4602.1 Class D/N</li></ul>,,,,
S477,Variant,,Thoughtful details and a high quality construction mean our polo shirt is more comfortable and longer lasting than leading competitors. Ideal for warmer working conditions.,https://d11ak7fd9ypfb7.cloudfront.net/styles1100px/S477YET.jpg,,0.0,TRUE,InStock,0.999,,S477YET6XL,,,,Size,DROP_DOWN,6XL,Color,DROP_DOWN,Yellow Tall,,,,,,,,,,,,,Fit,<p>T</p>,Length,<p>55</p>,Width,<p>36</p>,Height,<p>40</p>,Box Quantity,<p>48</p>,Inner Pack Quantity,<p>1</p>,Country Of Origin,<p>BD</p>,Standards,<ul><li>EN ISO 20471 Class 2</li><li>ANSI/ISEA 107 TYPE R CLASS 2</li><li>AS 4602.1 Class D/N</li></ul>,,,,
S477,Variant,,Thoughtful details and a high quality construction mean our polo shirt is more comfortable and longer lasting than leading competitors. Ideal for warmer working conditions.,https://d11ak7fd9ypfb7.cloudfront.net/styles1100px/S477YET.jpg,,0.0,TRUE,InStock,0.999,,S477YET7XL,,,,Size,DROP_DOWN,7XL,Color,DROP_DOWN,Yellow Tall,,,,,,,,,,,,,Fit,<p>T</p>,Length,<p>55</p>,Width,<p>36</p>,Height,<p>40</p>,Box Quantity,<p>48</p>,Inner Pack Quantity,<p>1</p>,Country Of Origin,<p>BD</p>,Standards,<ul><li>EN ISO 20471 Class 2</li><li>ANSI/ISEA 107 TYPE R CLASS 2</li><li>AS 4602.1 Class D/N</li></ul>,,,,
S477,Variant,,Thoughtful details and a high quality construction mean our polo shirt is more comfortable and longer lasting than leading competitors. Ideal for warmer working conditions.,https://d11ak7fd9ypfb7.cloudfront.net/styles1100px/S477YET.jpg,,0.0,TRUE,InStock,0.999,,S477YETL,,,,Size,DROP_DOWN,L,Color,DROP_DOWN,Yellow Tall,,,,,,,,,,,,,Fit,<p>T</p>,Length,<p>55</p>,Width,<p>36</p>,Height,<p>34</p>,Box Quantity,<p>48</p>,Inner Pack Quantity,<p>1</p>,Country Of Origin,<p>BD</p>,Standards,<ul><li>EN ISO 20471 Class 2</li><li>ANSI/ISEA 107 TYPE R CLASS 2</li><li>AS 4602.1 Class D/N</li></ul>,,,,
S477,Variant,,Thoughtful details and a high quality construction mean our polo shirt is more comfortable and longer lasting than leading competitors. Ideal for warmer working conditions.,https://d11ak7fd9ypfb7.cloudfront.net/styles1100px/S477YET.jpg,,0.0,TRUE,InStock,0.999,,S477YETXL,,,,Size,DROP_DOWN,XL,Color,DROP_DOWN,Yellow Tall,,,,,,,,,,,,,Fit,<p>T</p>,Length,<p>55</p>,Width,<p>36</p>,Height,<p>34</p>,Box Quantity,<p>48</p>,Inner Pack Quantity,<p>1</p>,Country Of Origin,<p>BD</p>,Standards,<ul><li>EN ISO 20471 Class 2</li><li>ANSI/ISEA 107 TYPE R CLASS 2</li><li>AS 4602.1 Class D/N</li></ul>,,,,
S477,Variant,,Thoughtful details and a high quality construction mean our polo shirt is more comfortable and longer lasting than leading competitors. Ideal for warmer working conditions.,https://d11ak7fd9ypfb7.cloudfront.net/styles1100px/S477YET.jpg,,0.0,TRUE,InStock,0.999,,S477YETXXL,,,,Size,DROP_DOWN,XXL,Color,DROP_DOWN,Yellow Tall,,,,,,,,,,,,,Fit,<p>T</p>,Length,<p>55</p>,Width,<p>36</p>,Height,<p>40</p>,Box Quantity,<p>48</p>,Inner Pack Quantity,<p>1</p>,Country Of Origin,<p>BD</p>,Standards,<ul><li>EN ISO 20471 Class 2</li><li>ANSI/ISEA 107 TYPE R CLASS 2</li><li>AS 4602.1 Class D/N</li></ul>,,,,
S477,Variant,,Thoughtful details and a high quality construction mean our polo shirt is more comfortable and longer lasting than leading competitors. Ideal for warmer working conditions.,https://d11ak7fd9ypfb7.cloudfront.net/styles1100px/S477YET.jpg,,0.0,TRUE,InStock,0.999,,S477YETXXXL,,,,Size,DROP_DOWN,XXXL,Color,DROP_DOWN,Yellow Tall,,,,,,,,,,,,,Fit,<p>T</p>,Length,<p>55</p>,Width,<p>36</p>,Height,<p>40</p>,Box Quantity,<p>48</p>,Inner Pack Quantity,<p>1</p>,Country Of Origin,<p>BD</p>,Standards,<ul><li>EN ISO 20471 Class 2</li><li>ANSI/ISEA 107 TYPE R CLASS 2</li><li>AS 4602.1 Class D/N</li></ul>,,,,
S478,Product,S478 - Hi-Vis T-Shirt,"Keep cool in this high quality, value for money Hi-Vis T-Shirt. The lightweight sports-type fabric provides unbeatable wearer comfort and great ventilation on those hot summer days.",https://d11ak7fd9ypfb7.cloudfront.net/styles1100px/S478YER.jpg,15.4,0.0,TRUE,InStock,0.29,,S478YER4XL,,,,Size,DROP_DOWN,S;M;L;XL;XXL;XXXL;4XL;5XL;6XL,Color,DROP_DOWN,Yellow;Yellow Tall,,,,,,,,,,,,,Fit,<p>R</p>,Length,<p>43</p>,Width,<p>28</p>,Height,<p>52</p>,Box Quantity,<p>48</p>,Inner Pack Quantity,<p>1</p>,Country Of Origin,<p>BD</p>,Standards,<ul><li>EN ISO 20471 Class 2</li><li>ANSI/ISEA 107 TYPE R CLASS 2</li><li>AS 4602.1 Class D/N</li></ul>,,,,
S478,Variant,,"Keep cool in this high quality, value for money Hi-Vis T-Shirt. The lightweight sports-type fabric provides unbeatable wearer comfort and great ventilation on those hot summer days.",https://d11ak7fd9ypfb7.cloudfront.net/styles1100px/S478YER.jpg,,0.0,TRUE,InStock,0.29,,S478YER4XL,,,,Size,DROP_DOWN,4XL,Color,DROP_DOWN,Yellow,,,,,,,,,,,,,Fit,<p>R</p>,Length,<p>43</p>,Width,<p>28</p>,Height,<p>52</p>,Box Quantity,<p>48</p>,Inner Pack Quantity,<p>1</p>,Country Of Origin,<p>BD</p>,Standards,<ul><li>EN ISO 20471 Class 2</li><li>ANSI/ISEA 107 TYPE R CLASS 2</li><li>AS 4602.1 Class D/N</li></ul>,,,,
S478,Variant,,"Keep cool in this high quality, value for money Hi-Vis T-Shirt. The lightweight sports-type fabric provides unbeatable wearer comfort and great ventilation on those hot summer days.",https://d11ak7fd9ypfb7.cloudfront.net/styles1100px/S478YER.jpg,,0.0,TRUE,InStock,0.3,,S478YER5XL,,,,Size,DROP_DOWN,5XL,Color,DROP_DOWN,Yellow,,,,,,,,,,,,,Fit,<p>R</p>,Length,<p>48</p>,Width,<p>28</p>,Height,<p>52</p>,Box Quantity,<p>48</p>,Inner Pack Quantity,<p>1</p>,Country Of Origin,<p>BD</p>,Standards,<ul><li>EN ISO 20471 Class 2</li><li>ANSI/ISEA 107 TYPE R CLASS 2</li><li>AS 4602.1 Class D/N</li></ul>,,,,
S478,Variant,,"Keep cool in this high quality, value for money Hi-Vis T-Shirt. The lightweight sports-type fabric provides unbeatable wearer comfort and great ventilation on those hot summer days.",https://d11ak7fd9ypfb7.cloudfront.net/styles1100px/S478YER.jpg,,0.0,TRUE,InStock,0.31,,S478YER6XL,,,,Size,DROP_DOWN,6XL,Color,DROP_DOWN,Yellow,,,,,,,,,,,,,Fit,<p>R</p>,Length,<p>43</p>,Width,<p>28</p>,Height,<p>52</p>,Box Quantity,<p>48</p>,Inner Pack Quantity,<p>1</p>,Country Of Origin,<p>BD</p>,Standards,<ul><li>EN ISO 20471 Class 2</li><li>ANSI/ISEA 107 TYPE R CLASS 2</li><li>AS 4602.1 Class D/N</li></ul>,,,,
S478,Variant,,"Keep cool in this high quality, value for money Hi-Vis T-Shirt. The lightweight sports-type fabric provides unbeatable wearer comfort and great ventilation on those hot summer days.",https://d11ak7fd9ypfb7.cloudfront.net/styles1100px/S478YER.jpg,,0.0,TRUE,InStock,0.25,,S478YERL,,,,Size,DROP_DOWN,L,Color,DROP_DOWN,Yellow,,,,,,,,,,,,,Fit,<p>R</p>,Length,<p>43</p>,Width,<p>28</p>,Height,<p>46</p>,Box Quantity,<p>48</p>,Inner Pack Quantity,<p>1</p>,Country Of Origin,<p>BD</p>,Standards,<ul><li>EN ISO 20471 Class 2</li><li>ANSI/ISEA 107 TYPE R CLASS 2</li><li>AS 4602.1 Class D/N</li></ul>,,,,
S478,Variant,,"Keep cool in this high quality, value for money Hi-Vis T-Shirt. The lightweight sports-type fabric provides unbeatable wearer comfort and great ventilation on those hot summer days.",https://d11ak7fd9ypfb7.cloudfront.net/styles1100px/S478YER.jpg,,0.0,TRUE,InStock,0.24,,S478YERM,,,,Size,DROP_DOWN,M,Color,DROP_DOWN,Yellow,,,,,,,,,,,,,Fit,<p>R</p>,Length,<p>43</p>,Width,<p>28</p>,Height,<p>46</p>,Box Quantity,<p>48</p>,Inner Pack Quantity,<p>1</p>,Country Of Origin,<p>BD</p>,Standards,<ul><li>EN ISO 20471 Class 2</li><li>ANSI/ISEA 107 TYPE R CLASS 2</li><li>AS 4602.1 Class D/N</li></ul>,,,,
S478,Variant,,"Keep cool in this high quality, value for money Hi-Vis T-Shirt. The lightweight sports-type fabric provides unbeatable wearer comfort and great ventilation on those hot summer days.",https://d11ak7fd9ypfb7.cloudfront.net/styles1100px/S478YER.jpg,,0.0,TRUE,InStock,0.23,,S478YERS,,,,Size,DROP_DOWN,S,Color,DROP_DOWN,Yellow,,,,,,,,,,,,,Fit,<p>R</p>,Length,<p>43</p>,Width,<p>28</p>,Height,<p>46</p>,Box Quantity,<p>48</p>,Inner Pack Quantity,<p>1</p>,Country Of Origin,<p>BD</p>,Standards,<ul><li>EN ISO 20471 Class 2</li><li>ANSI/ISEA 107 TYPE R CLASS 2</li><li>AS 4602.1 Class D/N</li></ul>,,,,
S478,Variant,,"Keep cool in this high quality, value for money Hi-Vis T-Shirt. The lightweight sports-type fabric provides unbeatable wearer comfort and great ventilation on those hot summer days.",https://d11ak7fd9ypfb7.cloudfront.net/styles1100px/S478YER.jpg,,0.0,TRUE,InStock,0.268,,S478YERXL,,,,Size,DROP_DOWN,XL,Color,DROP_DOWN,Yellow,,,,,,,,,,,,,Fit,<p>R</p>,Length,<p>43</p>,Width,<p>28</p>,Height,<p>46</p>,Box Quantity,<p>48</p>,Inner Pack Quantity,<p>1</p>,Country Of Origin,<p>BD</p>,Standards,<ul><li>EN ISO 20471 Class 2</li><li>ANSI/ISEA 107 TYPE R CLASS 2</li><li>AS 4602.1 Class D/N</li></ul>,,,,
S478,Variant,,"Keep cool in this high quality, value for money Hi-Vis T-Shirt. The lightweight sports-type fabric provides unbeatable wearer comfort and great ventilation on those hot summer days.",https://d11ak7fd9ypfb7.cloudfront.net/styles1100px/S478YER.jpg,,0.0,TRUE,InStock,0.27,,S478YERXXL,,,,Size,DROP_DOWN,XXL,Color,DROP_DOWN,Yellow,,,,,,,,,,,,,Fit,<p>R</p>,Length,<p>43</p>,Width,<p>28</p>,Height,<p>52</p>,Box Quantity,<p>48</p>,Inner Pack Quantity,<p>1</p>,Country Of Origin,<p>BD</p>,Standards,<ul><li>EN ISO 20471 Class 2</li><li>ANSI/ISEA 107 TYPE R CLASS 2</li><li>AS 4602.1 Class D/N</li></ul>,,,,
S478,Variant,,"Keep cool in this high quality, value for money Hi-Vis T-Shirt. The lightweight sports-type fabric provides unbeatable wearer comfort and great ventilation on those hot summer days.",https://d11ak7fd9ypfb7.cloudfront.net/styles1100px/S478YER.jpg,,0.0,TRUE,InStock,0.28,,S478YERXXXL,,,,Size,DROP_DOWN,XXXL,Color,DROP_DOWN,Yellow,,,,,,,,,,,,,Fit,<p>R</p>,Length,<p>43</p>,Width,<p>28</p>,Height,<p>52</p>,Box Quantity,<p>48</p>,Inner Pack Quantity,<p>1</p>,Country Of Origin,<p>BD</p>,Standards,<ul><li>EN ISO 20471 Class 2</li><li>ANSI/ISEA 107 TYPE R CLASS 2</li><li>AS 4602.1 Class D/N</li></ul>,,,,
S478,Variant,,"Keep cool in this high quality, value for money Hi-Vis T-Shirt. The lightweight sports-type fabric provides unbeatable wearer comfort and great ventilation on those hot summer days.",https://d11ak7fd9ypfb7.cloudfront.net/styles1100px/S478YET.jpg,,0.0,TRUE,InStock,0.999,,S478YET4XL,,,,Size,DROP_DOWN,4XL,Color,DROP_DOWN,Yellow Tall,,,,,,,,,,,,,Fit,<p>T</p>,Length,<p>43</p>,Width,<p>28</p>,Height,<p>52</p>,Box Quantity,<p>48</p>,Inner Pack Quantity,<p>1</p>,Country Of Origin,<p>BD</p>,Standards,<ul><li>EN ISO 20471 Class 2</li><li>ANSI/ISEA 107 TYPE R CLASS 2</li><li>AS 4602.1 Class D/N</li></ul>,,,,
S478,Variant,,"Keep cool in this high quality, value for money Hi-Vis T-Shirt. The lightweight sports-type fabric provides unbeatable wearer comfort and great ventilation on those hot summer days.",https://d11ak7fd9ypfb7.cloudfront.net/styles1100px/S478YET.jpg,,0.0,TRUE,InStock,0.999,,S478YET5XL,,,,Size,DROP_DOWN,5XL,Color,DROP_DOWN,Yellow Tall,,,,,,,,,,,,,Fit,<p>T</p>,Length,<p>43</p>,Width,<p>28</p>,Height,<p>52</p>,Box Quantity,<p>48</p>,Inner Pack Quantity,<p>1</p>,Country Of Origin,<p>BD</p>,Standards,<ul><li>EN ISO 20471 Class 2</li><li>ANSI/ISEA 107 TYPE R CLASS 2</li><li>AS 4602.1 Class D/N</li></ul>,,,,
S478,Variant,,"Keep cool in this high quality, value for money Hi-Vis T-Shirt. The lightweight sports-type fabric provides unbeatable wearer comfort and great ventilation on those hot summer days.",https://d11ak7fd9ypfb7.cloudfront.net/styles1100px/S478YET.jpg,,0.0,TRUE,InStock,0.999,,S478YET6XL,,,,Size,DROP_DOWN,6XL,Color,DROP_DOWN,Yellow Tall,,,,,,,,,,,,,Fit,<p>T</p>,Length,<p>43</p>,Width,<p>28</p>,Height,<p>52</p>,Box Quantity,<p>48</p>,Inner Pack Quantity,<p>1</p>,Country Of Origin,<p>BD</p>,Standards,<ul><li>EN ISO 20471 Class 2</li><li>ANSI/ISEA 107 TYPE R CLASS 2</li><li>AS 4602.1 Class D/N</li></ul>,,,,
S478,Variant,,"Keep cool in this high quality, value for money Hi-Vis T-Shirt. The lightweight sports-type fabric provides unbeatable wearer comfort and great ventilation on those hot summer days.",https://d11ak7fd9ypfb7.cloudfront.net/styles1100px/S478YET.jpg,,0.0,TRUE,InStock,0.999,,S478YETL,,,,Size,DROP_DOWN,L,Color,DROP_DOWN,Yellow Tall,,,,,,,,,,,,,Fit,<p>T</p>,Length,<p>43</p>,Width,<p>28</p>,Height,<p>46</p>,Box Quantity,<p>48</p>,Inner Pack Quantity,<p>1</p>,Country Of Origin,<p>BD</p>,Standards,<ul><li>EN ISO 20471 Class 2</li><li>ANSI/ISEA 107 TYPE R CLASS 2</li><li>AS 4602.1 Class D/N</li></ul>,,,,
S478,Variant,,"Keep cool in this high quality, value for money Hi-Vis T-Shirt. The lightweight sports-type fabric provides unbeatable wearer comfort and great ventilation on those hot summer days.",https://d11ak7fd9ypfb7.cloudfront.net/styles1100px/S478YET.jpg,,0.0,TRUE,InStock,0.999,,S478YETXL,,,,Size,DROP_DOWN,XL,Color,DROP_DOWN,Yellow Tall,,,,,,,,,,,,,Fit,<p>T</p>,Length,<p>43</p>,Width,<p>28</p>,Height,<p>46</p>,Box Quantity,<p>48</p>,Inner Pack Quantity,<p>1</p>,Country Of Origin,<p>BD</p>,Standards,<ul><li>EN ISO 20471 Class 2</li><li>ANSI/ISEA 107 TYPE R CLASS 2</li><li>AS 4602.1 Class D/N</li></ul>,,,,
S478,Variant,,"Keep cool in this high quality, value for money Hi-Vis T-Shirt. The lightweight sports-type fabric provides unbeatable wearer comfort and great ventilation on those hot summer days.",https://d11ak7fd9ypfb7.cloudfront.net/styles1100px/S478YET.jpg,,0.0,TRUE,InStock,0.999,,S478YETXXL,,,,Size,DROP_DOWN,XXL,Color,DROP_DOWN,Yellow Tall,,,,,,,,,,,,,Fit,<p>T</p>,Length,<p>43</p>,Width,<p>28</p>,Height,<p>52</p>,Box Quantity,<p>48</p>,Inner Pack Quantity,<p>1</p>,Country Of Origin,<p>BD</p>,Standards,<ul><li>EN ISO 20471 Class 2</li><li>ANSI/ISEA 107 TYPE R CLASS 2</li><li>AS 4602.1 Class D/N</li></ul>,,,,
S478,Variant,,"Keep cool in this high quality, value for money Hi-Vis T-Shirt. The lightweight sports-type fabric provides unbeatable wearer comfort and great ventilation on those hot summer days.",https://d11ak7fd9ypfb7.cloudfront.net/styles1100px/S478YET.jpg,,0.0,TRUE,InStock,0.999,,S478YETXXXL,,,,Size,DROP_DOWN,XXXL,Color,DROP_DOWN,Yellow Tall,,,,,,,,,,,,,Fit,<p>T</p>,Length,<p>43</p>,Width,<p>28</p>,Height,<p>52</p>,Box Quantity,<p>48</p>,Inner Pack Quantity,<p>1</p>,Country Of Origin,<p>BD</p>,Standards,<ul><li>EN ISO 20471 Class 2</li><li>ANSI/ISEA 107 TYPE R CLASS 2</li><li>AS 4602.1 Class D/N</li></ul>,,,,
S479,Product,S479 - Two-Tone Polo,"Modern design, safety and wearer comfort are the main features of the S479. The two-tone contrast is perfect for warm, dirty environments when hi-vis protection is required.",https://d11ak7fd9ypfb7.cloudfront.net/styles1100px/S479ONR.jpg,19.4,0.0,TRUE,InStock,0.38,,S479ONR4XL,,,,Size,DROP_DOWN,S;M;L;XL;XXL;XXXL;4XL;5XL,Color,DROP_DOWN,Yellow/Navy;Orange/Navy;Yellow/Black,,,,,,,,,,,,,Fit,<p>R</p>,Length,<p>55</p>,Width,<p>36</p>,Height,<p>34</p>,Box Quantity,<p>48</p>,Inner Pack Quantity,<p>1</p>,Country Of Origin,<p>BD</p>,Standards,<ul><li>EN ISO 20471 Class 1</li><li>ANSI/ISEA 107 TYPE O CLASS 1</li></ul>,,,,
S479,Variant,,"Modern design, safety and wearer comfort are the main features of the S479. The two-tone contrast is perfect for warm, dirty environments when hi-vis protection is required.",https://d11ak7fd9ypfb7.cloudfront.net/styles1100px/S479ONR.jpg,,0.0,TRUE,InStock,0.38,,S479ONR4XL,,,,Size,DROP_DOWN,4XL,Color,DROP_DOWN,Orange/Navy,,,,,,,,,,,,,Fit,<p>R</p>,Length,<p>55</p>,Width,<p>36</p>,Height,<p>34</p>,Box Quantity,<p>48</p>,Inner Pack Quantity,<p>1</p>,Country Of Origin,<p>BD</p>,Standards,<ul><li>EN ISO 20471 Class 1</li><li>ANSI/ISEA 107 TYPE O CLASS 1</li></ul>,,,,
S479,Variant,,"Modern design, safety and wearer comfort are the main features of the S479. The two-tone contrast is perfect for warm, dirty environments when hi-vis protection is required.",https://d11ak7fd9ypfb7.cloudfront.net/styles1100px/S479ONR.jpg,,0.0,TRUE,InStock,0.3,,S479ONRL,,,,Size,DROP_DOWN,L,Color,DROP_DOWN,Orange/Navy,,,,,,,,,,,,,Fit,<p>R</p>,Length,<p>55</p>,Width,<p>36</p>,Height,<p>34</p>,Box Quantity,<p>48</p>,Inner Pack Quantity,<p>1</p>,Country Of Origin,<p>BD</p>,Standards,<ul><li>EN ISO 20471 Class 1</li><li>ANSI/ISEA 107 TYPE O CLASS 1</li></ul>,,,,
S479,Variant,,"Modern design, safety and wearer comfort are the main features of the S479. The two-tone contrast is perfect for warm, dirty environments when hi-vis protection is required.",https://d11ak7fd9ypfb7.cloudfront.net/styles1100px/S479ONR.jpg,,0.0,TRUE,InStock,0.28,,S479ONRM,,,,Size,DROP_DOWN,M,Color,DROP_DOWN,Orange/Navy,,,,,,,,,,,,,Fit,<p>R</p>,Length,<p>55</p>,Width,<p>36</p>,Height,<p>34</p>,Box Quantity,<p>48</p>,Inner Pack Quantity,<p>1</p>,Country Of Origin,<p>BD</p>,Standards,<ul><li>EN ISO 20471 Class 1</li><li>ANSI/ISEA 107 TYPE O CLASS 1</li></ul>,,,,
S479,Variant,,"Modern design, safety and wearer comfort are the main features of the S479. The two-tone contrast is perfect for warm, dirty environments when hi-vis protection is required.",https://d11ak7fd9ypfb7.cloudfront.net/styles1100px/S479ONR.jpg,,0.0,TRUE,InStock,0.26,,S479ONRS,,,,Size,DROP_DOWN,S,Color,DROP_DOWN,Orange/Navy,,,,,,,,,,,,,Fit,<p>R</p>,Length,<p>55</p>,Width,<p>36</p>,Height,<p>34</p>,Box Quantity,<p>48</p>,Inner Pack Quantity,<p>1</p>,Country Of Origin,<p>BD</p>,Standards,<ul><li>EN ISO 20471 Class 1</li><li>ANSI/ISEA 107 TYPE O CLASS 1</li></ul>,,,,
S479,Variant,,"Modern design, safety and wearer comfort are the main features of the S479. The two-tone contrast is perfect for warm, dirty environments when hi-vis protection is required.",https://d11ak7fd9ypfb7.cloudfront.net/styles1100px/S479ONR.jpg,,0.0,TRUE,InStock,0.32,,S479ONRXL,,,,Size,DROP_DOWN,XL,Color,DROP_DOWN,Orange/Navy,,,,,,,,,,,,,Fit,<p>R</p>,Length,<p>55</p>,Width,<p>36</p>,Height,<p>40</p>,Box Quantity,<p>48</p>,Inner Pack Quantity,<p>1</p>,Country Of Origin,<p>BD</p>,Standards,<ul><li>EN ISO 20471 Class 1</li><li>ANSI/ISEA 107 TYPE O CLASS 1</li></ul>,,,,
S479,Variant,,"Modern design, safety and wearer comfort are the main features of the S479. The two-tone contrast is perfect for warm, dirty environments when hi-vis protection is required.",https://d11ak7fd9ypfb7.cloudfront.net/styles1100px/S479ONR.jpg,,0.0,TRUE,InStock,0.34,,S479ONRXXL,,,,Size,DROP_DOWN,XXL,Color,DROP_DOWN,Orange/Navy,,,,,,,,,,,,,Fit,<p>R</p>,Length,<p>55</p>,Width,<p>36</p>,Height,<p>40</p>,Box Quantity,<p>48</p>,Inner Pack Quantity,<p>1</p>,Country Of Origin,<p>BD</p>,Standards,<ul><li>EN ISO 20471 Class 1</li><li>ANSI/ISEA 107 TYPE O CLASS 1</li></ul>,,,,
S479,Variant,,"Modern design, safety and wearer comfort are the main features of the S479. The two-tone contrast is perfect for warm, dirty environments when hi-vis protection is required.",https://d11ak7fd9ypfb7.cloudfront.net/styles1100px/S479ONR.jpg,,0.0,TRUE,InStock,0.36,,S479ONRXXXL,,,,Size,DROP_DOWN,XXXL,Color,DROP_DOWN,Orange/Navy,,,,,,,,,,,,,Fit,<p>R</p>,Length,<p>55</p>,Width,<p>36</p>,Height,<p>40</p>,Box Quantity,<p>48</p>,Inner Pack Quantity,<p>1</p>,Country Of Origin,<p>BD</p>,Standards,<ul><li>EN ISO 20471 Class 1</li><li>ANSI/ISEA 107 TYPE O CLASS 1</li></ul>,,,,
S479,Variant,,"Modern design, safety and wearer comfort are the main features of the S479. The two-tone contrast is perfect for warm, dirty environments when hi-vis protection is required.",https://d11ak7fd9ypfb7.cloudfront.net/styles1100px/S479YBR.jpg,,0.0,TRUE,InStock,0.38,,S479YBR4XL,,,,Size,DROP_DOWN,4XL,Color,DROP_DOWN,Yellow/Black,,,,,,,,,,,,,Fit,<p>R</p>,Length,<p>55</p>,Width,<p>36</p>,Height,<p>40</p>,Box Quantity,<p>48</p>,Inner Pack Quantity,<p>1</p>,Country Of Origin,<p>BD</p>,Standards,<ul><li>EN ISO 20471 Class 1</li><li>ANSI/ISEA 107 TYPE O CLASS 1</li></ul>,,,,
S479,Variant,,"Modern design, safety and wearer comfort are the main features of the S479. The two-tone contrast is perfect for warm, dirty environments when hi-vis protection is required.",https://d11ak7fd9ypfb7.cloudfront.net/styles1100px/S479YBR.jpg,,0.0,TRUE,InStock,0.33,,S479YBR5XL,,,,Size,DROP_DOWN,5XL,Color,DROP_DOWN,Yellow/Black,,,,,,,,,,,,,Fit,<p>R</p>,Length,<p>55</p>,Width,<p>36</p>,Height,<p>34</p>,Box Quantity,<p>48</p>,Inner Pack Quantity,<p>1</p>,Country Of Origin,<p>BD</p>,Standards,<ul><li>EN ISO 20471 Class 1</li><li>ANSI/ISEA 107 TYPE O CLASS 1</li></ul>,,,,
S479,Variant,,"Modern design, safety and wearer comfort are the main features of the S479. The two-tone contrast is perfect for warm, dirty environments when hi-vis protection is required.",https://d11ak7fd9ypfb7.cloudfront.net/styles1100px/S479YBR.jpg,,0.0,TRUE,InStock,0.3,,S479YBRL,,,,Size,DROP_DOWN,L,Color,DROP_DOWN,Yellow/Black,,,,,,,,,,,,,Fit,<p>R</p>,Length,<p>55</p>,Width,<p>36</p>,Height,<p>34</p>,Box Quantity,<p>48</p>,Inner Pack Quantity,<p>1</p>,Country Of Origin,<p>BD</p>,Standards,<ul><li>EN ISO 20471 Class 1</li><li>ANSI/ISEA 107 TYPE O CLASS 1</li></ul>,,,,
S479,Variant,,"Modern design, safety and wearer comfort are the main features of the S479. The two-tone contrast is perfect for warm, dirty environments when hi-vis protection is required.",https://d11ak7fd9ypfb7.cloudfront.net/styles1100px/S479YBR.jpg,,0.0,TRUE,InStock,0.28,,S479YBRM,,,,Size,DROP_DOWN,M,Color,DROP_DOWN,Yellow/Black,,,,,,,,,,,,,Fit,<p>R</p>,Length,<p>55</p>,Width,<p>36</p>,Height,<p>34</p>,Box Quantity,<p>48</p>,Inner Pack Quantity,<p>1</p>,Country Of Origin,<p>BD</p>,Standards,<ul><li>EN ISO 20471 Class 1</li><li>ANSI/ISEA 107 TYPE O CLASS 1</li></ul>,,,,
S479,Variant,,"Modern design, safety and wearer comfort are the main features of the S479. The two-tone contrast is perfect for warm, dirty environments when hi-vis protection is required.",https://d11ak7fd9ypfb7.cloudfront.net/styles1100px/S479YBR.jpg,,0.0,TRUE,InStock,0.26,,S479YBRS,,,,Size,DROP_DOWN,S,Color,DROP_DOWN,Yellow/Black,,,,,,,,,,,,,Fit,<p>R</p>,Length,<p>55</p>,Width,<p>36</p>,Height,<p>34</p>,Box Quantity,<p>48</p>,Inner Pack Quantity,<p>1</p>,Country Of Origin,<p>BD</p>,Standards,<ul><li>EN ISO 20471 Class 1</li><li>ANSI/ISEA 107 TYPE O CLASS 1</li></ul>,,,,
S479,Variant,,"Modern design, safety and wearer comfort are the main features of the S479. The two-tone contrast is perfect for warm, dirty environments when hi-vis protection is required.",https://d11ak7fd9ypfb7.cloudfront.net/styles1100px/S479YBR.jpg,,0.0,TRUE,InStock,0.32,,S479YBRXL,,,,Size,DROP_DOWN,XL,Color,DROP_DOWN,Yellow/Black,,,,,,,,,,,,,Fit,<p>R</p>,Length,<p>55</p>,Width,<p>36</p>,Height,<p>34</p>,Box Quantity,<p>48</p>,Inner Pack Quantity,<p>1</p>,Country Of Origin,<p>BD</p>,Standards,<ul><li>EN ISO 20471 Class 1</li><li>ANSI/ISEA 107 TYPE O CLASS 1</li></ul>,,,,
S479,Variant,,"Modern design, safety and wearer comfort are the main features of the S479. The two-tone contrast is perfect for warm, dirty environments when hi-vis protection is required.",https://d11ak7fd9ypfb7.cloudfront.net/styles1100px/S479YBR.jpg,,0.0,TRUE,InStock,0.34,,S479YBRXXL,,,,Size,DROP_DOWN,XXL,Color,DROP_DOWN,Yellow/Black,,,,,,,,,,,,,Fit,<p>R</p>,Length,<p>55</p>,Width,<p>36</p>,Height,<p>40</p>,Box Quantity,<p>48</p>,Inner Pack Quantity,<p>1</p>,Country Of Origin,<p>BD</p>,Standards,<ul><li>EN ISO 20471 Class 1</li><li>ANSI/ISEA 107 TYPE O CLASS 1</li></ul>,,,,
S479,Variant,,"Modern design, safety and wearer comfort are the main features of the S479. The two-tone contrast is perfect for warm, dirty environments when hi-vis protection is required.",https://d11ak7fd9ypfb7.cloudfront.net/styles1100px/S479YBR.jpg,,0.0,TRUE,InStock,0.36,,S479YBRXXXL,,,,Size,DROP_DOWN,XXXL,Color,DROP_DOWN,Yellow/Black,,,,,,,,,,,,,Fit,<p>R</p>,Length,<p>55</p>,Width,<p>36</p>,Height,<p>40</p>,Box Quantity,<p>48</p>,Inner Pack Quantity,<p>1</p>,Country Of Origin,<p>BD</p>,Standards,<ul><li>EN ISO 20471 Class 1</li><li>ANSI/ISEA 107 TYPE O CLASS 1</li></ul>,,,,
S479,Variant,,"Modern design, safety and wearer comfort are the main features of the S479. The two-tone contrast is perfect for warm, dirty environments when hi-vis protection is required.",https://d11ak7fd9ypfb7.cloudfront.net/styles1100px/S479YNR.jpg,,0.0,TRUE,InStock,0.38,,S479YNR4XL,,,,Size,DROP_DOWN,4XL,Color,DROP_DOWN,Yellow/Navy,,,,,,,,,,,,,Fit,<p>R</p>,Length,<p>55</p>,Width,<p>36</p>,Height,<p>40</p>,Box Quantity,<p>48</p>,Inner Pack Quantity,<p>1</p>,Country Of Origin,<p>BD</p>,Standards,<ul><li>EN ISO 20471 Class 1</li><li>ANSI/ISEA 107 TYPE O CLASS 1</li></ul>,,,,
S479,Variant,,"Modern design, safety and wearer comfort are the main features of the S479. The two-tone contrast is perfect for warm, dirty environments when hi-vis protection is required.",https://d11ak7fd9ypfb7.cloudfront.net/styles1100px/S479YNR.jpg,,0.0,TRUE,InStock,0.41,,S479YNR5XL,,,,Size,DROP_DOWN,5XL,Color,DROP_DOWN,Yellow/Navy,,,,,,,,,,,,,Fit,<p>R</p>,Length,<p>55</p>,Width,<p>36</p>,Height,<p>40</p>,Box Quantity,<p>48</p>,Inner Pack Quantity,<p>1</p>,Country Of Origin,<p>BD</p>,Standards,<ul><li>EN ISO 20471 Class 1</li><li>ANSI/ISEA 107 TYPE O CLASS 1</li></ul>,,,,
S479,Variant,,"Modern design, safety and wearer comfort are the main features of the S479. The two-tone contrast is perfect for warm, dirty environments when hi-vis protection is required.",https://d11ak7fd9ypfb7.cloudfront.net/styles1100px/S479YNR.jpg,,0.0,TRUE,InStock,0.34,,S479YNRL,,,,Size,DROP_DOWN,L,Color,DROP_DOWN,Yellow/Navy,,,,,,,,,,,,,Fit,<p>R</p>,Length,<p>55</p>,Width,<p>36</p>,Height,<p>34</p>,Box Quantity,<p>48</p>,Inner Pack Quantity,<p>1</p>,Country Of Origin,<p>BD</p>,Standards,<ul><li>EN ISO 20471 Class 1</li><li>ANSI/ISEA 107 TYPE O CLASS 1</li></ul>,,,,
S479,Variant,,"Modern design, safety and wearer comfort are the main features of the S479. The two-tone contrast is perfect for warm, dirty environments when hi-vis protection is required.",https://d11ak7fd9ypfb7.cloudfront.net/styles1100px/S479YNR.jpg,,0.0,TRUE,InStock,0.3,,S479YNRM,,,,Size,DROP_DOWN,M,Color,DROP_DOWN,Yellow/Navy,,,,,,,,,,,,,Fit,<p>R</p>,Length,<p>55</p>,Width,<p>36</p>,Height,<p>34</p>,Box Quantity,<p>48</p>,Inner Pack Quantity,<p>1</p>,Country Of Origin,<p>BD</p>,Standards,<ul><li>EN ISO 20471 Class 1</li><li>ANSI/ISEA 107 TYPE O CLASS 1</li></ul>,,,,
S479,Variant,,"Modern design, safety and wearer comfort are the main features of the S479. The two-tone contrast is perfect for warm, dirty environments when hi-vis protection is required.",https://d11ak7fd9ypfb7.cloudfront.net/styles1100px/S479YNR.jpg,,0.0,TRUE,InStock,0.26,,S479YNRS,,,,Size,DROP_DOWN,S,Color,DROP_DOWN,Yellow/Navy,,,,,,,,,,,,,Fit,<p>R</p>,Length,<p>55</p>,Width,<p>36</p>,Height,<p>34</p>,Box Quantity,<p>48</p>,Inner Pack Quantity,<p>1</p>,Country Of Origin,<p>BD</p>,Standards,<ul><li>EN ISO 20471 Class 1</li><li>ANSI/ISEA 107 TYPE O CLASS 1</li></ul>,,,,
S479,Variant,,"Modern design, safety and wearer comfort are the main features of the S479. The two-tone contrast is perfect for warm, dirty environments when hi-vis protection is required.",https://d11ak7fd9ypfb7.cloudfront.net/styles1100px/S479YNR.jpg,,0.0,TRUE,InStock,0.32,,S479YNRXL,,,,Size,DROP_DOWN,XL,Color,DROP_DOWN,Yellow/Navy,,,,,,,,,,,,,Fit,<p>R</p>,Length,<p>55</p>,Width,<p>36</p>,Height,<p>40</p>,Box Quantity,<p>48</p>,Inner Pack Quantity,<p>1</p>,Country Of Origin,<p>BD</p>,Standards,<ul><li>EN ISO 20471 Class 1</li><li>ANSI/ISEA 107 TYPE O CLASS 1</li></ul>,,,,
S479,Variant,,"Modern design, safety and wearer comfort are the main features of the S479. The two-tone contrast is perfect for warm, dirty environments when hi-vis protection is required.",https://d11ak7fd9ypfb7.cloudfront.net/styles1100px/S479YNR.jpg,,0.0,TRUE,InStock,0.34,,S479YNRXXL,,,,Size,DROP_DOWN,XXL,Color,DROP_DOWN,Yellow/Navy,,,,,,,,,,,,,Fit,<p>R</p>,Length,<p>55</p>,Width,<p>36</p>,Height,<p>40</p>,Box Quantity,<p>48</p>,Inner Pack Quantity,<p>1</p>,Country Of Origin,<p>BD</p>,Standards,<ul><li>EN ISO 20471 Class 1</li><li>ANSI/ISEA 107 TYPE O CLASS 1</li></ul>,,,,
S479,Variant,,"Modern design, safety and wearer comfort are the main features of the S479. The two-tone contrast is perfect for warm, dirty environments when hi-vis protection is required.",https://d11ak7fd9ypfb7.cloudfront.net/styles1100px/S479YNR.jpg,,0.0,TRUE,InStock,0.35,,S479YNRXXXL,,,,Size,DROP_DOWN,XXXL,Color,DROP_DOWN,Yellow/Navy,,,,,,,,,,,,,Fit,<p>R</p>,Length,<p>55</p>,Width,<p>36</p>,Height,<p>40</p>,Box Quantity,<p>48</p>,Inner Pack Quantity,<p>1</p>,Country Of Origin,<p>BD</p>,Standards,<ul><li>EN ISO 20471 Class 1</li><li>ANSI/ISEA 107 TYPE O CLASS 1</li></ul>,,,,
S480,Product,S480 - Hi-Vis Traffic Pants,These pants are designed to keep the wind and rain out as well as offering the best specification in the industry. An elasticated waist and adjustable snap hem make this garment a popular and comfortable choice with our customers.,https://d11ak7fd9ypfb7.cloudfront.net/styles1100px/S480ORR.jpg,21.9,0.0,TRUE,InStock,0.39,,S480ORRL,,,,Size,DROP_DOWN,S;M;L;XL;XXL;XXXL;4XL;5XL;6XL,Color,DROP_DOWN,Yellow;Orange,,,,,,,,,,,,,Fit,<p>R</p>,Length,<p>43</p>,Width,<p>28</p>,Height,<p>35</p>,Box Quantity,<p>24</p>,Inner Pack Quantity,<p>1</p>,Country Of Origin,<p>MM</p>,Standards,<ul><li>VN605153000</li><li>EN ISO 20471 Class 1</li><li>AS/NZS 1906.4</li><li>ANSI/ISEA 107 SUPPLEMENTAL CLASS E</li><li>RIS-3279-TOM  ISSUE 1 (ORANGE ONLY)</li><li>EN 343:2019 Class 3:1 X  WP 15000mm</li></ul>,,,,
S480,Variant,,These pants are designed to keep the wind and rain out as well as offering the best specification in the industry. An elasticated waist and adjustable snap hem make this garment a popular and comfortable choice with our customers.,https://d11ak7fd9ypfb7.cloudfront.net/styles1100px/S480ORR.jpg,,0.0,TRUE,InStock,0.39,,S480ORRL,,,,Size,DROP_DOWN,L,Color,DROP_DOWN,Orange,,,,,,,,,,,,,Fit,<p>R</p>,Length,<p>43</p>,Width,<p>28</p>,Height,<p>35</p>,Box Quantity,<p>24</p>,Inner Pack Quantity,<p>1</p>,Country Of Origin,<p>MM</p>,Standards,<ul><li>VN605153000</li><li>EN ISO 20471 Class 1</li><li>AS/NZS 1906.4</li><li>ANSI/ISEA 107 SUPPLEMENTAL CLASS E</li><li>RIS-3279-TOM  ISSUE 1 (ORANGE ONLY)</li><li>EN 343:2019 Class 3:1 X  WP 15000mm</li></ul>,,,,
S480,Variant,,These pants are designed to keep the wind and rain out as well as offering the best specification in the industry. An elasticated waist and adjustable snap hem make this garment a popular and comfortable choice with our customers.,https://d11ak7fd9ypfb7.cloudfront.net/styles1100px/S480ORR.jpg,,0.0,TRUE,InStock,0.38,,S480ORRM,,,,Size,DROP_DOWN,M,Color,DROP_DOWN,Orange,,,,,,,,,,,,,Fit,<p>R</p>,Length,<p>43</p>,Width,<p>28</p>,Height,<p>35</p>,Box Quantity,<p>24</p>,Inner Pack Quantity,<p>1</p>,Country Of Origin,<p>MM</p>,Standards,<ul><li>VN605153000</li><li>EN ISO 20471 Class 1</li><li>AS/NZS 1906.4</li><li>ANSI/ISEA 107 SUPPLEMENTAL CLASS E</li><li>RIS-3279-TOM  ISSUE 1 (ORANGE ONLY)</li><li>EN 343:2019 Class 3:1 X  WP 15000mm</li></ul>,,,,
S480,Variant,,These pants are designed to keep the wind and rain out as well as offering the best specification in the industry. An elasticated waist and adjustable snap hem make this garment a popular and comfortable choice with our customers.,https://d11ak7fd9ypfb7.cloudfront.net/styles1100px/S480ORR.jpg,,0.0,TRUE,InStock,0.37,,S480ORRS,,,,Size,DROP_DOWN,S,Color,DROP_DOWN,Orange,,,,,,,,,,,,,Fit,<p>R</p>,Length,<p>43</p>,Width,<p>28</p>,Height,<p>35</p>,Box Quantity,<p>24</p>,Inner Pack Quantity,<p>1</p>,Country Of Origin,<p>MM</p>,Standards,<ul><li>VN605153000</li><li>EN ISO 20471 Class 1</li><li>AS/NZS 1906.4</li><li>ANSI/ISEA 107 SUPPLEMENTAL CLASS E</li><li>RIS-3279-TOM  ISSUE 1 (ORANGE ONLY)</li><li>EN 343:2019 Class 3:1 X  WP 15000mm</li></ul>,,,,
S480,Variant,,These pants are designed to keep the wind and rain out as well as offering the best specification in the industry. An elasticated waist and adjustable snap hem make this garment a popular and comfortable choice with our customers.,https://d11ak7fd9ypfb7.cloudfront.net/styles1100px/S480ORR.jpg,,0.0,TRUE,InStock,0.4,,S480ORRXL,,,,Size,DROP_DOWN,XL,Color,DROP_DOWN,Orange,,,,,,,,,,,,,Fit,<p>R</p>,Length,<p>43</p>,Width,<p>28</p>,Height,<p>35</p>,Box Quantity,<p>24</p>,Inner Pack Quantity,<p>1</p>,Country Of Origin,<p>MM</p>,Standards,<ul><li>VN605153000</li><li>EN ISO 20471 Class 1</li><li>AS/NZS 1906.4</li><li>ANSI/ISEA 107 SUPPLEMENTAL CLASS E</li><li>RIS-3279-TOM  ISSUE 1 (ORANGE ONLY)</li><li>EN 343:2019 Class 3:1 X  WP 15000mm</li></ul>,,,,
S480,Variant,,These pants are designed to keep the wind and rain out as well as offering the best specification in the industry. An elasticated waist and adjustable snap hem make this garment a popular and comfortable choice with our customers.,https://d11ak7fd9ypfb7.cloudfront.net/styles1100px/S480ORR.jpg,,0.0,TRUE,InStock,0.41,,S480ORRXXL,,,,Size,DROP_DOWN,XXL,Color,DROP_DOWN,Orange,,,,,,,,,,,,,Fit,<p>R</p>,Length,<p>43</p>,Width,<p>28</p>,Height,<p>35</p>,Box Quantity,<p>24</p>,Inner Pack Quantity,<p>1</p>,Country Of Origin,<p>MM</p>,Standards,<ul><li>VN605153000</li><li>EN ISO 20471 Class 1</li><li>AS/NZS 1906.4</li><li>ANSI/ISEA 107 SUPPLEMENTAL CLASS E</li><li>RIS-3279-TOM  ISSUE 1 (ORANGE ONLY)</li><li>EN 343:2019 Class 3:1 X  WP 15000mm</li></ul>,,,,
S480,Variant,,These pants are designed to keep the wind and rain out as well as offering the best specification in the industry. An elasticated waist and adjustable snap hem make this garment a popular and comfortable choice with our customers.,https://d11ak7fd9ypfb7.cloudfront.net/styles1100px/S480ORR.jpg,,0.0,TRUE,InStock,0.42,,S480ORRXXXL,,,,Size,DROP_DOWN,XXXL,Color,DROP_DOWN,Orange,,,,,,,,,,,,,Fit,<p>R</p>,Length,<p>43</p>,Width,<p>28</p>,Height,<p>35</p>,Box Quantity,<p>24</p>,Inner Pack Quantity,<p>1</p>,Country Of Origin,<p>MM</p>,Standards,<ul><li>VN605153000</li><li>EN ISO 20471 Class 1</li><li>AS/NZS 1906.4</li><li>ANSI/ISEA 107 SUPPLEMENTAL CLASS E</li><li>RIS-3279-TOM  ISSUE 1 (ORANGE ONLY)</li><li>EN 343:2019 Class 3:1 X  WP 15000mm</li></ul>,,,,
S480,Variant,,These pants are designed to keep the wind and rain out as well as offering the best specification in the industry. An elasticated waist and adjustable snap hem make this garment a popular and comfortable choice with our customers.,https://d11ak7fd9ypfb7.cloudfront.net/styles1100px/S480YER.jpg,,0.0,TRUE,InStock,0.43,,S480YER4XL,,,,Size,DROP_DOWN,4XL,Color,DROP_DOWN,Yellow,,,,,,,,,,,,,Fit,<p>R</p>,Length,<p>43</p>,Width,<p>28</p>,Height,<p>35</p>,Box Quantity,<p>24</p>,Inner Pack Quantity,<p>1</p>,Country Of Origin,<p>MM</p>,Standards,<ul><li>VN605153000</li><li>EN ISO 20471 Class 1</li><li>AS/NZS 1906.4</li><li>ANSI/ISEA 107 SUPPLEMENTAL CLASS E</li><li>RIS-3279-TOM  ISSUE 1 (ORANGE ONLY)</li><li>EN 343:2019 Class 3:1 X  WP 15000mm</li></ul>,,,,
S480,Variant,,These pants are designed to keep the wind and rain out as well as offering the best specification in the industry. An elasticated waist and adjustable snap hem make this garment a popular and comfortable choice with our customers.,https://d11ak7fd9ypfb7.cloudfront.net/styles1100px/S480YER.jpg,,0.0,TRUE,InStock,0.44,,S480YER5XL,,,,Size,DROP_DOWN,5XL,Color,DROP_DOWN,Yellow,,,,,,,,,,,,,Fit,<p>R</p>,Length,<p>43</p>,Width,<p>28</p>,Height,<p>35</p>,Box Quantity,<p>24</p>,Inner Pack Quantity,<p>1</p>,Country Of Origin,<p>MM</p>,Standards,<ul><li>VN605153000</li><li>EN ISO 20471 Class 1</li><li>AS/NZS 1906.4</li><li>ANSI/ISEA 107 SUPPLEMENTAL CLASS E</li><li>RIS-3279-TOM  ISSUE 1 (ORANGE ONLY)</li><li>EN 343:2019 Class 3:1 X  WP 15000mm</li></ul>,,,,
S480,Variant,,These pants are designed to keep the wind and rain out as well as offering the best specification in the industry. An elasticated waist and adjustable snap hem make this garment a popular and comfortable choice with our customers.,https://d11ak7fd9ypfb7.cloudfront.net/styles1100px/S480YER.jpg,,0.0,TRUE,InStock,0.45,,S480YER6XL,,,,Size,DROP_DOWN,6XL,Color,DROP_DOWN,Yellow,,,,,,,,,,,,,Fit,<p>R</p>,Length,<p>43</p>,Width,<p>28</p>,Height,<p>35</p>,Box Quantity,<p>24</p>,Inner Pack Quantity,<p>1</p>,Country Of Origin,<p>MM</p>,Standards,<ul><li>VN605153000</li><li>EN ISO 20471 Class 1</li><li>AS/NZS 1906.4</li><li>ANSI/ISEA 107 SUPPLEMENTAL CLASS E</li><li>RIS-3279-TOM  ISSUE 1 (ORANGE ONLY)</li><li>EN 343:2019 Class 3:1 X  WP 15000mm</li></ul>,,,,
S480,Variant,,These pants are designed to keep the wind and rain out as well as offering the best specification in the industry. An elasticated waist and adjustable snap hem make this garment a popular and comfortable choice with our customers.,https://d11ak7fd9ypfb7.cloudfront.net/styles1100px/S480YER.jpg,,0.0,TRUE,InStock,0.39,,S480YERL,,,,Size,DROP_DOWN,L,Color,DROP_DOWN,Yellow,,,,,,,,,,,,,Fit,<p>R</p>,Length,<p>43</p>,Width,<p>28</p>,Height,<p>35</p>,Box Quantity,<p>24</p>,Inner Pack Quantity,<p>1</p>,Country Of Origin,<p>MM</p>,Standards,<ul><li>VN605153000</li><li>EN ISO 20471 Class 1</li><li>AS/NZS 1906.4</li><li>ANSI/ISEA 107 SUPPLEMENTAL CLASS E</li><li>RIS-3279-TOM  ISSUE 1 (ORANGE ONLY)</li><li>EN 343:2019 Class 3:1 X  WP 15000mm</li></ul>,,,,
S480,Variant,,These pants are designed to keep the wind and rain out as well as offering the best specification in the industry. An elasticated waist and adjustable snap hem make this garment a popular and comfortable choice with our customers.,https://d11ak7fd9ypfb7.cloudfront.net/styles1100px/S480YER.jpg,,0.0,TRUE,InStock,0.38,,S480YERM,,,,Size,DROP_DOWN,M,Color,DROP_DOWN,Yellow,,,,,,,,,,,,,Fit,<p>R</p>,Length,<p>43</p>,Width,<p>28</p>,Height,<p>35</p>,Box Quantity,<p>24</p>,Inner Pack Quantity,<p>1</p>,Country Of Origin,<p>MM</p>,Standards,<ul><li>VN605153000</li><li>EN ISO 20471 Class 1</li><li>AS/NZS 1906.4</li><li>ANSI/ISEA 107 SUPPLEMENTAL CLASS E</li><li>RIS-3279-TOM  ISSUE 1 (ORANGE ONLY)</li><li>EN 343:2019 Class 3:1 X  WP 15000mm</li></ul>,,,,
S480,Variant,,These pants are designed to keep the wind and rain out as well as offering the best specification in the industry. An elasticated waist and adjustable snap hem make this garment a popular and comfortable choice with our customers.,https://d11ak7fd9ypfb7.cloudfront.net/styles1100px/S480YER.jpg,,0.0,TRUE,InStock,0.37,,S480YERS,,,,Size,DROP_DOWN,S,Color,DROP_DOWN,Yellow,,,,,,,,,,,,,Fit,<p>R</p>,Length,<p>43</p>,Width,<p>28</p>,Height,<p>35</p>,Box Quantity,<p>24</p>,Inner Pack Quantity,<p>1</p>,Country Of Origin,<p>MM</p>,Standards,<ul><li>VN605153000</li><li>EN ISO 20471 Class 1</li><li>AS/NZS 1906.4</li><li>ANSI/ISEA 107 SUPPLEMENTAL CLASS E</li><li>RIS-3279-TOM  ISSUE 1 (ORANGE ONLY)</li><li>EN 343:2019 Class 3:1 X  WP 15000mm</li></ul>,,,,
S480,Variant,,These pants are designed to keep the wind and rain out as well as offering the best specification in the industry. An elasticated waist and adjustable snap hem make this garment a popular and comfortable choice with our customers.,https://d11ak7fd9ypfb7.cloudfront.net/styles1100px/S480YER.jpg,,0.0,TRUE,InStock,0.4,,S480YERXL,,,,Size,DROP_DOWN,XL,Color,DROP_DOWN,Yellow,,,,,,,,,,,,,Fit,<p>R</p>,Length,<p>43</p>,Width,<p>28</p>,Height,<p>35</p>,Box Quantity,<p>24</p>,Inner Pack Quantity,<p>1</p>,Country Of Origin,<p>MM</p>,Standards,<ul><li>VN605153000</li><li>EN ISO 20471 Class 1</li><li>AS/NZS 1906.4</li><li>ANSI/ISEA 107 SUPPLEMENTAL CLASS E</li><li>RIS-3279-TOM  ISSUE 1 (ORANGE ONLY)</li><li>EN 343:2019 Class 3:1 X  WP 15000mm</li></ul>,,,,
S480,Variant,,These pants are designed to keep the wind and rain out as well as offering the best specification in the industry. An elasticated waist and adjustable snap hem make this garment a popular and comfortable choice with our customers.,https://d11ak7fd9ypfb7.cloudfront.net/styles1100px/S480YER.jpg,,0.0,TRUE,InStock,0.41,,S480YERXXL,,,,Size,DROP_DOWN,XXL,Color,DROP_DOWN,Yellow,,,,,,,,,,,,,Fit,<p>R</p>,Length,<p>43</p>,Width,<p>28</p>,Height,<p>35</p>,Box Quantity,<p>24</p>,Inner Pack Quantity,<p>1</p>,Country Of Origin,<p>MM</p>,Standards,<ul><li>VN605153000</li><li>EN ISO 20471 Class 1</li><li>AS/NZS 1906.4</li><li>ANSI/ISEA 107 SUPPLEMENTAL CLASS E</li><li>RIS-3279-TOM  ISSUE 1 (ORANGE ONLY)</li><li>EN 343:2019 Class 3:1 X  WP 15000mm</li></ul>,,,,
S480,Variant,,These pants are designed to keep the wind and rain out as well as offering the best specification in the industry. An elasticated waist and adjustable snap hem make this garment a popular and comfortable choice with our customers.,https://d11ak7fd9ypfb7.cloudfront.net/styles1100px/S480YER.jpg,,0.0,TRUE,InStock,0.42,,S480YERXXXL,,,,Size,DROP_DOWN,XXXL,Color,DROP_DOWN,Yellow,,,,,,,,,,,,,Fit,<p>R</p>,Length,<p>43</p>,Width,<p>28</p>,Height,<p>35</p>,Box Quantity,<p>24</p>,Inner Pack Quantity,<p>1</p>,Country Of Origin,<p>MM</p>,Standards,<ul><li>VN605153000</li><li>EN ISO 20471 Class 1</li><li>AS/NZS 1906.4</li><li>ANSI/ISEA 107 SUPPLEMENTAL CLASS E</li><li>RIS-3279-TOM  ISSUE 1 (ORANGE ONLY)</li><li>EN 343:2019 Class 3:1 X  WP 15000mm</li></ul>,,,,
S481,Product,S481 - Iona Lite Pants,"Generously sized and styled, the Iona™ Lite Pant is designed to be worn over work pants to keep you dry and act as a chillproof layer. The addition of reflective tape increases wearer visibility and the pass through pockets mean that you can still get to items in your under-pant pockets. Sealed waterproof seams ensure a complete barrier against wind and rain.",https://d11ak7fd9ypfb7.cloudfront.net/styles1100px/S481BKR.jpg,23.9,0.0,TRUE,InStock,0.38,All Weather;Pants,S481BKRL,,,,Size,DROP_DOWN,S;M;L;XL;XXL;XXXL,Color,DROP_DOWN,Navy;Black,,,,,,,,,,,,,Fit,<p>R</p>,Length,<p>43</p>,Width,<p>28</p>,Height,<p>35</p>,Box Quantity,<p>24</p>,Inner Pack Quantity,<p>1</p>,Country Of Origin,<p>MM</p>,Standards,<ul><li>EN 343:2019 Class 3:1 X  WP 15000mm MVP 960g/m2/24hr</li></ul>,,,,
S481,Variant,,"Generously sized and styled, the Iona™ Lite Pant is designed to be worn over work pants to keep you dry and act as a chillproof layer. The addition of reflective tape increases wearer visibility and the pass through pockets mean that you can still get to items in your under-pant pockets. Sealed waterproof seams ensure a complete barrier against wind and rain.",https://d11ak7fd9ypfb7.cloudfront.net/styles1100px/S481BKR.jpg,,0.0,TRUE,InStock,0.38,,S481BKRL,,,,Size,DROP_DOWN,L,Color,DROP_DOWN,Black,,,,,,,,,,,,,Fit,<p>R</p>,Length,<p>43</p>,Width,<p>28</p>,Height,<p>35</p>,Box Quantity,<p>24</p>,Inner Pack Quantity,<p>1</p>,Country Of Origin,<p>MM</p>,Standards,<ul><li>EN 343:2019 Class 3:1 X  WP 15000mm MVP 960g/m2/24hr</li></ul>,,,,
S481,Variant,,"Generously sized and styled, the Iona™ Lite Pant is designed to be worn over work pants to keep you dry and act as a chillproof layer. The addition of reflective tape increases wearer visibility and the pass through pockets mean that you can still get to items in your under-pant pockets. Sealed waterproof seams ensure a complete barrier against wind and rain.",https://d11ak7fd9ypfb7.cloudfront.net/styles1100px/S481BKR.jpg,,0.0,TRUE,InStock,0.36,,S481BKRM,,,,Size,DROP_DOWN,M,Color,DROP_DOWN,Black,,,,,,,,,,,,,Fit,<p>R</p>,Length,<p>43</p>,Width,<p>28</p>,Height,<p>35</p>,Box Quantity,<p>24</p>,Inner Pack Quantity,<p>1</p>,Country Of Origin,<p>MM</p>,Standards,<ul><li>EN 343:2019 Class 3:1 X  WP 15000mm MVP 960g/m2/24hr</li></ul>,,,,
S481,Variant,,"Generously sized and styled, the Iona™ Lite Pant is designed to be worn over work pants to keep you dry and act as a chillproof layer. The addition of reflective tape increases wearer visibility and the pass through pockets mean that you can still get to items in your under-pant pockets. Sealed waterproof seams ensure a complete barrier against wind and rain.",https://d11ak7fd9ypfb7.cloudfront.net/styles1100px/S481BKR.jpg,,0.0,TRUE,InStock,0.34,,S481BKRS,,,,Size,DROP_DOWN,S,Color,DROP_DOWN,Black,,,,,,,,,,,,,Fit,<p>R</p>,Length,<p>43</p>,Width,<p>28</p>,Height,<p>35</p>,Box Quantity,<p>24</p>,Inner Pack Quantity,<p>1</p>,Country Of Origin,<p>MM</p>,Standards,<ul><li>EN 343:2019 Class 3:1 X  WP 15000mm MVP 960g/m2/24hr</li></ul>,,,,
S481,Variant,,"Generously sized and styled, the Iona™ Lite Pant is designed to be worn over work pants to keep you dry and act as a chillproof layer. The addition of reflective tape increases wearer visibility and the pass through pockets mean that you can still get to items in your under-pant pockets. Sealed waterproof seams ensure a complete barrier against wind and rain.",https://d11ak7fd9ypfb7.cloudfront.net/styles1100px/S481BKR.jpg,,0.0,TRUE,InStock,0.4,,S481BKRXL,,,,Size,DROP_DOWN,XL,Color,DROP_DOWN,Black,,,,,,,,,,,,,Fit,<p>R</p>,Length,<p>43</p>,Width,<p>28</p>,Height,<p>35</p>,Box Quantity,<p>24</p>,Inner Pack Quantity,<p>1</p>,Country Of Origin,<p>MM</p>,Standards,<ul><li>EN 343:2019 Class 3:1 X  WP 15000mm MVP 960g/m2/24hr</li></ul>,,,,
S481,Variant,,"Generously sized and styled, the Iona™ Lite Pant is designed to be worn over work pants to keep you dry and act as a chillproof layer. The addition of reflective tape increases wearer visibility and the pass through pockets mean that you can still get to items in your under-pant pockets. Sealed waterproof seams ensure a complete barrier against wind and rain.",https://d11ak7fd9ypfb7.cloudfront.net/styles1100px/S481BKR.jpg,,0.0,TRUE,InStock,0.42,,S481BKRXXL,,,,Size,DROP_DOWN,XXL,Color,DROP_DOWN,Black,,,,,,,,,,,,,Fit,<p>R</p>,Length,<p>43</p>,Width,<p>28</p>,Height,<p>35</p>,Box Quantity,<p>24</p>,Inner Pack Quantity,<p>1</p>,Country Of Origin,<p>MM</p>,Standards,<ul><li>EN 343:2019 Class 3:1 X  WP 15000mm MVP 960g/m2/24hr</li></ul>,,,,
S481,Variant,,"Generously sized and styled, the Iona™ Lite Pant is designed to be worn over work pants to keep you dry and act as a chillproof layer. The addition of reflective tape increases wearer visibility and the pass through pockets mean that you can still get to items in your under-pant pockets. Sealed waterproof seams ensure a complete barrier against wind and rain.",https://d11ak7fd9ypfb7.cloudfront.net/styles1100px/S481BKR.jpg,,0.0,TRUE,InStock,0.4,,S481BKRXXXL,,,,Size,DROP_DOWN,XXXL,Color,DROP_DOWN,Black,,,,,,,,,,,,,Fit,<p>R</p>,Length,<p>43</p>,Width,<p>28</p>,Height,<p>35</p>,Box Quantity,<p>24</p>,Inner Pack Quantity,<p>1</p>,Country Of Origin,<p>MM</p>,Standards,<ul><li>EN 343:2019 Class 3:1 X  WP 15000mm MVP 960g/m2/24hr</li></ul>,,,,
S481,Variant,,"Generously sized and styled, the Iona™ Lite Pant is designed to be worn over work pants to keep you dry and act as a chillproof layer. The addition of reflective tape increases wearer visibility and the pass through pockets mean that you can still get to items in your under-pant pockets. Sealed waterproof seams ensure a complete barrier against wind and rain.",https://d11ak7fd9ypfb7.cloudfront.net/styles1100px/S481NAR.jpg,,0.0,TRUE,InStock,0.38,,S481NARL,,,,Size,DROP_DOWN,L,Color,DROP_DOWN,Navy,,,,,,,,,,,,,Fit,<p>R</p>,Length,<p>43</p>,Width,<p>28</p>,Height,<p>35</p>,Box Quantity,<p>24</p>,Inner Pack Quantity,<p>1</p>,Country Of Origin,<p>MM</p>,Standards,<ul><li>EN 343:2019 Class 3:1 X  WP 15000mm MVP 960g/m2/24hr</li></ul>,,,,
S481,Variant,,"Generously sized and styled, the Iona™ Lite Pant is designed to be worn over work pants to keep you dry and act as a chillproof layer. The addition of reflective tape increases wearer visibility and the pass through pockets mean that you can still get to items in your under-pant pockets. Sealed waterproof seams ensure a complete barrier against wind and rain.",https://d11ak7fd9ypfb7.cloudfront.net/styles1100px/S481NAR.jpg,,0.0,TRUE,InStock,0.36,,S481NARM,,,,Size,DROP_DOWN,M,Color,DROP_DOWN,Navy,,,,,,,,,,,,,Fit,<p>R</p>,Length,<p>43</p>,Width,<p>28</p>,Height,<p>35</p>,Box Quantity,<p>24</p>,Inner Pack Quantity,<p>1</p>,Country Of Origin,<p>MM</p>,Standards,<ul><li>EN 343:2019 Class 3:1 X  WP 15000mm MVP 960g/m2/24hr</li></ul>,,,,
S481,Variant,,"Generously sized and styled, the Iona™ Lite Pant is designed to be worn over work pants to keep you dry and act as a chillproof layer. The addition of reflective tape increases wearer visibility and the pass through pockets mean that you can still get to items in your under-pant pockets. Sealed waterproof seams ensure a complete barrier against wind and rain.",https://d11ak7fd9ypfb7.cloudfront.net/styles1100px/S481NAR.jpg,,0.0,TRUE,InStock,0.34,,S481NARS,,,,Size,DROP_DOWN,S,Color,DROP_DOWN,Navy,,,,,,,,,,,,,Fit,<p>R</p>,Length,<p>43</p>,Width,<p>28</p>,Height,<p>35</p>,Box Quantity,<p>24</p>,Inner Pack Quantity,<p>1</p>,Country Of Origin,<p>MM</p>,Standards,<ul><li>EN 343:2019 Class 3:1 X  WP 15000mm MVP 960g/m2/24hr</li></ul>,,,,
S481,Variant,,"Generously sized and styled, the Iona™ Lite Pant is designed to be worn over work pants to keep you dry and act as a chillproof layer. The addition of reflective tape increases wearer visibility and the pass through pockets mean that you can still get to items in your under-pant pockets. Sealed waterproof seams ensure a complete barrier against wind and rain.",https://d11ak7fd9ypfb7.cloudfront.net/styles1100px/S481NAR.jpg,,0.0,TRUE,InStock,0.4,,S481NARXL,,,,Size,DROP_DOWN,XL,Color,DROP_DOWN,Navy,,,,,,,,,,,,,Fit,<p>R</p>,Length,<p>43</p>,Width,<p>28</p>,Height,<p>35</p>,Box Quantity,<p>24</p>,Inner Pack Quantity,<p>1</p>,Country Of Origin,<p>MM</p>,Standards,<ul><li>EN 343:2019 Class 3:1 X  WP 15000mm MVP 960g/m2/24hr</li></ul>,,,,
S481,Variant,,"Generously sized and styled, the Iona™ Lite Pant is designed to be worn over work pants to keep you dry and act as a chillproof layer. The addition of reflective tape increases wearer visibility and the pass through pockets mean that you can still get to items in your under-pant pockets. Sealed waterproof seams ensure a complete barrier against wind and rain.",https://d11ak7fd9ypfb7.cloudfront.net/styles1100px/S481NAR.jpg,,0.0,TRUE,InStock,0.42,,S481NARXXL,,,,Size,DROP_DOWN,XXL,Color,DROP_DOWN,Navy,,,,,,,,,,,,,Fit,<p>R</p>,Length,<p>43</p>,Width,<p>28</p>,Height,<p>35</p>,Box Quantity,<p>24</p>,Inner Pack Quantity,<p>1</p>,Country Of Origin,<p>MM</p>,Standards,<ul><li>EN 343:2019 Class 3:1 X  WP 15000mm MVP 960g/m2/24hr</li></ul>,,,,
S481,Variant,,"Generously sized and styled, the Iona™ Lite Pant is designed to be worn over work pants to keep you dry and act as a chillproof layer. The addition of reflective tape increases wearer visibility and the pass through pockets mean that you can still get to items in your under-pant pockets. Sealed waterproof seams ensure a complete barrier against wind and rain.",https://d11ak7fd9ypfb7.cloudfront.net/styles1100px/S481NAR.jpg,,0.0,TRUE,InStock,0.4,,S481NARXXXL,,,,Size,DROP_DOWN,XXXL,Color,DROP_DOWN,Navy,,,,,,,,,,,,,Fit,<p>R</p>,Length,<p>43</p>,Width,<p>28</p>,Height,<p>35</p>,Box Quantity,<p>24</p>,Inner Pack Quantity,<p>1</p>,Country Of Origin,<p>MM</p>,Standards,<ul><li>EN 343:2019 Class 3:1 X  WP 15000mm MVP 960g/m2/24hr</li></ul>,,,,
S485,Product,S485 - Hi-Vis Contrast Coverall,"A garment designed to be completely practical and safe, the Contrast Coverall protects the body against wet conditions whilst ensuring safety. The quilted liner gives extra warmth.",https://d11ak7fd9ypfb7.cloudfront.net/styles1100px/S485ONR.jpg,117.8,0.0,TRUE,InStock,2.475,High Visibility;Coveralls,S485ONR4XL,,,,Size,DROP_DOWN,S;M;L;XL;XXL;XXXL;4XL;5XL;6XL;7XL,Color,DROP_DOWN,Yellow/Navy;Orange/Navy;Yellow/Black,,,,,,,,,,,,,Fit,<p>R</p>,Length,<p>65</p>,Width,<p>40</p>,Height,<p>60</p>,Box Quantity,<p>8</p>,Inner Pack Quantity,<p>1</p>,Country Of Origin,<p>MM</p>,Standards,<ul><li>EN ISO 20471 Class 3</li><li>ANSI/ISEA 107 TYPE R CLASS 3</li><li>EN 342   0.341 (M².K/W) 2 X</li><li>RIS-3279-TOM  ISSUE 1 (ORANGE ONLY)</li><li>EN 343:2019 Class 3:1 X  WP 15000mm</li></ul>,,,,
S485,Variant,,"A garment designed to be completely practical and safe, the Contrast Coverall protects the body against wet conditions whilst ensuring safety. The quilted liner gives extra warmth.",https://d11ak7fd9ypfb7.cloudfront.net/styles1100px/S485ONR.jpg,,0.0,TRUE,InStock,2.475,,S485ONR4XL,,,,Size,DROP_DOWN,4XL,Color,DROP_DOWN,Orange/Navy,,,,,,,,,,,,,Fit,<p>R</p>,Length,<p>65</p>,Width,<p>40</p>,Height,<p>60</p>,Box Quantity,<p>8</p>,Inner Pack Quantity,<p>1</p>,Country Of Origin,<p>MM</p>,Standards,<ul><li>EN ISO 20471 Class 3</li><li>ANSI/ISEA 107 TYPE R CLASS 3</li><li>EN 342   0.341 (M².K/W) 2 X</li><li>RIS-3279-TOM  ISSUE 1 (ORANGE ONLY)</li><li>EN 343:2019 Class 3:1 X  WP 15000mm</li></ul>,,,,
S485,Variant,,"A garment designed to be completely practical and safe, the Contrast Coverall protects the body against wet conditions whilst ensuring safety. The quilted liner gives extra warmth.",https://d11ak7fd9ypfb7.cloudfront.net/styles1100px/S485ONR.jpg,,0.0,TRUE,InStock,2.563,,S485ONR5XL,,,,Size,DROP_DOWN,5XL,Color,DROP_DOWN,Orange/Navy,,,,,,,,,,,,,Fit,<p>R</p>,Length,<p>65</p>,Width,<p>40</p>,Height,<p>60</p>,Box Quantity,<p>8</p>,Inner Pack Quantity,<p>1</p>,Country Of Origin,<p>MM</p>,Standards,<ul><li>EN ISO 20471 Class 3</li><li>ANSI/ISEA 107 TYPE R CLASS 3</li><li>EN 342   0.341 (M².K/W) 2 X</li><li>RIS-3279-TOM  ISSUE 1 (ORANGE ONLY)</li><li>EN 343:2019 Class 3:1 X  WP 15000mm</li></ul>,,,,
S485,Variant,,"A garment designed to be completely practical and safe, the Contrast Coverall protects the body against wet conditions whilst ensuring safety. The quilted liner gives extra warmth.",https://d11ak7fd9ypfb7.cloudfront.net/styles1100px/S485ONR.jpg,,0.0,TRUE,InStock,2.738,,S485ONR6XL,,,,Size,DROP_DOWN,6XL,Color,DROP_DOWN,Orange/Navy,,,,,,,,,,,,,Fit,<p>R</p>,Length,<p>65</p>,Width,<p>40</p>,Height,<p>60</p>,Box Quantity,<p>8</p>,Inner Pack Quantity,<p>1</p>,Country Of Origin,<p>MM</p>,Standards,<ul><li>EN ISO 20471 Class 3</li><li>ANSI/ISEA 107 TYPE R CLASS 3</li><li>EN 342   0.341 (M².K/W) 2 X</li><li>RIS-3279-TOM  ISSUE 1 (ORANGE ONLY)</li><li>EN 343:2019 Class 3:1 X  WP 15000mm</li></ul>,,,,
S485,Variant,,"A garment designed to be completely practical and safe, the Contrast Coverall protects the body against wet conditions whilst ensuring safety. The quilted liner gives extra warmth.",https://d11ak7fd9ypfb7.cloudfront.net/styles1100px/S485ONR.jpg,,0.0,TRUE,InStock,2.138,,S485ONRL,,,,Size,DROP_DOWN,L,Color,DROP_DOWN,Orange/Navy,,,,,,,,,,,,,Fit,<p>R</p>,Length,<p>65</p>,Width,<p>40</p>,Height,<p>60</p>,Box Quantity,<p>8</p>,Inner Pack Quantity,<p>1</p>,Country Of Origin,<p>MM</p>,Standards,<ul><li>EN ISO 20471 Class 3</li><li>ANSI/ISEA 107 TYPE R CLASS 3</li><li>EN 342   0.341 (M².K/W) 2 X</li><li>RIS-3279-TOM  ISSUE 1 (ORANGE ONLY)</li><li>EN 343:2019 Class 3:1 X  WP 15000mm</li></ul>,,,,
S485,Variant,,"A garment designed to be completely practical and safe, the Contrast Coverall protects the body against wet conditions whilst ensuring safety. The quilted liner gives extra warmth.",https://d11ak7fd9ypfb7.cloudfront.net/styles1100px/S485ONR.jpg,,0.0,TRUE,InStock,2.088,,S485ONRM,,,,Size,DROP_DOWN,M,Color,DROP_DOWN,Orange/Navy,,,,,,,,,,,,,Fit,<p>R</p>,Length,<p>65</p>,Width,<p>40</p>,Height,<p>60</p>,Box Quantity,<p>8</p>,Inner Pack Quantity,<p>1</p>,Country Of Origin,<p>MM</p>,Standards,<ul><li>EN ISO 20471 Class 3</li><li>ANSI/ISEA 107 TYPE R CLASS 3</li><li>EN 342   0.341 (M².K/W) 2 X</li><li>RIS-3279-TOM  ISSUE 1 (ORANGE ONLY)</li><li>EN 343:2019 Class 3:1 X  WP 15000mm</li></ul>,,,,
S485,Variant,,"A garment designed to be completely practical and safe, the Contrast Coverall protects the body against wet conditions whilst ensuring safety. The quilted liner gives extra warmth.",https://d11ak7fd9ypfb7.cloudfront.net/styles1100px/S485ONR.jpg,,0.0,TRUE,InStock,1.988,,S485ONRS,,,,Size,DROP_DOWN,S,Color,DROP_DOWN,Orange/Navy,,,,,,,,,,,,,Fit,<p>R</p>,Length,<p>65</p>,Width,<p>40</p>,Height,<p>60</p>,Box Quantity,<p>8</p>,Inner Pack Quantity,<p>1</p>,Country Of Origin,<p>MM</p>,Standards,<ul><li>EN ISO 20471 Class 3</li><li>ANSI/ISEA 107 TYPE R CLASS 3</li><li>EN 342   0.341 (M².K/W) 2 X</li><li>RIS-3279-TOM  ISSUE 1 (ORANGE ONLY)</li><li>EN 343:2019 Class 3:1 X  WP 15000mm</li></ul>,,,,
S485,Variant,,"A garment designed to be completely practical and safe, the Contrast Coverall protects the body against wet conditions whilst ensuring safety. The quilted liner gives extra warmth.",https://d11ak7fd9ypfb7.cloudfront.net/styles1100px/S485ONR.jpg,,0.0,TRUE,InStock,2.263,,S485ONRXL,,,,Size,DROP_DOWN,XL,Color,DROP_DOWN,Orange/Navy,,,,,,,,,,,,,Fit,<p>R</p>,Length,<p>65</p>,Width,<p>40</p>,Height,<p>60</p>,Box Quantity,<p>8</p>,Inner Pack Quantity,<p>1</p>,Country Of Origin,<p>MM</p>,Standards,<ul><li>EN ISO 20471 Class 3</li><li>ANSI/ISEA 107 TYPE R CLASS 3</li><li>EN 342   0.341 (M².K/W) 2 X</li><li>RIS-3279-TOM  ISSUE 1 (ORANGE ONLY)</li><li>EN 343:2019 Class 3:1 X  WP 15000mm</li></ul>,,,,
S485,Variant,,"A garment designed to be completely practical and safe, the Contrast Coverall protects the body against wet conditions whilst ensuring safety. The quilted liner gives extra warmth.",https://d11ak7fd9ypfb7.cloudfront.net/styles1100px/S485ONR.jpg,,0.0,TRUE,InStock,2.363,,S485ONRXXL,,,,Size,DROP_DOWN,XXL,Color,DROP_DOWN,Orange/Navy,,,,,,,,,,,,,Fit,<p>R</p>,Length,<p>65</p>,Width,<p>40</p>,Height,<p>60</p>,Box Quantity,<p>8</p>,Inner Pack Quantity,<p>1</p>,Country Of Origin,<p>MM</p>,Standards,<ul><li>EN ISO 20471 Class 3</li><li>ANSI/ISEA 107 TYPE R CLASS 3</li><li>EN 342   0.341 (M².K/W) 2 X</li><li>RIS-3279-TOM  ISSUE 1 (ORANGE ONLY)</li><li>EN 343:2019 Class 3:1 X  WP 15000mm</li></ul>,,,,
S485,Variant,,"A garment designed to be completely practical and safe, the Contrast Coverall protects the body against wet conditions whilst ensuring safety. The quilted liner gives extra warmth.",https://d11ak7fd9ypfb7.cloudfront.net/styles1100px/S485ONR.jpg,,0.0,TRUE,InStock,2.413,,S485ONRXXXL,,,,Size,DROP_DOWN,XXXL,Color,DROP_DOWN,Orange/Navy,,,,,,,,,,,,,Fit,<p>R</p>,Length,<p>65</p>,Width,<p>40</p>,Height,<p>60</p>,Box Quantity,<p>8</p>,Inner Pack Quantity,<p>1</p>,Country Of Origin,<p>MM</p>,Standards,<ul><li>EN ISO 20471 Class 3</li><li>ANSI/ISEA 107 TYPE R CLASS 3</li><li>EN 342   0.341 (M².K/W) 2 X</li><li>RIS-3279-TOM  ISSUE 1 (ORANGE ONLY)</li><li>EN 343:2019 Class 3:1 X  WP 15000mm</li></ul>,,,,
S485,Variant,,"A garment designed to be completely practical and safe, the Contrast Coverall protects the body against wet conditions whilst ensuring safety. The quilted liner gives extra warmth.",https://d11ak7fd9ypfb7.cloudfront.net/styles1100px/S485YBR.jpg,,0.0,TRUE,InStock,2.475,,S485YBR4XL,,,,Size,DROP_DOWN,4XL,Color,DROP_DOWN,Yellow/Black,,,,,,,,,,,,,Fit,<p>R</p>,Length,<p>65</p>,Width,<p>40</p>,Height,<p>60</p>,Box Quantity,<p>8</p>,Inner Pack Quantity,<p>1</p>,Country Of Origin,<p>MM</p>,Standards,<ul><li>EN ISO 20471 Class 3</li><li>ANSI/ISEA 107 TYPE R CLASS 3</li><li>EN 342   0.341 (M².K/W) 2 X</li><li>RIS-3279-TOM  ISSUE 1 (ORANGE ONLY)</li><li>EN 343:2019 Class 3:1 X  WP 15000mm</li></ul>,,,,
S485,Variant,,"A garment designed to be completely practical and safe, the Contrast Coverall protects the body against wet conditions whilst ensuring safety. The quilted liner gives extra warmth.",https://d11ak7fd9ypfb7.cloudfront.net/styles1100px/S485YBR.jpg,,0.0,TRUE,InStock,2.563,,S485YBR5XL,,,,Size,DROP_DOWN,5XL,Color,DROP_DOWN,Yellow/Black,,,,,,,,,,,,,Fit,<p>R</p>,Length,<p>65</p>,Width,<p>40</p>,Height,<p>60</p>,Box Quantity,<p>8</p>,Inner Pack Quantity,<p>1</p>,Country Of Origin,<p>MM</p>,Standards,<ul><li>EN ISO 20471 Class 3</li><li>ANSI/ISEA 107 TYPE R CLASS 3</li><li>EN 342   0.341 (M².K/W) 2 X</li><li>RIS-3279-TOM  ISSUE 1 (ORANGE ONLY)</li><li>EN 343:2019 Class 3:1 X  WP 15000mm</li></ul>,,,,
S485,Variant,,"A garment designed to be completely practical and safe, the Contrast Coverall protects the body against wet conditions whilst ensuring safety. The quilted liner gives extra warmth.",https://d11ak7fd9ypfb7.cloudfront.net/styles1100px/S485YBR.jpg,,0.0,TRUE,InStock,2.738,,S485YBR6XL,,,,Size,DROP_DOWN,6XL,Color,DROP_DOWN,Yellow/Black,,,,,,,,,,,,,Fit,<p>R</p>,Length,<p>65</p>,Width,<p>40</p>,Height,<p>60</p>,Box Quantity,<p>8</p>,Inner Pack Quantity,<p>1</p>,Country Of Origin,<p>MM</p>,Standards,<ul><li>EN ISO 20471 Class 3</li><li>ANSI/ISEA 107 TYPE R CLASS 3</li><li>EN 342   0.341 (M².K/W) 2 X</li><li>RIS-3279-TOM  ISSUE 1 (ORANGE ONLY)</li><li>EN 343:2019 Class 3:1 X  WP 15000mm</li></ul>,,,,
S485,Variant,,"A garment designed to be completely practical and safe, the Contrast Coverall protects the body against wet conditions whilst ensuring safety. The quilted liner gives extra warmth.",https://d11ak7fd9ypfb7.cloudfront.net/styles1100px/S485YBR.jpg,,0.0,TRUE,InStock,2.908,,S485YBR7XL,,,,Size,DROP_DOWN,7XL,Color,DROP_DOWN,Yellow/Black,,,,,,,,,,,,,Fit,<p>R</p>,Length,<p>65</p>,Width,<p>40</p>,Height,<p>60</p>,Box Quantity,<p>8</p>,Inner Pack Quantity,<p>1</p>,Country Of Origin,<p>MM</p>,Standards,<ul><li>EN ISO 20471 Class 3</li><li>ANSI/ISEA 107 TYPE R CLASS 3</li><li>EN 342   0.341 (M².K/W) 2 X</li><li>RIS-3279-TOM  ISSUE 1 (ORANGE ONLY)</li><li>EN 343:2019 Class 3:1 X  WP 15000mm</li></ul>,,,,
S485,Variant,,"A garment designed to be completely practical and safe, the Contrast Coverall protects the body against wet conditions whilst ensuring safety. The quilted liner gives extra warmth.",https://d11ak7fd9ypfb7.cloudfront.net/styles1100px/S485YBR.jpg,,0.0,TRUE,InStock,2.138,,S485YBRL,,,,Size,DROP_DOWN,L,Color,DROP_DOWN,Yellow/Black,,,,,,,,,,,,,Fit,<p>R</p>,Length,<p>65</p>,Width,<p>40</p>,Height,<p>60</p>,Box Quantity,<p>8</p>,Inner Pack Quantity,<p>1</p>,Country Of Origin,<p>MM</p>,Standards,<ul><li>EN ISO 20471 Class 3</li><li>ANSI/ISEA 107 TYPE R CLASS 3</li><li>EN 342   0.341 (M².K/W) 2 X</li><li>RIS-3279-TOM  ISSUE 1 (ORANGE ONLY)</li><li>EN 343:2019 Class 3:1 X  WP 15000mm</li></ul>,,,,
S485,Variant,,"A garment designed to be completely practical and safe, the Contrast Coverall protects the body against wet conditions whilst ensuring safety. The quilted liner gives extra warmth.",https://d11ak7fd9ypfb7.cloudfront.net/styles1100px/S485YBR.jpg,,0.0,TRUE,InStock,2.088,,S485YBRM,,,,Size,DROP_DOWN,M,Color,DROP_DOWN,Yellow/Black,,,,,,,,,,,,,Fit,<p>R</p>,Length,<p>65</p>,Width,<p>40</p>,Height,<p>60</p>,Box Quantity,<p>8</p>,Inner Pack Quantity,<p>1</p>,Country Of Origin,<p>MM</p>,Standards,<ul><li>EN ISO 20471 Class 3</li><li>ANSI/ISEA 107 TYPE R CLASS 3</li><li>EN 342   0.341 (M².K/W) 2 X</li><li>RIS-3279-TOM  ISSUE 1 (ORANGE ONLY)</li><li>EN 343:2019 Class 3:1 X  WP 15000mm</li></ul>,,,,
S485,Variant,,"A garment designed to be completely practical and safe, the Contrast Coverall protects the body against wet conditions whilst ensuring safety. The quilted liner gives extra warmth.",https://d11ak7fd9ypfb7.cloudfront.net/styles1100px/S485YBR.jpg,,0.0,TRUE,InStock,1.988,,S485YBRS,,,,Size,DROP_DOWN,S,Color,DROP_DOWN,Yellow/Black,,,,,,,,,,,,,Fit,<p>R</p>,Length,<p>65</p>,Width,<p>40</p>,Height,<p>60</p>,Box Quantity,<p>8</p>,Inner Pack Quantity,<p>1</p>,Country Of Origin,<p>MM</p>,Standards,<ul><li>EN ISO 20471 Class 3</li><li>ANSI/ISEA 107 TYPE R CLASS 3</li><li>EN 342   0.341 (M².K/W) 2 X</li><li>RIS-3279-TOM  ISSUE 1 (ORANGE ONLY)</li><li>EN 343:2019 Class 3:1 X  WP 15000mm</li></ul>,,,,
S485,Variant,,"A garment designed to be completely practical and safe, the Contrast Coverall protects the body against wet conditions whilst ensuring safety. The quilted liner gives extra warmth.",https://d11ak7fd9ypfb7.cloudfront.net/styles1100px/S485YBR.jpg,,0.0,TRUE,InStock,2.263,,S485YBRXL,,,,Size,DROP_DOWN,XL,Color,DROP_DOWN,Yellow/Black,,,,,,,,,,,,,Fit,<p>R</p>,Length,<p>65</p>,Width,<p>40</p>,Height,<p>60</p>,Box Quantity,<p>8</p>,Inner Pack Quantity,<p>1</p>,Country Of Origin,<p>MM</p>,Standards,<ul><li>EN ISO 20471 Class 3</li><li>ANSI/ISEA 107 TYPE R CLASS 3</li><li>EN 342   0.341 (M².K/W) 2 X</li><li>RIS-3279-TOM  ISSUE 1 (ORANGE ONLY)</li><li>EN 343:2019 Class 3:1 X  WP 15000mm</li></ul>,,,,
S485,Variant,,"A garment designed to be completely practical and safe, the Contrast Coverall protects the body against wet conditions whilst ensuring safety. The quilted liner gives extra warmth.",https://d11ak7fd9ypfb7.cloudfront.net/styles1100px/S485YBR.jpg,,0.0,TRUE,InStock,2.363,,S485YBRXXL,,,,Size,DROP_DOWN,XXL,Color,DROP_DOWN,Yellow/Black,,,,,,,,,,,,,Fit,<p>R</p>,Length,<p>65</p>,Width,<p>40</p>,Height,<p>60</p>,Box Quantity,<p>8</p>,Inner Pack Quantity,<p>1</p>,Country Of Origin,<p>MM</p>,Standards,<ul><li>EN ISO 20471 Class 3</li><li>ANSI/ISEA 107 TYPE R CLASS 3</li><li>EN 342   0.341 (M².K/W) 2 X</li><li>RIS-3279-TOM  ISSUE 1 (ORANGE ONLY)</li><li>EN 343:2019 Class 3:1 X  WP 15000mm</li></ul>,,,,
S485,Variant,,"A garment designed to be completely practical and safe, the Contrast Coverall protects the body against wet conditions whilst ensuring safety. The quilted liner gives extra warmth.",https://d11ak7fd9ypfb7.cloudfront.net/styles1100px/S485YBR.jpg,,0.0,TRUE,InStock,2.413,,S485YBRXXXL,,,,Size,DROP_DOWN,XXXL,Color,DROP_DOWN,Yellow/Black,,,,,,,,,,,,,Fit,<p>R</p>,Length,<p>65</p>,Width,<p>40</p>,Height,<p>60</p>,Box Quantity,<p>8</p>,Inner Pack Quantity,<p>1</p>,Country Of Origin,<p>MM</p>,Standards,<ul><li>EN ISO 20471 Class 3</li><li>ANSI/ISEA 107 TYPE R CLASS 3</li><li>EN 342   0.341 (M².K/W) 2 X</li><li>RIS-3279-TOM  ISSUE 1 (ORANGE ONLY)</li><li>EN 343:2019 Class 3:1 X  WP 15000mm</li></ul>,,,,
S485,Variant,,"A garment designed to be completely practical and safe, the Contrast Coverall protects the body against wet conditions whilst ensuring safety. The quilted liner gives extra warmth.",https://d11ak7fd9ypfb7.cloudfront.net/styles1100px/S485YNR.jpg,,0.0,TRUE,InStock,2.475,,S485YNR4XL,,,,Size,DROP_DOWN,4XL,Color,DROP_DOWN,Yellow/Navy,,,,,,,,,,,,,Fit,<p>R</p>,Length,<p>65</p>,Width,<p>40</p>,Height,<p>60</p>,Box Quantity,<p>8</p>,Inner Pack Quantity,<p>1</p>,Country Of Origin,<p>MM</p>,Standards,<ul><li>EN ISO 20471 Class 3</li><li>ANSI/ISEA 107 TYPE R CLASS 3</li><li>EN 342   0.341 (M².K/W) 2 X</li><li>RIS-3279-TOM  ISSUE 1 (ORANGE ONLY)</li><li>EN 343:2019 Class 3:1 X  WP 15000mm</li></ul>,,,,
S485,Variant,,"A garment designed to be completely practical and safe, the Contrast Coverall protects the body against wet conditions whilst ensuring safety. The quilted liner gives extra warmth.",https://d11ak7fd9ypfb7.cloudfront.net/styles1100px/S485YNR.jpg,,0.0,TRUE,InStock,2.563,,S485YNR5XL,,,,Size,DROP_DOWN,5XL,Color,DROP_DOWN,Yellow/Navy,,,,,,,,,,,,,Fit,<p>R</p>,Length,<p>65</p>,Width,<p>40</p>,Height,<p>60</p>,Box Quantity,<p>8</p>,Inner Pack Quantity,<p>1</p>,Country Of Origin,<p>MM</p>,Standards,<ul><li>EN ISO 20471 Class 3</li><li>ANSI/ISEA 107 TYPE R CLASS 3</li><li>EN 342   0.341 (M².K/W) 2 X</li><li>RIS-3279-TOM  ISSUE 1 (ORANGE ONLY)</li><li>EN 343:2019 Class 3:1 X  WP 15000mm</li></ul>,,,,
S485,Variant,,"A garment designed to be completely practical and safe, the Contrast Coverall protects the body against wet conditions whilst ensuring safety. The quilted liner gives extra warmth.",https://d11ak7fd9ypfb7.cloudfront.net/styles1100px/S485YNR.jpg,,0.0,TRUE,InStock,2.738,,S485YNR6XL,,,,Size,DROP_DOWN,6XL,Color,DROP_DOWN,Yellow/Navy,,,,,,,,,,,,,Fit,<p>R</p>,Length,<p>65</p>,Width,<p>40</p>,Height,<p>60</p>,Box Quantity,<p>8</p>,Inner Pack Quantity,<p>1</p>,Country Of Origin,<p>MM</p>,Standards,<ul><li>EN ISO 20471 Class 3</li><li>ANSI/ISEA 107 TYPE R CLASS 3</li><li>EN 342   0.341 (M².K/W) 2 X</li><li>RIS-3279-TOM  ISSUE 1 (ORANGE ONLY)</li><li>EN 343:2019 Class 3:1 X  WP 15000mm</li></ul>,,,,
S485,Variant,,"A garment designed to be completely practical and safe, the Contrast Coverall protects the body against wet conditions whilst ensuring safety. The quilted liner gives extra warmth.",https://d11ak7fd9ypfb7.cloudfront.net/styles1100px/S485YNR.jpg,,0.0,TRUE,InStock,2.908,,S485YNR7XL,,,,Size,DROP_DOWN,7XL,Color,DROP_DOWN,Yellow/Navy,,,,,,,,,,,,,Fit,<p>R</p>,Length,<p>65</p>,Width,<p>40</p>,Height,<p>60</p>,Box Quantity,<p>8</p>,Inner Pack Quantity,<p>1</p>,Country Of Origin,<p>MM</p>,Standards,<ul><li>EN ISO 20471 Class 3</li><li>ANSI/ISEA 107 TYPE R CLASS 3</li><li>EN 342   0.341 (M².K/W) 2 X</li><li>RIS-3279-TOM  ISSUE 1 (ORANGE ONLY)</li><li>EN 343:2019 Class 3:1 X  WP 15000mm</li></ul>,,,,
S485,Variant,,"A garment designed to be completely practical and safe, the Contrast Coverall protects the body against wet conditions whilst ensuring safety. The quilted liner gives extra warmth.",https://d11ak7fd9ypfb7.cloudfront.net/styles1100px/S485YNR.jpg,,0.0,TRUE,InStock,2.138,,S485YNRL,,,,Size,DROP_DOWN,L,Color,DROP_DOWN,Yellow/Navy,,,,,,,,,,,,,Fit,<p>R</p>,Length,<p>65</p>,Width,<p>40</p>,Height,<p>60</p>,Box Quantity,<p>8</p>,Inner Pack Quantity,<p>1</p>,Country Of Origin,<p>MM</p>,Standards,<ul><li>EN ISO 20471 Class 3</li><li>ANSI/ISEA 107 TYPE R CLASS 3</li><li>EN 342   0.341 (M².K/W) 2 X</li><li>RIS-3279-TOM  ISSUE 1 (ORANGE ONLY)</li><li>EN 343:2019 Class 3:1 X  WP 15000mm</li></ul>,,,,
S485,Variant,,"A garment designed to be completely practical and safe, the Contrast Coverall protects the body against wet conditions whilst ensuring safety. The quilted liner gives extra warmth.",https://d11ak7fd9ypfb7.cloudfront.net/styles1100px/S485YNR.jpg,,0.0,TRUE,InStock,2.088,,S485YNRM,,,,Size,DROP_DOWN,M,Color,DROP_DOWN,Yellow/Navy,,,,,,,,,,,,,Fit,<p>R</p>,Length,<p>65</p>,Width,<p>40</p>,Height,<p>60</p>,Box Quantity,<p>8</p>,Inner Pack Quantity,<p>1</p>,Country Of Origin,<p>MM</p>,Standards,<ul><li>EN ISO 20471 Class 3</li><li>ANSI/ISEA 107 TYPE R CLASS 3</li><li>EN 342   0.341 (M².K/W) 2 X</li><li>RIS-3279-TOM  ISSUE 1 (ORANGE ONLY)</li><li>EN 343:2019 Class 3:1 X  WP 15000mm</li></ul>,,,,
S485,Variant,,"A garment designed to be completely practical and safe, the Contrast Coverall protects the body against wet conditions whilst ensuring safety. The quilted liner gives extra warmth.",https://d11ak7fd9ypfb7.cloudfront.net/styles1100px/S485YNR.jpg,,0.0,TRUE,InStock,1.988,,S485YNRS,,,,Size,DROP_DOWN,S,Color,DROP_DOWN,Yellow/Navy,,,,,,,,,,,,,Fit,<p>R</p>,Length,<p>65</p>,Width,<p>40</p>,Height,<p>60</p>,Box Quantity,<p>8</p>,Inner Pack Quantity,<p>1</p>,Country Of Origin,<p>MM</p>,Standards,<ul><li>EN ISO 20471 Class 3</li><li>ANSI/ISEA 107 TYPE R CLASS 3</li><li>EN 342   0.341 (M².K/W) 2 X</li><li>RIS-3279-TOM  ISSUE 1 (ORANGE ONLY)</li><li>EN 343:2019 Class 3:1 X  WP 15000mm</li></ul>,,,,
S485,Variant,,"A garment designed to be completely practical and safe, the Contrast Coverall protects the body against wet conditions whilst ensuring safety. The quilted liner gives extra warmth.",https://d11ak7fd9ypfb7.cloudfront.net/styles1100px/S485YNR.jpg,,0.0,TRUE,InStock,2.263,,S485YNRXL,,,,Size,DROP_DOWN,XL,Color,DROP_DOWN,Yellow/Navy,,,,,,,,,,,,,Fit,<p>R</p>,Length,<p>65</p>,Width,<p>40</p>,Height,<p>60</p>,Box Quantity,<p>8</p>,Inner Pack Quantity,<p>1</p>,Country Of Origin,<p>MM</p>,Standards,<ul><li>EN ISO 20471 Class 3</li><li>ANSI/ISEA 107 TYPE R CLASS 3</li><li>EN 342   0.341 (M².K/W) 2 X</li><li>RIS-3279-TOM  ISSUE 1 (ORANGE ONLY)</li><li>EN 343:2019 Class 3:1 X  WP 15000mm</li></ul>,,,,
S485,Variant,,"A garment designed to be completely practical and safe, the Contrast Coverall protects the body against wet conditions whilst ensuring safety. The quilted liner gives extra warmth.",https://d11ak7fd9ypfb7.cloudfront.net/styles1100px/S485YNR.jpg,,0.0,TRUE,InStock,2.363,,S485YNRXXL,,,,Size,DROP_DOWN,XXL,Color,DROP_DOWN,Yellow/Navy,,,,,,,,,,,,,Fit,<p>R</p>,Length,<p>65</p>,Width,<p>40</p>,Height,<p>60</p>,Box Quantity,<p>8</p>,Inner Pack Quantity,<p>1</p>,Country Of Origin,<p>MM</p>,Standards,<ul><li>EN ISO 20471 Class 3</li><li>ANSI/ISEA 107 TYPE R CLASS 3</li><li>EN 342   0.341 (M².K/W) 2 X</li><li>RIS-3279-TOM  ISSUE 1 (ORANGE ONLY)</li><li>EN 343:2019 Class 3:1 X  WP 15000mm</li></ul>,,,,
S485,Variant,,"A garment designed to be completely practical and safe, the Contrast Coverall protects the body against wet conditions whilst ensuring safety. The quilted liner gives extra warmth.",https://d11ak7fd9ypfb7.cloudfront.net/styles1100px/S485YNR.jpg,,0.0,TRUE,InStock,2.413,,S485YNRXXXL,,,,Size,DROP_DOWN,XXXL,Color,DROP_DOWN,Yellow/Navy,,,,,,,,,,,,,Fit,<p>R</p>,Length,<p>65</p>,Width,<p>40</p>,Height,<p>60</p>,Box Quantity,<p>8</p>,Inner Pack Quantity,<p>1</p>,Country Of Origin,<p>MM</p>,Standards,<ul><li>EN ISO 20471 Class 3</li><li>ANSI/ISEA 107 TYPE R CLASS 3</li><li>EN 342   0.341 (M².K/W) 2 X</li><li>RIS-3279-TOM  ISSUE 1 (ORANGE ONLY)</li><li>EN 343:2019 Class 3:1 X  WP 15000mm</li></ul>,,,,
S486,Product,S486 - Hi-Vis Two-Tone Traffic Pants,"These lightweight, extremely waterproof over-pants are a practical choice for keeping wind and rain out. Clever features include an elasticated waist, adjustable snap hem, two tone design and pass through pockets",https://d11ak7fd9ypfb7.cloudfront.net/styles1100px/S486YBR.jpg,25.5,0.0,TRUE,InStock,0.49,,S486YBR4XL,,,,Size,DROP_DOWN,S;M;L;XL;XXL;XXXL;4XL;5XL;6XL,Color,DROP_DOWN,Yellow/Black,,,,,,,,,,,,,Fit,<p>R</p>,Length,<p>43</p>,Width,<p>28</p>,Height,<p>28</p>,Box Quantity,<p>24</p>,Inner Pack Quantity,<p>1</p>,Country Of Origin,<p>MM</p>,Standards,<ul><li>VN605151290</li><li>EN ISO 20471 Class 2</li><li>ANSI/ISEA 107 SUPPLEMENTAL CLASS E</li><li>RIS-3279-TOM  ISSUE 1 (ORANGE ONLY)</li><li>EN 343:2019 Class 3:1 X  WP 15000mm</li></ul>,,,,
S486,Variant,,"These lightweight, extremely waterproof over-pants are a practical choice for keeping wind and rain out. Clever features include an elasticated waist, adjustable snap hem, two tone design and pass through pockets",https://d11ak7fd9ypfb7.cloudfront.net/styles1100px/S486YBR.jpg,,0.0,TRUE,InStock,0.49,,S486YBR4XL,,,,Size,DROP_DOWN,4XL,Color,DROP_DOWN,Yellow/Black,,,,,,,,,,,,,Fit,<p>R</p>,Length,<p>43</p>,Width,<p>28</p>,Height,<p>28</p>,Box Quantity,<p>24</p>,Inner Pack Quantity,<p>1</p>,Country Of Origin,<p>MM</p>,Standards,<ul><li>VN605151290</li><li>EN ISO 20471 Class 2</li><li>ANSI/ISEA 107 SUPPLEMENTAL CLASS E</li><li>RIS-3279-TOM  ISSUE 1 (ORANGE ONLY)</li><li>EN 343:2019 Class 3:1 X  WP 15000mm</li></ul>,,,,
S486,Variant,,"These lightweight, extremely waterproof over-pants are a practical choice for keeping wind and rain out. Clever features include an elasticated waist, adjustable snap hem, two tone design and pass through pockets",https://d11ak7fd9ypfb7.cloudfront.net/styles1100px/S486YBR.jpg,,0.0,TRUE,InStock,0.52,,S486YBR5XL,,,,Size,DROP_DOWN,5XL,Color,DROP_DOWN,Yellow/Black,,,,,,,,,,,,,Fit,<p>R</p>,Length,<p>43</p>,Width,<p>28</p>,Height,<p>28</p>,Box Quantity,<p>24</p>,Inner Pack Quantity,<p>1</p>,Country Of Origin,<p>MM</p>,Standards,<ul><li>VN605151290</li><li>EN ISO 20471 Class 2</li><li>ANSI/ISEA 107 SUPPLEMENTAL CLASS E</li><li>RIS-3279-TOM  ISSUE 1 (ORANGE ONLY)</li><li>EN 343:2019 Class 3:1 X  WP 15000mm</li></ul>,,,,
S486,Variant,,"These lightweight, extremely waterproof over-pants are a practical choice for keeping wind and rain out. Clever features include an elasticated waist, adjustable snap hem, two tone design and pass through pockets",https://d11ak7fd9ypfb7.cloudfront.net/styles1100px/S486YBR.jpg,,0.0,TRUE,InStock,0.54,,S486YBR6XL,,,,Size,DROP_DOWN,6XL,Color,DROP_DOWN,Yellow/Black,,,,,,,,,,,,,Fit,<p>R</p>,Length,<p>43</p>,Width,<p>28</p>,Height,<p>28</p>,Box Quantity,<p>24</p>,Inner Pack Quantity,<p>1</p>,Country Of Origin,<p>MM</p>,Standards,<ul><li>VN605151290</li><li>EN ISO 20471 Class 2</li><li>ANSI/ISEA 107 SUPPLEMENTAL CLASS E</li><li>RIS-3279-TOM  ISSUE 1 (ORANGE ONLY)</li><li>EN 343:2019 Class 3:1 X  WP 15000mm</li></ul>,,,,
S486,Variant,,"These lightweight, extremely waterproof over-pants are a practical choice for keeping wind and rain out. Clever features include an elasticated waist, adjustable snap hem, two tone design and pass through pockets",https://d11ak7fd9ypfb7.cloudfront.net/styles1100px/S486YBR.jpg,,0.0,TRUE,InStock,0.4,,S486YBRL,,,,Size,DROP_DOWN,L,Color,DROP_DOWN,Yellow/Black,,,,,,,,,,,,,Fit,<p>R</p>,Length,<p>43</p>,Width,<p>28</p>,Height,<p>28</p>,Box Quantity,<p>24</p>,Inner Pack Quantity,<p>1</p>,Country Of Origin,<p>MM</p>,Standards,<ul><li>VN605151290</li><li>EN ISO 20471 Class 2</li><li>ANSI/ISEA 107 SUPPLEMENTAL CLASS E</li><li>RIS-3279-TOM  ISSUE 1 (ORANGE ONLY)</li><li>EN 343:2019 Class 3:1 X  WP 15000mm</li></ul>,,,,
S486,Variant,,"These lightweight, extremely waterproof over-pants are a practical choice for keeping wind and rain out. Clever features include an elasticated waist, adjustable snap hem, two tone design and pass through pockets",https://d11ak7fd9ypfb7.cloudfront.net/styles1100px/S486YBR.jpg,,0.0,TRUE,InStock,0.38,,S486YBRM,,,,Size,DROP_DOWN,M,Color,DROP_DOWN,Yellow/Black,,,,,,,,,,,,,Fit,<p>R</p>,Length,<p>43</p>,Width,<p>28</p>,Height,<p>28</p>,Box Quantity,<p>24</p>,Inner Pack Quantity,<p>1</p>,Country Of Origin,<p>MM</p>,Standards,<ul><li>VN605151290</li><li>EN ISO 20471 Class 2</li><li>ANSI/ISEA 107 SUPPLEMENTAL CLASS E</li><li>RIS-3279-TOM  ISSUE 1 (ORANGE ONLY)</li><li>EN 343:2019 Class 3:1 X  WP 15000mm</li></ul>,,,,
S486,Variant,,"These lightweight, extremely waterproof over-pants are a practical choice for keeping wind and rain out. Clever features include an elasticated waist, adjustable snap hem, two tone design and pass through pockets",https://d11ak7fd9ypfb7.cloudfront.net/styles1100px/S486YBR.jpg,,0.0,TRUE,InStock,0.36,,S486YBRS,,,,Size,DROP_DOWN,S,Color,DROP_DOWN,Yellow/Black,,,,,,,,,,,,,Fit,<p>R</p>,Length,<p>43</p>,Width,<p>28</p>,Height,<p>28</p>,Box Quantity,<p>24</p>,Inner Pack Quantity,<p>1</p>,Country Of Origin,<p>MM</p>,Standards,<ul><li>VN605151290</li><li>EN ISO 20471 Class 2</li><li>ANSI/ISEA 107 SUPPLEMENTAL CLASS E</li><li>RIS-3279-TOM  ISSUE 1 (ORANGE ONLY)</li><li>EN 343:2019 Class 3:1 X  WP 15000mm</li></ul>,,,,
S486,Variant,,"These lightweight, extremely waterproof over-pants are a practical choice for keeping wind and rain out. Clever features include an elasticated waist, adjustable snap hem, two tone design and pass through pockets",https://d11ak7fd9ypfb7.cloudfront.net/styles1100px/S486YBR.jpg,,0.0,TRUE,InStock,0.42,,S486YBRXL,,,,Size,DROP_DOWN,XL,Color,DROP_DOWN,Yellow/Black,,,,,,,,,,,,,Fit,<p>R</p>,Length,<p>43</p>,Width,<p>28</p>,Height,<p>28</p>,Box Quantity,<p>24</p>,Inner Pack Quantity,<p>1</p>,Country Of Origin,<p>MM</p>,Standards,<ul><li>VN605151290</li><li>EN ISO 20471 Class 2</li><li>ANSI/ISEA 107 SUPPLEMENTAL CLASS E</li><li>RIS-3279-TOM  ISSUE 1 (ORANGE ONLY)</li><li>EN 343:2019 Class 3:1 X  WP 15000mm</li></ul>,,,,
S486,Variant,,"These lightweight, extremely waterproof over-pants are a practical choice for keeping wind and rain out. Clever features include an elasticated waist, adjustable snap hem, two tone design and pass through pockets",https://d11ak7fd9ypfb7.cloudfront.net/styles1100px/S486YBR.jpg,,0.0,TRUE,InStock,0.44,,S486YBRXXL,,,,Size,DROP_DOWN,XXL,Color,DROP_DOWN,Yellow/Black,,,,,,,,,,,,,Fit,<p>R</p>,Length,<p>43</p>,Width,<p>28</p>,Height,<p>28</p>,Box Quantity,<p>24</p>,Inner Pack Quantity,<p>1</p>,Country Of Origin,<p>MM</p>,Standards,<ul><li>VN605151290</li><li>EN ISO 20471 Class 2</li><li>ANSI/ISEA 107 SUPPLEMENTAL CLASS E</li><li>RIS-3279-TOM  ISSUE 1 (ORANGE ONLY)</li><li>EN 343:2019 Class 3:1 X  WP 15000mm</li></ul>,,,,
S486,Variant,,"These lightweight, extremely waterproof over-pants are a practical choice for keeping wind and rain out. Clever features include an elasticated waist, adjustable snap hem, two tone design and pass through pockets",https://d11ak7fd9ypfb7.cloudfront.net/styles1100px/S486YBR.jpg,,0.0,TRUE,InStock,0.46,,S486YBRXXXL,,,,Size,DROP_DOWN,XXXL,Color,DROP_DOWN,Yellow/Black,,,,,,,,,,,,,Fit,<p>R</p>,Length,<p>43</p>,Width,<p>28</p>,Height,<p>28</p>,Box Quantity,<p>24</p>,Inner Pack Quantity,<p>1</p>,Country Of Origin,<p>MM</p>,Standards,<ul><li>VN605151290</li><li>EN ISO 20471 Class 2</li><li>ANSI/ISEA 107 SUPPLEMENTAL CLASS E</li><li>RIS-3279-TOM  ISSUE 1 (ORANGE ONLY)</li><li>EN 343:2019 Class 3:1 X  WP 15000mm</li></ul>,,,,
S488,Product,S488 - Contrast Bib and Brace - Unlined,"A garment designed to be completely practical and safe, the Contrast Bib and Brace protects the lower body and chest against wet conditions whilst ensuring safety.",https://d11ak7fd9ypfb7.cloudfront.net/styles1100px/S488YBR.jpg,55.0,0.0,TRUE,InStock,0.83,,S488YBR4XL,,,,Size,DROP_DOWN,S;M;L;XL;XXL;XXXL;4XL;5XL,Color,DROP_DOWN,Yellow/Navy;Yellow/Black,,,,,,,,,,,,,Fit,<p>R</p>,Length,<p>43</p>,Width,<p>28</p>,Height,<p>43</p>,Box Quantity,<p>24</p>,Inner Pack Quantity,<p>1</p>,Country Of Origin,<p>MM</p>,Standards,<ul><li>EN ISO 20471 Class 2</li><li>ANSI/ISEA 107 SUPPLEMENTAL CLASS E</li><li>EN 343:2019 Class 4:3 X  WP 10000mm MVP 10000g/m²/24hrs</li><li>RIS-3279-TOM  ISSUE 2 (ORANGE ONLY)</li></ul>,,,,
S488,Variant,,"A garment designed to be completely practical and safe, the Contrast Bib and Brace protects the lower body and chest against wet conditions whilst ensuring safety.",https://d11ak7fd9ypfb7.cloudfront.net/styles1100px/S488YBR.jpg,,0.0,TRUE,InStock,0.83,,S488YBR4XL,,,,Size,DROP_DOWN,4XL,Color,DROP_DOWN,Yellow/Black,,,,,,,,,,,,,Fit,<p>R</p>,Length,<p>43</p>,Width,<p>28</p>,Height,<p>43</p>,Box Quantity,<p>24</p>,Inner Pack Quantity,<p>1</p>,Country Of Origin,<p>MM</p>,Standards,<ul><li>EN ISO 20471 Class 2</li><li>ANSI/ISEA 107 SUPPLEMENTAL CLASS E</li><li>EN 343:2019 Class 4:3 X  WP 10000mm MVP 10000g/m²/24hrs</li><li>RIS-3279-TOM  ISSUE 2 (ORANGE ONLY)</li></ul>,,,,
S488,Variant,,"A garment designed to be completely practical and safe, the Contrast Bib and Brace protects the lower body and chest against wet conditions whilst ensuring safety.",https://d11ak7fd9ypfb7.cloudfront.net/styles1100px/S488YBR.jpg,,0.0,TRUE,InStock,0.86,,S488YBR5XL,,,,Size,DROP_DOWN,5XL,Color,DROP_DOWN,Yellow/Black,,,,,,,,,,,,,Fit,<p>R</p>,Length,<p>43</p>,Width,<p>28</p>,Height,<p>43</p>,Box Quantity,<p>24</p>,Inner Pack Quantity,<p>1</p>,Country Of Origin,<p>MM</p>,Standards,<ul><li>EN ISO 20471 Class 2</li><li>ANSI/ISEA 107 SUPPLEMENTAL CLASS E</li><li>EN 343:2019 Class 4:3 X  WP 10000mm MVP 10000g/m²/24hrs</li><li>RIS-3279-TOM  ISSUE 2 (ORANGE ONLY)</li></ul>,,,,
S488,Variant,,"A garment designed to be completely practical and safe, the Contrast Bib and Brace protects the lower body and chest against wet conditions whilst ensuring safety.",https://d11ak7fd9ypfb7.cloudfront.net/styles1100px/S488YBR.jpg,,0.0,TRUE,InStock,0.71,,S488YBRL,,,,Size,DROP_DOWN,L,Color,DROP_DOWN,Yellow/Black,,,,,,,,,,,,,Fit,<p>R</p>,Length,<p>43</p>,Width,<p>28</p>,Height,<p>43</p>,Box Quantity,<p>24</p>,Inner Pack Quantity,<p>1</p>,Country Of Origin,<p>MM</p>,Standards,<ul><li>EN ISO 20471 Class 2</li><li>ANSI/ISEA 107 SUPPLEMENTAL CLASS E</li><li>EN 343:2019 Class 4:3 X  WP 10000mm MVP 10000g/m²/24hrs</li><li>RIS-3279-TOM  ISSUE 2 (ORANGE ONLY)</li></ul>,,,,
S488,Variant,,"A garment designed to be completely practical and safe, the Contrast Bib and Brace protects the lower body and chest against wet conditions whilst ensuring safety.",https://d11ak7fd9ypfb7.cloudfront.net/styles1100px/S488YBR.jpg,,0.0,TRUE,InStock,0.68,,S488YBRM,,,,Size,DROP_DOWN,M,Color,DROP_DOWN,Yellow/Black,,,,,,,,,,,,,Fit,<p>R</p>,Length,<p>43</p>,Width,<p>28</p>,Height,<p>43</p>,Box Quantity,<p>24</p>,Inner Pack Quantity,<p>1</p>,Country Of Origin,<p>MM</p>,Standards,<ul><li>EN ISO 20471 Class 2</li><li>ANSI/ISEA 107 SUPPLEMENTAL CLASS E</li><li>EN 343:2019 Class 4:3 X  WP 10000mm MVP 10000g/m²/24hrs</li><li>RIS-3279-TOM  ISSUE 2 (ORANGE ONLY)</li></ul>,,,,
S488,Variant,,"A garment designed to be completely practical and safe, the Contrast Bib and Brace protects the lower body and chest against wet conditions whilst ensuring safety.",https://d11ak7fd9ypfb7.cloudfront.net/styles1100px/S488YBR.jpg,,0.0,TRUE,InStock,0.65,,S488YBRS,,,,Size,DROP_DOWN,S,Color,DROP_DOWN,Yellow/Black,,,,,,,,,,,,,Fit,<p>R</p>,Length,<p>43</p>,Width,<p>28</p>,Height,<p>43</p>,Box Quantity,<p>24</p>,Inner Pack Quantity,<p>1</p>,Country Of Origin,<p>MM</p>,Standards,<ul><li>EN ISO 20471 Class 2</li><li>ANSI/ISEA 107 SUPPLEMENTAL CLASS E</li><li>EN 343:2019 Class 4:3 X  WP 10000mm MVP 10000g/m²/24hrs</li><li>RIS-3279-TOM  ISSUE 2 (ORANGE ONLY)</li></ul>,,,,
S488,Variant,,"A garment designed to be completely practical and safe, the Contrast Bib and Brace protects the lower body and chest against wet conditions whilst ensuring safety.",https://d11ak7fd9ypfb7.cloudfront.net/styles1100px/S488YBR.jpg,,0.0,TRUE,InStock,0.74,,S488YBRXL,,,,Size,DROP_DOWN,XL,Color,DROP_DOWN,Yellow/Black,,,,,,,,,,,,,Fit,<p>R</p>,Length,<p>43</p>,Width,<p>28</p>,Height,<p>43</p>,Box Quantity,<p>24</p>,Inner Pack Quantity,<p>1</p>,Country Of Origin,<p>MM</p>,Standards,<ul><li>EN ISO 20471 Class 2</li><li>ANSI/ISEA 107 SUPPLEMENTAL CLASS E</li><li>EN 343:2019 Class 4:3 X  WP 10000mm MVP 10000g/m²/24hrs</li><li>RIS-3279-TOM  ISSUE 2 (ORANGE ONLY)</li></ul>,,,,
S488,Variant,,"A garment designed to be completely practical and safe, the Contrast Bib and Brace protects the lower body and chest against wet conditions whilst ensuring safety.",https://d11ak7fd9ypfb7.cloudfront.net/styles1100px/S488YBR.jpg,,0.0,TRUE,InStock,0.77,,S488YBRXXL,,,,Size,DROP_DOWN,XXL,Color,DROP_DOWN,Yellow/Black,,,,,,,,,,,,,Fit,<p>R</p>,Length,<p>43</p>,Width,<p>28</p>,Height,<p>43</p>,Box Quantity,<p>24</p>,Inner Pack Quantity,<p>1</p>,Country Of Origin,<p>MM</p>,Standards,<ul><li>EN ISO 20471 Class 2</li><li>ANSI/ISEA 107 SUPPLEMENTAL CLASS E</li><li>EN 343:2019 Class 4:3 X  WP 10000mm MVP 10000g/m²/24hrs</li><li>RIS-3279-TOM  ISSUE 2 (ORANGE ONLY)</li></ul>,,,,
S488,Variant,,"A garment designed to be completely practical and safe, the Contrast Bib and Brace protects the lower body and chest against wet conditions whilst ensuring safety.",https://d11ak7fd9ypfb7.cloudfront.net/styles1100px/S488YBR.jpg,,0.0,TRUE,InStock,0.8,,S488YBRXXXL,,,,Size,DROP_DOWN,XXXL,Color,DROP_DOWN,Yellow/Black,,,,,,,,,,,,,Fit,<p>R</p>,Length,<p>43</p>,Width,<p>28</p>,Height,<p>43</p>,Box Quantity,<p>24</p>,Inner Pack Quantity,<p>1</p>,Country Of Origin,<p>MM</p>,Standards,<ul><li>EN ISO 20471 Class 2</li><li>ANSI/ISEA 107 SUPPLEMENTAL CLASS E</li><li>EN 343:2019 Class 4:3 X  WP 10000mm MVP 10000g/m²/24hrs</li><li>RIS-3279-TOM  ISSUE 2 (ORANGE ONLY)</li></ul>,,,,
S488,Variant,,"A garment designed to be completely practical and safe, the Contrast Bib and Brace protects the lower body and chest against wet conditions whilst ensuring safety.",https://d11ak7fd9ypfb7.cloudfront.net/styles1100px/S488YNR.jpg,,0.0,TRUE,InStock,0.83,,S488YNR4XL,,,,Size,DROP_DOWN,4XL,Color,DROP_DOWN,Yellow/Navy,,,,,,,,,,,,,Fit,<p>R</p>,Length,<p>43</p>,Width,<p>28</p>,Height,<p>43</p>,Box Quantity,<p>24</p>,Inner Pack Quantity,<p>1</p>,Country Of Origin,<p>MM</p>,Standards,<ul><li>EN ISO 20471 Class 2</li><li>ANSI/ISEA 107 SUPPLEMENTAL CLASS E</li><li>EN 343:2019 Class 4:3 X  WP 10000mm MVP 10000g/m²/24hrs</li><li>RIS-3279-TOM  ISSUE 2 (ORANGE ONLY)</li></ul>,,,,
S488,Variant,,"A garment designed to be completely practical and safe, the Contrast Bib and Brace protects the lower body and chest against wet conditions whilst ensuring safety.",https://d11ak7fd9ypfb7.cloudfront.net/styles1100px/S488YNR.jpg,,0.0,TRUE,InStock,0.86,,S488YNR5XL,,,,Size,DROP_DOWN,5XL,Color,DROP_DOWN,Yellow/Navy,,,,,,,,,,,,,Fit,<p>R</p>,Length,<p>43</p>,Width,<p>28</p>,Height,<p>43</p>,Box Quantity,<p>24</p>,Inner Pack Quantity,<p>1</p>,Country Of Origin,<p>MM</p>,Standards,<ul><li>EN ISO 20471 Class 2</li><li>ANSI/ISEA 107 SUPPLEMENTAL CLASS E</li><li>EN 343:2019 Class 4:3 X  WP 10000mm MVP 10000g/m²/24hrs</li><li>RIS-3279-TOM  ISSUE 2 (ORANGE ONLY)</li></ul>,,,,
S488,Variant,,"A garment designed to be completely practical and safe, the Contrast Bib and Brace protects the lower body and chest against wet conditions whilst ensuring safety.",https://d11ak7fd9ypfb7.cloudfront.net/styles1100px/S488YNR.jpg,,0.0,TRUE,InStock,0.71,,S488YNRL,,,,Size,DROP_DOWN,L,Color,DROP_DOWN,Yellow/Navy,,,,,,,,,,,,,Fit,<p>R</p>,Length,<p>43</p>,Width,<p>28</p>,Height,<p>43</p>,Box Quantity,<p>24</p>,Inner Pack Quantity,<p>1</p>,Country Of Origin,<p>MM</p>,Standards,<ul><li>EN ISO 20471 Class 2</li><li>ANSI/ISEA 107 SUPPLEMENTAL CLASS E</li><li>EN 343:2019 Class 4:3 X  WP 10000mm MVP 10000g/m²/24hrs</li><li>RIS-3279-TOM  ISSUE 2 (ORANGE ONLY)</li></ul>,,,,
S488,Variant,,"A garment designed to be completely practical and safe, the Contrast Bib and Brace protects the lower body and chest against wet conditions whilst ensuring safety.",https://d11ak7fd9ypfb7.cloudfront.net/styles1100px/S488YNR.jpg,,0.0,TRUE,InStock,0.68,,S488YNRM,,,,Size,DROP_DOWN,M,Color,DROP_DOWN,Yellow/Navy,,,,,,,,,,,,,Fit,<p>R</p>,Length,<p>43</p>,Width,<p>28</p>,Height,<p>43</p>,Box Quantity,<p>24</p>,Inner Pack Quantity,<p>1</p>,Country Of Origin,<p>MM</p>,Standards,<ul><li>EN ISO 20471 Class 2</li><li>ANSI/ISEA 107 SUPPLEMENTAL CLASS E</li><li>EN 343:2019 Class 4:3 X  WP 10000mm MVP 10000g/m²/24hrs</li><li>RIS-3279-TOM  ISSUE 2 (ORANGE ONLY)</li></ul>,,,,
S488,Variant,,"A garment designed to be completely practical and safe, the Contrast Bib and Brace protects the lower body and chest against wet conditions whilst ensuring safety.",https://d11ak7fd9ypfb7.cloudfront.net/styles1100px/S488YNR.jpg,,0.0,TRUE,InStock,0.65,,S488YNRS,,,,Size,DROP_DOWN,S,Color,DROP_DOWN,Yellow/Navy,,,,,,,,,,,,,Fit,<p>R</p>,Length,<p>43</p>,Width,<p>28</p>,Height,<p>43</p>,Box Quantity,<p>24</p>,Inner Pack Quantity,<p>1</p>,Country Of Origin,<p>MM</p>,Standards,<ul><li>EN ISO 20471 Class 2</li><li>ANSI/ISEA 107 SUPPLEMENTAL CLASS E</li><li>EN 343:2019 Class 4:3 X  WP 10000mm MVP 10000g/m²/24hrs</li><li>RIS-3279-TOM  ISSUE 2 (ORANGE ONLY)</li></ul>,,,,
S488,Variant,,"A garment designed to be completely practical and safe, the Contrast Bib and Brace protects the lower body and chest against wet conditions whilst ensuring safety.",https://d11ak7fd9ypfb7.cloudfront.net/styles1100px/S488YNR.jpg,,0.0,TRUE,InStock,0.74,,S488YNRXL,,,,Size,DROP_DOWN,XL,Color,DROP_DOWN,Yellow/Navy,,,,,,,,,,,,,Fit,<p>R</p>,Length,<p>43</p>,Width,<p>28</p>,Height,<p>43</p>,Box Quantity,<p>24</p>,Inner Pack Quantity,<p>1</p>,Country Of Origin,<p>MM</p>,Standards,<ul><li>EN ISO 20471 Class 2</li><li>ANSI/ISEA 107 SUPPLEMENTAL CLASS E</li><li>EN 343:2019 Class 4:3 X  WP 10000mm MVP 10000g/m²/24hrs</li><li>RIS-3279-TOM  ISSUE 2 (ORANGE ONLY)</li></ul>,,,,
S488,Variant,,"A garment designed to be completely practical and safe, the Contrast Bib and Brace protects the lower body and chest against wet conditions whilst ensuring safety.",https://d11ak7fd9ypfb7.cloudfront.net/styles1100px/S488YNR.jpg,,0.0,TRUE,InStock,0.77,,S488YNRXXL,,,,Size,DROP_DOWN,XXL,Color,DROP_DOWN,Yellow/Navy,,,,,,,,,,,,,Fit,<p>R</p>,Length,<p>43</p>,Width,<p>28</p>,Height,<p>43</p>,Box Quantity,<p>24</p>,Inner Pack Quantity,<p>1</p>,Country Of Origin,<p>MM</p>,Standards,<ul><li>EN ISO 20471 Class 2</li><li>ANSI/ISEA 107 SUPPLEMENTAL CLASS E</li><li>EN 343:2019 Class 4:3 X  WP 10000mm MVP 10000g/m²/24hrs</li><li>RIS-3279-TOM  ISSUE 2 (ORANGE ONLY)</li></ul>,,,,
S488,Variant,,"A garment designed to be completely practical and safe, the Contrast Bib and Brace protects the lower body and chest against wet conditions whilst ensuring safety.",https://d11ak7fd9ypfb7.cloudfront.net/styles1100px/S488YNR.jpg,,0.0,TRUE,InStock,0.8,,S488YNRXXXL,,,,Size,DROP_DOWN,XXXL,Color,DROP_DOWN,Yellow/Navy,,,,,,,,,,,,,Fit,<p>R</p>,Length,<p>43</p>,Width,<p>28</p>,Height,<p>43</p>,Box Quantity,<p>24</p>,Inner Pack Quantity,<p>1</p>,Country Of Origin,<p>MM</p>,Standards,<ul><li>EN ISO 20471 Class 2</li><li>ANSI/ISEA 107 SUPPLEMENTAL CLASS E</li><li>EN 343:2019 Class 4:3 X  WP 10000mm MVP 10000g/m²/24hrs</li><li>RIS-3279-TOM  ISSUE 2 (ORANGE ONLY)</li></ul>,,,,
S489,Product,S489 - Contrast Bib and Brace - Lined,"A garment designed to be completely practical and safe, the Contrast Bib and Brace protects the lower body and chest against wet conditions whilst ensuring safety.",https://d11ak7fd9ypfb7.cloudfront.net/styles1100px/S489YBR.jpg,71.0,0.0,TRUE,InStock,1.28,High Visibility;Bib & Brace,S489YBR4XL,,,,Size,DROP_DOWN,S;M;L;XL;XXL;XXXL;4XL;5XL,Color,DROP_DOWN,Yellow;Yellow/Black,,,,,,,,,,,,,Fit,<p>R</p>,Length,<p>65</p>,Width,<p>40</p>,Height,<p>58</p>,Box Quantity,<p>18</p>,Inner Pack Quantity,<p>1</p>,Country Of Origin,<p>MM</p>,Standards,<ul><li>EN ISO 20471 Class 2</li><li>RIS-3279-TOM  ISSUE 1 (ORANGE ONLY)</li><li>ANSI/ISEA 107 SUPPLEMENTAL CLASS E</li><li>EN 342   0.341 (M².K/W) 2 X</li><li>EN 343:2019 Class 3:1 X  WP 15000mm</li></ul>,,,,
S489,Variant,,"A garment designed to be completely practical and safe, the Contrast Bib and Brace protects the lower body and chest against wet conditions whilst ensuring safety.",https://d11ak7fd9ypfb7.cloudfront.net/styles1100px/S489YBR.jpg,,0.0,TRUE,InStock,1.28,,S489YBR4XL,,,,Size,DROP_DOWN,4XL,Color,DROP_DOWN,Yellow/Black,,,,,,,,,,,,,Fit,<p>R</p>,Length,<p>65</p>,Width,<p>40</p>,Height,<p>58</p>,Box Quantity,<p>18</p>,Inner Pack Quantity,<p>1</p>,Country Of Origin,<p>MM</p>,Standards,<ul><li>EN ISO 20471 Class 2</li><li>RIS-3279-TOM  ISSUE 1 (ORANGE ONLY)</li><li>ANSI/ISEA 107 SUPPLEMENTAL CLASS E</li><li>EN 342   0.341 (M².K/W) 2 X</li><li>EN 343:2019 Class 3:1 X  WP 15000mm</li></ul>,,,,
S489,Variant,,"A garment designed to be completely practical and safe, the Contrast Bib and Brace protects the lower body and chest against wet conditions whilst ensuring safety.",https://d11ak7fd9ypfb7.cloudfront.net/styles1100px/S489YBR.jpg,,0.0,TRUE,InStock,1.3,,S489YBR5XL,,,,Size,DROP_DOWN,5XL,Color,DROP_DOWN,Yellow/Black,,,,,,,,,,,,,Fit,<p>R</p>,Length,<p>65</p>,Width,<p>40</p>,Height,<p>58</p>,Box Quantity,<p>18</p>,Inner Pack Quantity,<p>1</p>,Country Of Origin,<p>MM</p>,Standards,<ul><li>EN ISO 20471 Class 2</li><li>RIS-3279-TOM  ISSUE 1 (ORANGE ONLY)</li><li>ANSI/ISEA 107 SUPPLEMENTAL CLASS E</li><li>EN 342   0.341 (M².K/W) 2 X</li><li>EN 343:2019 Class 3:1 X  WP 15000mm</li></ul>,,,,
S489,Variant,,"A garment designed to be completely practical and safe, the Contrast Bib and Brace protects the lower body and chest against wet conditions whilst ensuring safety.",https://d11ak7fd9ypfb7.cloudfront.net/styles1100px/S489YBR.jpg,,0.0,TRUE,InStock,1.17,,S489YBRL,,,,Size,DROP_DOWN,L,Color,DROP_DOWN,Yellow/Black,,,,,,,,,,,,,Fit,<p>R</p>,Length,<p>65</p>,Width,<p>40</p>,Height,<p>58</p>,Box Quantity,<p>18</p>,Inner Pack Quantity,<p>1</p>,Country Of Origin,<p>MM</p>,Standards,<ul><li>EN ISO 20471 Class 2</li><li>RIS-3279-TOM  ISSUE 1 (ORANGE ONLY)</li><li>ANSI/ISEA 107 SUPPLEMENTAL CLASS E</li><li>EN 342   0.341 (M².K/W) 2 X</li><li>EN 343:2019 Class 3:1 X  WP 15000mm</li></ul>,,,,
S489,Variant,,"A garment designed to be completely practical and safe, the Contrast Bib and Brace protects the lower body and chest against wet conditions whilst ensuring safety.",https://d11ak7fd9ypfb7.cloudfront.net/styles1100px/S489YBR.jpg,,0.0,TRUE,InStock,1.13,,S489YBRM,,,,Size,DROP_DOWN,M,Color,DROP_DOWN,Yellow/Black,,,,,,,,,,,,,Fit,<p>R</p>,Length,<p>65</p>,Width,<p>40</p>,Height,<p>58</p>,Box Quantity,<p>18</p>,Inner Pack Quantity,<p>1</p>,Country Of Origin,<p>MM</p>,Standards,<ul><li>EN ISO 20471 Class 2</li><li>RIS-3279-TOM  ISSUE 1 (ORANGE ONLY)</li><li>ANSI/ISEA 107 SUPPLEMENTAL CLASS E</li><li>EN 342   0.341 (M².K/W) 2 X</li><li>EN 343:2019 Class 3:1 X  WP 15000mm</li></ul>,,,,
S489,Variant,,"A garment designed to be completely practical and safe, the Contrast Bib and Brace protects the lower body and chest against wet conditions whilst ensuring safety.",https://d11ak7fd9ypfb7.cloudfront.net/styles1100px/S489YBR.jpg,,0.0,TRUE,InStock,1.08,,S489YBRS,,,,Size,DROP_DOWN,S,Color,DROP_DOWN,Yellow/Black,,,,,,,,,,,,,Fit,<p>R</p>,Length,<p>65</p>,Width,<p>40</p>,Height,<p>58</p>,Box Quantity,<p>18</p>,Inner Pack Quantity,<p>1</p>,Country Of Origin,<p>MM</p>,Standards,<ul><li>EN ISO 20471 Class 2</li><li>RIS-3279-TOM  ISSUE 1 (ORANGE ONLY)</li><li>ANSI/ISEA 107 SUPPLEMENTAL CLASS E</li><li>EN 342   0.341 (M².K/W) 2 X</li><li>EN 343:2019 Class 3:1 X  WP 15000mm</li></ul>,,,,
S489,Variant,,"A garment designed to be completely practical and safe, the Contrast Bib and Brace protects the lower body and chest against wet conditions whilst ensuring safety.",https://d11ak7fd9ypfb7.cloudfront.net/styles1100px/S489YBR.jpg,,0.0,TRUE,InStock,1.22,,S489YBRXL,,,,Size,DROP_DOWN,XL,Color,DROP_DOWN,Yellow/Black,,,,,,,,,,,,,Fit,<p>R</p>,Length,<p>65</p>,Width,<p>40</p>,Height,<p>58</p>,Box Quantity,<p>18</p>,Inner Pack Quantity,<p>1</p>,Country Of Origin,<p>MM</p>,Standards,<ul><li>EN ISO 20471 Class 2</li><li>RIS-3279-TOM  ISSUE 1 (ORANGE ONLY)</li><li>ANSI/ISEA 107 SUPPLEMENTAL CLASS E</li><li>EN 342   0.341 (M².K/W) 2 X</li><li>EN 343:2019 Class 3:1 X  WP 15000mm</li></ul>,,,,
S489,Variant,,"A garment designed to be completely practical and safe, the Contrast Bib and Brace protects the lower body and chest against wet conditions whilst ensuring safety.",https://d11ak7fd9ypfb7.cloudfront.net/styles1100px/S489YBR.jpg,,0.0,TRUE,InStock,1.24,,S489YBRXXL,,,,Size,DROP_DOWN,XXL,Color,DROP_DOWN,Yellow/Black,,,,,,,,,,,,,Fit,<p>R</p>,Length,<p>65</p>,Width,<p>40</p>,Height,<p>58</p>,Box Quantity,<p>18</p>,Inner Pack Quantity,<p>1</p>,Country Of Origin,<p>MM</p>,Standards,<ul><li>EN ISO 20471 Class 2</li><li>RIS-3279-TOM  ISSUE 1 (ORANGE ONLY)</li><li>ANSI/ISEA 107 SUPPLEMENTAL CLASS E</li><li>EN 342   0.341 (M².K/W) 2 X</li><li>EN 343:2019 Class 3:1 X  WP 15000mm</li></ul>,,,,
S489,Variant,,"A garment designed to be completely practical and safe, the Contrast Bib and Brace protects the lower body and chest against wet conditions whilst ensuring safety.",https://d11ak7fd9ypfb7.cloudfront.net/styles1100px/S489YBR.jpg,,0.0,TRUE,InStock,1.27,,S489YBRXXXL,,,,Size,DROP_DOWN,XXXL,Color,DROP_DOWN,Yellow/Black,,,,,,,,,,,,,Fit,<p>R</p>,Length,<p>65</p>,Width,<p>40</p>,Height,<p>58</p>,Box Quantity,<p>18</p>,Inner Pack Quantity,<p>1</p>,Country Of Origin,<p>MM</p>,Standards,<ul><li>EN ISO 20471 Class 2</li><li>RIS-3279-TOM  ISSUE 1 (ORANGE ONLY)</li><li>ANSI/ISEA 107 SUPPLEMENTAL CLASS E</li><li>EN 342   0.341 (M².K/W) 2 X</li><li>EN 343:2019 Class 3:1 X  WP 15000mm</li></ul>,,,,
S489,Variant,,"A garment designed to be completely practical and safe, the Contrast Bib and Brace protects the lower body and chest against wet conditions whilst ensuring safety.",https://d11ak7fd9ypfb7.cloudfront.net/styles1100px/S489YER.jpg,,0.0,TRUE,InStock,1.28,,S489YER4XL,,,,Size,DROP_DOWN,4XL,Color,DROP_DOWN,Yellow,,,,,,,,,,,,,Fit,<p>R</p>,Length,<p>65</p>,Width,<p>40</p>,Height,<p>58</p>,Box Quantity,<p>18</p>,Inner Pack Quantity,<p>1</p>,Country Of Origin,<p>MM</p>,Standards,<ul><li>EN ISO 20471 Class 2</li><li>RIS-3279-TOM  ISSUE 1 (ORANGE ONLY)</li><li>ANSI/ISEA 107 SUPPLEMENTAL CLASS E</li><li>EN 342   0.341 (M².K/W) 2 X</li><li>EN 343:2019 Class 3:1 X  WP 15000mm</li></ul>,,,,
S489,Variant,,"A garment designed to be completely practical and safe, the Contrast Bib and Brace protects the lower body and chest against wet conditions whilst ensuring safety.",https://d11ak7fd9ypfb7.cloudfront.net/styles1100px/S489YER.jpg,,0.0,TRUE,InStock,1.17,,S489YERL,,,,Size,DROP_DOWN,L,Color,DROP_DOWN,Yellow,,,,,,,,,,,,,Fit,<p>R</p>,Length,<p>65</p>,Width,<p>40</p>,Height,<p>58</p>,Box Quantity,<p>18</p>,Inner Pack Quantity,<p>1</p>,Country Of Origin,<p>MM</p>,Standards,<ul><li>EN ISO 20471 Class 2</li><li>RIS-3279-TOM  ISSUE 1 (ORANGE ONLY)</li><li>ANSI/ISEA 107 SUPPLEMENTAL CLASS E</li><li>EN 342   0.341 (M².K/W) 2 X</li><li>EN 343:2019 Class 3:1 X  WP 15000mm</li></ul>,,,,
S489,Variant,,"A garment designed to be completely practical and safe, the Contrast Bib and Brace protects the lower body and chest against wet conditions whilst ensuring safety.",https://d11ak7fd9ypfb7.cloudfront.net/styles1100px/S489YER.jpg,,0.0,TRUE,InStock,1.13,,S489YERM,,,,Size,DROP_DOWN,M,Color,DROP_DOWN,Yellow,,,,,,,,,,,,,Fit,<p>R</p>,Length,<p>65</p>,Width,<p>40</p>,Height,<p>58</p>,Box Quantity,<p>18</p>,Inner Pack Quantity,<p>1</p>,Country Of Origin,<p>MM</p>,Standards,<ul><li>EN ISO 20471 Class 2</li><li>RIS-3279-TOM  ISSUE 1 (ORANGE ONLY)</li><li>ANSI/ISEA 107 SUPPLEMENTAL CLASS E</li><li>EN 342   0.341 (M².K/W) 2 X</li><li>EN 343:2019 Class 3:1 X  WP 15000mm</li></ul>,,,,
S489,Variant,,"A garment designed to be completely practical and safe, the Contrast Bib and Brace protects the lower body and chest against wet conditions whilst ensuring safety.",https://d11ak7fd9ypfb7.cloudfront.net/styles1100px/S489YER.jpg,,0.0,TRUE,InStock,1.08,,S489YERS,,,,Size,DROP_DOWN,S,Color,DROP_DOWN,Yellow,,,,,,,,,,,,,Fit,<p>R</p>,Length,<p>65</p>,Width,<p>40</p>,Height,<p>58</p>,Box Quantity,<p>18</p>,Inner Pack Quantity,<p>1</p>,Country Of Origin,<p>MM</p>,Standards,<ul><li>EN ISO 20471 Class 2</li><li>RIS-3279-TOM  ISSUE 1 (ORANGE ONLY)</li><li>ANSI/ISEA 107 SUPPLEMENTAL CLASS E</li><li>EN 342   0.341 (M².K/W) 2 X</li><li>EN 343:2019 Class 3:1 X  WP 15000mm</li></ul>,,,,
S489,Variant,,"A garment designed to be completely practical and safe, the Contrast Bib and Brace protects the lower body and chest against wet conditions whilst ensuring safety.",https://d11ak7fd9ypfb7.cloudfront.net/styles1100px/S489YER.jpg,,0.0,TRUE,InStock,1.22,,S489YERXL,,,,Size,DROP_DOWN,XL,Color,DROP_DOWN,Yellow,,,,,,,,,,,,,Fit,<p>R</p>,Length,<p>65</p>,Width,<p>40</p>,Height,<p>58</p>,Box Quantity,<p>18</p>,Inner Pack Quantity,<p>1</p>,Country Of Origin,<p>MM</p>,Standards,<ul><li>EN ISO 20471 Class 2</li><li>RIS-3279-TOM  ISSUE 1 (ORANGE ONLY)</li><li>ANSI/ISEA 107 SUPPLEMENTAL CLASS E</li><li>EN 342   0.341 (M².K/W) 2 X</li><li>EN 343:2019 Class 3:1 X  WP 15000mm</li></ul>,,,,
S489,Variant,,"A garment designed to be completely practical and safe, the Contrast Bib and Brace protects the lower body and chest against wet conditions whilst ensuring safety.",https://d11ak7fd9ypfb7.cloudfront.net/styles1100px/S489YER.jpg,,0.0,TRUE,InStock,1.24,,S489YERXXL,,,,Size,DROP_DOWN,XXL,Color,DROP_DOWN,Yellow,,,,,,,,,,,,,Fit,<p>R</p>,Length,<p>65</p>,Width,<p>40</p>,Height,<p>58</p>,Box Quantity,<p>18</p>,Inner Pack Quantity,<p>1</p>,Country Of Origin,<p>MM</p>,Standards,<ul><li>EN ISO 20471 Class 2</li><li>RIS-3279-TOM  ISSUE 1 (ORANGE ONLY)</li><li>ANSI/ISEA 107 SUPPLEMENTAL CLASS E</li><li>EN 342   0.341 (M².K/W) 2 X</li><li>EN 343:2019 Class 3:1 X  WP 15000mm</li></ul>,,,,
S489,Variant,,"A garment designed to be completely practical and safe, the Contrast Bib and Brace protects the lower body and chest against wet conditions whilst ensuring safety.",https://d11ak7fd9ypfb7.cloudfront.net/styles1100px/S489YER.jpg,,0.0,TRUE,InStock,1.27,,S489YERXXXL,,,,Size,DROP_DOWN,XXXL,Color,DROP_DOWN,Yellow,,,,,,,,,,,,,Fit,<p>R</p>,Length,<p>65</p>,Width,<p>40</p>,Height,<p>58</p>,Box Quantity,<p>18</p>,Inner Pack Quantity,<p>1</p>,Country Of Origin,<p>MM</p>,Standards,<ul><li>EN ISO 20471 Class 2</li><li>RIS-3279-TOM  ISSUE 1 (ORANGE ONLY)</li><li>ANSI/ISEA 107 SUPPLEMENTAL CLASS E</li><li>EN 342   0.341 (M².K/W) 2 X</li><li>EN 343:2019 Class 3:1 X  WP 15000mm</li></ul>,,,,
S493,Product,S493 - Sealtex Ultra Reflective Pants,"For all day comfort, the S493 waistband is fully elasticated and the hems are adjustable by means of snap fasteners. The pants are finished with top quality reflective tape certified to ANSI/ISEA 107.",https://d11ak7fd9ypfb7.cloudfront.net/styles1100px/S493YER.jpg,33.9,0.0,TRUE,InStock,0.46,,S493YER4XL,,,,Size,DROP_DOWN,XS;S;M;L;XL;XXL;XXXL;4XL;5XL,Color,DROP_DOWN,Yellow,,,,,,,,,,,,,Fit,<p>R</p>,Length,<p>43</p>,Width,<p>28</p>,Height,<p>36</p>,Box Quantity,<p>24</p>,Inner Pack Quantity,<p>1</p>,Country Of Origin,<p>CN</p>,Standards,<ul><li>VN605151065</li><li>EN ISO 20471 Class 1</li><li>ANSI/ISEA 107 SUPPLEMENTAL CLASS E</li><li>EN 343:2019 Class 3:2 X  WP 5000mm  MVP 3000g/m²/24hrs</li><li>AS 4602.1 Class D/N</li><li>Fabric Performance   WP 5000mm MVP 3000g/m²/24hrs</li></ul>,,,,
S493,Variant,,"For all day comfort, the S493 waistband is fully elasticated and the hems are adjustable by means of snap fasteners. The pants are finished with top quality reflective tape certified to ANSI/ISEA 107.",https://d11ak7fd9ypfb7.cloudfront.net/styles1100px/S493YER.jpg,,0.0,TRUE,InStock,0.46,,S493YER4XL,,,,Size,DROP_DOWN,4XL,Color,DROP_DOWN,Yellow,,,,,,,,,,,,,Fit,<p>R</p>,Length,<p>43</p>,Width,<p>28</p>,Height,<p>36</p>,Box Quantity,<p>24</p>,Inner Pack Quantity,<p>1</p>,Country Of Origin,<p>CN</p>,Standards,<ul><li>VN605151065</li><li>EN ISO 20471 Class 1</li><li>ANSI/ISEA 107 SUPPLEMENTAL CLASS E</li><li>EN 343:2019 Class 3:2 X  WP 5000mm  MVP 3000g/m²/24hrs</li><li>AS 4602.1 Class D/N</li><li>Fabric Performance   WP 5000mm MVP 3000g/m²/24hrs</li></ul>,,,,
S493,Variant,,"For all day comfort, the S493 waistband is fully elasticated and the hems are adjustable by means of snap fasteners. The pants are finished with top quality reflective tape certified to ANSI/ISEA 107.",https://d11ak7fd9ypfb7.cloudfront.net/styles1100px/S493YER.jpg,,0.0,TRUE,InStock,0.48,,S493YER5XL,,,,Size,DROP_DOWN,5XL,Color,DROP_DOWN,Yellow,,,,,,,,,,,,,Fit,<p>R</p>,Length,<p>43</p>,Width,<p>28</p>,Height,<p>36</p>,Box Quantity,<p>24</p>,Inner Pack Quantity,<p>1</p>,Country Of Origin,<p>CN</p>,Standards,<ul><li>VN605151065</li><li>EN ISO 20471 Class 1</li><li>ANSI/ISEA 107 SUPPLEMENTAL CLASS E</li><li>EN 343:2019 Class 3:2 X  WP 5000mm  MVP 3000g/m²/24hrs</li><li>AS 4602.1 Class D/N</li><li>Fabric Performance   WP 5000mm MVP 3000g/m²/24hrs</li></ul>,,,,
S493,Variant,,"For all day comfort, the S493 waistband is fully elasticated and the hems are adjustable by means of snap fasteners. The pants are finished with top quality reflective tape certified to ANSI/ISEA 107.",https://d11ak7fd9ypfb7.cloudfront.net/styles1100px/S493YER.jpg,,0.0,TRUE,InStock,0.38,,S493YERL,,,,Size,DROP_DOWN,L,Color,DROP_DOWN,Yellow,,,,,,,,,,,,,Fit,<p>R</p>,Length,<p>43</p>,Width,<p>28</p>,Height,<p>36</p>,Box Quantity,<p>24</p>,Inner Pack Quantity,<p>1</p>,Country Of Origin,<p>CN</p>,Standards,<ul><li>VN605151065</li><li>EN ISO 20471 Class 1</li><li>ANSI/ISEA 107 SUPPLEMENTAL CLASS E</li><li>EN 343:2019 Class 3:2 X  WP 5000mm  MVP 3000g/m²/24hrs</li><li>AS 4602.1 Class D/N</li><li>Fabric Performance   WP 5000mm MVP 3000g/m²/24hrs</li></ul>,,,,
S493,Variant,,"For all day comfort, the S493 waistband is fully elasticated and the hems are adjustable by means of snap fasteners. The pants are finished with top quality reflective tape certified to ANSI/ISEA 107.",https://d11ak7fd9ypfb7.cloudfront.net/styles1100px/S493YER.jpg,,0.0,TRUE,InStock,0.36,,S493YERM,,,,Size,DROP_DOWN,M,Color,DROP_DOWN,Yellow,,,,,,,,,,,,,Fit,<p>R</p>,Length,<p>43</p>,Width,<p>28</p>,Height,<p>36</p>,Box Quantity,<p>24</p>,Inner Pack Quantity,<p>1</p>,Country Of Origin,<p>CN</p>,Standards,<ul><li>VN605151065</li><li>EN ISO 20471 Class 1</li><li>ANSI/ISEA 107 SUPPLEMENTAL CLASS E</li><li>EN 343:2019 Class 3:2 X  WP 5000mm  MVP 3000g/m²/24hrs</li><li>AS 4602.1 Class D/N</li><li>Fabric Performance   WP 5000mm MVP 3000g/m²/24hrs</li></ul>,,,,
S493,Variant,,"For all day comfort, the S493 waistband is fully elasticated and the hems are adjustable by means of snap fasteners. The pants are finished with top quality reflective tape certified to ANSI/ISEA 107.",https://d11ak7fd9ypfb7.cloudfront.net/styles1100px/S493YER.jpg,,0.0,TRUE,InStock,0.34,,S493YERS,,,,Size,DROP_DOWN,S,Color,DROP_DOWN,Yellow,,,,,,,,,,,,,Fit,<p>R</p>,Length,<p>43</p>,Width,<p>28</p>,Height,<p>36</p>,Box Quantity,<p>24</p>,Inner Pack Quantity,<p>1</p>,Country Of Origin,<p>CN</p>,Standards,<ul><li>VN605151065</li><li>EN ISO 20471 Class 1</li><li>ANSI/ISEA 107 SUPPLEMENTAL CLASS E</li><li>EN 343:2019 Class 3:2 X  WP 5000mm  MVP 3000g/m²/24hrs</li><li>AS 4602.1 Class D/N</li><li>Fabric Performance   WP 5000mm MVP 3000g/m²/24hrs</li></ul>,,,,
S493,Variant,,"For all day comfort, the S493 waistband is fully elasticated and the hems are adjustable by means of snap fasteners. The pants are finished with top quality reflective tape certified to ANSI/ISEA 107.",https://d11ak7fd9ypfb7.cloudfront.net/styles1100px/S493YER.jpg,,0.0,TRUE,InStock,0.4,,S493YERXL,,,,Size,DROP_DOWN,XL,Color,DROP_DOWN,Yellow,,,,,,,,,,,,,Fit,<p>R</p>,Length,<p>43</p>,Width,<p>28</p>,Height,<p>36</p>,Box Quantity,<p>24</p>,Inner Pack Quantity,<p>1</p>,Country Of Origin,<p>CN</p>,Standards,<ul><li>VN605151065</li><li>EN ISO 20471 Class 1</li><li>ANSI/ISEA 107 SUPPLEMENTAL CLASS E</li><li>EN 343:2019 Class 3:2 X  WP 5000mm  MVP 3000g/m²/24hrs</li><li>AS 4602.1 Class D/N</li><li>Fabric Performance   WP 5000mm MVP 3000g/m²/24hrs</li></ul>,,,,
S493,Variant,,"For all day comfort, the S493 waistband is fully elasticated and the hems are adjustable by means of snap fasteners. The pants are finished with top quality reflective tape certified to ANSI/ISEA 107.",https://d11ak7fd9ypfb7.cloudfront.net/styles1100px/S493YER.jpg,,0.0,TRUE,InStock,0.32,,S493YERXS,,,,Size,DROP_DOWN,XS,Color,DROP_DOWN,Yellow,,,,,,,,,,,,,Fit,<p>R</p>,Length,<p>43</p>,Width,<p>28</p>,Height,<p>36</p>,Box Quantity,<p>24</p>,Inner Pack Quantity,<p>1</p>,Country Of Origin,<p>CN</p>,Standards,<ul><li>VN605151065</li><li>EN ISO 20471 Class 1</li><li>ANSI/ISEA 107 SUPPLEMENTAL CLASS E</li><li>EN 343:2019 Class 3:2 X  WP 5000mm  MVP 3000g/m²/24hrs</li><li>AS 4602.1 Class D/N</li><li>Fabric Performance   WP 5000mm MVP 3000g/m²/24hrs</li></ul>,,,,
S493,Variant,,"For all day comfort, the S493 waistband is fully elasticated and the hems are adjustable by means of snap fasteners. The pants are finished with top quality reflective tape certified to ANSI/ISEA 107.",https://d11ak7fd9ypfb7.cloudfront.net/styles1100px/S493YER.jpg,,0.0,TRUE,InStock,0.42,,S493YERXXL,,,,Size,DROP_DOWN,XXL,Color,DROP_DOWN,Yellow,,,,,,,,,,,,,Fit,<p>R</p>,Length,<p>43</p>,Width,<p>28</p>,Height,<p>36</p>,Box Quantity,<p>24</p>,Inner Pack Quantity,<p>1</p>,Country Of Origin,<p>CN</p>,Standards,<ul><li>VN605151065</li><li>EN ISO 20471 Class 1</li><li>ANSI/ISEA 107 SUPPLEMENTAL CLASS E</li><li>EN 343:2019 Class 3:2 X  WP 5000mm  MVP 3000g/m²/24hrs</li><li>AS 4602.1 Class D/N</li><li>Fabric Performance   WP 5000mm MVP 3000g/m²/24hrs</li></ul>,,,,
S493,Variant,,"For all day comfort, the S493 waistband is fully elasticated and the hems are adjustable by means of snap fasteners. The pants are finished with top quality reflective tape certified to ANSI/ISEA 107.",https://d11ak7fd9ypfb7.cloudfront.net/styles1100px/S493YER.jpg,,0.0,TRUE,InStock,0.44,,S493YERXXXL,,,,Size,DROP_DOWN,XXXL,Color,DROP_DOWN,Yellow,,,,,,,,,,,,,Fit,<p>R</p>,Length,<p>43</p>,Width,<p>28</p>,Height,<p>36</p>,Box Quantity,<p>24</p>,Inner Pack Quantity,<p>1</p>,Country Of Origin,<p>CN</p>,Standards,<ul><li>VN605151065</li><li>EN ISO 20471 Class 1</li><li>ANSI/ISEA 107 SUPPLEMENTAL CLASS E</li><li>EN 343:2019 Class 3:2 X  WP 5000mm  MVP 3000g/m²/24hrs</li><li>AS 4602.1 Class D/N</li><li>Fabric Performance   WP 5000mm MVP 3000g/m²/24hrs</li></ul>,,,,
S532,Product,S532 - Orkney 3 in 1 Breathable Jacket,"Stylish, innovative and versatile, this 3-in-1 jacket is a best seller. The waterproof, breathable nylon shell is designed to protect outdoor workers in all industries against driving rain, wind and cold. It can be detached from the zip-out fleece and worn by itself, while the 280g fleece is a great choice on its own when the conditions are cool but dry.",https://d11ak7fd9ypfb7.cloudfront.net/styles1100px/S532GRR.jpg,105.8,0.0,TRUE,InStock,1.88,,S532GRR4XL,,,,Size,DROP_DOWN,L;XL;4XL,Color,DROP_DOWN,Grey,,,,,,,,,,,,,Fit,<p>R</p>,Length,<p>65</p>,Width,<p>40</p>,Height,<p>56</p>,Box Quantity,<p>12</p>,Inner Pack Quantity,<p>1</p>,Country Of Origin,<p>CN</p>,Standards,<ul><li>EN 343:2019 Class 3:2 X  WP 5000mm MVP 14000g/m2/24hr</li></ul>,,,,
S532,Variant,,"Stylish, innovative and versatile, this 3-in-1 jacket is a best seller. The waterproof, breathable nylon shell is designed to protect outdoor workers in all industries against driving rain, wind and cold. It can be detached from the zip-out fleece and worn by itself, while the 280g fleece is a great choice on its own when the conditions are cool but dry.",https://d11ak7fd9ypfb7.cloudfront.net/styles1100px/S532GRR.jpg,,0.0,TRUE,InStock,1.88,,S532GRR4XL,,,,Size,DROP_DOWN,4XL,Color,DROP_DOWN,Grey,,,,,,,,,,,,,Fit,<p>R</p>,Length,<p>65</p>,Width,<p>40</p>,Height,<p>56</p>,Box Quantity,<p>12</p>,Inner Pack Quantity,<p>1</p>,Country Of Origin,<p>CN</p>,Standards,<ul><li>EN 343:2019 Class 3:2 X  WP 5000mm MVP 14000g/m2/24hr</li></ul>,,,,
S532,Variant,,"Stylish, innovative and versatile, this 3-in-1 jacket is a best seller. The waterproof, breathable nylon shell is designed to protect outdoor workers in all industries against driving rain, wind and cold. It can be detached from the zip-out fleece and worn by itself, while the 280g fleece is a great choice on its own when the conditions are cool but dry.",https://d11ak7fd9ypfb7.cloudfront.net/styles1100px/S532GRR.jpg,,0.0,TRUE,InStock,1.58,,S532GRRL,,,,Size,DROP_DOWN,L,Color,DROP_DOWN,Grey,,,,,,,,,,,,,Fit,<p>R</p>,Length,<p>65</p>,Width,<p>40</p>,Height,<p>56</p>,Box Quantity,<p>12</p>,Inner Pack Quantity,<p>1</p>,Country Of Origin,<p>CN</p>,Standards,<ul><li>EN 343:2019 Class 3:2 X  WP 5000mm MVP 14000g/m2/24hr</li></ul>,,,,
S532,Variant,,"Stylish, innovative and versatile, this 3-in-1 jacket is a best seller. The waterproof, breathable nylon shell is designed to protect outdoor workers in all industries against driving rain, wind and cold. It can be detached from the zip-out fleece and worn by itself, while the 280g fleece is a great choice on its own when the conditions are cool but dry.",https://d11ak7fd9ypfb7.cloudfront.net/styles1100px/S532GRR.jpg,,0.0,TRUE,InStock,1.64,,S532GRRXL,,,,Size,DROP_DOWN,XL,Color,DROP_DOWN,Grey,,,,,,,,,,,,,Fit,<p>R</p>,Length,<p>65</p>,Width,<p>40</p>,Height,<p>56</p>,Box Quantity,<p>12</p>,Inner Pack Quantity,<p>1</p>,Country Of Origin,<p>CN</p>,Standards,<ul><li>EN 343:2019 Class 3:2 X  WP 5000mm MVP 14000g/m2/24hr</li></ul>,,,,
S546,Product,S546 - Ultrasonic Tunnel Jacket,"The Ultrasonic Tunnel Jacket provides outstanding warmth and insulation. This style uses revolutionary heat seal construction to form the baffle lines. Bonding the fabric without stitching or thread improves the water resistance and the chances of filling, clumping or shifting is completely reduced.",https://d11ak7fd9ypfb7.cloudfront.net/styles1100px/S546BKR.jpg,65.5,0.0,TRUE,InStock,0.78,,S546BKRL,,,,Size,DROP_DOWN,S;M;L;XL;XXL;XXXL,Color,DROP_DOWN,Metal Grey;Black,,,,,,,,,,,,,Fit,<p>R</p>,Length,<p>60</p>,Width,<p>45</p>,Height,<p>44</p>,Box Quantity,<p>18</p>,Inner Pack Quantity,<p>1</p>,Country Of Origin,<p>CN</p>,Standards,<p></p>,,,,
S546,Variant,,"The Ultrasonic Tunnel Jacket provides outstanding warmth and insulation. This style uses revolutionary heat seal construction to form the baffle lines. Bonding the fabric without stitching or thread improves the water resistance and the chances of filling, clumping or shifting is completely reduced.",https://d11ak7fd9ypfb7.cloudfront.net/styles1100px/S546BKR.jpg,,0.0,TRUE,InStock,0.78,,S546BKRL,,,,Size,DROP_DOWN,L,Color,DROP_DOWN,Black,,,,,,,,,,,,,Fit,<p>R</p>,Length,<p>60</p>,Width,<p>45</p>,Height,<p>44</p>,Box Quantity,<p>18</p>,Inner Pack Quantity,<p>1</p>,Country Of Origin,<p>CN</p>,Standards,<p></p>,,,,
S546,Variant,,"The Ultrasonic Tunnel Jacket provides outstanding warmth and insulation. This style uses revolutionary heat seal construction to form the baffle lines. Bonding the fabric without stitching or thread improves the water resistance and the chances of filling, clumping or shifting is completely reduced.",https://d11ak7fd9ypfb7.cloudfront.net/styles1100px/S546BKR.jpg,,0.0,TRUE,InStock,0.72,,S546BKRM,,,,Size,DROP_DOWN,M,Color,DROP_DOWN,Black,,,,,,,,,,,,,Fit,<p>R</p>,Length,<p>60</p>,Width,<p>45</p>,Height,<p>44</p>,Box Quantity,<p>18</p>,Inner Pack Quantity,<p>1</p>,Country Of Origin,<p>CN</p>,Standards,<p></p>,,,,
S546,Variant,,"The Ultrasonic Tunnel Jacket provides outstanding warmth and insulation. This style uses revolutionary heat seal construction to form the baffle lines. Bonding the fabric without stitching or thread improves the water resistance and the chances of filling, clumping or shifting is completely reduced.",https://d11ak7fd9ypfb7.cloudfront.net/styles1100px/S546BKR.jpg,,0.0,TRUE,InStock,0.669,,S546BKRS,,,,Size,DROP_DOWN,S,Color,DROP_DOWN,Black,,,,,,,,,,,,,Fit,<p>R</p>,Length,<p>60</p>,Width,<p>45</p>,Height,<p>44</p>,Box Quantity,<p>18</p>,Inner Pack Quantity,<p>1</p>,Country Of Origin,<p>CN</p>,Standards,<p></p>,,,,
S546,Variant,,"The Ultrasonic Tunnel Jacket provides outstanding warmth and insulation. This style uses revolutionary heat seal construction to form the baffle lines. Bonding the fabric without stitching or thread improves the water resistance and the chances of filling, clumping or shifting is completely reduced.",https://d11ak7fd9ypfb7.cloudfront.net/styles1100px/S546BKR.jpg,,0.0,TRUE,InStock,0.812,,S546BKRXL,,,,Size,DROP_DOWN,XL,Color,DROP_DOWN,Black,,,,,,,,,,,,,Fit,<p>R</p>,Length,<p>60</p>,Width,<p>45</p>,Height,<p>44</p>,Box Quantity,<p>18</p>,Inner Pack Quantity,<p>1</p>,Country Of Origin,<p>CN</p>,Standards,<p></p>,,,,
S546,Variant,,"The Ultrasonic Tunnel Jacket provides outstanding warmth and insulation. This style uses revolutionary heat seal construction to form the baffle lines. Bonding the fabric without stitching or thread improves the water resistance and the chances of filling, clumping or shifting is completely reduced.",https://d11ak7fd9ypfb7.cloudfront.net/styles1100px/S546BKR.jpg,,0.0,TRUE,InStock,0.867,,S546BKRXXL,,,,Size,DROP_DOWN,XXL,Color,DROP_DOWN,Black,,,,,,,,,,,,,Fit,<p>R</p>,Length,<p>60</p>,Width,<p>45</p>,Height,<p>44</p>,Box Quantity,<p>18</p>,Inner Pack Quantity,<p>1</p>,Country Of Origin,<p>CN</p>,Standards,<p></p>,,,,
S546,Variant,,"The Ultrasonic Tunnel Jacket provides outstanding warmth and insulation. This style uses revolutionary heat seal construction to form the baffle lines. Bonding the fabric without stitching or thread improves the water resistance and the chances of filling, clumping or shifting is completely reduced.",https://d11ak7fd9ypfb7.cloudfront.net/styles1100px/S546BKR.jpg,,0.0,TRUE,InStock,0.917,,S546BKRXXXL,,,,Size,DROP_DOWN,XXXL,Color,DROP_DOWN,Black,,,,,,,,,,,,,Fit,<p>R</p>,Length,<p>60</p>,Width,<p>45</p>,Height,<p>44</p>,Box Quantity,<p>18</p>,Inner Pack Quantity,<p>1</p>,Country Of Origin,<p>CN</p>,Standards,<p></p>,,,,
S546,Variant,,"The Ultrasonic Tunnel Jacket provides outstanding warmth and insulation. This style uses revolutionary heat seal construction to form the baffle lines. Bonding the fabric without stitching or thread improves the water resistance and the chances of filling, clumping or shifting is completely reduced.",https://d11ak7fd9ypfb7.cloudfront.net/styles1100px/S546MGR.jpg,,0.0,TRUE,InStock,0.78,,S546MGRL,,,,Size,DROP_DOWN,L,Color,DROP_DOWN,Metal Grey,,,,,,,,,,,,,Fit,<p>R</p>,Length,<p>60</p>,Width,<p>45</p>,Height,<p>44</p>,Box Quantity,<p>18</p>,Inner Pack Quantity,<p>1</p>,Country Of Origin,<p>CN</p>,Standards,<p></p>,,,,
S546,Variant,,"The Ultrasonic Tunnel Jacket provides outstanding warmth and insulation. This style uses revolutionary heat seal construction to form the baffle lines. Bonding the fabric without stitching or thread improves the water resistance and the chances of filling, clumping or shifting is completely reduced.",https://d11ak7fd9ypfb7.cloudfront.net/styles1100px/S546MGR.jpg,,0.0,TRUE,InStock,0.72,,S546MGRM,,,,Size,DROP_DOWN,M,Color,DROP_DOWN,Metal Grey,,,,,,,,,,,,,Fit,<p>R</p>,Length,<p>60</p>,Width,<p>45</p>,Height,<p>44</p>,Box Quantity,<p>18</p>,Inner Pack Quantity,<p>1</p>,Country Of Origin,<p>CN</p>,Standards,<p></p>,,,,
S546,Variant,,"The Ultrasonic Tunnel Jacket provides outstanding warmth and insulation. This style uses revolutionary heat seal construction to form the baffle lines. Bonding the fabric without stitching or thread improves the water resistance and the chances of filling, clumping or shifting is completely reduced.",https://d11ak7fd9ypfb7.cloudfront.net/styles1100px/S546MGR.jpg,,0.0,TRUE,InStock,0.669,,S546MGRS,,,,Size,DROP_DOWN,S,Color,DROP_DOWN,Metal Grey,,,,,,,,,,,,,Fit,<p>R</p>,Length,<p>60</p>,Width,<p>45</p>,Height,<p>44</p>,Box Quantity,<p>18</p>,Inner Pack Quantity,<p>1</p>,Country Of Origin,<p>CN</p>,Standards,<p></p>,,,,
S546,Variant,,"The Ultrasonic Tunnel Jacket provides outstanding warmth and insulation. This style uses revolutionary heat seal construction to form the baffle lines. Bonding the fabric without stitching or thread improves the water resistance and the chances of filling, clumping or shifting is completely reduced.",https://d11ak7fd9ypfb7.cloudfront.net/styles1100px/S546MGR.jpg,,0.0,TRUE,InStock,0.812,,S546MGRXL,,,,Size,DROP_DOWN,XL,Color,DROP_DOWN,Metal Grey,,,,,,,,,,,,,Fit,<p>R</p>,Length,<p>60</p>,Width,<p>45</p>,Height,<p>44</p>,Box Quantity,<p>18</p>,Inner Pack Quantity,<p>1</p>,Country Of Origin,<p>CN</p>,Standards,<p></p>,,,,
S546,Variant,,"The Ultrasonic Tunnel Jacket provides outstanding warmth and insulation. This style uses revolutionary heat seal construction to form the baffle lines. Bonding the fabric without stitching or thread improves the water resistance and the chances of filling, clumping or shifting is completely reduced.",https://d11ak7fd9ypfb7.cloudfront.net/styles1100px/S546MGR.jpg,,0.0,TRUE,InStock,0.867,,S546MGRXXL,,,,Size,DROP_DOWN,XXL,Color,DROP_DOWN,Metal Grey,,,,,,,,,,,,,Fit,<p>R</p>,Length,<p>60</p>,Width,<p>45</p>,Height,<p>44</p>,Box Quantity,<p>18</p>,Inner Pack Quantity,<p>1</p>,Country Of Origin,<p>CN</p>,Standards,<p></p>,,,,
S546,Variant,,"The Ultrasonic Tunnel Jacket provides outstanding warmth and insulation. This style uses revolutionary heat seal construction to form the baffle lines. Bonding the fabric without stitching or thread improves the water resistance and the chances of filling, clumping or shifting is completely reduced.",https://d11ak7fd9ypfb7.cloudfront.net/styles1100px/S546MGR.jpg,,0.0,TRUE,InStock,0.917,,S546MGRXXXL,,,,Size,DROP_DOWN,XXXL,Color,DROP_DOWN,Metal Grey,,,,,,,,,,,,,Fit,<p>R</p>,Length,<p>60</p>,Width,<p>45</p>,Height,<p>44</p>,Box Quantity,<p>18</p>,Inner Pack Quantity,<p>1</p>,Country Of Origin,<p>CN</p>,Standards,<p></p>,,,,
S555,Product,S555 - Outcoach Jacket,"This high performance jacket offers maximum waterproof, windproof and breathable protection for year round performance. Using a highly durable outer fabric, with an air permeable mesh lining, this jacket ensures total comfort in foul conditions. High specification features, such as water resistant zippers, ergonomic cut, engineered storm hood and multiple pockets provide superb function. A sporty fit and low profile design ensure this is the jacket of choice for demanding conditions.",https://d11ak7fd9ypfb7.cloudfront.net/styles1100px/S555BKR.jpg,75.0,0.0,TRUE,InStock,1.16,,S555BKR4XL,,,,Size,DROP_DOWN,S;M;L;XL;XXL;XXXL;4XL;5XL,Color,DROP_DOWN,Black,,,,,,,,,,,,,Fit,<p>R</p>,Length,<p>65</p>,Width,<p>45</p>,Height,<p>33</p>,Box Quantity,<p>24</p>,Inner Pack Quantity,<p>1</p>,Country Of Origin,<p>CN</p>,Standards,<ul><li>EN 343:2019 Class 3:3 X  WP 10000mm MVP 15000g/m2/24hr</li></ul>,,,,
S555,Variant,,"This high performance jacket offers maximum waterproof, windproof and breathable protection for year round performance. Using a highly durable outer fabric, with an air permeable mesh lining, this jacket ensures total comfort in foul conditions. High specification features, such as water resistant zippers, ergonomic cut, engineered storm hood and multiple pockets provide superb function. A sporty fit and low profile design ensure this is the jacket of choice for demanding conditions.",https://d11ak7fd9ypfb7.cloudfront.net/styles1100px/S555BKR.jpg,,0.0,TRUE,InStock,1.16,,S555BKR4XL,,,,Size,DROP_DOWN,4XL,Color,DROP_DOWN,Black,,,,,,,,,,,,,Fit,<p>R</p>,Length,<p>65</p>,Width,<p>45</p>,Height,<p>33</p>,Box Quantity,<p>24</p>,Inner Pack Quantity,<p>1</p>,Country Of Origin,<p>CN</p>,Standards,<ul><li>EN 343:2019 Class 3:3 X  WP 10000mm MVP 15000g/m2/24hr</li></ul>,,,,
S555,Variant,,"This high performance jacket offers maximum waterproof, windproof and breathable protection for year round performance. Using a highly durable outer fabric, with an air permeable mesh lining, this jacket ensures total comfort in foul conditions. High specification features, such as water resistant zippers, ergonomic cut, engineered storm hood and multiple pockets provide superb function. A sporty fit and low profile design ensure this is the jacket of choice for demanding conditions.",https://d11ak7fd9ypfb7.cloudfront.net/styles1100px/S555BKR.jpg,,0.0,TRUE,InStock,1.22,,S555BKR5XL,,,,Size,DROP_DOWN,5XL,Color,DROP_DOWN,Black,,,,,,,,,,,,,Fit,<p>R</p>,Length,<p>65</p>,Width,<p>45</p>,Height,<p>33</p>,Box Quantity,<p>24</p>,Inner Pack Quantity,<p>1</p>,Country Of Origin,<p>CN</p>,Standards,<ul><li>EN 343:2019 Class 3:3 X  WP 10000mm MVP 15000g/m2/24hr</li></ul>,,,,
S555,Variant,,"This high performance jacket offers maximum waterproof, windproof and breathable protection for year round performance. Using a highly durable outer fabric, with an air permeable mesh lining, this jacket ensures total comfort in foul conditions. High specification features, such as water resistant zippers, ergonomic cut, engineered storm hood and multiple pockets provide superb function. A sporty fit and low profile design ensure this is the jacket of choice for demanding conditions.",https://d11ak7fd9ypfb7.cloudfront.net/styles1100px/S555BKR.jpg,,0.0,TRUE,InStock,0.96,,S555BKRL,,,,Size,DROP_DOWN,L,Color,DROP_DOWN,Black,,,,,,,,,,,,,Fit,<p>R</p>,Length,<p>65</p>,Width,<p>45</p>,Height,<p>33</p>,Box Quantity,<p>24</p>,Inner Pack Quantity,<p>1</p>,Country Of Origin,<p>CN</p>,Standards,<ul><li>EN 343:2019 Class 3:3 X  WP 10000mm MVP 15000g/m2/24hr</li></ul>,,,,
S555,Variant,,"This high performance jacket offers maximum waterproof, windproof and breathable protection for year round performance. Using a highly durable outer fabric, with an air permeable mesh lining, this jacket ensures total comfort in foul conditions. High specification features, such as water resistant zippers, ergonomic cut, engineered storm hood and multiple pockets provide superb function. A sporty fit and low profile design ensure this is the jacket of choice for demanding conditions.",https://d11ak7fd9ypfb7.cloudfront.net/styles1100px/S555BKR.jpg,,0.0,TRUE,InStock,0.94,,S555BKRM,,,,Size,DROP_DOWN,M,Color,DROP_DOWN,Black,,,,,,,,,,,,,Fit,<p>R</p>,Length,<p>65</p>,Width,<p>45</p>,Height,<p>33</p>,Box Quantity,<p>24</p>,Inner Pack Quantity,<p>1</p>,Country Of Origin,<p>CN</p>,Standards,<ul><li>EN 343:2019 Class 3:3 X  WP 10000mm MVP 15000g/m2/24hr</li></ul>,,,,
S555,Variant,,"This high performance jacket offers maximum waterproof, windproof and breathable protection for year round performance. Using a highly durable outer fabric, with an air permeable mesh lining, this jacket ensures total comfort in foul conditions. High specification features, such as water resistant zippers, ergonomic cut, engineered storm hood and multiple pockets provide superb function. A sporty fit and low profile design ensure this is the jacket of choice for demanding conditions.",https://d11ak7fd9ypfb7.cloudfront.net/styles1100px/S555BKR.jpg,,0.0,TRUE,InStock,0.9,,S555BKRS,,,,Size,DROP_DOWN,S,Color,DROP_DOWN,Black,,,,,,,,,,,,,Fit,<p>R</p>,Length,<p>65</p>,Width,<p>45</p>,Height,<p>33</p>,Box Quantity,<p>24</p>,Inner Pack Quantity,<p>1</p>,Country Of Origin,<p>CN</p>,Standards,<ul><li>EN 343:2019 Class 3:3 X  WP 10000mm MVP 15000g/m2/24hr</li></ul>,,,,
S555,Variant,,"This high performance jacket offers maximum waterproof, windproof and breathable protection for year round performance. Using a highly durable outer fabric, with an air permeable mesh lining, this jacket ensures total comfort in foul conditions. High specification features, such as water resistant zippers, ergonomic cut, engineered storm hood and multiple pockets provide superb function. A sporty fit and low profile design ensure this is the jacket of choice for demanding conditions.",https://d11ak7fd9ypfb7.cloudfront.net/styles1100px/S555BKR.jpg,,0.0,TRUE,InStock,1.04,,S555BKRXL,,,,Size,DROP_DOWN,XL,Color,DROP_DOWN,Black,,,,,,,,,,,,,Fit,<p>R</p>,Length,<p>65</p>,Width,<p>45</p>,Height,<p>33</p>,Box Quantity,<p>24</p>,Inner Pack Quantity,<p>1</p>,Country Of Origin,<p>CN</p>,Standards,<ul><li>EN 343:2019 Class 3:3 X  WP 10000mm MVP 15000g/m2/24hr</li></ul>,,,,
S555,Variant,,"This high performance jacket offers maximum waterproof, windproof and breathable protection for year round performance. Using a highly durable outer fabric, with an air permeable mesh lining, this jacket ensures total comfort in foul conditions. High specification features, such as water resistant zippers, ergonomic cut, engineered storm hood and multiple pockets provide superb function. A sporty fit and low profile design ensure this is the jacket of choice for demanding conditions.",https://d11ak7fd9ypfb7.cloudfront.net/styles1100px/S555BKR.jpg,,0.0,TRUE,InStock,1.06,,S555BKRXXL,,,,Size,DROP_DOWN,XXL,Color,DROP_DOWN,Black,,,,,,,,,,,,,Fit,<p>R</p>,Length,<p>65</p>,Width,<p>45</p>,Height,<p>33</p>,Box Quantity,<p>24</p>,Inner Pack Quantity,<p>1</p>,Country Of Origin,<p>CN</p>,Standards,<ul><li>EN 343:2019 Class 3:3 X  WP 10000mm MVP 15000g/m2/24hr</li></ul>,,,,
S555,Variant,,"This high performance jacket offers maximum waterproof, windproof and breathable protection for year round performance. Using a highly durable outer fabric, with an air permeable mesh lining, this jacket ensures total comfort in foul conditions. High specification features, such as water resistant zippers, ergonomic cut, engineered storm hood and multiple pockets provide superb function. A sporty fit and low profile design ensure this is the jacket of choice for demanding conditions.",https://d11ak7fd9ypfb7.cloudfront.net/styles1100px/S555BKR.jpg,,0.0,TRUE,InStock,1.1,,S555BKRXXXL,,,,Size,DROP_DOWN,XXXL,Color,DROP_DOWN,Black,,,,,,,,,,,,,Fit,<p>R</p>,Length,<p>65</p>,Width,<p>45</p>,Height,<p>33</p>,Box Quantity,<p>24</p>,Inner Pack Quantity,<p>1</p>,Country Of Origin,<p>CN</p>,Standards,<ul><li>EN 343:2019 Class 3:3 X  WP 10000mm MVP 15000g/m2/24hr</li></ul>,,,,
S556,Product,S556 - Vanquish Pants,"A complimentary pant style to tie into the PWR Rainwear collection. The Vanquish Pant uses the highly waterproof and breathable Portwest Extreme fabric with sealed seams to ensure full protection. A zipped side leg allows for easy access on and off whilst wearing boots. With a fully elasticated, adjustable waistband and articulated legs, these pants also have a great fit.",https://d11ak7fd9ypfb7.cloudfront.net/styles1100px/S556BKR.jpg,37.9,0.0,TRUE,InStock,0.58,,S556BKRL,,,,Size,DROP_DOWN,S;M;L;XL;XXL;XXXL,Color,DROP_DOWN,Black,,,,,,,,,,,,,Fit,<p>R</p>,Length,<p>43</p>,Width,<p>28</p>,Height,<p>40</p>,Box Quantity,<p>24</p>,Inner Pack Quantity,<p>1</p>,Country Of Origin,<p>CN</p>,Standards,<ul><li>EN 343:2019 Class 3:3 X  WP 10000mm MVP 15000g/m2/24hr</li></ul>,,,,
S556,Variant,,"A complimentary pant style to tie into the PWR Rainwear collection. The Vanquish Pant uses the highly waterproof and breathable Portwest Extreme fabric with sealed seams to ensure full protection. A zipped side leg allows for easy access on and off whilst wearing boots. With a fully elasticated, adjustable waistband and articulated legs, these pants also have a great fit.",https://d11ak7fd9ypfb7.cloudfront.net/styles1100px/S556BKR.jpg,,0.0,TRUE,InStock,0.58,,S556BKRL,,,,Size,DROP_DOWN,L,Color,DROP_DOWN,Black,,,,,,,,,,,,,Fit,<p>R</p>,Length,<p>43</p>,Width,<p>28</p>,Height,<p>40</p>,Box Quantity,<p>24</p>,Inner Pack Quantity,<p>1</p>,Country Of Origin,<p>CN</p>,Standards,<ul><li>EN 343:2019 Class 3:3 X  WP 10000mm MVP 15000g/m2/24hr</li></ul>,,,,
S556,Variant,,"A complimentary pant style to tie into the PWR Rainwear collection. The Vanquish Pant uses the highly waterproof and breathable Portwest Extreme fabric with sealed seams to ensure full protection. A zipped side leg allows for easy access on and off whilst wearing boots. With a fully elasticated, adjustable waistband and articulated legs, these pants also have a great fit.",https://d11ak7fd9ypfb7.cloudfront.net/styles1100px/S556BKR.jpg,,0.0,TRUE,InStock,0.56,,S556BKRM,,,,Size,DROP_DOWN,M,Color,DROP_DOWN,Black,,,,,,,,,,,,,Fit,<p>R</p>,Length,<p>43</p>,Width,<p>28</p>,Height,<p>40</p>,Box Quantity,<p>24</p>,Inner Pack Quantity,<p>1</p>,Country Of Origin,<p>CN</p>,Standards,<ul><li>EN 343:2019 Class 3:3 X  WP 10000mm MVP 15000g/m2/24hr</li></ul>,,,,
S556,Variant,,"A complimentary pant style to tie into the PWR Rainwear collection. The Vanquish Pant uses the highly waterproof and breathable Portwest Extreme fabric with sealed seams to ensure full protection. A zipped side leg allows for easy access on and off whilst wearing boots. With a fully elasticated, adjustable waistband and articulated legs, these pants also have a great fit.",https://d11ak7fd9ypfb7.cloudfront.net/styles1100px/S556BKR.jpg,,0.0,TRUE,InStock,0.54,,S556BKRS,,,,Size,DROP_DOWN,S,Color,DROP_DOWN,Black,,,,,,,,,,,,,Fit,<p>R</p>,Length,<p>43</p>,Width,<p>28</p>,Height,<p>40</p>,Box Quantity,<p>24</p>,Inner Pack Quantity,<p>1</p>,Country Of Origin,<p>CN</p>,Standards,<ul><li>EN 343:2019 Class 3:3 X  WP 10000mm MVP 15000g/m2/24hr</li></ul>,,,,
S556,Variant,,"A complimentary pant style to tie into the PWR Rainwear collection. The Vanquish Pant uses the highly waterproof and breathable Portwest Extreme fabric with sealed seams to ensure full protection. A zipped side leg allows for easy access on and off whilst wearing boots. With a fully elasticated, adjustable waistband and articulated legs, these pants also have a great fit.",https://d11ak7fd9ypfb7.cloudfront.net/styles1100px/S556BKR.jpg,,0.0,TRUE,InStock,0.6,,S556BKRXL,,,,Size,DROP_DOWN,XL,Color,DROP_DOWN,Black,,,,,,,,,,,,,Fit,<p>R</p>,Length,<p>43</p>,Width,<p>28</p>,Height,<p>40</p>,Box Quantity,<p>24</p>,Inner Pack Quantity,<p>1</p>,Country Of Origin,<p>CN</p>,Standards,<ul><li>EN 343:2019 Class 3:3 X  WP 10000mm MVP 15000g/m2/24hr</li></ul>,,,,
S556,Variant,,"A complimentary pant style to tie into the PWR Rainwear collection. The Vanquish Pant uses the highly waterproof and breathable Portwest Extreme fabric with sealed seams to ensure full protection. A zipped side leg allows for easy access on and off whilst wearing boots. With a fully elasticated, adjustable waistband and articulated legs, these pants also have a great fit.",https://d11ak7fd9ypfb7.cloudfront.net/styles1100px/S556BKR.jpg,,0.0,TRUE,InStock,0.62,,S556BKRXXL,,,,Size,DROP_DOWN,XXL,Color,DROP_DOWN,Black,,,,,,,,,,,,,Fit,<p>R</p>,Length,<p>43</p>,Width,<p>28</p>,Height,<p>40</p>,Box Quantity,<p>24</p>,Inner Pack Quantity,<p>1</p>,Country Of Origin,<p>CN</p>,Standards,<ul><li>EN 343:2019 Class 3:3 X  WP 10000mm MVP 15000g/m2/24hr</li></ul>,,,,
S556,Variant,,"A complimentary pant style to tie into the PWR Rainwear collection. The Vanquish Pant uses the highly waterproof and breathable Portwest Extreme fabric with sealed seams to ensure full protection. A zipped side leg allows for easy access on and off whilst wearing boots. With a fully elasticated, adjustable waistband and articulated legs, these pants also have a great fit.",https://d11ak7fd9ypfb7.cloudfront.net/styles1100px/S556BKR.jpg,,0.0,TRUE,InStock,0.65,,S556BKRXXXL,,,,Size,DROP_DOWN,XXXL,Color,DROP_DOWN,Black,,,,,,,,,,,,,Fit,<p>R</p>,Length,<p>43</p>,Width,<p>28</p>,Height,<p>40</p>,Box Quantity,<p>24</p>,Inner Pack Quantity,<p>1</p>,Country Of Origin,<p>CN</p>,Standards,<ul><li>EN 343:2019 Class 3:3 X  WP 10000mm MVP 15000g/m2/24hr</li></ul>,,,,
S563,Product,S563 - RS Multi-Pocket Parka,"The S563 is an excellent, hardwearing jacket. The polyester fabric combined with the ripstop pattern provides an extremely strong yarn with improved tear resistance. Thick wadding and the fleece-lined collar and chinguard keep warmth close to the body. Multiple pockets provide for all storage needs.",https://d11ak7fd9ypfb7.cloudfront.net/styles1100px/S563NAR.jpg,85.0,0.0,TRUE,InStock,1.54,All Weather;Jackets,S563NARL,,,,Size,DROP_DOWN,S;M;L;XL;XXL,Color,DROP_DOWN,Navy,,,,,,,,,,,,,Fit,<p>R</p>,Length,<p>65</p>,Width,<p>45</p>,Height,<p>47</p>,Box Quantity,<p>12</p>,Inner Pack Quantity,<p>1</p>,Country Of Origin,<p>MM</p>,Standards,<ul><li>EN 343:2019 Class 3:1 X  WP 5000mm</li></ul>,,,,
S563,Variant,,"The S563 is an excellent, hardwearing jacket. The polyester fabric combined with the ripstop pattern provides an extremely strong yarn with improved tear resistance. Thick wadding and the fleece-lined collar and chinguard keep warmth close to the body. Multiple pockets provide for all storage needs.",https://d11ak7fd9ypfb7.cloudfront.net/styles1100px/S563NAR.jpg,,0.0,TRUE,InStock,1.54,,S563NARL,,,,Size,DROP_DOWN,L,Color,DROP_DOWN,Navy,,,,,,,,,,,,,Fit,<p>R</p>,Length,<p>65</p>,Width,<p>45</p>,Height,<p>47</p>,Box Quantity,<p>12</p>,Inner Pack Quantity,<p>1</p>,Country Of Origin,<p>MM</p>,Standards,<ul><li>EN 343:2019 Class 3:1 X  WP 5000mm</li></ul>,,,,
S563,Variant,,"The S563 is an excellent, hardwearing jacket. The polyester fabric combined with the ripstop pattern provides an extremely strong yarn with improved tear resistance. Thick wadding and the fleece-lined collar and chinguard keep warmth close to the body. Multiple pockets provide for all storage needs.",https://d11ak7fd9ypfb7.cloudfront.net/styles1100px/S563NAR.jpg,,0.0,TRUE,InStock,1.5,,S563NARM,,,,Size,DROP_DOWN,M,Color,DROP_DOWN,Navy,,,,,,,,,,,,,Fit,<p>R</p>,Length,<p>65</p>,Width,<p>45</p>,Height,<p>47</p>,Box Quantity,<p>12</p>,Inner Pack Quantity,<p>1</p>,Country Of Origin,<p>MM</p>,Standards,<ul><li>EN 343:2019 Class 3:1 X  WP 5000mm</li></ul>,,,,
S563,Variant,,"The S563 is an excellent, hardwearing jacket. The polyester fabric combined with the ripstop pattern provides an extremely strong yarn with improved tear resistance. Thick wadding and the fleece-lined collar and chinguard keep warmth close to the body. Multiple pockets provide for all storage needs.",https://d11ak7fd9ypfb7.cloudfront.net/styles1100px/S563NAR.jpg,,0.0,TRUE,InStock,1.46,,S563NARS,,,,Size,DROP_DOWN,S,Color,DROP_DOWN,Navy,,,,,,,,,,,,,Fit,<p>R</p>,Length,<p>65</p>,Width,<p>45</p>,Height,<p>47</p>,Box Quantity,<p>12</p>,Inner Pack Quantity,<p>1</p>,Country Of Origin,<p>MM</p>,Standards,<ul><li>EN 343:2019 Class 3:1 X  WP 5000mm</li></ul>,,,,
S563,Variant,,"The S563 is an excellent, hardwearing jacket. The polyester fabric combined with the ripstop pattern provides an extremely strong yarn with improved tear resistance. Thick wadding and the fleece-lined collar and chinguard keep warmth close to the body. Multiple pockets provide for all storage needs.",https://d11ak7fd9ypfb7.cloudfront.net/styles1100px/S563NAR.jpg,,0.0,TRUE,InStock,1.58,,S563NARXL,,,,Size,DROP_DOWN,XL,Color,DROP_DOWN,Navy,,,,,,,,,,,,,Fit,<p>R</p>,Length,<p>65</p>,Width,<p>45</p>,Height,<p>47</p>,Box Quantity,<p>12</p>,Inner Pack Quantity,<p>1</p>,Country Of Origin,<p>MM</p>,Standards,<ul><li>EN 343:2019 Class 3:1 X  WP 5000mm</li></ul>,,,,
S563,Variant,,"The S563 is an excellent, hardwearing jacket. The polyester fabric combined with the ripstop pattern provides an extremely strong yarn with improved tear resistance. Thick wadding and the fleece-lined collar and chinguard keep warmth close to the body. Multiple pockets provide for all storage needs.",https://d11ak7fd9ypfb7.cloudfront.net/styles1100px/S563NAR.jpg,,0.0,TRUE,InStock,1.62,,S563NARXXL,,,,Size,DROP_DOWN,XXL,Color,DROP_DOWN,Navy,,,,,,,,,,,,,Fit,<p>R</p>,Length,<p>65</p>,Width,<p>45</p>,Height,<p>47</p>,Box Quantity,<p>12</p>,Inner Pack Quantity,<p>1</p>,Country Of Origin,<p>MM</p>,Standards,<ul><li>EN 343:2019 Class 3:1 X  WP 5000mm</li></ul>,,,,
S577,Product,S577 - Non-ANSI Cotton Blend T-Shirt,"Keep cool in this high quality, value for money Hi-Vis T-Shirt. The lightweight sports-type fabric provides unbeatable wearer comfort and great ventilation on those hot summer days.",https://d11ak7fd9ypfb7.cloudfront.net/styles1100px/S577ORR.jpg,16.7,0.0,TRUE,InStock,0.999,,S577ORR4XL,,,,Size,DROP_DOWN,S;M;L;XL;XXL;XXXL;4XL;5XL,Color,DROP_DOWN,Yellow;Orange,,,,,,,,,,,,,Fit,<p>R</p>,Length,<p>43</p>,Width,<p>28</p>,Height,<p>46</p>,Box Quantity,<p>48</p>,Inner Pack Quantity,<p>1</p>,Country Of Origin,<p>PK</p>,Standards,<p></p>,,,,
S577,Variant,,"Keep cool in this high quality, value for money Hi-Vis T-Shirt. The lightweight sports-type fabric provides unbeatable wearer comfort and great ventilation on those hot summer days.",https://d11ak7fd9ypfb7.cloudfront.net/styles1100px/S577ORR.jpg,,0.0,TRUE,InStock,0.999,,S577ORR4XL,,,,Size,DROP_DOWN,4XL,Color,DROP_DOWN,Orange,,,,,,,,,,,,,Fit,<p>R</p>,Length,<p>43</p>,Width,<p>28</p>,Height,<p>46</p>,Box Quantity,<p>48</p>,Inner Pack Quantity,<p>1</p>,Country Of Origin,<p>PK</p>,Standards,<p></p>,,,,
S577,Variant,,"Keep cool in this high quality, value for money Hi-Vis T-Shirt. The lightweight sports-type fabric provides unbeatable wearer comfort and great ventilation on those hot summer days.",https://d11ak7fd9ypfb7.cloudfront.net/styles1100px/S577ORR.jpg,,0.0,TRUE,InStock,0.999,,S577ORR5XL,,,,Size,DROP_DOWN,5XL,Color,DROP_DOWN,Orange,,,,,,,,,,,,,Fit,<p>R</p>,Length,<p>43</p>,Width,<p>28</p>,Height,<p>46</p>,Box Quantity,<p>48</p>,Inner Pack Quantity,<p>1</p>,Country Of Origin,<p>PK</p>,Standards,<p></p>,,,,
S577,Variant,,"Keep cool in this high quality, value for money Hi-Vis T-Shirt. The lightweight sports-type fabric provides unbeatable wearer comfort and great ventilation on those hot summer days.",https://d11ak7fd9ypfb7.cloudfront.net/styles1100px/S577ORR.jpg,,0.0,TRUE,InStock,0.999,,S577ORRL,,,,Size,DROP_DOWN,L,Color,DROP_DOWN,Orange,,,,,,,,,,,,,Fit,<p>R</p>,Length,<p>43</p>,Width,<p>28</p>,Height,<p>46</p>,Box Quantity,<p>48</p>,Inner Pack Quantity,<p>1</p>,Country Of Origin,<p>PK</p>,Standards,<p></p>,,,,
S577,Variant,,"Keep cool in this high quality, value for money Hi-Vis T-Shirt. The lightweight sports-type fabric provides unbeatable wearer comfort and great ventilation on those hot summer days.",https://d11ak7fd9ypfb7.cloudfront.net/styles1100px/S577ORR.jpg,,0.0,TRUE,InStock,0.999,,S577ORRM,,,,Size,DROP_DOWN,M,Color,DROP_DOWN,Orange,,,,,,,,,,,,,Fit,<p>R</p>,Length,<p>43</p>,Width,<p>28</p>,Height,<p>46</p>,Box Quantity,<p>48</p>,Inner Pack Quantity,<p>1</p>,Country Of Origin,<p>PK</p>,Standards,<p></p>,,,,
S577,Variant,,"Keep cool in this high quality, value for money Hi-Vis T-Shirt. The lightweight sports-type fabric provides unbeatable wearer comfort and great ventilation on those hot summer days.",https://d11ak7fd9ypfb7.cloudfront.net/styles1100px/S577ORR.jpg,,0.0,TRUE,InStock,0.999,,S577ORRS,,,,Size,DROP_DOWN,S,Color,DROP_DOWN,Orange,,,,,,,,,,,,,Fit,<p>R</p>,Length,<p>43</p>,Width,<p>28</p>,Height,<p>46</p>,Box Quantity,<p>48</p>,Inner Pack Quantity,<p>1</p>,Country Of Origin,<p>PK</p>,Standards,<p></p>,,,,
S577,Variant,,"Keep cool in this high quality, value for money Hi-Vis T-Shirt. The lightweight sports-type fabric provides unbeatable wearer comfort and great ventilation on those hot summer days.",https://d11ak7fd9ypfb7.cloudfront.net/styles1100px/S577ORR.jpg,,0.0,TRUE,InStock,0.999,,S577ORRXL,,,,Size,DROP_DOWN,XL,Color,DROP_DOWN,Orange,,,,,,,,,,,,,Fit,<p>R</p>,Length,<p>43</p>,Width,<p>28</p>,Height,<p>46</p>,Box Quantity,<p>48</p>,Inner Pack Quantity,<p>1</p>,Country Of Origin,<p>PK</p>,Standards,<p></p>,,,,
S577,Variant,,"Keep cool in this high quality, value for money Hi-Vis T-Shirt. The lightweight sports-type fabric provides unbeatable wearer comfort and great ventilation on those hot summer days.",https://d11ak7fd9ypfb7.cloudfront.net/styles1100px/S577ORR.jpg,,0.0,TRUE,InStock,0.999,,S577ORRXXL,,,,Size,DROP_DOWN,XXL,Color,DROP_DOWN,Orange,,,,,,,,,,,,,Fit,<p>R</p>,Length,<p>43</p>,Width,<p>28</p>,Height,<p>46</p>,Box Quantity,<p>48</p>,Inner Pack Quantity,<p>1</p>,Country Of Origin,<p>PK</p>,Standards,<p></p>,,,,
S577,Variant,,"Keep cool in this high quality, value for money Hi-Vis T-Shirt. The lightweight sports-type fabric provides unbeatable wearer comfort and great ventilation on those hot summer days.",https://d11ak7fd9ypfb7.cloudfront.net/styles1100px/S577ORR.jpg,,0.0,TRUE,InStock,0.999,,S577ORRXXXL,,,,Size,DROP_DOWN,XXXL,Color,DROP_DOWN,Orange,,,,,,,,,,,,,Fit,<p>R</p>,Length,<p>43</p>,Width,<p>28</p>,Height,<p>46</p>,Box Quantity,<p>48</p>,Inner Pack Quantity,<p>1</p>,Country Of Origin,<p>PK</p>,Standards,<p></p>,,,,
S577,Variant,,"Keep cool in this high quality, value for money Hi-Vis T-Shirt. The lightweight sports-type fabric provides unbeatable wearer comfort and great ventilation on those hot summer days.",https://d11ak7fd9ypfb7.cloudfront.net/styles1100px/S577YER.jpg,,0.0,TRUE,InStock,0.999,,S577YER4XL,,,,Size,DROP_DOWN,4XL,Color,DROP_DOWN,Yellow,,,,,,,,,,,,,Fit,<p>R</p>,Length,<p>43</p>,Width,<p>28</p>,Height,<p>46</p>,Box Quantity,<p>48</p>,Inner Pack Quantity,<p>1</p>,Country Of Origin,<p>PK</p>,Standards,<p></p>,,,,
S577,Variant,,"Keep cool in this high quality, value for money Hi-Vis T-Shirt. The lightweight sports-type fabric provides unbeatable wearer comfort and great ventilation on those hot summer days.",https://d11ak7fd9ypfb7.cloudfront.net/styles1100px/S577YER.jpg,,0.0,TRUE,InStock,0.999,,S577YER5XL,,,,Size,DROP_DOWN,5XL,Color,DROP_DOWN,Yellow,,,,,,,,,,,,,Fit,<p>R</p>,Length,<p>43</p>,Width,<p>28</p>,Height,<p>46</p>,Box Quantity,<p>48</p>,Inner Pack Quantity,<p>1</p>,Country Of Origin,<p>PK</p>,Standards,<p></p>,,,,
S577,Variant,,"Keep cool in this high quality, value for money Hi-Vis T-Shirt. The lightweight sports-type fabric provides unbeatable wearer comfort and great ventilation on those hot summer days.",https://d11ak7fd9ypfb7.cloudfront.net/styles1100px/S577YER.jpg,,0.0,TRUE,InStock,0.999,,S577YERL,,,,Size,DROP_DOWN,L,Color,DROP_DOWN,Yellow,,,,,,,,,,,,,Fit,<p>R</p>,Length,<p>43</p>,Width,<p>28</p>,Height,<p>46</p>,Box Quantity,<p>48</p>,Inner Pack Quantity,<p>1</p>,Country Of Origin,<p>PK</p>,Standards,<p></p>,,,,
S577,Variant,,"Keep cool in this high quality, value for money Hi-Vis T-Shirt. The lightweight sports-type fabric provides unbeatable wearer comfort and great ventilation on those hot summer days.",https://d11ak7fd9ypfb7.cloudfront.net/styles1100px/S577YER.jpg,,0.0,TRUE,InStock,0.999,,S577YERM,,,,Size,DROP_DOWN,M,Color,DROP_DOWN,Yellow,,,,,,,,,,,,,Fit,<p>R</p>,Length,<p>43</p>,Width,<p>28</p>,Height,<p>46</p>,Box Quantity,<p>48</p>,Inner Pack Quantity,<p>1</p>,Country Of Origin,<p>PK</p>,Standards,<p></p>,,,,
S577,Variant,,"Keep cool in this high quality, value for money Hi-Vis T-Shirt. The lightweight sports-type fabric provides unbeatable wearer comfort and great ventilation on those hot summer days.",https://d11ak7fd9ypfb7.cloudfront.net/styles1100px/S577YER.jpg,,0.0,TRUE,InStock,0.999,,S577YERS,,,,Size,DROP_DOWN,S,Color,DROP_DOWN,Yellow,,,,,,,,,,,,,Fit,<p>R</p>,Length,<p>43</p>,Width,<p>28</p>,Height,<p>46</p>,Box Quantity,<p>48</p>,Inner Pack Quantity,<p>1</p>,Country Of Origin,<p>PK</p>,Standards,<p></p>,,,,
S577,Variant,,"Keep cool in this high quality, value for money Hi-Vis T-Shirt. The lightweight sports-type fabric provides unbeatable wearer comfort and great ventilation on those hot summer days.",https://d11ak7fd9ypfb7.cloudfront.net/styles1100px/S577YER.jpg,,0.0,TRUE,InStock,0.999,,S577YERXL,,,,Size,DROP_DOWN,XL,Color,DROP_DOWN,Yellow,,,,,,,,,,,,,Fit,<p>R</p>,Length,<p>43</p>,Width,<p>28</p>,Height,<p>46</p>,Box Quantity,<p>48</p>,Inner Pack Quantity,<p>1</p>,Country Of Origin,<p>PK</p>,Standards,<p></p>,,,,
S577,Variant,,"Keep cool in this high quality, value for money Hi-Vis T-Shirt. The lightweight sports-type fabric provides unbeatable wearer comfort and great ventilation on those hot summer days.",https://d11ak7fd9ypfb7.cloudfront.net/styles1100px/S577YER.jpg,,0.0,TRUE,InStock,0.999,,S577YERXXL,,,,Size,DROP_DOWN,XXL,Color,DROP_DOWN,Yellow,,,,,,,,,,,,,Fit,<p>R</p>,Length,<p>43</p>,Width,<p>28</p>,Height,<p>46</p>,Box Quantity,<p>48</p>,Inner Pack Quantity,<p>1</p>,Country Of Origin,<p>PK</p>,Standards,<p></p>,,,,
S577,Variant,,"Keep cool in this high quality, value for money Hi-Vis T-Shirt. The lightweight sports-type fabric provides unbeatable wearer comfort and great ventilation on those hot summer days.",https://d11ak7fd9ypfb7.cloudfront.net/styles1100px/S577YER.jpg,,0.0,TRUE,InStock,0.999,,S577YERXXXL,,,,Size,DROP_DOWN,XXXL,Color,DROP_DOWN,Yellow,,,,,,,,,,,,,Fit,<p>R</p>,Length,<p>43</p>,Width,<p>28</p>,Height,<p>46</p>,Box Quantity,<p>48</p>,Inner Pack Quantity,<p>1</p>,Country Of Origin,<p>PK</p>,Standards,<p></p>,,,,
S578,Product,S578 - Non ANSI Pocket Short Sleeve T-Shirt,"This Day-Vis pocket t-shirt uses moisture wicking polyester fabric to keep the wearer cool, dry and comfortable under exerting conditions. Features include a pocket on the left chest, a crew neck, a taped neck seam for extra comfort and is a generous fit.",https://d11ak7fd9ypfb7.cloudfront.net/styles1100px/S578ORR.jpg,14.8,0.0,TRUE,InStock,0.23,,S578ORR4XL,,,,Size,DROP_DOWN,S;M;L;XL;XXL;XXXL;4XL;5XL,Color,DROP_DOWN,Yellow;Orange,,,,,,,,,,,,,Fit,<p>R</p>,Length,<p>43</p>,Width,<p>28</p>,Height,<p>43</p>,Box Quantity,<p>48</p>,Inner Pack Quantity,<p>1</p>,Country Of Origin,<p>BD</p>,Standards,<p></p>,,,,
S578,Variant,,"This Day-Vis pocket t-shirt uses moisture wicking polyester fabric to keep the wearer cool, dry and comfortable under exerting conditions. Features include a pocket on the left chest, a crew neck, a taped neck seam for extra comfort and is a generous fit.",https://d11ak7fd9ypfb7.cloudfront.net/styles1100px/S578ORR.jpg,,0.0,TRUE,InStock,0.23,,S578ORR4XL,,,,Size,DROP_DOWN,4XL,Color,DROP_DOWN,Orange,,,,,,,,,,,,,Fit,<p>R</p>,Length,<p>43</p>,Width,<p>28</p>,Height,<p>43</p>,Box Quantity,<p>48</p>,Inner Pack Quantity,<p>1</p>,Country Of Origin,<p>BD</p>,Standards,<p></p>,,,,
S578,Variant,,"This Day-Vis pocket t-shirt uses moisture wicking polyester fabric to keep the wearer cool, dry and comfortable under exerting conditions. Features include a pocket on the left chest, a crew neck, a taped neck seam for extra comfort and is a generous fit.",https://d11ak7fd9ypfb7.cloudfront.net/styles1100px/S578ORR.jpg,,0.0,TRUE,InStock,0.24,,S578ORR5XL,,,,Size,DROP_DOWN,5XL,Color,DROP_DOWN,Orange,,,,,,,,,,,,,Fit,<p>R</p>,Length,<p>43</p>,Width,<p>28</p>,Height,<p>43</p>,Box Quantity,<p>48</p>,Inner Pack Quantity,<p>1</p>,Country Of Origin,<p>BD</p>,Standards,<p></p>,,,,
S578,Variant,,"This Day-Vis pocket t-shirt uses moisture wicking polyester fabric to keep the wearer cool, dry and comfortable under exerting conditions. Features include a pocket on the left chest, a crew neck, a taped neck seam for extra comfort and is a generous fit.",https://d11ak7fd9ypfb7.cloudfront.net/styles1100px/S578ORR.jpg,,0.0,TRUE,InStock,0.19,,S578ORRL,,,,Size,DROP_DOWN,L,Color,DROP_DOWN,Orange,,,,,,,,,,,,,Fit,<p>R</p>,Length,<p>43</p>,Width,<p>28</p>,Height,<p>43</p>,Box Quantity,<p>48</p>,Inner Pack Quantity,<p>1</p>,Country Of Origin,<p>BD</p>,Standards,<p></p>,,,,
S578,Variant,,"This Day-Vis pocket t-shirt uses moisture wicking polyester fabric to keep the wearer cool, dry and comfortable under exerting conditions. Features include a pocket on the left chest, a crew neck, a taped neck seam for extra comfort and is a generous fit.",https://d11ak7fd9ypfb7.cloudfront.net/styles1100px/S578ORR.jpg,,0.0,TRUE,InStock,0.18,,S578ORRM,,,,Size,DROP_DOWN,M,Color,DROP_DOWN,Orange,,,,,,,,,,,,,Fit,<p>R</p>,Length,<p>43</p>,Width,<p>28</p>,Height,<p>43</p>,Box Quantity,<p>48</p>,Inner Pack Quantity,<p>1</p>,Country Of Origin,<p>BD</p>,Standards,<p></p>,,,,
S578,Variant,,"This Day-Vis pocket t-shirt uses moisture wicking polyester fabric to keep the wearer cool, dry and comfortable under exerting conditions. Features include a pocket on the left chest, a crew neck, a taped neck seam for extra comfort and is a generous fit.",https://d11ak7fd9ypfb7.cloudfront.net/styles1100px/S578ORR.jpg,,0.0,TRUE,InStock,0.17,,S578ORRS,,,,Size,DROP_DOWN,S,Color,DROP_DOWN,Orange,,,,,,,,,,,,,Fit,<p>R</p>,Length,<p>43</p>,Width,<p>28</p>,Height,<p>43</p>,Box Quantity,<p>48</p>,Inner Pack Quantity,<p>1</p>,Country Of Origin,<p>BD</p>,Standards,<p></p>,,,,
S578,Variant,,"This Day-Vis pocket t-shirt uses moisture wicking polyester fabric to keep the wearer cool, dry and comfortable under exerting conditions. Features include a pocket on the left chest, a crew neck, a taped neck seam for extra comfort and is a generous fit.",https://d11ak7fd9ypfb7.cloudfront.net/styles1100px/S578ORR.jpg,,0.0,TRUE,InStock,0.2,,S578ORRXL,,,,Size,DROP_DOWN,XL,Color,DROP_DOWN,Orange,,,,,,,,,,,,,Fit,<p>R</p>,Length,<p>43</p>,Width,<p>28</p>,Height,<p>43</p>,Box Quantity,<p>48</p>,Inner Pack Quantity,<p>1</p>,Country Of Origin,<p>BD</p>,Standards,<p></p>,,,,
S578,Variant,,"This Day-Vis pocket t-shirt uses moisture wicking polyester fabric to keep the wearer cool, dry and comfortable under exerting conditions. Features include a pocket on the left chest, a crew neck, a taped neck seam for extra comfort and is a generous fit.",https://d11ak7fd9ypfb7.cloudfront.net/styles1100px/S578ORR.jpg,,0.0,TRUE,InStock,0.21,,S578ORRXXL,,,,Size,DROP_DOWN,XXL,Color,DROP_DOWN,Orange,,,,,,,,,,,,,Fit,<p>R</p>,Length,<p>43</p>,Width,<p>28</p>,Height,<p>43</p>,Box Quantity,<p>48</p>,Inner Pack Quantity,<p>1</p>,Country Of Origin,<p>BD</p>,Standards,<p></p>,,,,
S578,Variant,,"This Day-Vis pocket t-shirt uses moisture wicking polyester fabric to keep the wearer cool, dry and comfortable under exerting conditions. Features include a pocket on the left chest, a crew neck, a taped neck seam for extra comfort and is a generous fit.",https://d11ak7fd9ypfb7.cloudfront.net/styles1100px/S578ORR.jpg,,0.0,TRUE,InStock,0.22,,S578ORRXXXL,,,,Size,DROP_DOWN,XXXL,Color,DROP_DOWN,Orange,,,,,,,,,,,,,Fit,<p>R</p>,Length,<p>43</p>,Width,<p>28</p>,Height,<p>43</p>,Box Quantity,<p>48</p>,Inner Pack Quantity,<p>1</p>,Country Of Origin,<p>BD</p>,Standards,<p></p>,,,,
S578,Variant,,"This Day-Vis pocket t-shirt uses moisture wicking polyester fabric to keep the wearer cool, dry and comfortable under exerting conditions. Features include a pocket on the left chest, a crew neck, a taped neck seam for extra comfort and is a generous fit.",https://d11ak7fd9ypfb7.cloudfront.net/styles1100px/S578YER.jpg,,0.0,TRUE,InStock,0.23,,S578YER4XL,,,,Size,DROP_DOWN,4XL,Color,DROP_DOWN,Yellow,,,,,,,,,,,,,Fit,<p>R</p>,Length,<p>43</p>,Width,<p>28</p>,Height,<p>43</p>,Box Quantity,<p>48</p>,Inner Pack Quantity,<p>1</p>,Country Of Origin,<p>BD</p>,Standards,<p></p>,,,,
S578,Variant,,"This Day-Vis pocket t-shirt uses moisture wicking polyester fabric to keep the wearer cool, dry and comfortable under exerting conditions. Features include a pocket on the left chest, a crew neck, a taped neck seam for extra comfort and is a generous fit.",https://d11ak7fd9ypfb7.cloudfront.net/styles1100px/S578YER.jpg,,0.0,TRUE,InStock,0.24,,S578YER5XL,,,,Size,DROP_DOWN,5XL,Color,DROP_DOWN,Yellow,,,,,,,,,,,,,Fit,<p>R</p>,Length,<p>43</p>,Width,<p>28</p>,Height,<p>43</p>,Box Quantity,<p>48</p>,Inner Pack Quantity,<p>1</p>,Country Of Origin,<p>BD</p>,Standards,<p></p>,,,,
S578,Variant,,"This Day-Vis pocket t-shirt uses moisture wicking polyester fabric to keep the wearer cool, dry and comfortable under exerting conditions. Features include a pocket on the left chest, a crew neck, a taped neck seam for extra comfort and is a generous fit.",https://d11ak7fd9ypfb7.cloudfront.net/styles1100px/S578YER.jpg,,0.0,TRUE,InStock,0.19,,S578YERL,,,,Size,DROP_DOWN,L,Color,DROP_DOWN,Yellow,,,,,,,,,,,,,Fit,<p>R</p>,Length,<p>43</p>,Width,<p>28</p>,Height,<p>43</p>,Box Quantity,<p>48</p>,Inner Pack Quantity,<p>1</p>,Country Of Origin,<p>BD</p>,Standards,<p></p>,,,,
S578,Variant,,"This Day-Vis pocket t-shirt uses moisture wicking polyester fabric to keep the wearer cool, dry and comfortable under exerting conditions. Features include a pocket on the left chest, a crew neck, a taped neck seam for extra comfort and is a generous fit.",https://d11ak7fd9ypfb7.cloudfront.net/styles1100px/S578YER.jpg,,0.0,TRUE,InStock,0.18,,S578YERM,,,,Size,DROP_DOWN,M,Color,DROP_DOWN,Yellow,,,,,,,,,,,,,Fit,<p>R</p>,Length,<p>43</p>,Width,<p>28</p>,Height,<p>43</p>,Box Quantity,<p>48</p>,Inner Pack Quantity,<p>1</p>,Country Of Origin,<p>BD</p>,Standards,<p></p>,,,,
S578,Variant,,"This Day-Vis pocket t-shirt uses moisture wicking polyester fabric to keep the wearer cool, dry and comfortable under exerting conditions. Features include a pocket on the left chest, a crew neck, a taped neck seam for extra comfort and is a generous fit.",https://d11ak7fd9ypfb7.cloudfront.net/styles1100px/S578YER.jpg,,0.0,TRUE,InStock,0.17,,S578YERS,,,,Size,DROP_DOWN,S,Color,DROP_DOWN,Yellow,,,,,,,,,,,,,Fit,<p>R</p>,Length,<p>43</p>,Width,<p>28</p>,Height,<p>43</p>,Box Quantity,<p>48</p>,Inner Pack Quantity,<p>1</p>,Country Of Origin,<p>BD</p>,Standards,<p></p>,,,,
S578,Variant,,"This Day-Vis pocket t-shirt uses moisture wicking polyester fabric to keep the wearer cool, dry and comfortable under exerting conditions. Features include a pocket on the left chest, a crew neck, a taped neck seam for extra comfort and is a generous fit.",https://d11ak7fd9ypfb7.cloudfront.net/styles1100px/S578YER.jpg,,0.0,TRUE,InStock,0.2,,S578YERXL,,,,Size,DROP_DOWN,XL,Color,DROP_DOWN,Yellow,,,,,,,,,,,,,Fit,<p>R</p>,Length,<p>43</p>,Width,<p>28</p>,Height,<p>43</p>,Box Quantity,<p>48</p>,Inner Pack Quantity,<p>1</p>,Country Of Origin,<p>BD</p>,Standards,<p></p>,,,,
S578,Variant,,"This Day-Vis pocket t-shirt uses moisture wicking polyester fabric to keep the wearer cool, dry and comfortable under exerting conditions. Features include a pocket on the left chest, a crew neck, a taped neck seam for extra comfort and is a generous fit.",https://d11ak7fd9ypfb7.cloudfront.net/styles1100px/S578YER.jpg,,0.0,TRUE,InStock,0.21,,S578YERXXL,,,,Size,DROP_DOWN,XXL,Color,DROP_DOWN,Yellow,,,,,,,,,,,,,Fit,<p>R</p>,Length,<p>43</p>,Width,<p>28</p>,Height,<p>43</p>,Box Quantity,<p>48</p>,Inner Pack Quantity,<p>1</p>,Country Of Origin,<p>BD</p>,Standards,<p></p>,,,,
S578,Variant,,"This Day-Vis pocket t-shirt uses moisture wicking polyester fabric to keep the wearer cool, dry and comfortable under exerting conditions. Features include a pocket on the left chest, a crew neck, a taped neck seam for extra comfort and is a generous fit.",https://d11ak7fd9ypfb7.cloudfront.net/styles1100px/S578YER.jpg,,0.0,TRUE,InStock,0.22,,S578YERXXXL,,,,Size,DROP_DOWN,XXXL,Color,DROP_DOWN,Yellow,,,,,,,,,,,,,Fit,<p>R</p>,Length,<p>43</p>,Width,<p>28</p>,Height,<p>43</p>,Box Quantity,<p>48</p>,Inner Pack Quantity,<p>1</p>,Country Of Origin,<p>BD</p>,Standards,<p></p>,,,,
S579,Product,S579 - Non ANSI Pocket Long Sleeve T-Shirt,"This Day-Vis pocket long sleeved t-shirt uses moisture wicking polyester fabric to keep the wearer cool, dry and comfortable under exerting conditions. Features include a pocket on the left chest, a crew neck, a taped neck seam for extra comfort and is a generous fit.",https://d11ak7fd9ypfb7.cloudfront.net/styles1100px/S579ORR.jpg,17.7,0.0,TRUE,InStock,0.28,,S579ORR4XL,,,,Size,DROP_DOWN,S;M;L;XL;XXL;XXXL;4XL;5XL,Color,DROP_DOWN,Yellow;Orange,,,,,,,,,,,,,Fit,<p>R</p>,Length,<p>50</p>,Width,<p>35</p>,Height,<p>48</p>,Box Quantity,<p>48</p>,Inner Pack Quantity,<p>1</p>,Country Of Origin,<p>BD</p>,Standards,<p></p>,,,,
S579,Variant,,"This Day-Vis pocket long sleeved t-shirt uses moisture wicking polyester fabric to keep the wearer cool, dry and comfortable under exerting conditions. Features include a pocket on the left chest, a crew neck, a taped neck seam for extra comfort and is a generous fit.",https://d11ak7fd9ypfb7.cloudfront.net/styles1100px/S579ORR.jpg,,0.0,TRUE,InStock,0.28,,S579ORR4XL,,,,Size,DROP_DOWN,4XL,Color,DROP_DOWN,Orange,,,,,,,,,,,,,Fit,<p>R</p>,Length,<p>50</p>,Width,<p>35</p>,Height,<p>48</p>,Box Quantity,<p>48</p>,Inner Pack Quantity,<p>1</p>,Country Of Origin,<p>BD</p>,Standards,<p></p>,,,,
S579,Variant,,"This Day-Vis pocket long sleeved t-shirt uses moisture wicking polyester fabric to keep the wearer cool, dry and comfortable under exerting conditions. Features include a pocket on the left chest, a crew neck, a taped neck seam for extra comfort and is a generous fit.",https://d11ak7fd9ypfb7.cloudfront.net/styles1100px/S579ORR.jpg,,0.0,TRUE,InStock,0.3,,S579ORR5XL,,,,Size,DROP_DOWN,5XL,Color,DROP_DOWN,Orange,,,,,,,,,,,,,Fit,<p>R</p>,Length,<p>50</p>,Width,<p>35</p>,Height,<p>48</p>,Box Quantity,<p>48</p>,Inner Pack Quantity,<p>1</p>,Country Of Origin,<p>BD</p>,Standards,<p></p>,,,,
S579,Variant,,"This Day-Vis pocket long sleeved t-shirt uses moisture wicking polyester fabric to keep the wearer cool, dry and comfortable under exerting conditions. Features include a pocket on the left chest, a crew neck, a taped neck seam for extra comfort and is a generous fit.",https://d11ak7fd9ypfb7.cloudfront.net/styles1100px/S579ORR.jpg,,0.0,TRUE,InStock,0.23,,S579ORRL,,,,Size,DROP_DOWN,L,Color,DROP_DOWN,Orange,,,,,,,,,,,,,Fit,<p>R</p>,Length,<p>50</p>,Width,<p>35</p>,Height,<p>48</p>,Box Quantity,<p>48</p>,Inner Pack Quantity,<p>1</p>,Country Of Origin,<p>BD</p>,Standards,<p></p>,,,,
S579,Variant,,"This Day-Vis pocket long sleeved t-shirt uses moisture wicking polyester fabric to keep the wearer cool, dry and comfortable under exerting conditions. Features include a pocket on the left chest, a crew neck, a taped neck seam for extra comfort and is a generous fit.",https://d11ak7fd9ypfb7.cloudfront.net/styles1100px/S579ORR.jpg,,0.0,TRUE,InStock,0.22,,S579ORRM,,,,Size,DROP_DOWN,M,Color,DROP_DOWN,Orange,,,,,,,,,,,,,Fit,<p>R</p>,Length,<p>50</p>,Width,<p>35</p>,Height,<p>48</p>,Box Quantity,<p>48</p>,Inner Pack Quantity,<p>1</p>,Country Of Origin,<p>BD</p>,Standards,<p></p>,,,,
S579,Variant,,"This Day-Vis pocket long sleeved t-shirt uses moisture wicking polyester fabric to keep the wearer cool, dry and comfortable under exerting conditions. Features include a pocket on the left chest, a crew neck, a taped neck seam for extra comfort and is a generous fit.",https://d11ak7fd9ypfb7.cloudfront.net/styles1100px/S579ORR.jpg,,0.0,TRUE,InStock,0.21,,S579ORRS,,,,Size,DROP_DOWN,S,Color,DROP_DOWN,Orange,,,,,,,,,,,,,Fit,<p>R</p>,Length,<p>50</p>,Width,<p>35</p>,Height,<p>48</p>,Box Quantity,<p>48</p>,Inner Pack Quantity,<p>1</p>,Country Of Origin,<p>BD</p>,Standards,<p></p>,,,,
S579,Variant,,"This Day-Vis pocket long sleeved t-shirt uses moisture wicking polyester fabric to keep the wearer cool, dry and comfortable under exerting conditions. Features include a pocket on the left chest, a crew neck, a taped neck seam for extra comfort and is a generous fit.",https://d11ak7fd9ypfb7.cloudfront.net/styles1100px/S579ORR.jpg,,0.0,TRUE,InStock,0.24,,S579ORRXL,,,,Size,DROP_DOWN,XL,Color,DROP_DOWN,Orange,,,,,,,,,,,,,Fit,<p>R</p>,Length,<p>50</p>,Width,<p>35</p>,Height,<p>48</p>,Box Quantity,<p>48</p>,Inner Pack Quantity,<p>1</p>,Country Of Origin,<p>BD</p>,Standards,<p></p>,,,,
S579,Variant,,"This Day-Vis pocket long sleeved t-shirt uses moisture wicking polyester fabric to keep the wearer cool, dry and comfortable under exerting conditions. Features include a pocket on the left chest, a crew neck, a taped neck seam for extra comfort and is a generous fit.",https://d11ak7fd9ypfb7.cloudfront.net/styles1100px/S579ORR.jpg,,0.0,TRUE,InStock,0.25,,S579ORRXXL,,,,Size,DROP_DOWN,XXL,Color,DROP_DOWN,Orange,,,,,,,,,,,,,Fit,<p>R</p>,Length,<p>50</p>,Width,<p>35</p>,Height,<p>48</p>,Box Quantity,<p>48</p>,Inner Pack Quantity,<p>1</p>,Country Of Origin,<p>BD</p>,Standards,<p></p>,,,,
S579,Variant,,"This Day-Vis pocket long sleeved t-shirt uses moisture wicking polyester fabric to keep the wearer cool, dry and comfortable under exerting conditions. Features include a pocket on the left chest, a crew neck, a taped neck seam for extra comfort and is a generous fit.",https://d11ak7fd9ypfb7.cloudfront.net/styles1100px/S579ORR.jpg,,0.0,TRUE,InStock,0.26,,S579ORRXXXL,,,,Size,DROP_DOWN,XXXL,Color,DROP_DOWN,Orange,,,,,,,,,,,,,Fit,<p>R</p>,Length,<p>50</p>,Width,<p>35</p>,Height,<p>48</p>,Box Quantity,<p>48</p>,Inner Pack Quantity,<p>1</p>,Country Of Origin,<p>BD</p>,Standards,<p></p>,,,,
S579,Variant,,"This Day-Vis pocket long sleeved t-shirt uses moisture wicking polyester fabric to keep the wearer cool, dry and comfortable under exerting conditions. Features include a pocket on the left chest, a crew neck, a taped neck seam for extra comfort and is a generous fit.",https://d11ak7fd9ypfb7.cloudfront.net/styles1100px/S579YER.jpg,,0.0,TRUE,InStock,0.28,,S579YER4XL,,,,Size,DROP_DOWN,4XL,Color,DROP_DOWN,Yellow,,,,,,,,,,,,,Fit,<p>R</p>,Length,<p>50</p>,Width,<p>35</p>,Height,<p>48</p>,Box Quantity,<p>48</p>,Inner Pack Quantity,<p>1</p>,Country Of Origin,<p>BD</p>,Standards,<p></p>,,,,
S579,Variant,,"This Day-Vis pocket long sleeved t-shirt uses moisture wicking polyester fabric to keep the wearer cool, dry and comfortable under exerting conditions. Features include a pocket on the left chest, a crew neck, a taped neck seam for extra comfort and is a generous fit.",https://d11ak7fd9ypfb7.cloudfront.net/styles1100px/S579YER.jpg,,0.0,TRUE,InStock,0.3,,S579YER5XL,,,,Size,DROP_DOWN,5XL,Color,DROP_DOWN,Yellow,,,,,,,,,,,,,Fit,<p>R</p>,Length,<p>50</p>,Width,<p>35</p>,Height,<p>48</p>,Box Quantity,<p>48</p>,Inner Pack Quantity,<p>1</p>,Country Of Origin,<p>BD</p>,Standards,<p></p>,,,,
S579,Variant,,"This Day-Vis pocket long sleeved t-shirt uses moisture wicking polyester fabric to keep the wearer cool, dry and comfortable under exerting conditions. Features include a pocket on the left chest, a crew neck, a taped neck seam for extra comfort and is a generous fit.",https://d11ak7fd9ypfb7.cloudfront.net/styles1100px/S579YER.jpg,,0.0,TRUE,InStock,0.23,,S579YERL,,,,Size,DROP_DOWN,L,Color,DROP_DOWN,Yellow,,,,,,,,,,,,,Fit,<p>R</p>,Length,<p>50</p>,Width,<p>35</p>,Height,<p>48</p>,Box Quantity,<p>48</p>,Inner Pack Quantity,<p>1</p>,Country Of Origin,<p>BD</p>,Standards,<p></p>,,,,
S579,Variant,,"This Day-Vis pocket long sleeved t-shirt uses moisture wicking polyester fabric to keep the wearer cool, dry and comfortable under exerting conditions. Features include a pocket on the left chest, a crew neck, a taped neck seam for extra comfort and is a generous fit.",https://d11ak7fd9ypfb7.cloudfront.net/styles1100px/S579YER.jpg,,0.0,TRUE,InStock,0.22,,S579YERM,,,,Size,DROP_DOWN,M,Color,DROP_DOWN,Yellow,,,,,,,,,,,,,Fit,<p>R</p>,Length,<p>50</p>,Width,<p>35</p>,Height,<p>48</p>,Box Quantity,<p>48</p>,Inner Pack Quantity,<p>1</p>,Country Of Origin,<p>BD</p>,Standards,<p></p>,,,,
S579,Variant,,"This Day-Vis pocket long sleeved t-shirt uses moisture wicking polyester fabric to keep the wearer cool, dry and comfortable under exerting conditions. Features include a pocket on the left chest, a crew neck, a taped neck seam for extra comfort and is a generous fit.",https://d11ak7fd9ypfb7.cloudfront.net/styles1100px/S579YER.jpg,,0.0,TRUE,InStock,0.21,,S579YERS,,,,Size,DROP_DOWN,S,Color,DROP_DOWN,Yellow,,,,,,,,,,,,,Fit,<p>R</p>,Length,<p>50</p>,Width,<p>35</p>,Height,<p>48</p>,Box Quantity,<p>48</p>,Inner Pack Quantity,<p>1</p>,Country Of Origin,<p>BD</p>,Standards,<p></p>,,,,
S579,Variant,,"This Day-Vis pocket long sleeved t-shirt uses moisture wicking polyester fabric to keep the wearer cool, dry and comfortable under exerting conditions. Features include a pocket on the left chest, a crew neck, a taped neck seam for extra comfort and is a generous fit.",https://d11ak7fd9ypfb7.cloudfront.net/styles1100px/S579YER.jpg,,0.0,TRUE,InStock,0.24,,S579YERXL,,,,Size,DROP_DOWN,XL,Color,DROP_DOWN,Yellow,,,,,,,,,,,,,Fit,<p>R</p>,Length,<p>50</p>,Width,<p>35</p>,Height,<p>48</p>,Box Quantity,<p>48</p>,Inner Pack Quantity,<p>1</p>,Country Of Origin,<p>BD</p>,Standards,<p></p>,,,,
S579,Variant,,"This Day-Vis pocket long sleeved t-shirt uses moisture wicking polyester fabric to keep the wearer cool, dry and comfortable under exerting conditions. Features include a pocket on the left chest, a crew neck, a taped neck seam for extra comfort and is a generous fit.",https://d11ak7fd9ypfb7.cloudfront.net/styles1100px/S579YER.jpg,,0.0,TRUE,InStock,0.25,,S579YERXXL,,,,Size,DROP_DOWN,XXL,Color,DROP_DOWN,Yellow,,,,,,,,,,,,,Fit,<p>R</p>,Length,<p>50</p>,Width,<p>35</p>,Height,<p>48</p>,Box Quantity,<p>48</p>,Inner Pack Quantity,<p>1</p>,Country Of Origin,<p>BD</p>,Standards,<p></p>,,,,
S579,Variant,,"This Day-Vis pocket long sleeved t-shirt uses moisture wicking polyester fabric to keep the wearer cool, dry and comfortable under exerting conditions. Features include a pocket on the left chest, a crew neck, a taped neck seam for extra comfort and is a generous fit.",https://d11ak7fd9ypfb7.cloudfront.net/styles1100px/S579YER.jpg,,0.0,TRUE,InStock,0.26,,S579YERXXXL,,,,Size,DROP_DOWN,XXXL,Color,DROP_DOWN,Yellow,,,,,,,,,,,,,Fit,<p>R</p>,Length,<p>50</p>,Width,<p>35</p>,Height,<p>48</p>,Box Quantity,<p>48</p>,Inner Pack Quantity,<p>1</p>,Country Of Origin,<p>BD</p>,Standards,<p></p>,,,,
S587,Product,S587 - Hi-Vis Rain Pants,"This lightweight and extremely waterproof pants boasts a multitude of useful features including pass through pockets, extra-long side leg zippers for ease of taking on and off. It also features an adjustable snap hem and is a practical choice for keeping wind and rain out.",https://d11ak7fd9ypfb7.cloudfront.net/styles1100px/S587YBR.jpg,27.6,0.0,TRUE,InStock,0.999,,S587YBR4XL,,,,Size,DROP_DOWN,S;M;L;XL;XXL;XXXL;4XL,Color,DROP_DOWN,Yellow/Black,,,,,,,,,,,,,Fit,<p>R</p>,Length,<p>43</p>,Width,<p>28</p>,Height,<p>40</p>,Box Quantity,<p>24</p>,Inner Pack Quantity,<p>1</p>,Country Of Origin,<p>MM</p>,Standards,<ul><li>ANSI/ISEA 107 SUPPLEMENTAL CLASS E</li><li>EN 343:2019 Class 3:1 X  WP 15000mm</li><li>EN ISO 20471 Class 2</li></ul>,,,,
S587,Variant,,"This lightweight and extremely waterproof pants boasts a multitude of useful features including pass through pockets, extra-long side leg zippers for ease of taking on and off. It also features an adjustable snap hem and is a practical choice for keeping wind and rain out.",https://d11ak7fd9ypfb7.cloudfront.net/styles1100px/S587YBR.jpg,,0.0,TRUE,InStock,0.999,,S587YBR4XL,,,,Size,DROP_DOWN,4XL,Color,DROP_DOWN,Yellow/Black,,,,,,,,,,,,,Fit,<p>R</p>,Length,<p>43</p>,Width,<p>28</p>,Height,<p>40</p>,Box Quantity,<p>24</p>,Inner Pack Quantity,<p>1</p>,Country Of Origin,<p>MM</p>,Standards,<ul><li>ANSI/ISEA 107 SUPPLEMENTAL CLASS E</li><li>EN 343:2019 Class 3:1 X  WP 15000mm</li><li>EN ISO 20471 Class 2</li></ul>,,,,
S587,Variant,,"This lightweight and extremely waterproof pants boasts a multitude of useful features including pass through pockets, extra-long side leg zippers for ease of taking on and off. It also features an adjustable snap hem and is a practical choice for keeping wind and rain out.",https://d11ak7fd9ypfb7.cloudfront.net/styles1100px/S587YBR.jpg,,0.0,TRUE,InStock,0.999,,S587YBRL,,,,Size,DROP_DOWN,L,Color,DROP_DOWN,Yellow/Black,,,,,,,,,,,,,Fit,<p>R</p>,Length,<p>43</p>,Width,<p>28</p>,Height,<p>40</p>,Box Quantity,<p>24</p>,Inner Pack Quantity,<p>1</p>,Country Of Origin,<p>MM</p>,Standards,<ul><li>ANSI/ISEA 107 SUPPLEMENTAL CLASS E</li><li>EN 343:2019 Class 3:1 X  WP 15000mm</li><li>EN ISO 20471 Class 2</li></ul>,,,,
S587,Variant,,"This lightweight and extremely waterproof pants boasts a multitude of useful features including pass through pockets, extra-long side leg zippers for ease of taking on and off. It also features an adjustable snap hem and is a practical choice for keeping wind and rain out.",https://d11ak7fd9ypfb7.cloudfront.net/styles1100px/S587YBR.jpg,,0.0,TRUE,InStock,0.999,,S587YBRM,,,,Size,DROP_DOWN,M,Color,DROP_DOWN,Yellow/Black,,,,,,,,,,,,,Fit,<p>R</p>,Length,<p>43</p>,Width,<p>28</p>,Height,<p>40</p>,Box Quantity,<p>24</p>,Inner Pack Quantity,<p>1</p>,Country Of Origin,<p>MM</p>,Standards,<ul><li>ANSI/ISEA 107 SUPPLEMENTAL CLASS E</li><li>EN 343:2019 Class 3:1 X  WP 15000mm</li><li>EN ISO 20471 Class 2</li></ul>,,,,
S587,Variant,,"This lightweight and extremely waterproof pants boasts a multitude of useful features including pass through pockets, extra-long side leg zippers for ease of taking on and off. It also features an adjustable snap hem and is a practical choice for keeping wind and rain out.",https://d11ak7fd9ypfb7.cloudfront.net/styles1100px/S587YBR.jpg,,0.0,TRUE,InStock,0.999,,S587YBRS,,,,Size,DROP_DOWN,S,Color,DROP_DOWN,Yellow/Black,,,,,,,,,,,,,Fit,<p>R</p>,Length,<p>43</p>,Width,<p>28</p>,Height,<p>40</p>,Box Quantity,<p>24</p>,Inner Pack Quantity,<p>1</p>,Country Of Origin,<p>MM</p>,Standards,<ul><li>ANSI/ISEA 107 SUPPLEMENTAL CLASS E</li><li>EN 343:2019 Class 3:1 X  WP 15000mm</li><li>EN ISO 20471 Class 2</li></ul>,,,,
S587,Variant,,"This lightweight and extremely waterproof pants boasts a multitude of useful features including pass through pockets, extra-long side leg zippers for ease of taking on and off. It also features an adjustable snap hem and is a practical choice for keeping wind and rain out.",https://d11ak7fd9ypfb7.cloudfront.net/styles1100px/S587YBR.jpg,,0.0,TRUE,InStock,0.999,,S587YBRXL,,,,Size,DROP_DOWN,XL,Color,DROP_DOWN,Yellow/Black,,,,,,,,,,,,,Fit,<p>R</p>,Length,<p>43</p>,Width,<p>28</p>,Height,<p>40</p>,Box Quantity,<p>24</p>,Inner Pack Quantity,<p>1</p>,Country Of Origin,<p>MM</p>,Standards,<ul><li>ANSI/ISEA 107 SUPPLEMENTAL CLASS E</li><li>EN 343:2019 Class 3:1 X  WP 15000mm</li><li>EN ISO 20471 Class 2</li></ul>,,,,
S587,Variant,,"This lightweight and extremely waterproof pants boasts a multitude of useful features including pass through pockets, extra-long side leg zippers for ease of taking on and off. It also features an adjustable snap hem and is a practical choice for keeping wind and rain out.",https://d11ak7fd9ypfb7.cloudfront.net/styles1100px/S587YBR.jpg,,0.0,TRUE,InStock,0.999,,S587YBRXXL,,,,Size,DROP_DOWN,XXL,Color,DROP_DOWN,Yellow/Black,,,,,,,,,,,,,Fit,<p>R</p>,Length,<p>43</p>,Width,<p>28</p>,Height,<p>40</p>,Box Quantity,<p>24</p>,Inner Pack Quantity,<p>1</p>,Country Of Origin,<p>MM</p>,Standards,<ul><li>ANSI/ISEA 107 SUPPLEMENTAL CLASS E</li><li>EN 343:2019 Class 3:1 X  WP 15000mm</li><li>EN ISO 20471 Class 2</li></ul>,,,,
S587,Variant,,"This lightweight and extremely waterproof pants boasts a multitude of useful features including pass through pockets, extra-long side leg zippers for ease of taking on and off. It also features an adjustable snap hem and is a practical choice for keeping wind and rain out.",https://d11ak7fd9ypfb7.cloudfront.net/styles1100px/S587YBR.jpg,,0.0,TRUE,InStock,0.999,,S587YBRXXXL,,,,Size,DROP_DOWN,XXXL,Color,DROP_DOWN,Yellow/Black,,,,,,,,,,,,,Fit,<p>R</p>,Length,<p>43</p>,Width,<p>28</p>,Height,<p>40</p>,Box Quantity,<p>24</p>,Inner Pack Quantity,<p>1</p>,Country Of Origin,<p>MM</p>,Standards,<ul><li>ANSI/ISEA 107 SUPPLEMENTAL CLASS E</li><li>EN 343:2019 Class 3:1 X  WP 15000mm</li><li>EN ISO 20471 Class 2</li></ul>,,,,
S598,Product,S598 - ,,https://d11ak7fd9ypfb7.cloudfront.net/styles1100px/S598YBR.jpg,0.0,0.0,TRUE,InStock,0.999,,S598YBR4XL,,,,Size,DROP_DOWN,S;M;L;XL;XXL;XXXL;4XL,Color,DROP_DOWN,Yellow/Black,,,,,,,,,,,,,Fit,<p>R</p>,Length,<p>65</p>,Width,<p>45</p>,Height,<p>54</p>,Box Quantity,<p>18</p>,Inner Pack Quantity,<p>1</p>,Country Of Origin,<p>CN</p>,Standards,<p></p>,,,,
S598,Variant,,,https://d11ak7fd9ypfb7.cloudfront.net/styles1100px/S598YBR.jpg,,0.0,TRUE,InStock,0.999,,S598YBR4XL,,,,Size,DROP_DOWN,4XL,Color,DROP_DOWN,Yellow/Black,,,,,,,,,,,,,Fit,<p>R</p>,Length,<p>65</p>,Width,<p>45</p>,Height,<p>54</p>,Box Quantity,<p>18</p>,Inner Pack Quantity,<p>1</p>,Country Of Origin,<p>CN</p>,Standards,<p></p>,,,,
S598,Variant,,,https://d11ak7fd9ypfb7.cloudfront.net/styles1100px/S598YBR.jpg,,0.0,TRUE,InStock,0.999,,S598YBRL,,,,Size,DROP_DOWN,L,Color,DROP_DOWN,Yellow/Black,,,,,,,,,,,,,Fit,<p>R</p>,Length,<p>65</p>,Width,<p>45</p>,Height,<p>54</p>,Box Quantity,<p>18</p>,Inner Pack Quantity,<p>1</p>,Country Of Origin,<p>CN</p>,Standards,<p></p>,,,,
S598,Variant,,,https://d11ak7fd9ypfb7.cloudfront.net/styles1100px/S598YBR.jpg,,0.0,TRUE,InStock,0.999,,S598YBRM,,,,Size,DROP_DOWN,M,Color,DROP_DOWN,Yellow/Black,,,,,,,,,,,,,Fit,<p>R</p>,Length,<p>65</p>,Width,<p>45</p>,Height,<p>54</p>,Box Quantity,<p>18</p>,Inner Pack Quantity,<p>1</p>,Country Of Origin,<p>CN</p>,Standards,<p></p>,,,,
S598,Variant,,,https://d11ak7fd9ypfb7.cloudfront.net/styles1100px/S598YBR.jpg,,0.0,TRUE,InStock,0.999,,S598YBRS,,,,Size,DROP_DOWN,S,Color,DROP_DOWN,Yellow/Black,,,,,,,,,,,,,Fit,<p>R</p>,Length,<p>65</p>,Width,<p>45</p>,Height,<p>54</p>,Box Quantity,<p>18</p>,Inner Pack Quantity,<p>1</p>,Country Of Origin,<p>CN</p>,Standards,<p></p>,,,,
S598,Variant,,,https://d11ak7fd9ypfb7.cloudfront.net/styles1100px/S598YBR.jpg,,0.0,TRUE,InStock,0.999,,S598YBRXL,,,,Size,DROP_DOWN,XL,Color,DROP_DOWN,Yellow/Black,,,,,,,,,,,,,Fit,<p>R</p>,Length,<p>65</p>,Width,<p>45</p>,Height,<p>54</p>,Box Quantity,<p>18</p>,Inner Pack Quantity,<p>1</p>,Country Of Origin,<p>CN</p>,Standards,<p></p>,,,,
S598,Variant,,,https://d11ak7fd9ypfb7.cloudfront.net/styles1100px/S598YBR.jpg,,0.0,TRUE,InStock,0.999,,S598YBRXXL,,,,Size,DROP_DOWN,XXL,Color,DROP_DOWN,Yellow/Black,,,,,,,,,,,,,Fit,<p>R</p>,Length,<p>65</p>,Width,<p>45</p>,Height,<p>54</p>,Box Quantity,<p>18</p>,Inner Pack Quantity,<p>1</p>,Country Of Origin,<p>CN</p>,Standards,<p></p>,,,,
S598,Variant,,,https://d11ak7fd9ypfb7.cloudfront.net/styles1100px/S598YBR.jpg,,0.0,TRUE,InStock,0.999,,S598YBRXXXL,,,,Size,DROP_DOWN,XXXL,Color,DROP_DOWN,Yellow/Black,,,,,,,,,,,,,Fit,<p>R</p>,Length,<p>65</p>,Width,<p>45</p>,Height,<p>54</p>,Box Quantity,<p>18</p>,Inner Pack Quantity,<p>1</p>,Country Of Origin,<p>CN</p>,Standards,<p></p>,,,,
S600,Product,S600 - Portwest X3 Shell Jacket,"This transitional piece allows you to easily go from work to leisure whilst looking your best. Packed with features that follow the best outdoor trends such as armpit ventilation zippers, curved wind cuffs and angled lines. Articulated sleeves and slim lines give a great fit.",https://d11ak7fd9ypfb7.cloudfront.net/styles1100px/S600BKR.jpg,83.0,0.0,TRUE,InStock,0.632,,S600BKRL,,,,Size,DROP_DOWN,S;M;L;XL;XXL;XXXL,Color,DROP_DOWN,Navy;Black,,,,,,,,,,,,,Fit,<p>R</p>,Length,<p>65</p>,Width,<p>45</p>,Height,<p>33</p>,Box Quantity,<p>24</p>,Inner Pack Quantity,<p>1</p>,Country Of Origin,<p>CN</p>,Standards,<ul><li>EN 343:2019 Class 3:3 X</li></ul>,,,,
S600,Variant,,"This transitional piece allows you to easily go from work to leisure whilst looking your best. Packed with features that follow the best outdoor trends such as armpit ventilation zippers, curved wind cuffs and angled lines. Articulated sleeves and slim lines give a great fit.",https://d11ak7fd9ypfb7.cloudfront.net/styles1100px/S600BKR.jpg,,0.0,TRUE,InStock,0.632,,S600BKRL,,,,Size,DROP_DOWN,L,Color,DROP_DOWN,Black,,,,,,,,,,,,,Fit,<p>R</p>,Length,<p>65</p>,Width,<p>45</p>,Height,<p>33</p>,Box Quantity,<p>24</p>,Inner Pack Quantity,<p>1</p>,Country Of Origin,<p>CN</p>,Standards,<ul><li>EN 343:2019 Class 3:3 X</li></ul>,,,,
S600,Variant,,"This transitional piece allows you to easily go from work to leisure whilst looking your best. Packed with features that follow the best outdoor trends such as armpit ventilation zippers, curved wind cuffs and angled lines. Articulated sleeves and slim lines give a great fit.",https://d11ak7fd9ypfb7.cloudfront.net/styles1100px/S600BKR.jpg,,0.0,TRUE,InStock,0.61,,S600BKRM,,,,Size,DROP_DOWN,M,Color,DROP_DOWN,Black,,,,,,,,,,,,,Fit,<p>R</p>,Length,<p>65</p>,Width,<p>45</p>,Height,<p>33</p>,Box Quantity,<p>24</p>,Inner Pack Quantity,<p>1</p>,Country Of Origin,<p>CN</p>,Standards,<ul><li>EN 343:2019 Class 3:3 X</li></ul>,,,,
S600,Variant,,"This transitional piece allows you to easily go from work to leisure whilst looking your best. Packed with features that follow the best outdoor trends such as armpit ventilation zippers, curved wind cuffs and angled lines. Articulated sleeves and slim lines give a great fit.",https://d11ak7fd9ypfb7.cloudfront.net/styles1100px/S600BKR.jpg,,0.0,TRUE,InStock,0.595,,S600BKRS,,,,Size,DROP_DOWN,S,Color,DROP_DOWN,Black,,,,,,,,,,,,,Fit,<p>R</p>,Length,<p>65</p>,Width,<p>45</p>,Height,<p>33</p>,Box Quantity,<p>24</p>,Inner Pack Quantity,<p>1</p>,Country Of Origin,<p>CN</p>,Standards,<ul><li>EN 343:2019 Class 3:3 X</li></ul>,,,,
S600,Variant,,"This transitional piece allows you to easily go from work to leisure whilst looking your best. Packed with features that follow the best outdoor trends such as armpit ventilation zippers, curved wind cuffs and angled lines. Articulated sleeves and slim lines give a great fit.",https://d11ak7fd9ypfb7.cloudfront.net/styles1100px/S600BKR.jpg,,0.0,TRUE,InStock,0.661,,S600BKRXL,,,,Size,DROP_DOWN,XL,Color,DROP_DOWN,Black,,,,,,,,,,,,,Fit,<p>R</p>,Length,<p>65</p>,Width,<p>45</p>,Height,<p>33</p>,Box Quantity,<p>24</p>,Inner Pack Quantity,<p>1</p>,Country Of Origin,<p>CN</p>,Standards,<ul><li>EN 343:2019 Class 3:3 X</li></ul>,,,,
S600,Variant,,"This transitional piece allows you to easily go from work to leisure whilst looking your best. Packed with features that follow the best outdoor trends such as armpit ventilation zippers, curved wind cuffs and angled lines. Articulated sleeves and slim lines give a great fit.",https://d11ak7fd9ypfb7.cloudfront.net/styles1100px/S600BKR.jpg,,0.0,TRUE,InStock,0.681,,S600BKRXXL,,,,Size,DROP_DOWN,XXL,Color,DROP_DOWN,Black,,,,,,,,,,,,,Fit,<p>R</p>,Length,<p>65</p>,Width,<p>45</p>,Height,<p>33</p>,Box Quantity,<p>24</p>,Inner Pack Quantity,<p>1</p>,Country Of Origin,<p>CN</p>,Standards,<ul><li>EN 343:2019 Class 3:3 X</li></ul>,,,,
S600,Variant,,"This transitional piece allows you to easily go from work to leisure whilst looking your best. Packed with features that follow the best outdoor trends such as armpit ventilation zippers, curved wind cuffs and angled lines. Articulated sleeves and slim lines give a great fit.",https://d11ak7fd9ypfb7.cloudfront.net/styles1100px/S600BKR.jpg,,0.0,TRUE,InStock,0.702,,S600BKRXXXL,,,,Size,DROP_DOWN,XXXL,Color,DROP_DOWN,Black,,,,,,,,,,,,,Fit,<p>R</p>,Length,<p>65</p>,Width,<p>45</p>,Height,<p>33</p>,Box Quantity,<p>24</p>,Inner Pack Quantity,<p>1</p>,Country Of Origin,<p>CN</p>,Standards,<ul><li>EN 343:2019 Class 3:3 X</li></ul>,,,,
S600,Variant,,"This transitional piece allows you to easily go from work to leisure whilst looking your best. Packed with features that follow the best outdoor trends such as armpit ventilation zippers, curved wind cuffs and angled lines. Articulated sleeves and slim lines give a great fit.",https://d11ak7fd9ypfb7.cloudfront.net/styles1100px/S600NAR.jpg,,0.0,TRUE,InStock,0.632,,S600NARL,,,,Size,DROP_DOWN,L,Color,DROP_DOWN,Navy,,,,,,,,,,,,,Fit,<p>R</p>,Length,<p>65</p>,Width,<p>45</p>,Height,<p>33</p>,Box Quantity,<p>24</p>,Inner Pack Quantity,<p>1</p>,Country Of Origin,<p>CN</p>,Standards,<ul><li>EN 343:2019 Class 3:3 X</li></ul>,,,,
S600,Variant,,"This transitional piece allows you to easily go from work to leisure whilst looking your best. Packed with features that follow the best outdoor trends such as armpit ventilation zippers, curved wind cuffs and angled lines. Articulated sleeves and slim lines give a great fit.",https://d11ak7fd9ypfb7.cloudfront.net/styles1100px/S600NAR.jpg,,0.0,TRUE,InStock,0.61,,S600NARM,,,,Size,DROP_DOWN,M,Color,DROP_DOWN,Navy,,,,,,,,,,,,,Fit,<p>R</p>,Length,<p>65</p>,Width,<p>45</p>,Height,<p>33</p>,Box Quantity,<p>24</p>,Inner Pack Quantity,<p>1</p>,Country Of Origin,<p>CN</p>,Standards,<ul><li>EN 343:2019 Class 3:3 X</li></ul>,,,,
S600,Variant,,"This transitional piece allows you to easily go from work to leisure whilst looking your best. Packed with features that follow the best outdoor trends such as armpit ventilation zippers, curved wind cuffs and angled lines. Articulated sleeves and slim lines give a great fit.",https://d11ak7fd9ypfb7.cloudfront.net/styles1100px/S600NAR.jpg,,0.0,TRUE,InStock,0.595,,S600NARS,,,,Size,DROP_DOWN,S,Color,DROP_DOWN,Navy,,,,,,,,,,,,,Fit,<p>R</p>,Length,<p>65</p>,Width,<p>45</p>,Height,<p>33</p>,Box Quantity,<p>24</p>,Inner Pack Quantity,<p>1</p>,Country Of Origin,<p>CN</p>,Standards,<ul><li>EN 343:2019 Class 3:3 X</li></ul>,,,,
S600,Variant,,"This transitional piece allows you to easily go from work to leisure whilst looking your best. Packed with features that follow the best outdoor trends such as armpit ventilation zippers, curved wind cuffs and angled lines. Articulated sleeves and slim lines give a great fit.",https://d11ak7fd9ypfb7.cloudfront.net/styles1100px/S600NAR.jpg,,0.0,TRUE,InStock,0.661,,S600NARXL,,,,Size,DROP_DOWN,XL,Color,DROP_DOWN,Navy,,,,,,,,,,,,,Fit,<p>R</p>,Length,<p>65</p>,Width,<p>45</p>,Height,<p>33</p>,Box Quantity,<p>24</p>,Inner Pack Quantity,<p>1</p>,Country Of Origin,<p>CN</p>,Standards,<ul><li>EN 343:2019 Class 3:3 X</li></ul>,,,,
S600,Variant,,"This transitional piece allows you to easily go from work to leisure whilst looking your best. Packed with features that follow the best outdoor trends such as armpit ventilation zippers, curved wind cuffs and angled lines. Articulated sleeves and slim lines give a great fit.",https://d11ak7fd9ypfb7.cloudfront.net/styles1100px/S600NAR.jpg,,0.0,TRUE,InStock,0.681,,S600NARXXL,,,,Size,DROP_DOWN,XXL,Color,DROP_DOWN,Navy,,,,,,,,,,,,,Fit,<p>R</p>,Length,<p>65</p>,Width,<p>45</p>,Height,<p>33</p>,Box Quantity,<p>24</p>,Inner Pack Quantity,<p>1</p>,Country Of Origin,<p>CN</p>,Standards,<ul><li>EN 343:2019 Class 3:3 X</li></ul>,,,,
S600,Variant,,"This transitional piece allows you to easily go from work to leisure whilst looking your best. Packed with features that follow the best outdoor trends such as armpit ventilation zippers, curved wind cuffs and angled lines. Articulated sleeves and slim lines give a great fit.",https://d11ak7fd9ypfb7.cloudfront.net/styles1100px/S600NAR.jpg,,0.0,TRUE,InStock,0.702,,S600NARXXXL,,,,Size,DROP_DOWN,XXXL,Color,DROP_DOWN,Navy,,,,,,,,,,,,,Fit,<p>R</p>,Length,<p>65</p>,Width,<p>45</p>,Height,<p>33</p>,Box Quantity,<p>24</p>,Inner Pack Quantity,<p>1</p>,Country Of Origin,<p>CN</p>,Standards,<ul><li>EN 343:2019 Class 3:3 X</li></ul>,,,,
S686,Product,S686 - Hi-Vis Contrast Pants - Lined,"This cleverly designed winter pants keeps the wearer visible, safe, warm and dry in all weather conditions. The fluorescent fabric and the retro-reflective tape offer superb protection in low light conditions, while the padding traps the heat for added warmth and comfort for the wearer.",https://d11ak7fd9ypfb7.cloudfront.net/styles1100px/S686YNR.jpg,59.0,0.0,TRUE,InStock,1.11,,S686YNRL,,,,Size,DROP_DOWN,L;XXXL,Color,DROP_DOWN,Yellow/Navy,,,,,,,,,,,,,Fit,<p>R</p>,Length,<p>65</p>,Width,<p>45</p>,Height,<p>54</p>,Box Quantity,<p>18</p>,Inner Pack Quantity,<p>1</p>,Country Of Origin,<p>MM</p>,Standards,<ul><li>EN ISO 20471 Class 2</li><li>RIS-3279-TOM  ISSUE 1 (ORANGE ONLY)</li><li>ANSI/ISEA 107 SUPPLEMENTAL CLASS E</li><li>EN 342   0.345 (M².K/W) 2 X</li><li>EN 343:2019 Class 3:1 X  WP 15000mm</li></ul>,,,,
S686,Variant,,"This cleverly designed winter pants keeps the wearer visible, safe, warm and dry in all weather conditions. The fluorescent fabric and the retro-reflective tape offer superb protection in low light conditions, while the padding traps the heat for added warmth and comfort for the wearer.",https://d11ak7fd9ypfb7.cloudfront.net/styles1100px/S686YNR.jpg,,0.0,TRUE,InStock,1.11,,S686YNRL,,,,Size,DROP_DOWN,L,Color,DROP_DOWN,Yellow/Navy,,,,,,,,,,,,,Fit,<p>R</p>,Length,<p>65</p>,Width,<p>45</p>,Height,<p>54</p>,Box Quantity,<p>18</p>,Inner Pack Quantity,<p>1</p>,Country Of Origin,<p>MM</p>,Standards,<ul><li>EN ISO 20471 Class 2</li><li>RIS-3279-TOM  ISSUE 1 (ORANGE ONLY)</li><li>ANSI/ISEA 107 SUPPLEMENTAL CLASS E</li><li>EN 342   0.345 (M².K/W) 2 X</li><li>EN 343:2019 Class 3:1 X  WP 15000mm</li></ul>,,,,
S686,Variant,,"This cleverly designed winter pants keeps the wearer visible, safe, warm and dry in all weather conditions. The fluorescent fabric and the retro-reflective tape offer superb protection in low light conditions, while the padding traps the heat for added warmth and comfort for the wearer.",https://d11ak7fd9ypfb7.cloudfront.net/styles1100px/S686YNR.jpg,,0.0,TRUE,InStock,1.06,,S686YNRXXXL,,,,Size,DROP_DOWN,XXXL,Color,DROP_DOWN,Yellow/Navy,,,,,,,,,,,,,Fit,<p>R</p>,Length,<p>65</p>,Width,<p>45</p>,Height,<p>54</p>,Box Quantity,<p>18</p>,Inner Pack Quantity,<p>1</p>,Country Of Origin,<p>MM</p>,Standards,<ul><li>EN ISO 20471 Class 2</li><li>RIS-3279-TOM  ISSUE 1 (ORANGE ONLY)</li><li>ANSI/ISEA 107 SUPPLEMENTAL CLASS E</li><li>EN 342   0.345 (M².K/W) 2 X</li><li>EN 343:2019 Class 3:1 X  WP 15000mm</li></ul>,,,,
S771,Product,S771 - Bizflame Rain FR Pants,Flame resistant treated waterproof fabric 2” flame resistant reflective tape Breathable fabric with fully sealed seams Elasticated waist Adjustable straps with durable buckle closure Side zipper leg opening for easy access,https://d11ak7fd9ypfb7.cloudfront.net/styles1100px/S771NAR.jpg,95.0,0.0,TRUE,InStock,1.3,,S771NAR4XL,,,,Size,DROP_DOWN,S;M;L;XL;XXL;XXXL;4XL,Color,DROP_DOWN,Navy,,,,,,,,,,,,,Fit,<p>R</p>,Length,<p>43</p>,Width,<p>28</p>,Height,<p>58</p>,Box Quantity,<p>18</p>,Inner Pack Quantity,<p>1</p>,Country Of Origin,<p>MM</p>,Standards,<ul><li>EN 13034 Type 6</li><li>EN 1149 -5</li><li>EN ISO 14116 Index 3</li><li>EN 343:2019 Class 3:3 X</li></ul>,,,,
S771,Variant,,Flame resistant treated waterproof fabric 2” flame resistant reflective tape Breathable fabric with fully sealed seams Elasticated waist Adjustable straps with durable buckle closure Side zipper leg opening for easy access,https://d11ak7fd9ypfb7.cloudfront.net/styles1100px/S771NAR.jpg,,0.0,TRUE,InStock,1.3,,S771NAR4XL,,,,Size,DROP_DOWN,4XL,Color,DROP_DOWN,Navy,,,,,,,,,,,,,Fit,<p>R</p>,Length,<p>43</p>,Width,<p>28</p>,Height,<p>58</p>,Box Quantity,<p>18</p>,Inner Pack Quantity,<p>1</p>,Country Of Origin,<p>MM</p>,Standards,<ul><li>EN 13034 Type 6</li><li>EN 1149 -5</li><li>EN ISO 14116 Index 3</li><li>EN 343:2019 Class 3:3 X</li></ul>,,,,
S771,Variant,,Flame resistant treated waterproof fabric 2” flame resistant reflective tape Breathable fabric with fully sealed seams Elasticated waist Adjustable straps with durable buckle closure Side zipper leg opening for easy access,https://d11ak7fd9ypfb7.cloudfront.net/styles1100px/S771NAR.jpg,,0.0,TRUE,InStock,1.12,,S771NARL,,,,Size,DROP_DOWN,L,Color,DROP_DOWN,Navy,,,,,,,,,,,,,Fit,<p>R</p>,Length,<p>43</p>,Width,<p>28</p>,Height,<p>58</p>,Box Quantity,<p>18</p>,Inner Pack Quantity,<p>1</p>,Country Of Origin,<p>MM</p>,Standards,<ul><li>EN 13034 Type 6</li><li>EN 1149 -5</li><li>EN ISO 14116 Index 3</li><li>EN 343:2019 Class 3:3 X</li></ul>,,,,
S771,Variant,,Flame resistant treated waterproof fabric 2” flame resistant reflective tape Breathable fabric with fully sealed seams Elasticated waist Adjustable straps with durable buckle closure Side zipper leg opening for easy access,https://d11ak7fd9ypfb7.cloudfront.net/styles1100px/S771NAR.jpg,,0.0,TRUE,InStock,1.08,,S771NARM,,,,Size,DROP_DOWN,M,Color,DROP_DOWN,Navy,,,,,,,,,,,,,Fit,<p>R</p>,Length,<p>43</p>,Width,<p>28</p>,Height,<p>58</p>,Box Quantity,<p>18</p>,Inner Pack Quantity,<p>1</p>,Country Of Origin,<p>MM</p>,Standards,<ul><li>EN 13034 Type 6</li><li>EN 1149 -5</li><li>EN ISO 14116 Index 3</li><li>EN 343:2019 Class 3:3 X</li></ul>,,,,
S771,Variant,,Flame resistant treated waterproof fabric 2” flame resistant reflective tape Breathable fabric with fully sealed seams Elasticated waist Adjustable straps with durable buckle closure Side zipper leg opening for easy access,https://d11ak7fd9ypfb7.cloudfront.net/styles1100px/S771NAR.jpg,,0.0,TRUE,InStock,1.04,,S771NARS,,,,Size,DROP_DOWN,S,Color,DROP_DOWN,Navy,,,,,,,,,,,,,Fit,<p>R</p>,Length,<p>43</p>,Width,<p>28</p>,Height,<p>58</p>,Box Quantity,<p>18</p>,Inner Pack Quantity,<p>1</p>,Country Of Origin,<p>MM</p>,Standards,<ul><li>EN 13034 Type 6</li><li>EN 1149 -5</li><li>EN ISO 14116 Index 3</li><li>EN 343:2019 Class 3:3 X</li></ul>,,,,
S771,Variant,,Flame resistant treated waterproof fabric 2” flame resistant reflective tape Breathable fabric with fully sealed seams Elasticated waist Adjustable straps with durable buckle closure Side zipper leg opening for easy access,https://d11ak7fd9ypfb7.cloudfront.net/styles1100px/S771NAR.jpg,,0.0,TRUE,InStock,1.16,,S771NARXL,,,,Size,DROP_DOWN,XL,Color,DROP_DOWN,Navy,,,,,,,,,,,,,Fit,<p>R</p>,Length,<p>43</p>,Width,<p>28</p>,Height,<p>58</p>,Box Quantity,<p>18</p>,Inner Pack Quantity,<p>1</p>,Country Of Origin,<p>MM</p>,Standards,<ul><li>EN 13034 Type 6</li><li>EN 1149 -5</li><li>EN ISO 14116 Index 3</li><li>EN 343:2019 Class 3:3 X</li></ul>,,,,
S771,Variant,,Flame resistant treated waterproof fabric 2” flame resistant reflective tape Breathable fabric with fully sealed seams Elasticated waist Adjustable straps with durable buckle closure Side zipper leg opening for easy access,https://d11ak7fd9ypfb7.cloudfront.net/styles1100px/S771NAR.jpg,,0.0,TRUE,InStock,1.2,,S771NARXXL,,,,Size,DROP_DOWN,XXL,Color,DROP_DOWN,Navy,,,,,,,,,,,,,Fit,<p>R</p>,Length,<p>43</p>,Width,<p>28</p>,Height,<p>58</p>,Box Quantity,<p>18</p>,Inner Pack Quantity,<p>1</p>,Country Of Origin,<p>MM</p>,Standards,<ul><li>EN 13034 Type 6</li><li>EN 1149 -5</li><li>EN ISO 14116 Index 3</li><li>EN 343:2019 Class 3:3 X</li></ul>,,,,
S771,Variant,,Flame resistant treated waterproof fabric 2” flame resistant reflective tape Breathable fabric with fully sealed seams Elasticated waist Adjustable straps with durable buckle closure Side zipper leg opening for easy access,https://d11ak7fd9ypfb7.cloudfront.net/styles1100px/S771NAR.jpg,,0.0,TRUE,InStock,1.25,,S771NARXXXL,,,,Size,DROP_DOWN,XXXL,Color,DROP_DOWN,Navy,,,,,,,,,,,,,Fit,<p>R</p>,Length,<p>43</p>,Width,<p>28</p>,Height,<p>58</p>,Box Quantity,<p>18</p>,Inner Pack Quantity,<p>1</p>,Country Of Origin,<p>MM</p>,Standards,<ul><li>EN 13034 Type 6</li><li>EN 1149 -5</li><li>EN ISO 14116 Index 3</li><li>EN 343:2019 Class 3:3 X</li></ul>,,,,
S783,Product,S783 - Bizflame Rain FR Bomber Jacket,"EN certified, this industry leading flame resistant jacket is ideal for multi-risk environments. The comfortable fit provides the perfect solution for all day wear in cold, wet and hazardous conditions.",https://d11ak7fd9ypfb7.cloudfront.net/styles1100px/S783NAR.jpg,163.9,0.0,TRUE,InStock,1.87,,S783NAR4XL,,,,Size,DROP_DOWN,S;M;L;XL;XXL;XXXL;4XL;5XL;6XL,Color,DROP_DOWN,Navy,,,,,,,,,,,,,Fit,<p>R</p>,Length,<p>65</p>,Width,<p>40</p>,Height,<p>47</p>,Box Quantity,<p>12</p>,Inner Pack Quantity,<p>1</p>,Country Of Origin,<p>MM</p>,Standards,<ul><li>EN 1149 -5</li><li>EN 13034 Type 6</li><li>EN ISO 14116 Index 3</li><li>EN 343:2019 Class 3:1 X</li></ul>,,,,
S783,Variant,,"EN certified, this industry leading flame resistant jacket is ideal for multi-risk environments. The comfortable fit provides the perfect solution for all day wear in cold, wet and hazardous conditions.",https://d11ak7fd9ypfb7.cloudfront.net/styles1100px/S783NAR.jpg,,0.0,TRUE,InStock,1.87,,S783NAR4XL,,,,Size,DROP_DOWN,4XL,Color,DROP_DOWN,Navy,,,,,,,,,,,,,Fit,<p>R</p>,Length,<p>65</p>,Width,<p>40</p>,Height,<p>47</p>,Box Quantity,<p>12</p>,Inner Pack Quantity,<p>1</p>,Country Of Origin,<p>MM</p>,Standards,<ul><li>EN 1149 -5</li><li>EN 13034 Type 6</li><li>EN ISO 14116 Index 3</li><li>EN 343:2019 Class 3:1 X</li></ul>,,,,
S783,Variant,,"EN certified, this industry leading flame resistant jacket is ideal for multi-risk environments. The comfortable fit provides the perfect solution for all day wear in cold, wet and hazardous conditions.",https://d11ak7fd9ypfb7.cloudfront.net/styles1100px/S783NAR.jpg,,0.0,TRUE,InStock,1.89,,S783NAR5XL,,,,Size,DROP_DOWN,5XL,Color,DROP_DOWN,Navy,,,,,,,,,,,,,Fit,<p>R</p>,Length,<p>65</p>,Width,<p>40</p>,Height,<p>47</p>,Box Quantity,<p>12</p>,Inner Pack Quantity,<p>1</p>,Country Of Origin,<p>MM</p>,Standards,<ul><li>EN 1149 -5</li><li>EN 13034 Type 6</li><li>EN ISO 14116 Index 3</li><li>EN 343:2019 Class 3:1 X</li></ul>,,,,
S783,Variant,,"EN certified, this industry leading flame resistant jacket is ideal for multi-risk environments. The comfortable fit provides the perfect solution for all day wear in cold, wet and hazardous conditions.",https://d11ak7fd9ypfb7.cloudfront.net/styles1100px/S783NAR.jpg,,0.0,TRUE,InStock,1.91,,S783NAR6XL,,,,Size,DROP_DOWN,6XL,Color,DROP_DOWN,Navy,,,,,,,,,,,,,Fit,<p>R</p>,Length,<p>65</p>,Width,<p>40</p>,Height,<p>47</p>,Box Quantity,<p>12</p>,Inner Pack Quantity,<p>1</p>,Country Of Origin,<p>MM</p>,Standards,<ul><li>EN 1149 -5</li><li>EN 13034 Type 6</li><li>EN ISO 14116 Index 3</li><li>EN 343:2019 Class 3:1 X</li></ul>,,,,
S783,Variant,,"EN certified, this industry leading flame resistant jacket is ideal for multi-risk environments. The comfortable fit provides the perfect solution for all day wear in cold, wet and hazardous conditions.",https://d11ak7fd9ypfb7.cloudfront.net/styles1100px/S783NAR.jpg,,0.0,TRUE,InStock,1.69,,S783NARL,,,,Size,DROP_DOWN,L,Color,DROP_DOWN,Navy,,,,,,,,,,,,,Fit,<p>R</p>,Length,<p>65</p>,Width,<p>40</p>,Height,<p>47</p>,Box Quantity,<p>12</p>,Inner Pack Quantity,<p>1</p>,Country Of Origin,<p>MM</p>,Standards,<ul><li>EN 1149 -5</li><li>EN 13034 Type 6</li><li>EN ISO 14116 Index 3</li><li>EN 343:2019 Class 3:1 X</li></ul>,,,,
S783,Variant,,"EN certified, this industry leading flame resistant jacket is ideal for multi-risk environments. The comfortable fit provides the perfect solution for all day wear in cold, wet and hazardous conditions.",https://d11ak7fd9ypfb7.cloudfront.net/styles1100px/S783NAR.jpg,,0.0,TRUE,InStock,1.64,,S783NARM,,,,Size,DROP_DOWN,M,Color,DROP_DOWN,Navy,,,,,,,,,,,,,Fit,<p>R</p>,Length,<p>65</p>,Width,<p>40</p>,Height,<p>47</p>,Box Quantity,<p>12</p>,Inner Pack Quantity,<p>1</p>,Country Of Origin,<p>MM</p>,Standards,<ul><li>EN 1149 -5</li><li>EN 13034 Type 6</li><li>EN ISO 14116 Index 3</li><li>EN 343:2019 Class 3:1 X</li></ul>,,,,
S783,Variant,,"EN certified, this industry leading flame resistant jacket is ideal for multi-risk environments. The comfortable fit provides the perfect solution for all day wear in cold, wet and hazardous conditions.",https://d11ak7fd9ypfb7.cloudfront.net/styles1100px/S783NAR.jpg,,0.0,TRUE,InStock,1.57,,S783NARS,,,,Size,DROP_DOWN,S,Color,DROP_DOWN,Navy,,,,,,,,,,,,,Fit,<p>R</p>,Length,<p>65</p>,Width,<p>40</p>,Height,<p>47</p>,Box Quantity,<p>12</p>,Inner Pack Quantity,<p>1</p>,Country Of Origin,<p>MM</p>,Standards,<ul><li>EN 1149 -5</li><li>EN 13034 Type 6</li><li>EN ISO 14116 Index 3</li><li>EN 343:2019 Class 3:1 X</li></ul>,,,,
S783,Variant,,"EN certified, this industry leading flame resistant jacket is ideal for multi-risk environments. The comfortable fit provides the perfect solution for all day wear in cold, wet and hazardous conditions.",https://d11ak7fd9ypfb7.cloudfront.net/styles1100px/S783NAR.jpg,,0.0,TRUE,InStock,1.76,,S783NARXL,,,,Size,DROP_DOWN,XL,Color,DROP_DOWN,Navy,,,,,,,,,,,,,Fit,<p>R</p>,Length,<p>65</p>,Width,<p>40</p>,Height,<p>47</p>,Box Quantity,<p>12</p>,Inner Pack Quantity,<p>1</p>,Country Of Origin,<p>MM</p>,Standards,<ul><li>EN 1149 -5</li><li>EN 13034 Type 6</li><li>EN ISO 14116 Index 3</li><li>EN 343:2019 Class 3:1 X</li></ul>,,,,
S783,Variant,,"EN certified, this industry leading flame resistant jacket is ideal for multi-risk environments. The comfortable fit provides the perfect solution for all day wear in cold, wet and hazardous conditions.",https://d11ak7fd9ypfb7.cloudfront.net/styles1100px/S783NAR.jpg,,0.0,TRUE,InStock,1.82,,S783NARXXL,,,,Size,DROP_DOWN,XXL,Color,DROP_DOWN,Navy,,,,,,,,,,,,,Fit,<p>R</p>,Length,<p>65</p>,Width,<p>40</p>,Height,<p>47</p>,Box Quantity,<p>12</p>,Inner Pack Quantity,<p>1</p>,Country Of Origin,<p>MM</p>,Standards,<ul><li>EN 1149 -5</li><li>EN 13034 Type 6</li><li>EN ISO 14116 Index 3</li><li>EN 343:2019 Class 3:1 X</li></ul>,,,,
S783,Variant,,"EN certified, this industry leading flame resistant jacket is ideal for multi-risk environments. The comfortable fit provides the perfect solution for all day wear in cold, wet and hazardous conditions.",https://d11ak7fd9ypfb7.cloudfront.net/styles1100px/S783NAR.jpg,,0.0,TRUE,InStock,1.84,,S783NARXXXL,,,,Size,DROP_DOWN,XXXL,Color,DROP_DOWN,Navy,,,,,,,,,,,,,Fit,<p>R</p>,Length,<p>65</p>,Width,<p>40</p>,Height,<p>47</p>,Box Quantity,<p>12</p>,Inner Pack Quantity,<p>1</p>,Country Of Origin,<p>MM</p>,Standards,<ul><li>EN 1149 -5</li><li>EN 13034 Type 6</li><li>EN ISO 14116 Index 3</li><li>EN 343:2019 Class 3:1 X</li></ul>,,,,
S790,Product,"S790 - 11"" Cargo Shorts ","The half-elasticated waistband complete with belt loops, enhance the comfort of this modern style. Twin-stitched seams give a robust look and added durability to the garment.",https://d11ak7fd9ypfb7.cloudfront.net/styles1100px/S790NAR.jpg,33.8,0.0,TRUE,InStock,0.34,,S790NARL,,,,Size,DROP_DOWN,XS;S;M;L;XL;XXL;XXXL,Color,DROP_DOWN,Navy,,,,,,,,,,,,,Fit,<p>R</p>,Length,<p>43</p>,Width,<p>28</p>,Height,<p>40</p>,Box Quantity,<p>36</p>,Inner Pack Quantity,<p>1</p>,Country Of Origin,<p>BD</p>,Standards,<p></p>,,,,
S790,Variant,,"The half-elasticated waistband complete with belt loops, enhance the comfort of this modern style. Twin-stitched seams give a robust look and added durability to the garment.",https://d11ak7fd9ypfb7.cloudfront.net/styles1100px/S790NAR.jpg,,0.0,TRUE,InStock,0.34,,S790NARL,,,,Size,DROP_DOWN,L,Color,DROP_DOWN,Navy,,,,,,,,,,,,,Fit,<p>R</p>,Length,<p>43</p>,Width,<p>28</p>,Height,<p>40</p>,Box Quantity,<p>36</p>,Inner Pack Quantity,<p>1</p>,Country Of Origin,<p>BD</p>,Standards,<p></p>,,,,
S790,Variant,,"The half-elasticated waistband complete with belt loops, enhance the comfort of this modern style. Twin-stitched seams give a robust look and added durability to the garment.",https://d11ak7fd9ypfb7.cloudfront.net/styles1100px/S790NAR.jpg,,0.0,TRUE,InStock,0.32,,S790NARM,,,,Size,DROP_DOWN,M,Color,DROP_DOWN,Navy,,,,,,,,,,,,,Fit,<p>R</p>,Length,<p>43</p>,Width,<p>28</p>,Height,<p>35</p>,Box Quantity,<p>36</p>,Inner Pack Quantity,<p>1</p>,Country Of Origin,<p>BD</p>,Standards,<p></p>,,,,
S790,Variant,,"The half-elasticated waistband complete with belt loops, enhance the comfort of this modern style. Twin-stitched seams give a robust look and added durability to the garment.",https://d11ak7fd9ypfb7.cloudfront.net/styles1100px/S790NAR.jpg,,0.0,TRUE,InStock,0.3,,S790NARS,,,,Size,DROP_DOWN,S,Color,DROP_DOWN,Navy,,,,,,,,,,,,,Fit,<p>R</p>,Length,<p>43</p>,Width,<p>28</p>,Height,<p>35</p>,Box Quantity,<p>36</p>,Inner Pack Quantity,<p>1</p>,Country Of Origin,<p>BD</p>,Standards,<p></p>,,,,
S790,Variant,,"The half-elasticated waistband complete with belt loops, enhance the comfort of this modern style. Twin-stitched seams give a robust look and added durability to the garment.",https://d11ak7fd9ypfb7.cloudfront.net/styles1100px/S790NAR.jpg,,0.0,TRUE,InStock,0.36,,S790NARXL,,,,Size,DROP_DOWN,XL,Color,DROP_DOWN,Navy,,,,,,,,,,,,,Fit,<p>R</p>,Length,<p>43</p>,Width,<p>28</p>,Height,<p>40</p>,Box Quantity,<p>36</p>,Inner Pack Quantity,<p>1</p>,Country Of Origin,<p>BD</p>,Standards,<p></p>,,,,
S790,Variant,,"The half-elasticated waistband complete with belt loops, enhance the comfort of this modern style. Twin-stitched seams give a robust look and added durability to the garment.",https://d11ak7fd9ypfb7.cloudfront.net/styles1100px/S790NAR.jpg,,0.0,TRUE,InStock,0.28,,S790NARXS,,,,Size,DROP_DOWN,XS,Color,DROP_DOWN,Navy,,,,,,,,,,,,,Fit,<p>R</p>,Length,<p>43</p>,Width,<p>28</p>,Height,<p>35</p>,Box Quantity,<p>36</p>,Inner Pack Quantity,<p>1</p>,Country Of Origin,<p>BD</p>,Standards,<p></p>,,,,
S790,Variant,,"The half-elasticated waistband complete with belt loops, enhance the comfort of this modern style. Twin-stitched seams give a robust look and added durability to the garment.",https://d11ak7fd9ypfb7.cloudfront.net/styles1100px/S790NAR.jpg,,0.0,TRUE,InStock,0.38,,S790NARXXL,,,,Size,DROP_DOWN,XXL,Color,DROP_DOWN,Navy,,,,,,,,,,,,,Fit,<p>R</p>,Length,<p>43</p>,Width,<p>28</p>,Height,<p>40</p>,Box Quantity,<p>36</p>,Inner Pack Quantity,<p>1</p>,Country Of Origin,<p>BD</p>,Standards,<p></p>,,,,
S790,Variant,,"The half-elasticated waistband complete with belt loops, enhance the comfort of this modern style. Twin-stitched seams give a robust look and added durability to the garment.",https://d11ak7fd9ypfb7.cloudfront.net/styles1100px/S790NAR.jpg,,0.0,TRUE,InStock,0.4,,S790NARXXXL,,,,Size,DROP_DOWN,XXXL,Color,DROP_DOWN,Navy,,,,,,,,,,,,,Fit,<p>R</p>,Length,<p>43</p>,Width,<p>28</p>,Height,<p>40</p>,Box Quantity,<p>36</p>,Inner Pack Quantity,<p>1</p>,Country Of Origin,<p>BD</p>,Standards,<p></p>,,,,
S810,Product,S810 - Bolton Painters Bib,"Made with 100% pre-shrunk cotton to provide good protection against paint spills. Features of this functional garment include a bib pocket with zip, one large front pouch pocket, knee pad, hip and rule pockets, elasticated back section and plastic non-corrosive buckles.",https://d11ak7fd9ypfb7.cloudfront.net/styles1100px/S810WHR.jpg,40.5,0.0,TRUE,InStock,1.12,,S810WHR4XL,,,,Size,DROP_DOWN,XS;S;M;L;XL;XXL;XXXL;4XL,Color,DROP_DOWN,White,,,,,,,,,,,,,Fit,<p>R</p>,Length,<p>55</p>,Width,<p>36</p>,Height,<p>42</p>,Box Quantity,<p>24</p>,Inner Pack Quantity,<p>1</p>,Country Of Origin,<p>BD</p>,Standards,<p></p>,,,,
S810,Variant,,"Made with 100% pre-shrunk cotton to provide good protection against paint spills. Features of this functional garment include a bib pocket with zip, one large front pouch pocket, knee pad, hip and rule pockets, elasticated back section and plastic non-corrosive buckles.",https://d11ak7fd9ypfb7.cloudfront.net/styles1100px/S810WHR.jpg,,0.0,TRUE,InStock,1.12,,S810WHR4XL,,,,Size,DROP_DOWN,4XL,Color,DROP_DOWN,White,,,,,,,,,,,,,Fit,<p>R</p>,Length,<p>55</p>,Width,<p>36</p>,Height,<p>42</p>,Box Quantity,<p>24</p>,Inner Pack Quantity,<p>1</p>,Country Of Origin,<p>BD</p>,Standards,<p></p>,,,,
S810,Variant,,"Made with 100% pre-shrunk cotton to provide good protection against paint spills. Features of this functional garment include a bib pocket with zip, one large front pouch pocket, knee pad, hip and rule pockets, elasticated back section and plastic non-corrosive buckles.",https://d11ak7fd9ypfb7.cloudfront.net/styles1100px/S810WHR.jpg,,0.0,TRUE,InStock,0.88,,S810WHRL,,,,Size,DROP_DOWN,L,Color,DROP_DOWN,White,,,,,,,,,,,,,Fit,<p>R</p>,Length,<p>55</p>,Width,<p>36</p>,Height,<p>42</p>,Box Quantity,<p>24</p>,Inner Pack Quantity,<p>1</p>,Country Of Origin,<p>BD</p>,Standards,<p></p>,,,,
S810,Variant,,"Made with 100% pre-shrunk cotton to provide good protection against paint spills. Features of this functional garment include a bib pocket with zip, one large front pouch pocket, knee pad, hip and rule pockets, elasticated back section and plastic non-corrosive buckles.",https://d11ak7fd9ypfb7.cloudfront.net/styles1100px/S810WHR.jpg,,0.0,TRUE,InStock,0.84,,S810WHRM,,,,Size,DROP_DOWN,M,Color,DROP_DOWN,White,,,,,,,,,,,,,Fit,<p>R</p>,Length,<p>55</p>,Width,<p>36</p>,Height,<p>42</p>,Box Quantity,<p>24</p>,Inner Pack Quantity,<p>1</p>,Country Of Origin,<p>BD</p>,Standards,<p></p>,,,,
S810,Variant,,"Made with 100% pre-shrunk cotton to provide good protection against paint spills. Features of this functional garment include a bib pocket with zip, one large front pouch pocket, knee pad, hip and rule pockets, elasticated back section and plastic non-corrosive buckles.",https://d11ak7fd9ypfb7.cloudfront.net/styles1100px/S810WHR.jpg,,0.0,TRUE,InStock,0.8,,S810WHRS,,,,Size,DROP_DOWN,S,Color,DROP_DOWN,White,,,,,,,,,,,,,Fit,<p>R</p>,Length,<p>55</p>,Width,<p>36</p>,Height,<p>42</p>,Box Quantity,<p>24</p>,Inner Pack Quantity,<p>1</p>,Country Of Origin,<p>BD</p>,Standards,<p></p>,,,,
S810,Variant,,"Made with 100% pre-shrunk cotton to provide good protection against paint spills. Features of this functional garment include a bib pocket with zip, one large front pouch pocket, knee pad, hip and rule pockets, elasticated back section and plastic non-corrosive buckles.",https://d11ak7fd9ypfb7.cloudfront.net/styles1100px/S810WHR.jpg,,0.0,TRUE,InStock,0.92,,S810WHRXL,,,,Size,DROP_DOWN,XL,Color,DROP_DOWN,White,,,,,,,,,,,,,Fit,<p>R</p>,Length,<p>55</p>,Width,<p>36</p>,Height,<p>42</p>,Box Quantity,<p>24</p>,Inner Pack Quantity,<p>1</p>,Country Of Origin,<p>BD</p>,Standards,<p></p>,,,,
S810,Variant,,"Made with 100% pre-shrunk cotton to provide good protection against paint spills. Features of this functional garment include a bib pocket with zip, one large front pouch pocket, knee pad, hip and rule pockets, elasticated back section and plastic non-corrosive buckles.",https://d11ak7fd9ypfb7.cloudfront.net/styles1100px/S810WHR.jpg,,0.0,TRUE,InStock,0.76,,S810WHRXS,,,,Size,DROP_DOWN,XS,Color,DROP_DOWN,White,,,,,,,,,,,,,Fit,<p>R</p>,Length,<p>55</p>,Width,<p>36</p>,Height,<p>42</p>,Box Quantity,<p>24</p>,Inner Pack Quantity,<p>1</p>,Country Of Origin,<p>BD</p>,Standards,<p></p>,,,,
S810,Variant,,"Made with 100% pre-shrunk cotton to provide good protection against paint spills. Features of this functional garment include a bib pocket with zip, one large front pouch pocket, knee pad, hip and rule pockets, elasticated back section and plastic non-corrosive buckles.",https://d11ak7fd9ypfb7.cloudfront.net/styles1100px/S810WHR.jpg,,0.0,TRUE,InStock,0.96,,S810WHRXXL,,,,Size,DROP_DOWN,XXL,Color,DROP_DOWN,White,,,,,,,,,,,,,Fit,<p>R</p>,Length,<p>55</p>,Width,<p>36</p>,Height,<p>42</p>,Box Quantity,<p>24</p>,Inner Pack Quantity,<p>1</p>,Country Of Origin,<p>BD</p>,Standards,<p></p>,,,,
S810,Variant,,"Made with 100% pre-shrunk cotton to provide good protection against paint spills. Features of this functional garment include a bib pocket with zip, one large front pouch pocket, knee pad, hip and rule pockets, elasticated back section and plastic non-corrosive buckles.",https://d11ak7fd9ypfb7.cloudfront.net/styles1100px/S810WHR.jpg,,0.0,TRUE,InStock,1.04,,S810WHRXXXL,,,,Size,DROP_DOWN,XXXL,Color,DROP_DOWN,White,,,,,,,,,,,,,Fit,<p>R</p>,Length,<p>55</p>,Width,<p>36</p>,Height,<p>42</p>,Box Quantity,<p>24</p>,Inner Pack Quantity,<p>1</p>,Country Of Origin,<p>BD</p>,Standards,<p></p>,,,,
S816,Product,S816 - Orkney Lined Coverall,"Combining top performing Kingsmill fabric, with a polyester wadding liner, this rugged garment protects against the coldest of conditions.",https://d11ak7fd9ypfb7.cloudfront.net/styles1100px/S816NAR.jpg,0.0,0.0,TRUE,InStock,1.47,,S816NARL,,,,Size,DROP_DOWN,S;M;L;XL;XXL;XXXL,Color,DROP_DOWN,Navy,,,,,,,,,,,,,Fit,<p>R</p>,Length,<p>65</p>,Width,<p>45</p>,Height,<p>39</p>,Box Quantity,<p>8</p>,Inner Pack Quantity,<p>1</p>,Country Of Origin,<p>BD</p>,Standards,<ul><li>EN 342 Thermal insulation  0.340 Iclear (m2.K/W) 1X</li></ul>,,,,
S816,Variant,,"Combining top performing Kingsmill fabric, with a polyester wadding liner, this rugged garment protects against the coldest of conditions.",https://d11ak7fd9ypfb7.cloudfront.net/styles1100px/S816NAR.jpg,,0.0,TRUE,InStock,1.47,,S816NARL,,,,Size,DROP_DOWN,L,Color,DROP_DOWN,Navy,,,,,,,,,,,,,Fit,<p>R</p>,Length,<p>65</p>,Width,<p>45</p>,Height,<p>39</p>,Box Quantity,<p>8</p>,Inner Pack Quantity,<p>1</p>,Country Of Origin,<p>BD</p>,Standards,<ul><li>EN 342 Thermal insulation  0.340 Iclear (m2.K/W) 1X</li></ul>,,,,
S816,Variant,,"Combining top performing Kingsmill fabric, with a polyester wadding liner, this rugged garment protects against the coldest of conditions.",https://d11ak7fd9ypfb7.cloudfront.net/styles1100px/S816NAR.jpg,,0.0,TRUE,InStock,1.41,,S816NARM,,,,Size,DROP_DOWN,M,Color,DROP_DOWN,Navy,,,,,,,,,,,,,Fit,<p>R</p>,Length,<p>65</p>,Width,<p>45</p>,Height,<p>39</p>,Box Quantity,<p>8</p>,Inner Pack Quantity,<p>1</p>,Country Of Origin,<p>BD</p>,Standards,<ul><li>EN 342 Thermal insulation  0.340 Iclear (m2.K/W) 1X</li></ul>,,,,
S816,Variant,,"Combining top performing Kingsmill fabric, with a polyester wadding liner, this rugged garment protects against the coldest of conditions.",https://d11ak7fd9ypfb7.cloudfront.net/styles1100px/S816NAR.jpg,,0.0,TRUE,InStock,1.35,,S816NARS,,,,Size,DROP_DOWN,S,Color,DROP_DOWN,Navy,,,,,,,,,,,,,Fit,<p>R</p>,Length,<p>65</p>,Width,<p>45</p>,Height,<p>39</p>,Box Quantity,<p>8</p>,Inner Pack Quantity,<p>1</p>,Country Of Origin,<p>BD</p>,Standards,<ul><li>EN 342 Thermal insulation  0.340 Iclear (m2.K/W) 1X</li></ul>,,,,
S816,Variant,,"Combining top performing Kingsmill fabric, with a polyester wadding liner, this rugged garment protects against the coldest of conditions.",https://d11ak7fd9ypfb7.cloudfront.net/styles1100px/S816NAR.jpg,,0.0,TRUE,InStock,1.53,,S816NARXL,,,,Size,DROP_DOWN,XL,Color,DROP_DOWN,Navy,,,,,,,,,,,,,Fit,<p>R</p>,Length,<p>65</p>,Width,<p>45</p>,Height,<p>39</p>,Box Quantity,<p>8</p>,Inner Pack Quantity,<p>1</p>,Country Of Origin,<p>BD</p>,Standards,<ul><li>EN 342 Thermal insulation  0.340 Iclear (m2.K/W) 1X</li></ul>,,,,
S816,Variant,,"Combining top performing Kingsmill fabric, with a polyester wadding liner, this rugged garment protects against the coldest of conditions.",https://d11ak7fd9ypfb7.cloudfront.net/styles1100px/S816NAR.jpg,,0.0,TRUE,InStock,1.59,,S816NARXXL,,,,Size,DROP_DOWN,XXL,Color,DROP_DOWN,Navy,,,,,,,,,,,,,Fit,<p>R</p>,Length,<p>65</p>,Width,<p>45</p>,Height,<p>39</p>,Box Quantity,<p>8</p>,Inner Pack Quantity,<p>1</p>,Country Of Origin,<p>BD</p>,Standards,<ul><li>EN 342 Thermal insulation  0.340 Iclear (m2.K/W) 1X</li></ul>,,,,
S816,Variant,,"Combining top performing Kingsmill fabric, with a polyester wadding liner, this rugged garment protects against the coldest of conditions.",https://d11ak7fd9ypfb7.cloudfront.net/styles1100px/S816NAR.jpg,,0.0,TRUE,InStock,1.64,,S816NARXXXL,,,,Size,DROP_DOWN,XXXL,Color,DROP_DOWN,Navy,,,,,,,,,,,,,Fit,<p>R</p>,Length,<p>65</p>,Width,<p>45</p>,Height,<p>39</p>,Box Quantity,<p>8</p>,Inner Pack Quantity,<p>1</p>,Country Of Origin,<p>BD</p>,Standards,<ul><li>EN 342 Thermal insulation  0.340 Iclear (m2.K/W) 1X</li></ul>,,,,
S817,Product,S817 - Painters Pants,"Featuring the latest innovative design, this modern painter’s pant has a layered thigh pocket for mobile phone and pens. Incorporating side, knee pad, hip and rule pockets, it covers every need of a craftsman and is completed by an elasticated waist for comfort.",https://d11ak7fd9ypfb7.cloudfront.net/styles1100px/S817WHR.jpg,37.9,0.0,TRUE,InStock,0.767,,S817WHRL,,,,Size,DROP_DOWN,S;M;L;XL;XXL;XXXL,Color,DROP_DOWN,White Tall;White,,,,,,,,,,,,,Fit,<p>R</p>,Length,<p>43</p>,Width,<p>28</p>,Height,<p>52</p>,Box Quantity,<p>24</p>,Inner Pack Quantity,<p>1</p>,Country Of Origin,<p>BD</p>,Standards,<p></p>,,,,
S817,Variant,,"Featuring the latest innovative design, this modern painter’s pant has a layered thigh pocket for mobile phone and pens. Incorporating side, knee pad, hip and rule pockets, it covers every need of a craftsman and is completed by an elasticated waist for comfort.",https://d11ak7fd9ypfb7.cloudfront.net/styles1100px/S817WHR.jpg,,0.0,TRUE,InStock,0.767,,S817WHRL,,,,Size,DROP_DOWN,L,Color,DROP_DOWN,White,,,,,,,,,,,,,Fit,<p>R</p>,Length,<p>43</p>,Width,<p>28</p>,Height,<p>52</p>,Box Quantity,<p>24</p>,Inner Pack Quantity,<p>1</p>,Country Of Origin,<p>BD</p>,Standards,<p></p>,,,,
S817,Variant,,"Featuring the latest innovative design, this modern painter’s pant has a layered thigh pocket for mobile phone and pens. Incorporating side, knee pad, hip and rule pockets, it covers every need of a craftsman and is completed by an elasticated waist for comfort.",https://d11ak7fd9ypfb7.cloudfront.net/styles1100px/S817WHR.jpg,,0.0,TRUE,InStock,0.72,,S817WHRM,,,,Size,DROP_DOWN,M,Color,DROP_DOWN,White,,,,,,,,,,,,,Fit,<p>R</p>,Length,<p>43</p>,Width,<p>28</p>,Height,<p>52</p>,Box Quantity,<p>24</p>,Inner Pack Quantity,<p>1</p>,Country Of Origin,<p>BD</p>,Standards,<p></p>,,,,
S817,Variant,,"Featuring the latest innovative design, this modern painter’s pant has a layered thigh pocket for mobile phone and pens. Incorporating side, knee pad, hip and rule pockets, it covers every need of a craftsman and is completed by an elasticated waist for comfort.",https://d11ak7fd9ypfb7.cloudfront.net/styles1100px/S817WHR.jpg,,0.0,TRUE,InStock,0.673,,S817WHRS,,,,Size,DROP_DOWN,S,Color,DROP_DOWN,White,,,,,,,,,,,,,Fit,<p>R</p>,Length,<p>43</p>,Width,<p>28</p>,Height,<p>52</p>,Box Quantity,<p>24</p>,Inner Pack Quantity,<p>1</p>,Country Of Origin,<p>BD</p>,Standards,<p></p>,,,,
S817,Variant,,"Featuring the latest innovative design, this modern painter’s pant has a layered thigh pocket for mobile phone and pens. Incorporating side, knee pad, hip and rule pockets, it covers every need of a craftsman and is completed by an elasticated waist for comfort.",https://d11ak7fd9ypfb7.cloudfront.net/styles1100px/S817WHR.jpg,,0.0,TRUE,InStock,0.814,,S817WHRXL,,,,Size,DROP_DOWN,XL,Color,DROP_DOWN,White,,,,,,,,,,,,,Fit,<p>R</p>,Length,<p>43</p>,Width,<p>28</p>,Height,<p>58</p>,Box Quantity,<p>24</p>,Inner Pack Quantity,<p>1</p>,Country Of Origin,<p>BD</p>,Standards,<p></p>,,,,
S817,Variant,,"Featuring the latest innovative design, this modern painter’s pant has a layered thigh pocket for mobile phone and pens. Incorporating side, knee pad, hip and rule pockets, it covers every need of a craftsman and is completed by an elasticated waist for comfort.",https://d11ak7fd9ypfb7.cloudfront.net/styles1100px/S817WHR.jpg,,0.0,TRUE,InStock,0.86,,S817WHRXXL,,,,Size,DROP_DOWN,XXL,Color,DROP_DOWN,White,,,,,,,,,,,,,Fit,<p>R</p>,Length,<p>43</p>,Width,<p>28</p>,Height,<p>58</p>,Box Quantity,<p>24</p>,Inner Pack Quantity,<p>1</p>,Country Of Origin,<p>BD</p>,Standards,<p></p>,,,,
S817,Variant,,"Featuring the latest innovative design, this modern painter’s pant has a layered thigh pocket for mobile phone and pens. Incorporating side, knee pad, hip and rule pockets, it covers every need of a craftsman and is completed by an elasticated waist for comfort.",https://d11ak7fd9ypfb7.cloudfront.net/styles1100px/S817WHR.jpg,,0.0,TRUE,InStock,0.907,,S817WHRXXXL,,,,Size,DROP_DOWN,XXXL,Color,DROP_DOWN,White,,,,,,,,,,,,,Fit,<p>R</p>,Length,<p>43</p>,Width,<p>28</p>,Height,<p>58</p>,Box Quantity,<p>24</p>,Inner Pack Quantity,<p>1</p>,Country Of Origin,<p>BD</p>,Standards,<p></p>,,,,
S817,Variant,,"Featuring the latest innovative design, this modern painter’s pant has a layered thigh pocket for mobile phone and pens. Incorporating side, knee pad, hip and rule pockets, it covers every need of a craftsman and is completed by an elasticated waist for comfort.",https://d11ak7fd9ypfb7.cloudfront.net/styles1100px/S817WHT.jpg,,0.0,TRUE,InStock,0.72,,S817WHTL,,,,Size,DROP_DOWN,L,Color,DROP_DOWN,White Tall,,,,,,,,,,,,,Fit,<p>T</p>,Length,<p>43</p>,Width,<p>28</p>,Height,<p>52</p>,Box Quantity,<p>24</p>,Inner Pack Quantity,<p>1</p>,Country Of Origin,<p>BD</p>,Standards,<p></p>,,,,
S817,Variant,,"Featuring the latest innovative design, this modern painter’s pant has a layered thigh pocket for mobile phone and pens. Incorporating side, knee pad, hip and rule pockets, it covers every need of a craftsman and is completed by an elasticated waist for comfort.",https://d11ak7fd9ypfb7.cloudfront.net/styles1100px/S817WHT.jpg,,0.0,TRUE,InStock,0.65,,S817WHTM,,,,Size,DROP_DOWN,M,Color,DROP_DOWN,White Tall,,,,,,,,,,,,,Fit,<p>T</p>,Length,<p>43</p>,Width,<p>28</p>,Height,<p>52</p>,Box Quantity,<p>24</p>,Inner Pack Quantity,<p>1</p>,Country Of Origin,<p>BD</p>,Standards,<p></p>,,,,
S817,Variant,,"Featuring the latest innovative design, this modern painter’s pant has a layered thigh pocket for mobile phone and pens. Incorporating side, knee pad, hip and rule pockets, it covers every need of a craftsman and is completed by an elasticated waist for comfort.",https://d11ak7fd9ypfb7.cloudfront.net/styles1100px/S817WHT.jpg,,0.0,TRUE,InStock,0.58,,S817WHTS,,,,Size,DROP_DOWN,S,Color,DROP_DOWN,White Tall,,,,,,,,,,,,,Fit,<p>T</p>,Length,<p>43</p>,Width,<p>28</p>,Height,<p>52</p>,Box Quantity,<p>24</p>,Inner Pack Quantity,<p>1</p>,Country Of Origin,<p>BD</p>,Standards,<p></p>,,,,
S817,Variant,,"Featuring the latest innovative design, this modern painter’s pant has a layered thigh pocket for mobile phone and pens. Incorporating side, knee pad, hip and rule pockets, it covers every need of a craftsman and is completed by an elasticated waist for comfort.",https://d11ak7fd9ypfb7.cloudfront.net/styles1100px/S817WHT.jpg,,0.0,TRUE,InStock,0.79,,S817WHTXL,,,,Size,DROP_DOWN,XL,Color,DROP_DOWN,White Tall,,,,,,,,,,,,,Fit,<p>T</p>,Length,<p>43</p>,Width,<p>28</p>,Height,<p>52</p>,Box Quantity,<p>24</p>,Inner Pack Quantity,<p>1</p>,Country Of Origin,<p>BD</p>,Standards,<p></p>,,,,
S817,Variant,,"Featuring the latest innovative design, this modern painter’s pant has a layered thigh pocket for mobile phone and pens. Incorporating side, knee pad, hip and rule pockets, it covers every need of a craftsman and is completed by an elasticated waist for comfort.",https://d11ak7fd9ypfb7.cloudfront.net/styles1100px/S817WHT.jpg,,0.0,TRUE,InStock,0.86,,S817WHTXXL,,,,Size,DROP_DOWN,XXL,Color,DROP_DOWN,White Tall,,,,,,,,,,,,,Fit,<p>T</p>,Length,<p>43</p>,Width,<p>28</p>,Height,<p>58</p>,Box Quantity,<p>24</p>,Inner Pack Quantity,<p>1</p>,Country Of Origin,<p>BD</p>,Standards,<p></p>,,,,
S817,Variant,,"Featuring the latest innovative design, this modern painter’s pant has a layered thigh pocket for mobile phone and pens. Incorporating side, knee pad, hip and rule pockets, it covers every need of a craftsman and is completed by an elasticated waist for comfort.",https://d11ak7fd9ypfb7.cloudfront.net/styles1100px/S817WHT.jpg,,0.0,TRUE,InStock,0.93,,S817WHTXXXL,,,,Size,DROP_DOWN,XXXL,Color,DROP_DOWN,White Tall,,,,,,,,,,,,,Fit,<p>T</p>,Length,<p>43</p>,Width,<p>28</p>,Height,<p>58</p>,Box Quantity,<p>24</p>,Inner Pack Quantity,<p>1</p>,Country Of Origin,<p>BD</p>,Standards,<p></p>,,,,
S891,Product,S891 - Bradford Pants,"Bartacked at all stress points Pockets: 2 front, 1 leg with cell phone, 1 rear with button closure, 2 knee 1 side leg pocket with various compartments for extra storage Available in Regular and Tall fit",https://d11ak7fd9ypfb7.cloudfront.net/styles1100px/S891NAR.jpg,0.0,0.0,TRUE,InStock,0.52,,S891NAR 88,,,,Size,DROP_DOWN,88,Color,DROP_DOWN,Navy,,,,,,,,,,,,,Fit,<p>R</p>,Length,<p>43</p>,Width,<p>28</p>,Height,<p>35</p>,Box Quantity,<p>24</p>,Inner Pack Quantity,<p>1</p>,Country Of Origin,<p>BD</p>,Standards,<p></p>,,,,
S916,Product,S916 - Iona Bib and Brace,"The Iona bib and brace offers comfort, safety and functionality. Features include a spacious chest pocket, double rule pocket and reflective tape.",https://d11ak7fd9ypfb7.cloudfront.net/styles1100px/S916NAR.jpg,0.0,0.0,TRUE,InStock,0.828,,S916NARL,,,,Size,DROP_DOWN,S;M;L;XL;XXL;XXXL,Color,DROP_DOWN,Navy,,,,,,,,,,,,,Fit,<p>R</p>,Length,<p>43</p>,Width,<p>28</p>,Height,<p>43</p>,Box Quantity,<p>24</p>,Inner Pack Quantity,<p>1</p>,Country Of Origin,<p>BD</p>,Standards,<p></p>,,,,
S916,Variant,,"The Iona bib and brace offers comfort, safety and functionality. Features include a spacious chest pocket, double rule pocket and reflective tape.",https://d11ak7fd9ypfb7.cloudfront.net/styles1100px/S916NAR.jpg,,0.0,TRUE,InStock,0.828,,S916NARL,,,,Size,DROP_DOWN,L,Color,DROP_DOWN,Navy,,,,,,,,,,,,,Fit,<p>R</p>,Length,<p>43</p>,Width,<p>28</p>,Height,<p>43</p>,Box Quantity,<p>24</p>,Inner Pack Quantity,<p>1</p>,Country Of Origin,<p>BD</p>,Standards,<p></p>,,,,
S916,Variant,,"The Iona bib and brace offers comfort, safety and functionality. Features include a spacious chest pocket, double rule pocket and reflective tape.",https://d11ak7fd9ypfb7.cloudfront.net/styles1100px/S916NAR.jpg,,0.0,TRUE,InStock,0.808,,S916NARM,,,,Size,DROP_DOWN,M,Color,DROP_DOWN,Navy,,,,,,,,,,,,,Fit,<p>R</p>,Length,<p>43</p>,Width,<p>28</p>,Height,<p>43</p>,Box Quantity,<p>24</p>,Inner Pack Quantity,<p>1</p>,Country Of Origin,<p>BD</p>,Standards,<p></p>,,,,
S916,Variant,,"The Iona bib and brace offers comfort, safety and functionality. Features include a spacious chest pocket, double rule pocket and reflective tape.",https://d11ak7fd9ypfb7.cloudfront.net/styles1100px/S916NAR.jpg,,0.0,TRUE,InStock,0.787,,S916NARS,,,,Size,DROP_DOWN,S,Color,DROP_DOWN,Navy,,,,,,,,,,,,,Fit,<p>R</p>,Length,<p>43</p>,Width,<p>28</p>,Height,<p>43</p>,Box Quantity,<p>24</p>,Inner Pack Quantity,<p>1</p>,Country Of Origin,<p>BD</p>,Standards,<p></p>,,,,
S916,Variant,,"The Iona bib and brace offers comfort, safety and functionality. Features include a spacious chest pocket, double rule pocket and reflective tape.",https://d11ak7fd9ypfb7.cloudfront.net/styles1100px/S916NAR.jpg,,0.0,TRUE,InStock,0.849,,S916NARXL,,,,Size,DROP_DOWN,XL,Color,DROP_DOWN,Navy,,,,,,,,,,,,,Fit,<p>R</p>,Length,<p>43</p>,Width,<p>28</p>,Height,<p>43</p>,Box Quantity,<p>24</p>,Inner Pack Quantity,<p>1</p>,Country Of Origin,<p>BD</p>,Standards,<p></p>,,,,
S916,Variant,,"The Iona bib and brace offers comfort, safety and functionality. Features include a spacious chest pocket, double rule pocket and reflective tape.",https://d11ak7fd9ypfb7.cloudfront.net/styles1100px/S916NAR.jpg,,0.0,TRUE,InStock,0.58,,S916NARXXL,,,,Size,DROP_DOWN,XXL,Color,DROP_DOWN,Navy,,,,,,,,,,,,,Fit,<p>R</p>,Length,<p>43</p>,Width,<p>28</p>,Height,<p>43</p>,Box Quantity,<p>24</p>,Inner Pack Quantity,<p>1</p>,Country Of Origin,<p>BD</p>,Standards,<p></p>,,,,
S916,Variant,,"The Iona bib and brace offers comfort, safety and functionality. Features include a spacious chest pocket, double rule pocket and reflective tape.",https://d11ak7fd9ypfb7.cloudfront.net/styles1100px/S916NAR.jpg,,0.0,TRUE,InStock,0.594,,S916NARXXXL,,,,Size,DROP_DOWN,XXXL,Color,DROP_DOWN,Navy,,,,,,,,,,,,,Fit,<p>R</p>,Length,<p>43</p>,Width,<p>28</p>,Height,<p>43</p>,Box Quantity,<p>24</p>,Inner Pack Quantity,<p>1</p>,Country Of Origin,<p>BD</p>,Standards,<p></p>,,,,
S996,Product,S996 - Short Sleeve Coverall,"This super light coverall is ideal for warmer weather conditions. Offering a host of clever features, this style provides amazing comfort and versatility.",https://d11ak7fd9ypfb7.cloudfront.net/styles1100px/S996NAR.jpg,0.0,0.0,TRUE,InStock,0.999,,S996NAR4XL,,,,Size,DROP_DOWN,M;L;XL;XXL;XXXL;4XL,Color,DROP_DOWN,Navy,,,,,,,,,,,,,Fit,<p>R</p>,Length,<p>43</p>,Width,<p>28</p>,Height,<p>40</p>,Box Quantity,<p>24</p>,Inner Pack Quantity,<p>1</p>,Country Of Origin,<p>BD</p>,Standards,<p></p>,,,,
S996,Variant,,"This super light coverall is ideal for warmer weather conditions. Offering a host of clever features, this style provides amazing comfort and versatility.",https://d11ak7fd9ypfb7.cloudfront.net/styles1100px/S996NAR.jpg,,0.0,TRUE,InStock,0.999,,S996NAR4XL,,,,Size,DROP_DOWN,4XL,Color,DROP_DOWN,Navy,,,,,,,,,,,,,Fit,<p>R</p>,Length,<p>43</p>,Width,<p>28</p>,Height,<p>40</p>,Box Quantity,<p>24</p>,Inner Pack Quantity,<p>1</p>,Country Of Origin,<p>BD</p>,Standards,<p></p>,,,,
S996,Variant,,"This super light coverall is ideal for warmer weather conditions. Offering a host of clever features, this style provides amazing comfort and versatility.",https://d11ak7fd9ypfb7.cloudfront.net/styles1100px/S996NAR.jpg,,0.0,TRUE,InStock,0.999,,S996NARL,,,,Size,DROP_DOWN,L,Color,DROP_DOWN,Navy,,,,,,,,,,,,,Fit,<p>R</p>,Length,<p>43</p>,Width,<p>28</p>,Height,<p>40</p>,Box Quantity,<p>24</p>,Inner Pack Quantity,<p>1</p>,Country Of Origin,<p>BD</p>,Standards,<p></p>,,,,
S996,Variant,,"This super light coverall is ideal for warmer weather conditions. Offering a host of clever features, this style provides amazing comfort and versatility.",https://d11ak7fd9ypfb7.cloudfront.net/styles1100px/S996NAR.jpg,,0.0,TRUE,InStock,0.999,,S996NARM,,,,Size,DROP_DOWN,M,Color,DROP_DOWN,Navy,,,,,,,,,,,,,Fit,<p>R</p>,Length,<p>43</p>,Width,<p>28</p>,Height,<p>40</p>,Box Quantity,<p>24</p>,Inner Pack Quantity,<p>1</p>,Country Of Origin,<p>BD</p>,Standards,<p></p>,,,,
S996,Variant,,"This super light coverall is ideal for warmer weather conditions. Offering a host of clever features, this style provides amazing comfort and versatility.",https://d11ak7fd9ypfb7.cloudfront.net/styles1100px/S996NAR.jpg,,0.0,TRUE,InStock,0.999,,S996NARXL,,,,Size,DROP_DOWN,XL,Color,DROP_DOWN,Navy,,,,,,,,,,,,,Fit,<p>R</p>,Length,<p>43</p>,Width,<p>28</p>,Height,<p>40</p>,Box Quantity,<p>24</p>,Inner Pack Quantity,<p>1</p>,Country Of Origin,<p>BD</p>,Standards,<p></p>,,,,
S996,Variant,,"This super light coverall is ideal for warmer weather conditions. Offering a host of clever features, this style provides amazing comfort and versatility.",https://d11ak7fd9ypfb7.cloudfront.net/styles1100px/S996NAR.jpg,,0.0,TRUE,InStock,0.999,,S996NARXXL,,,,Size,DROP_DOWN,XXL,Color,DROP_DOWN,Navy,,,,,,,,,,,,,Fit,<p>R</p>,Length,<p>43</p>,Width,<p>28</p>,Height,<p>40</p>,Box Quantity,<p>24</p>,Inner Pack Quantity,<p>1</p>,Country Of Origin,<p>BD</p>,Standards,<p></p>,,,,
S996,Variant,,"This super light coverall is ideal for warmer weather conditions. Offering a host of clever features, this style provides amazing comfort and versatility.",https://d11ak7fd9ypfb7.cloudfront.net/styles1100px/S996NAR.jpg,,0.0,TRUE,InStock,0.999,,S996NARXXXL,,,,Size,DROP_DOWN,XXXL,Color,DROP_DOWN,Navy,,,,,,,,,,,,,Fit,<p>R</p>,Length,<p>43</p>,Width,<p>28</p>,Height,<p>40</p>,Box Quantity,<p>24</p>,Inner Pack Quantity,<p>1</p>,Country Of Origin,<p>BD</p>,Standards,<p></p>,,,,
S998,Product,S998 - Work Cotton Coverall,"This cotton coverall offers various pockets for convenient storage, including a rule pocket. Side elastication provides extra comfort and ease of movement.",https://d11ak7fd9ypfb7.cloudfront.net/styles1100px/S998BKR.jpg,0.0,0.0,TRUE,InStock,1.02,,S998BKRL,,,,Size,DROP_DOWN,S;M;L;XL;XXL;XXXL,Color,DROP_DOWN,Navy;Black,,,,,,,,,,,,,Fit,<p>R</p>,Length,<p>43</p>,Width,<p>28</p>,Height,<p>58</p>,Box Quantity,<p>24</p>,Inner Pack Quantity,<p>1</p>,Country Of Origin,<p>BD</p>,Standards,<p></p>,,,,
S998,Variant,,"This cotton coverall offers various pockets for convenient storage, including a rule pocket. Side elastication provides extra comfort and ease of movement.",https://d11ak7fd9ypfb7.cloudfront.net/styles1100px/S998BKR.jpg,,0.0,TRUE,InStock,1.02,,S998BKRL,,,,Size,DROP_DOWN,L,Color,DROP_DOWN,Black,,,,,,,,,,,,,Fit,<p>R</p>,Length,<p>43</p>,Width,<p>28</p>,Height,<p>58</p>,Box Quantity,<p>24</p>,Inner Pack Quantity,<p>1</p>,Country Of Origin,<p>BD</p>,Standards,<p></p>,,,,
S998,Variant,,"This cotton coverall offers various pockets for convenient storage, including a rule pocket. Side elastication provides extra comfort and ease of movement.",https://d11ak7fd9ypfb7.cloudfront.net/styles1100px/S998BKR.jpg,,0.0,TRUE,InStock,0.94,,S998BKRM,,,,Size,DROP_DOWN,M,Color,DROP_DOWN,Black,,,,,,,,,,,,,Fit,<p>R</p>,Length,<p>43</p>,Width,<p>28</p>,Height,<p>58</p>,Box Quantity,<p>24</p>,Inner Pack Quantity,<p>1</p>,Country Of Origin,<p>BD</p>,Standards,<p></p>,,,,
S998,Variant,,"This cotton coverall offers various pockets for convenient storage, including a rule pocket. Side elastication provides extra comfort and ease of movement.",https://d11ak7fd9ypfb7.cloudfront.net/styles1100px/S998BKR.jpg,,0.0,TRUE,InStock,0.88,,S998BKRS,,,,Size,DROP_DOWN,S,Color,DROP_DOWN,Black,,,,,,,,,,,,,Fit,<p>R</p>,Length,<p>43</p>,Width,<p>28</p>,Height,<p>58</p>,Box Quantity,<p>24</p>,Inner Pack Quantity,<p>1</p>,Country Of Origin,<p>BD</p>,Standards,<p></p>,,,,
S998,Variant,,"This cotton coverall offers various pockets for convenient storage, including a rule pocket. Side elastication provides extra comfort and ease of movement.",https://d11ak7fd9ypfb7.cloudfront.net/styles1100px/S998BKR.jpg,,0.0,TRUE,InStock,1.1,,S998BKRXL,,,,Size,DROP_DOWN,XL,Color,DROP_DOWN,Black,,,,,,,,,,,,,Fit,<p>R</p>,Length,<p>43</p>,Width,<p>28</p>,Height,<p>58</p>,Box Quantity,<p>24</p>,Inner Pack Quantity,<p>1</p>,Country Of Origin,<p>BD</p>,Standards,<p></p>,,,,
S998,Variant,,"This cotton coverall offers various pockets for convenient storage, including a rule pocket. Side elastication provides extra comfort and ease of movement.",https://d11ak7fd9ypfb7.cloudfront.net/styles1100px/S998BKR.jpg,,0.0,TRUE,InStock,1.18,,S998BKRXXL,,,,Size,DROP_DOWN,XXL,Color,DROP_DOWN,Black,,,,,,,,,,,,,Fit,<p>R</p>,Length,<p>43</p>,Width,<p>28</p>,Height,<p>58</p>,Box Quantity,<p>24</p>,Inner Pack Quantity,<p>1</p>,Country Of Origin,<p>BD</p>,Standards,<p></p>,,,,
S998,Variant,,"This cotton coverall offers various pockets for convenient storage, including a rule pocket. Side elastication provides extra comfort and ease of movement.",https://d11ak7fd9ypfb7.cloudfront.net/styles1100px/S998BKR.jpg,,0.0,TRUE,InStock,1.26,,S998BKRXXXL,,,,Size,DROP_DOWN,XXXL,Color,DROP_DOWN,Black,,,,,,,,,,,,,Fit,<p>R</p>,Length,<p>43</p>,Width,<p>28</p>,Height,<p>58</p>,Box Quantity,<p>24</p>,Inner Pack Quantity,<p>1</p>,Country Of Origin,<p>BD</p>,Standards,<p></p>,,,,
S998,Variant,,"This cotton coverall offers various pockets for convenient storage, including a rule pocket. Side elastication provides extra comfort and ease of movement.",https://d11ak7fd9ypfb7.cloudfront.net/styles1100px/S998NAR.jpg,,0.0,TRUE,InStock,0.916,,S998NARL,,,,Size,DROP_DOWN,L,Color,DROP_DOWN,Navy,,,,,,,,,,,,,Fit,<p>R</p>,Length,<p>43</p>,Width,<p>28</p>,Height,<p>58</p>,Box Quantity,<p>24</p>,Inner Pack Quantity,<p>1</p>,Country Of Origin,<p>BD</p>,Standards,<p></p>,,,,
S998,Variant,,"This cotton coverall offers various pockets for convenient storage, including a rule pocket. Side elastication provides extra comfort and ease of movement.",https://d11ak7fd9ypfb7.cloudfront.net/styles1100px/S998NAR.jpg,,0.0,TRUE,InStock,0.889,,S998NARM,,,,Size,DROP_DOWN,M,Color,DROP_DOWN,Navy,,,,,,,,,,,,,Fit,<p>R</p>,Length,<p>43</p>,Width,<p>28</p>,Height,<p>58</p>,Box Quantity,<p>24</p>,Inner Pack Quantity,<p>1</p>,Country Of Origin,<p>BD</p>,Standards,<p></p>,,,,
S998,Variant,,"This cotton coverall offers various pockets for convenient storage, including a rule pocket. Side elastication provides extra comfort and ease of movement.",https://d11ak7fd9ypfb7.cloudfront.net/styles1100px/S998NAR.jpg,,0.0,TRUE,InStock,0.88,,S998NARS,,,,Size,DROP_DOWN,S,Color,DROP_DOWN,Navy,,,,,,,,,,,,,Fit,<p>R</p>,Length,<p>43</p>,Width,<p>28</p>,Height,<p>58</p>,Box Quantity,<p>24</p>,Inner Pack Quantity,<p>1</p>,Country Of Origin,<p>BD</p>,Standards,<p></p>,,,,
S998,Variant,,"This cotton coverall offers various pockets for convenient storage, including a rule pocket. Side elastication provides extra comfort and ease of movement.",https://d11ak7fd9ypfb7.cloudfront.net/styles1100px/S998NAR.jpg,,0.0,TRUE,InStock,0.95,,S998NARXL,,,,Size,DROP_DOWN,XL,Color,DROP_DOWN,Navy,,,,,,,,,,,,,Fit,<p>R</p>,Length,<p>43</p>,Width,<p>28</p>,Height,<p>58</p>,Box Quantity,<p>24</p>,Inner Pack Quantity,<p>1</p>,Country Of Origin,<p>BD</p>,Standards,<p></p>,,,,
S998,Variant,,"This cotton coverall offers various pockets for convenient storage, including a rule pocket. Side elastication provides extra comfort and ease of movement.",https://d11ak7fd9ypfb7.cloudfront.net/styles1100px/S998NAR.jpg,,0.0,TRUE,InStock,1.18,,S998NARXXL,,,,Size,DROP_DOWN,XXL,Color,DROP_DOWN,Navy,,,,,,,,,,,,,Fit,<p>R</p>,Length,<p>43</p>,Width,<p>28</p>,Height,<p>58</p>,Box Quantity,<p>24</p>,Inner Pack Quantity,<p>1</p>,Country Of Origin,<p>BD</p>,Standards,<p></p>,,,,
S998,Variant,,"This cotton coverall offers various pockets for convenient storage, including a rule pocket. Side elastication provides extra comfort and ease of movement.",https://d11ak7fd9ypfb7.cloudfront.net/styles1100px/S998NAR.jpg,,0.0,TRUE,InStock,1.26,,S998NARXXXL,,,,Size,DROP_DOWN,XXXL,Color,DROP_DOWN,Navy,,,,,,,,,,,,,Fit,<p>R</p>,Length,<p>43</p>,Width,<p>28</p>,Height,<p>58</p>,Box Quantity,<p>24</p>,Inner Pack Quantity,<p>1</p>,Country Of Origin,<p>BD</p>,Standards,<p></p>,,,,
S999,Product,S999 - Euro Work Polycotton Coverall,"Winning features of this durable coverall include, two chest pockets, one rule pocket and a concealed stud front. Perfect for all your working requirements.",https://d11ak7fd9ypfb7.cloudfront.net/styles1100px/S999BGR.jpg,34.5,0.0,TRUE,InStock,0.7,,S999BGRL,,,,Size,DROP_DOWN,XS;S;M;L;XL;XXL;XXXL;4XL;5XL;6XL,Color,DROP_DOWN,Royal Blue;Navy Tall;Navy;Zoom Grey;Red;Bottle Green,,,,,,,,,,,,,Fit,<p>R</p>,Length,<p>43</p>,Width,<p>28</p>,Height,<p>45</p>,Box Quantity,<p>24</p>,Inner Pack Quantity,<p>1</p>,Country Of Origin,<p>BD</p>,Standards,<p></p>,,,,
S999,Variant,,"Winning features of this durable coverall include, two chest pockets, one rule pocket and a concealed stud front. Perfect for all your working requirements.",https://d11ak7fd9ypfb7.cloudfront.net/styles1100px/S999BGR.jpg,,0.0,TRUE,InStock,0.7,,S999BGRL,,,,Size,DROP_DOWN,L,Color,DROP_DOWN,Bottle Green,,,,,,,,,,,,,Fit,<p>R</p>,Length,<p>43</p>,Width,<p>28</p>,Height,<p>45</p>,Box Quantity,<p>24</p>,Inner Pack Quantity,<p>1</p>,Country Of Origin,<p>BD</p>,Standards,<p></p>,,,,
S999,Variant,,"Winning features of this durable coverall include, two chest pockets, one rule pocket and a concealed stud front. Perfect for all your working requirements.",https://d11ak7fd9ypfb7.cloudfront.net/styles1100px/S999BGR.jpg,,0.0,TRUE,InStock,0.68,,S999BGRM,,,,Size,DROP_DOWN,M,Color,DROP_DOWN,Bottle Green,,,,,,,,,,,,,Fit,<p>R</p>,Length,<p>43</p>,Width,<p>28</p>,Height,<p>45</p>,Box Quantity,<p>24</p>,Inner Pack Quantity,<p>1</p>,Country Of Origin,<p>BD</p>,Standards,<p></p>,,,,
S999,Variant,,"Winning features of this durable coverall include, two chest pockets, one rule pocket and a concealed stud front. Perfect for all your working requirements.",https://d11ak7fd9ypfb7.cloudfront.net/styles1100px/S999BGR.jpg,,0.0,TRUE,InStock,0.66,,S999BGRS,,,,Size,DROP_DOWN,S,Color,DROP_DOWN,Bottle Green,,,,,,,,,,,,,Fit,<p>R</p>,Length,<p>43</p>,Width,<p>28</p>,Height,<p>45</p>,Box Quantity,<p>24</p>,Inner Pack Quantity,<p>1</p>,Country Of Origin,<p>BD</p>,Standards,<p></p>,,,,
S999,Variant,,"Winning features of this durable coverall include, two chest pockets, one rule pocket and a concealed stud front. Perfect for all your working requirements.",https://d11ak7fd9ypfb7.cloudfront.net/styles1100px/S999BGR.jpg,,0.0,TRUE,InStock,0.72,,S999BGRXL,,,,Size,DROP_DOWN,XL,Color,DROP_DOWN,Bottle Green,,,,,,,,,,,,,Fit,<p>R</p>,Length,<p>43</p>,Width,<p>28</p>,Height,<p>45</p>,Box Quantity,<p>24</p>,Inner Pack Quantity,<p>1</p>,Country Of Origin,<p>BD</p>,Standards,<p></p>,,,,
S999,Variant,,"Winning features of this durable coverall include, two chest pockets, one rule pocket and a concealed stud front. Perfect for all your working requirements.",https://d11ak7fd9ypfb7.cloudfront.net/styles1100px/S999BGR.jpg,,0.0,TRUE,InStock,0.74,,S999BGRXXL,,,,Size,DROP_DOWN,XXL,Color,DROP_DOWN,Bottle Green,,,,,,,,,,,,,Fit,<p>R</p>,Length,<p>43</p>,Width,<p>28</p>,Height,<p>45</p>,Box Quantity,<p>24</p>,Inner Pack Quantity,<p>1</p>,Country Of Origin,<p>BD</p>,Standards,<p></p>,,,,
S999,Variant,,"Winning features of this durable coverall include, two chest pockets, one rule pocket and a concealed stud front. Perfect for all your working requirements.",https://d11ak7fd9ypfb7.cloudfront.net/styles1100px/S999NAR.jpg,,0.0,TRUE,InStock,0.8,,S999NAR4XL,,,,Size,DROP_DOWN,4XL,Color,DROP_DOWN,Navy,,,,,,,,,,,,,Fit,<p>R</p>,Length,<p>43</p>,Width,<p>28</p>,Height,<p>45</p>,Box Quantity,<p>24</p>,Inner Pack Quantity,<p>1</p>,Country Of Origin,<p>BD</p>,Standards,<p></p>,,,,
S999,Variant,,"Winning features of this durable coverall include, two chest pockets, one rule pocket and a concealed stud front. Perfect for all your working requirements.",https://d11ak7fd9ypfb7.cloudfront.net/styles1100px/S999NAR.jpg,,0.0,TRUE,InStock,0.84,,S999NAR5XL,,,,Size,DROP_DOWN,5XL,Color,DROP_DOWN,Navy,,,,,,,,,,,,,Fit,<p>R</p>,Length,<p>43</p>,Width,<p>28</p>,Height,<p>45</p>,Box Quantity,<p>24</p>,Inner Pack Quantity,<p>1</p>,Country Of Origin,<p>BD</p>,Standards,<p></p>,,,,
S999,Variant,,"Winning features of this durable coverall include, two chest pockets, one rule pocket and a concealed stud front. Perfect for all your working requirements.",https://d11ak7fd9ypfb7.cloudfront.net/styles1100px/S999NAR.jpg,,0.0,TRUE,InStock,0.87,,S999NAR6XL,,,,Size,DROP_DOWN,6XL,Color,DROP_DOWN,Navy,,,,,,,,,,,,,Fit,<p>R</p>,Length,<p>43</p>,Width,<p>28</p>,Height,<p>45</p>,Box Quantity,<p>24</p>,Inner Pack Quantity,<p>1</p>,Country Of Origin,<p>BD</p>,Standards,<p></p>,,,,
S999,Variant,,"Winning features of this durable coverall include, two chest pockets, one rule pocket and a concealed stud front. Perfect for all your working requirements.",https://d11ak7fd9ypfb7.cloudfront.net/styles1100px/S999NAR.jpg,,0.0,TRUE,InStock,0.7,,S999NARL,,,,Size,DROP_DOWN,L,Color,DROP_DOWN,Navy,,,,,,,,,,,,,Fit,<p>R</p>,Length,<p>43</p>,Width,<p>28</p>,Height,<p>45</p>,Box Quantity,<p>24</p>,Inner Pack Quantity,<p>1</p>,Country Of Origin,<p>BD</p>,Standards,<p></p>,,,,
S999,Variant,,"Winning features of this durable coverall include, two chest pockets, one rule pocket and a concealed stud front. Perfect for all your working requirements.",https://d11ak7fd9ypfb7.cloudfront.net/styles1100px/S999NAR.jpg,,0.0,TRUE,InStock,0.68,,S999NARM,,,,Size,DROP_DOWN,M,Color,DROP_DOWN,Navy,,,,,,,,,,,,,Fit,<p>R</p>,Length,<p>43</p>,Width,<p>28</p>,Height,<p>45</p>,Box Quantity,<p>24</p>,Inner Pack Quantity,<p>1</p>,Country Of Origin,<p>BD</p>,Standards,<p></p>,,,,
S999,Variant,,"Winning features of this durable coverall include, two chest pockets, one rule pocket and a concealed stud front. Perfect for all your working requirements.",https://d11ak7fd9ypfb7.cloudfront.net/styles1100px/S999NAR.jpg,,0.0,TRUE,InStock,0.66,,S999NARS,,,,Size,DROP_DOWN,S,Color,DROP_DOWN,Navy,,,,,,,,,,,,,Fit,<p>R</p>,Length,<p>43</p>,Width,<p>28</p>,Height,<p>45</p>,Box Quantity,<p>24</p>,Inner Pack Quantity,<p>1</p>,Country Of Origin,<p>BD</p>,Standards,<p></p>,,,,
S999,Variant,,"Winning features of this durable coverall include, two chest pockets, one rule pocket and a concealed stud front. Perfect for all your working requirements.",https://d11ak7fd9ypfb7.cloudfront.net/styles1100px/S999NAR.jpg,,0.0,TRUE,InStock,0.72,,S999NARXL,,,,Size,DROP_DOWN,XL,Color,DROP_DOWN,Navy,,,,,,,,,,,,,Fit,<p>R</p>,Length,<p>43</p>,Width,<p>28</p>,Height,<p>45</p>,Box Quantity,<p>24</p>,Inner Pack Quantity,<p>1</p>,Country Of Origin,<p>BD</p>,Standards,<p></p>,,,,
S999,Variant,,"Winning features of this durable coverall include, two chest pockets, one rule pocket and a concealed stud front. Perfect for all your working requirements.",https://d11ak7fd9ypfb7.cloudfront.net/styles1100px/S999NAR.jpg,,0.0,TRUE,InStock,0.71,,S999NARXS,,,,Size,DROP_DOWN,XS,Color,DROP_DOWN,Navy,,,,,,,,,,,,,Fit,<p>R</p>,Length,<p>43</p>,Width,<p>28</p>,Height,<p>45</p>,Box Quantity,<p>24</p>,Inner Pack Quantity,<p>1</p>,Country Of Origin,<p>BD</p>,Standards,<p></p>,,,,
S999,Variant,,"Winning features of this durable coverall include, two chest pockets, one rule pocket and a concealed stud front. Perfect for all your working requirements.",https://d11ak7fd9ypfb7.cloudfront.net/styles1100px/S999NAR.jpg,,0.0,TRUE,InStock,0.74,,S999NARXXL,,,,Size,DROP_DOWN,XXL,Color,DROP_DOWN,Navy,,,,,,,,,,,,,Fit,<p>R</p>,Length,<p>43</p>,Width,<p>28</p>,Height,<p>45</p>,Box Quantity,<p>24</p>,Inner Pack Quantity,<p>1</p>,Country Of Origin,<p>BD</p>,Standards,<p></p>,,,,
S999,Variant,,"Winning features of this durable coverall include, two chest pockets, one rule pocket and a concealed stud front. Perfect for all your working requirements.",https://d11ak7fd9ypfb7.cloudfront.net/styles1100px/S999NAR.jpg,,0.0,TRUE,InStock,0.76,,S999NARXXXL,,,,Size,DROP_DOWN,XXXL,Color,DROP_DOWN,Navy,,,,,,,,,,,,,Fit,<p>R</p>,Length,<p>43</p>,Width,<p>28</p>,Height,<p>45</p>,Box Quantity,<p>24</p>,Inner Pack Quantity,<p>1</p>,Country Of Origin,<p>BD</p>,Standards,<p></p>,,,,
S999,Variant,,"Winning features of this durable coverall include, two chest pockets, one rule pocket and a concealed stud front. Perfect for all your working requirements.",https://d11ak7fd9ypfb7.cloudfront.net/styles1100px/S999NAT.jpg,,0.0,TRUE,InStock,0.7,,S999NATL,,,,Size,DROP_DOWN,L,Color,DROP_DOWN,Navy Tall,,,,,,,,,,,,,Fit,<p>T</p>,Length,<p>43</p>,Width,<p>28</p>,Height,<p>45</p>,Box Quantity,<p>24</p>,Inner Pack Quantity,<p>1</p>,Country Of Origin,<p>BD</p>,Standards,<p></p>,,,,
S999,Variant,,"Winning features of this durable coverall include, two chest pockets, one rule pocket and a concealed stud front. Perfect for all your working requirements.",https://d11ak7fd9ypfb7.cloudfront.net/styles1100px/S999NAT.jpg,,0.0,TRUE,InStock,0.68,,S999NATM,,,,Size,DROP_DOWN,M,Color,DROP_DOWN,Navy Tall,,,,,,,,,,,,,Fit,<p>T</p>,Length,<p>43</p>,Width,<p>28</p>,Height,<p>45</p>,Box Quantity,<p>24</p>,Inner Pack Quantity,<p>1</p>,Country Of Origin,<p>BD</p>,Standards,<p></p>,,,,
S999,Variant,,"Winning features of this durable coverall include, two chest pockets, one rule pocket and a concealed stud front. Perfect for all your working requirements.",https://d11ak7fd9ypfb7.cloudfront.net/styles1100px/S999NAT.jpg,,0.0,TRUE,InStock,0.66,,S999NATS,,,,Size,DROP_DOWN,S,Color,DROP_DOWN,Navy Tall,,,,,,,,,,,,,Fit,<p>T</p>,Length,<p>43</p>,Width,<p>28</p>,Height,<p>45</p>,Box Quantity,<p>24</p>,Inner Pack Quantity,<p>1</p>,Country Of Origin,<p>BD</p>,Standards,<p></p>,,,,
S999,Variant,,"Winning features of this durable coverall include, two chest pockets, one rule pocket and a concealed stud front. Perfect for all your working requirements.",https://d11ak7fd9ypfb7.cloudfront.net/styles1100px/S999NAT.jpg,,0.0,TRUE,InStock,0.72,,S999NATXL,,,,Size,DROP_DOWN,XL,Color,DROP_DOWN,Navy Tall,,,,,,,,,,,,,Fit,<p>T</p>,Length,<p>43</p>,Width,<p>28</p>,Height,<p>45</p>,Box Quantity,<p>24</p>,Inner Pack Quantity,<p>1</p>,Country Of Origin,<p>BD</p>,Standards,<p></p>,,,,
S999,Variant,,"Winning features of this durable coverall include, two chest pockets, one rule pocket and a concealed stud front. Perfect for all your working requirements.",https://d11ak7fd9ypfb7.cloudfront.net/styles1100px/S999NAT.jpg,,0.0,TRUE,InStock,0.74,,S999NATXXL,,,,Size,DROP_DOWN,XXL,Color,DROP_DOWN,Navy Tall,,,,,,,,,,,,,Fit,<p>T</p>,Length,<p>43</p>,Width,<p>28</p>,Height,<p>45</p>,Box Quantity,<p>24</p>,Inner Pack Quantity,<p>1</p>,Country Of Origin,<p>BD</p>,Standards,<p></p>,,,,
S999,Variant,,"Winning features of this durable coverall include, two chest pockets, one rule pocket and a concealed stud front. Perfect for all your working requirements.",https://d11ak7fd9ypfb7.cloudfront.net/styles1100px/S999NAT.jpg,,0.0,TRUE,InStock,0.76,,S999NATXXXL,,,,Size,DROP_DOWN,XXXL,Color,DROP_DOWN,Navy Tall,,,,,,,,,,,,,Fit,<p>T</p>,Length,<p>43</p>,Width,<p>28</p>,Height,<p>45</p>,Box Quantity,<p>24</p>,Inner Pack Quantity,<p>1</p>,Country Of Origin,<p>BD</p>,Standards,<p></p>,,,,
S999,Variant,,"Winning features of this durable coverall include, two chest pockets, one rule pocket and a concealed stud front. Perfect for all your working requirements.",https://d11ak7fd9ypfb7.cloudfront.net/styles1100px/S999RBR.jpg,,0.0,TRUE,InStock,0.67,,S999RBRL,,,,Size,DROP_DOWN,L,Color,DROP_DOWN,Royal Blue,,,,,,,,,,,,,Fit,<p>R</p>,Length,<p>43</p>,Width,<p>28</p>,Height,<p>45</p>,Box Quantity,<p>24</p>,Inner Pack Quantity,<p>1</p>,Country Of Origin,<p>BD</p>,Standards,<p></p>,,,,
S999,Variant,,"Winning features of this durable coverall include, two chest pockets, one rule pocket and a concealed stud front. Perfect for all your working requirements.",https://d11ak7fd9ypfb7.cloudfront.net/styles1100px/S999RBR.jpg,,0.0,TRUE,InStock,0.64,,S999RBRM,,,,Size,DROP_DOWN,M,Color,DROP_DOWN,Royal Blue,,,,,,,,,,,,,Fit,<p>R</p>,Length,<p>43</p>,Width,<p>28</p>,Height,<p>45</p>,Box Quantity,<p>24</p>,Inner Pack Quantity,<p>1</p>,Country Of Origin,<p>BD</p>,Standards,<p></p>,,,,
S999,Variant,,"Winning features of this durable coverall include, two chest pockets, one rule pocket and a concealed stud front. Perfect for all your working requirements.",https://d11ak7fd9ypfb7.cloudfront.net/styles1100px/S999RBR.jpg,,0.0,TRUE,InStock,0.61,,S999RBRS,,,,Size,DROP_DOWN,S,Color,DROP_DOWN,Royal Blue,,,,,,,,,,,,,Fit,<p>R</p>,Length,<p>43</p>,Width,<p>28</p>,Height,<p>45</p>,Box Quantity,<p>24</p>,Inner Pack Quantity,<p>1</p>,Country Of Origin,<p>BD</p>,Standards,<p></p>,,,,
S999,Variant,,"Winning features of this durable coverall include, two chest pockets, one rule pocket and a concealed stud front. Perfect for all your working requirements.",https://d11ak7fd9ypfb7.cloudfront.net/styles1100px/S999RBR.jpg,,0.0,TRUE,InStock,0.7,,S999RBRXL,,,,Size,DROP_DOWN,XL,Color,DROP_DOWN,Royal Blue,,,,,,,,,,,,,Fit,<p>R</p>,Length,<p>43</p>,Width,<p>28</p>,Height,<p>45</p>,Box Quantity,<p>24</p>,Inner Pack Quantity,<p>1</p>,Country Of Origin,<p>BD</p>,Standards,<p></p>,,,,
S999,Variant,,"Winning features of this durable coverall include, two chest pockets, one rule pocket and a concealed stud front. Perfect for all your working requirements.",https://d11ak7fd9ypfb7.cloudfront.net/styles1100px/S999RBR.jpg,,0.0,TRUE,InStock,0.73,,S999RBRXXL,,,,Size,DROP_DOWN,XXL,Color,DROP_DOWN,Royal Blue,,,,,,,,,,,,,Fit,<p>R</p>,Length,<p>43</p>,Width,<p>28</p>,Height,<p>45</p>,Box Quantity,<p>24</p>,Inner Pack Quantity,<p>1</p>,Country Of Origin,<p>BD</p>,Standards,<p></p>,,,,
S999,Variant,,"Winning features of this durable coverall include, two chest pockets, one rule pocket and a concealed stud front. Perfect for all your working requirements.",https://d11ak7fd9ypfb7.cloudfront.net/styles1100px/S999RBR.jpg,,0.0,TRUE,InStock,0.76,,S999RBRXXXL,,,,Size,DROP_DOWN,XXXL,Color,DROP_DOWN,Royal Blue,,,,,,,,,,,,,Fit,<p>R</p>,Length,<p>43</p>,Width,<p>28</p>,Height,<p>45</p>,Box Quantity,<p>24</p>,Inner Pack Quantity,<p>1</p>,Country Of Origin,<p>BD</p>,Standards,<p></p>,,,,
S999,Variant,,"Winning features of this durable coverall include, two chest pockets, one rule pocket and a concealed stud front. Perfect for all your working requirements.",https://d11ak7fd9ypfb7.cloudfront.net/styles1100px/S999RER.jpg,,0.0,TRUE,InStock,0.67,,S999RERL,,,,Size,DROP_DOWN,L,Color,DROP_DOWN,Red,,,,,,,,,,,,,Fit,<p>R</p>,Length,<p>43</p>,Width,<p>28</p>,Height,<p>45</p>,Box Quantity,<p>24</p>,Inner Pack Quantity,<p>1</p>,Country Of Origin,<p>BD</p>,Standards,<p></p>,,,,
S999,Variant,,"Winning features of this durable coverall include, two chest pockets, one rule pocket and a concealed stud front. Perfect for all your working requirements.",https://d11ak7fd9ypfb7.cloudfront.net/styles1100px/S999RER.jpg,,0.0,TRUE,InStock,0.64,,S999RERM,,,,Size,DROP_DOWN,M,Color,DROP_DOWN,Red,,,,,,,,,,,,,Fit,<p>R</p>,Length,<p>43</p>,Width,<p>28</p>,Height,<p>45</p>,Box Quantity,<p>24</p>,Inner Pack Quantity,<p>1</p>,Country Of Origin,<p>BD</p>,Standards,<p></p>,,,,
S999,Variant,,"Winning features of this durable coverall include, two chest pockets, one rule pocket and a concealed stud front. Perfect for all your working requirements.",https://d11ak7fd9ypfb7.cloudfront.net/styles1100px/S999RER.jpg,,0.0,TRUE,InStock,0.61,,S999RERS,,,,Size,DROP_DOWN,S,Color,DROP_DOWN,Red,,,,,,,,,,,,,Fit,<p>R</p>,Length,<p>43</p>,Width,<p>28</p>,Height,<p>45</p>,Box Quantity,<p>24</p>,Inner Pack Quantity,<p>1</p>,Country Of Origin,<p>BD</p>,Standards,<p></p>,,,,
S999,Variant,,"Winning features of this durable coverall include, two chest pockets, one rule pocket and a concealed stud front. Perfect for all your working requirements.",https://d11ak7fd9ypfb7.cloudfront.net/styles1100px/S999RER.jpg,,0.0,TRUE,InStock,0.7,,S999RERXL,,,,Size,DROP_DOWN,XL,Color,DROP_DOWN,Red,,,,,,,,,,,,,Fit,<p>R</p>,Length,<p>43</p>,Width,<p>28</p>,Height,<p>45</p>,Box Quantity,<p>24</p>,Inner Pack Quantity,<p>1</p>,Country Of Origin,<p>BD</p>,Standards,<p></p>,,,,
S999,Variant,,"Winning features of this durable coverall include, two chest pockets, one rule pocket and a concealed stud front. Perfect for all your working requirements.",https://d11ak7fd9ypfb7.cloudfront.net/styles1100px/S999RER.jpg,,0.0,TRUE,InStock,0.73,,S999RERXXL,,,,Size,DROP_DOWN,XXL,Color,DROP_DOWN,Red,,,,,,,,,,,,,Fit,<p>R</p>,Length,<p>43</p>,Width,<p>28</p>,Height,<p>45</p>,Box Quantity,<p>24</p>,Inner Pack Quantity,<p>1</p>,Country Of Origin,<p>BD</p>,Standards,<p></p>,,,,
S999,Variant,,"Winning features of this durable coverall include, two chest pockets, one rule pocket and a concealed stud front. Perfect for all your working requirements.",https://d11ak7fd9ypfb7.cloudfront.net/styles1100px/S999ZOR.jpg,,0.0,TRUE,InStock,0.7,,S999ZORL,,,,Size,DROP_DOWN,L,Color,DROP_DOWN,Zoom Grey,,,,,,,,,,,,,Fit,<p>R</p>,Length,<p>43</p>,Width,<p>28</p>,Height,<p>45</p>,Box Quantity,<p>24</p>,Inner Pack Quantity,<p>1</p>,Country Of Origin,<p>BD</p>,Standards,<p></p>,,,,
S999,Variant,,"Winning features of this durable coverall include, two chest pockets, one rule pocket and a concealed stud front. Perfect for all your working requirements.",https://d11ak7fd9ypfb7.cloudfront.net/styles1100px/S999ZOR.jpg,,0.0,TRUE,InStock,0.68,,S999ZORM,,,,Size,DROP_DOWN,M,Color,DROP_DOWN,Zoom Grey,,,,,,,,,,,,,Fit,<p>R</p>,Length,<p>43</p>,Width,<p>28</p>,Height,<p>45</p>,Box Quantity,<p>24</p>,Inner Pack Quantity,<p>1</p>,Country Of Origin,<p>BD</p>,Standards,<p></p>,,,,
S999,Variant,,"Winning features of this durable coverall include, two chest pockets, one rule pocket and a concealed stud front. Perfect for all your working requirements.",https://d11ak7fd9ypfb7.cloudfront.net/styles1100px/S999ZOR.jpg,,0.0,TRUE,InStock,0.66,,S999ZORS,,,,Size,DROP_DOWN,S,Color,DROP_DOWN,Zoom Grey,,,,,,,,,,,,,Fit,<p>R</p>,Length,<p>43</p>,Width,<p>28</p>,Height,<p>45</p>,Box Quantity,<p>24</p>,Inner Pack Quantity,<p>1</p>,Country Of Origin,<p>BD</p>,Standards,<p></p>,,,,
S999,Variant,,"Winning features of this durable coverall include, two chest pockets, one rule pocket and a concealed stud front. Perfect for all your working requirements.",https://d11ak7fd9ypfb7.cloudfront.net/styles1100px/S999ZOR.jpg,,0.0,TRUE,InStock,0.72,,S999ZORXL,,,,Size,DROP_DOWN,XL,Color,DROP_DOWN,Zoom Grey,,,,,,,,,,,,,Fit,<p>R</p>,Length,<p>43</p>,Width,<p>28</p>,Height,<p>45</p>,Box Quantity,<p>24</p>,Inner Pack Quantity,<p>1</p>,Country Of Origin,<p>BD</p>,Standards,<p></p>,,,,
S999,Variant,,"Winning features of this durable coverall include, two chest pockets, one rule pocket and a concealed stud front. Perfect for all your working requirements.",https://d11ak7fd9ypfb7.cloudfront.net/styles1100px/S999ZOR.jpg,,0.0,TRUE,InStock,0.74,,S999ZORXXL,,,,Size,DROP_DOWN,XXL,Color,DROP_DOWN,Zoom Grey,,,,,,,,,,,,,Fit,<p>R</p>,Length,<p>43</p>,Width,<p>28</p>,Height,<p>45</p>,Box Quantity,<p>24</p>,Inner Pack Quantity,<p>1</p>,Country Of Origin,<p>BD</p>,Standards,<p></p>,,,,
ST30,Product,ST30 - BizTex SMS Coverall Type 5/6,"This SMS coverall is generous fitting and easy to put on over work clothes. Offers excellent protection to Type 5 & 6. High tear and abrasion resistance make it highly durable. Features include elasticated hood, wrists, waist and ankles.",https://d11ak7fd9ypfb7.cloudfront.net/styles1100px/ST30WHR.jpg,270.0,0.0,TRUE,InStock,8.65,Workwear;Hazard Protection,ST30WHRL,,,,Size,DROP_DOWN,M;L;XL;XXL;XXXL,Color,DROP_DOWN,White,,,,,,,,,,,,,Fit,<p>R</p>,Length,<p>56</p>,Width,<p>30</p>,Height,<p>44</p>,Box Quantity,<p>1</p>,Inner Pack Quantity,<p>25</p>,Country Of Origin,<p>CN</p>,Standards,<ul><li>EN ISO 13982 Type 5</li><li>EN 1073-2</li><li>EN 1149 -5</li><li>EN 13034 Type 6</li></ul>,,,,
ST30,Variant,,"This SMS coverall is generous fitting and easy to put on over work clothes. Offers excellent protection to Type 5 & 6. High tear and abrasion resistance make it highly durable. Features include elasticated hood, wrists, waist and ankles.",https://d11ak7fd9ypfb7.cloudfront.net/styles1100px/ST30WHR.jpg,,0.0,TRUE,InStock,8.65,,ST30WHRL,,,,Size,DROP_DOWN,L,Color,DROP_DOWN,White,,,,,,,,,,,,,Fit,<p>R</p>,Length,<p>56</p>,Width,<p>30</p>,Height,<p>44</p>,Box Quantity,<p>1</p>,Inner Pack Quantity,<p>25</p>,Country Of Origin,<p>CN</p>,Standards,<ul><li>EN ISO 13982 Type 5</li><li>EN 1073-2</li><li>EN 1149 -5</li><li>EN 13034 Type 6</li></ul>,,,,
ST30,Variant,,"This SMS coverall is generous fitting and easy to put on over work clothes. Offers excellent protection to Type 5 & 6. High tear and abrasion resistance make it highly durable. Features include elasticated hood, wrists, waist and ankles.",https://d11ak7fd9ypfb7.cloudfront.net/styles1100px/ST30WHR.jpg,,0.0,TRUE,InStock,8.35,,ST30WHRM,,,,Size,DROP_DOWN,M,Color,DROP_DOWN,White,,,,,,,,,,,,,Fit,<p>R</p>,Length,<p>56</p>,Width,<p>30</p>,Height,<p>44</p>,Box Quantity,<p>1</p>,Inner Pack Quantity,<p>25</p>,Country Of Origin,<p>CN</p>,Standards,<ul><li>EN ISO 13982 Type 5</li><li>EN 1073-2</li><li>EN 1149 -5</li><li>EN 13034 Type 6</li></ul>,,,,
ST30,Variant,,"This SMS coverall is generous fitting and easy to put on over work clothes. Offers excellent protection to Type 5 & 6. High tear and abrasion resistance make it highly durable. Features include elasticated hood, wrists, waist and ankles.",https://d11ak7fd9ypfb7.cloudfront.net/styles1100px/ST30WHR.jpg,,0.0,TRUE,InStock,9.5,,ST30WHRXL,,,,Size,DROP_DOWN,XL,Color,DROP_DOWN,White,,,,,,,,,,,,,Fit,<p>R</p>,Length,<p>56</p>,Width,<p>30</p>,Height,<p>44</p>,Box Quantity,<p>1</p>,Inner Pack Quantity,<p>25</p>,Country Of Origin,<p>CN</p>,Standards,<ul><li>EN ISO 13982 Type 5</li><li>EN 1073-2</li><li>EN 1149 -5</li><li>EN 13034 Type 6</li></ul>,,,,
ST30,Variant,,"This SMS coverall is generous fitting and easy to put on over work clothes. Offers excellent protection to Type 5 & 6. High tear and abrasion resistance make it highly durable. Features include elasticated hood, wrists, waist and ankles.",https://d11ak7fd9ypfb7.cloudfront.net/styles1100px/ST30WHR.jpg,,0.0,TRUE,InStock,10.1,,ST30WHRXXL,,,,Size,DROP_DOWN,XXL,Color,DROP_DOWN,White,,,,,,,,,,,,,Fit,<p>R</p>,Length,<p>56</p>,Width,<p>30</p>,Height,<p>44</p>,Box Quantity,<p>1</p>,Inner Pack Quantity,<p>25</p>,Country Of Origin,<p>CN</p>,Standards,<ul><li>EN ISO 13982 Type 5</li><li>EN 1073-2</li><li>EN 1149 -5</li><li>EN 13034 Type 6</li></ul>,,,,
ST30,Variant,,"This SMS coverall is generous fitting and easy to put on over work clothes. Offers excellent protection to Type 5 & 6. High tear and abrasion resistance make it highly durable. Features include elasticated hood, wrists, waist and ankles.",https://d11ak7fd9ypfb7.cloudfront.net/styles1100px/ST30WHR.jpg,,0.0,TRUE,InStock,10.9,,ST30WHRXXXL,,,,Size,DROP_DOWN,XXXL,Color,DROP_DOWN,White,,,,,,,,,,,,,Fit,<p>R</p>,Length,<p>56</p>,Width,<p>30</p>,Height,<p>47</p>,Box Quantity,<p>1</p>,Inner Pack Quantity,<p>25</p>,Country Of Origin,<p>CN</p>,Standards,<ul><li>EN ISO 13982 Type 5</li><li>EN 1073-2</li><li>EN 1149 -5</li><li>EN 13034 Type 6</li></ul>,,,,
ST40,Product,ST40 - BizTex Microporous Coverall Type 5/6,"The spacious design guarantees a good fit and will not limit job performance. Made up of millions of polyethylene fibres that are spunbonded giving an excellent barrier, toughness and strength in all directions. Elasticated hood, ankles, cuffs and waist, along with a two-way front zip and sealable front flap.",https://d11ak7fd9ypfb7.cloudfront.net/styles1100px/ST40WHR.jpg,276.0,0.0,TRUE,InStock,10.9,Workwear;Hazard Protection,ST40WHRL,,,,Size,DROP_DOWN,M;L;XL;XXL;XXXL,Color,DROP_DOWN,White,,,,,,,,,,,,,Fit,<p>R</p>,Length,<p>56</p>,Width,<p>30</p>,Height,<p>38</p>,Box Quantity,<p>1</p>,Inner Pack Quantity,<p>25</p>,Country Of Origin,<p>CN</p>,Standards,<ul><li>EN 1073-2</li><li>EN 14126</li><li>EN 1149 -5</li><li>EN 13034 Type 6B</li><li>EN ISO 13982 Type 5B</li></ul>,,,,
ST40,Variant,,"The spacious design guarantees a good fit and will not limit job performance. Made up of millions of polyethylene fibres that are spunbonded giving an excellent barrier, toughness and strength in all directions. Elasticated hood, ankles, cuffs and waist, along with a two-way front zip and sealable front flap.",https://d11ak7fd9ypfb7.cloudfront.net/styles1100px/ST40WHR.jpg,,0.0,TRUE,InStock,10.9,,ST40WHRL,,,,Size,DROP_DOWN,L,Color,DROP_DOWN,White,,,,,,,,,,,,,Fit,<p>R</p>,Length,<p>56</p>,Width,<p>30</p>,Height,<p>38</p>,Box Quantity,<p>1</p>,Inner Pack Quantity,<p>25</p>,Country Of Origin,<p>CN</p>,Standards,<ul><li>EN 1073-2</li><li>EN 14126</li><li>EN 1149 -5</li><li>EN 13034 Type 6B</li><li>EN ISO 13982 Type 5B</li></ul>,,,,
ST40,Variant,,"The spacious design guarantees a good fit and will not limit job performance. Made up of millions of polyethylene fibres that are spunbonded giving an excellent barrier, toughness and strength in all directions. Elasticated hood, ankles, cuffs and waist, along with a two-way front zip and sealable front flap.",https://d11ak7fd9ypfb7.cloudfront.net/styles1100px/ST40WHR.jpg,,0.0,TRUE,InStock,10.9,,ST40WHRM,,,,Size,DROP_DOWN,M,Color,DROP_DOWN,White,,,,,,,,,,,,,Fit,<p>R</p>,Length,<p>56</p>,Width,<p>30</p>,Height,<p>38</p>,Box Quantity,<p>1</p>,Inner Pack Quantity,<p>25</p>,Country Of Origin,<p>CN</p>,Standards,<ul><li>EN 1073-2</li><li>EN 14126</li><li>EN 1149 -5</li><li>EN 13034 Type 6B</li><li>EN ISO 13982 Type 5B</li></ul>,,,,
ST40,Variant,,"The spacious design guarantees a good fit and will not limit job performance. Made up of millions of polyethylene fibres that are spunbonded giving an excellent barrier, toughness and strength in all directions. Elasticated hood, ankles, cuffs and waist, along with a two-way front zip and sealable front flap.",https://d11ak7fd9ypfb7.cloudfront.net/styles1100px/ST40WHR.jpg,,0.0,TRUE,InStock,10.9,,ST40WHRXL,,,,Size,DROP_DOWN,XL,Color,DROP_DOWN,White,,,,,,,,,,,,,Fit,<p>R</p>,Length,<p>56</p>,Width,<p>30</p>,Height,<p>38</p>,Box Quantity,<p>1</p>,Inner Pack Quantity,<p>25</p>,Country Of Origin,<p>CN</p>,Standards,<ul><li>EN 1073-2</li><li>EN 14126</li><li>EN 1149 -5</li><li>EN 13034 Type 6B</li><li>EN ISO 13982 Type 5B</li></ul>,,,,
ST40,Variant,,"The spacious design guarantees a good fit and will not limit job performance. Made up of millions of polyethylene fibres that are spunbonded giving an excellent barrier, toughness and strength in all directions. Elasticated hood, ankles, cuffs and waist, along with a two-way front zip and sealable front flap.",https://d11ak7fd9ypfb7.cloudfront.net/styles1100px/ST40WHR.jpg,,0.0,TRUE,InStock,11.14,,ST40WHRXXL,,,,Size,DROP_DOWN,XXL,Color,DROP_DOWN,White,,,,,,,,,,,,,Fit,<p>R</p>,Length,<p>56</p>,Width,<p>30</p>,Height,<p>41</p>,Box Quantity,<p>1</p>,Inner Pack Quantity,<p>25</p>,Country Of Origin,<p>CN</p>,Standards,<ul><li>EN 1073-2</li><li>EN 14126</li><li>EN 1149 -5</li><li>EN 13034 Type 6B</li><li>EN ISO 13982 Type 5B</li></ul>,,,,
ST40,Variant,,"The spacious design guarantees a good fit and will not limit job performance. Made up of millions of polyethylene fibres that are spunbonded giving an excellent barrier, toughness and strength in all directions. Elasticated hood, ankles, cuffs and waist, along with a two-way front zip and sealable front flap.",https://d11ak7fd9ypfb7.cloudfront.net/styles1100px/ST40WHR.jpg,,0.0,TRUE,InStock,11.7,,ST40WHRXXXL,,,,Size,DROP_DOWN,XXXL,Color,DROP_DOWN,White,,,,,,,,,,,,,Fit,<p>R</p>,Length,<p>56</p>,Width,<p>30</p>,Height,<p>41</p>,Box Quantity,<p>1</p>,Inner Pack Quantity,<p>25</p>,Country Of Origin,<p>CN</p>,Standards,<ul><li>EN 1073-2</li><li>EN 14126</li><li>EN 1149 -5</li><li>EN 13034 Type 6B</li><li>EN ISO 13982 Type 5B</li></ul>,,,,
T180,Product,T180 - PW3 Hi-Vis Short Sleeve Polo Shirt,"Constructed from premium breathable Cotton Comfort fabric combined with HiVisTex Pro tape, this polo shirt offers excellent comfort and movement. It features a loop at the placket ideal for attaching glasses/pens.",https://d11ak7fd9ypfb7.cloudfront.net/styles1100px/T180YBR.jpg,30.5,0.0,TRUE,InStock,0.39,,T180YBR4XL,,,,Size,DROP_DOWN,S;M;L;XL;XXL;XXXL;4XL,Color,DROP_DOWN,Yellow/Black,,,,,,,,,,,,,Fit,<p>R</p>,Length,<p>55</p>,Width,<p>36</p>,Height,<p>40</p>,Box Quantity,<p>48</p>,Inner Pack Quantity,<p>1</p>,Country Of Origin,<p>BD</p>,Standards,<ul><li>EN ISO 20471 Class 2</li><li>RIS-3279-TOM  ISSUE 1 (ORANGE ONLY)</li><li>ANSI/ISEA 107 TYPE R CLASS 2</li></ul>,,,,
T180,Variant,,"Constructed from premium breathable Cotton Comfort fabric combined with HiVisTex Pro tape, this polo shirt offers excellent comfort and movement. It features a loop at the placket ideal for attaching glasses/pens.",https://d11ak7fd9ypfb7.cloudfront.net/styles1100px/T180YBR.jpg,,0.0,TRUE,InStock,0.39,,T180YBR4XL,,,,Size,DROP_DOWN,4XL,Color,DROP_DOWN,Yellow/Black,,,,,,,,,,,,,Fit,<p>R</p>,Length,<p>55</p>,Width,<p>36</p>,Height,<p>40</p>,Box Quantity,<p>48</p>,Inner Pack Quantity,<p>1</p>,Country Of Origin,<p>BD</p>,Standards,<ul><li>EN ISO 20471 Class 2</li><li>RIS-3279-TOM  ISSUE 1 (ORANGE ONLY)</li><li>ANSI/ISEA 107 TYPE R CLASS 2</li></ul>,,,,
T180,Variant,,"Constructed from premium breathable Cotton Comfort fabric combined with HiVisTex Pro tape, this polo shirt offers excellent comfort and movement. It features a loop at the placket ideal for attaching glasses/pens.",https://d11ak7fd9ypfb7.cloudfront.net/styles1100px/T180YBR.jpg,,0.0,TRUE,InStock,0.329,,T180YBRL,,,,Size,DROP_DOWN,L,Color,DROP_DOWN,Yellow/Black,,,,,,,,,,,,,Fit,<p>R</p>,Length,<p>55</p>,Width,<p>36</p>,Height,<p>34</p>,Box Quantity,<p>48</p>,Inner Pack Quantity,<p>1</p>,Country Of Origin,<p>BD</p>,Standards,<ul><li>EN ISO 20471 Class 2</li><li>RIS-3279-TOM  ISSUE 1 (ORANGE ONLY)</li><li>ANSI/ISEA 107 TYPE R CLASS 2</li></ul>,,,,
T180,Variant,,"Constructed from premium breathable Cotton Comfort fabric combined with HiVisTex Pro tape, this polo shirt offers excellent comfort and movement. It features a loop at the placket ideal for attaching glasses/pens.",https://d11ak7fd9ypfb7.cloudfront.net/styles1100px/T180YBR.jpg,,0.0,TRUE,InStock,0.309,,T180YBRM,,,,Size,DROP_DOWN,M,Color,DROP_DOWN,Yellow/Black,,,,,,,,,,,,,Fit,<p>R</p>,Length,<p>55</p>,Width,<p>36</p>,Height,<p>34</p>,Box Quantity,<p>48</p>,Inner Pack Quantity,<p>1</p>,Country Of Origin,<p>BD</p>,Standards,<ul><li>EN ISO 20471 Class 2</li><li>RIS-3279-TOM  ISSUE 1 (ORANGE ONLY)</li><li>ANSI/ISEA 107 TYPE R CLASS 2</li></ul>,,,,
T180,Variant,,"Constructed from premium breathable Cotton Comfort fabric combined with HiVisTex Pro tape, this polo shirt offers excellent comfort and movement. It features a loop at the placket ideal for attaching glasses/pens.",https://d11ak7fd9ypfb7.cloudfront.net/styles1100px/T180YBR.jpg,,0.0,TRUE,InStock,0.303,,T180YBRS,,,,Size,DROP_DOWN,S,Color,DROP_DOWN,Yellow/Black,,,,,,,,,,,,,Fit,<p>R</p>,Length,<p>55</p>,Width,<p>36</p>,Height,<p>34</p>,Box Quantity,<p>48</p>,Inner Pack Quantity,<p>1</p>,Country Of Origin,<p>BD</p>,Standards,<ul><li>EN ISO 20471 Class 2</li><li>RIS-3279-TOM  ISSUE 1 (ORANGE ONLY)</li><li>ANSI/ISEA 107 TYPE R CLASS 2</li></ul>,,,,
T180,Variant,,"Constructed from premium breathable Cotton Comfort fabric combined with HiVisTex Pro tape, this polo shirt offers excellent comfort and movement. It features a loop at the placket ideal for attaching glasses/pens.",https://d11ak7fd9ypfb7.cloudfront.net/styles1100px/T180YBR.jpg,,0.0,TRUE,InStock,0.35,,T180YBRXL,,,,Size,DROP_DOWN,XL,Color,DROP_DOWN,Yellow/Black,,,,,,,,,,,,,Fit,<p>R</p>,Length,<p>55</p>,Width,<p>36</p>,Height,<p>40</p>,Box Quantity,<p>48</p>,Inner Pack Quantity,<p>1</p>,Country Of Origin,<p>BD</p>,Standards,<ul><li>EN ISO 20471 Class 2</li><li>RIS-3279-TOM  ISSUE 1 (ORANGE ONLY)</li><li>ANSI/ISEA 107 TYPE R CLASS 2</li></ul>,,,,
T180,Variant,,"Constructed from premium breathable Cotton Comfort fabric combined with HiVisTex Pro tape, this polo shirt offers excellent comfort and movement. It features a loop at the placket ideal for attaching glasses/pens.",https://d11ak7fd9ypfb7.cloudfront.net/styles1100px/T180YBR.jpg,,0.0,TRUE,InStock,0.364,,T180YBRXXL,,,,Size,DROP_DOWN,XXL,Color,DROP_DOWN,Yellow/Black,,,,,,,,,,,,,Fit,<p>R</p>,Length,<p>55</p>,Width,<p>36</p>,Height,<p>40</p>,Box Quantity,<p>48</p>,Inner Pack Quantity,<p>1</p>,Country Of Origin,<p>BD</p>,Standards,<ul><li>EN ISO 20471 Class 2</li><li>RIS-3279-TOM  ISSUE 1 (ORANGE ONLY)</li><li>ANSI/ISEA 107 TYPE R CLASS 2</li></ul>,,,,
T180,Variant,,"Constructed from premium breathable Cotton Comfort fabric combined with HiVisTex Pro tape, this polo shirt offers excellent comfort and movement. It features a loop at the placket ideal for attaching glasses/pens.",https://d11ak7fd9ypfb7.cloudfront.net/styles1100px/T180YBR.jpg,,0.0,TRUE,InStock,0.384,,T180YBRXXXL,,,,Size,DROP_DOWN,XXXL,Color,DROP_DOWN,Yellow/Black,,,,,,,,,,,,,Fit,<p>R</p>,Length,<p>55</p>,Width,<p>36</p>,Height,<p>40</p>,Box Quantity,<p>48</p>,Inner Pack Quantity,<p>1</p>,Country Of Origin,<p>BD</p>,Standards,<ul><li>EN ISO 20471 Class 2</li><li>RIS-3279-TOM  ISSUE 1 (ORANGE ONLY)</li><li>ANSI/ISEA 107 TYPE R CLASS 2</li></ul>,,,,
T181,Product,T181 - PW3 Hi-Vis Short Sleeve T-Shirt ,"Constructed using premium HiVisTex Pro tape, this Cotton Comfort t-shirt offers excellent freedom of movement due to its segmented tape design. Lightweight, stylish and breathable, this t-shirt is the perfect choice.",https://d11ak7fd9ypfb7.cloudfront.net/styles1100px/T181YBR.jpg,25.8,0.0,TRUE,InStock,0.36,,T181YBR4XL,,,,Size,DROP_DOWN,S;M;L;XL;XXL;XXXL;4XL,Color,DROP_DOWN,Yellow/Black,,,,,,,,,,,,,Fit,<p>R</p>,Length,<p>43</p>,Width,<p>28</p>,Height,<p>50</p>,Box Quantity,<p>48</p>,Inner Pack Quantity,<p>1</p>,Country Of Origin,<p>BD</p>,Standards,<ul><li>EN ISO 20471 Class 2</li><li>RIS-3279-TOM  ISSUE 1 (ORANGE ONLY)</li></ul>,,,,
T181,Variant,,"Constructed using premium HiVisTex Pro tape, this Cotton Comfort t-shirt offers excellent freedom of movement due to its segmented tape design. Lightweight, stylish and breathable, this t-shirt is the perfect choice.",https://d11ak7fd9ypfb7.cloudfront.net/styles1100px/T181YBR.jpg,,0.0,TRUE,InStock,0.36,,T181YBR4XL,,,,Size,DROP_DOWN,4XL,Color,DROP_DOWN,Yellow/Black,,,,,,,,,,,,,Fit,<p>R</p>,Length,<p>43</p>,Width,<p>28</p>,Height,<p>50</p>,Box Quantity,<p>48</p>,Inner Pack Quantity,<p>1</p>,Country Of Origin,<p>BD</p>,Standards,<ul><li>EN ISO 20471 Class 2</li><li>RIS-3279-TOM  ISSUE 1 (ORANGE ONLY)</li></ul>,,,,
T181,Variant,,"Constructed using premium HiVisTex Pro tape, this Cotton Comfort t-shirt offers excellent freedom of movement due to its segmented tape design. Lightweight, stylish and breathable, this t-shirt is the perfect choice.",https://d11ak7fd9ypfb7.cloudfront.net/styles1100px/T181YBR.jpg,,0.0,TRUE,InStock,0.283,,T181YBRL,,,,Size,DROP_DOWN,L,Color,DROP_DOWN,Yellow/Black,,,,,,,,,,,,,Fit,<p>R</p>,Length,<p>43</p>,Width,<p>28</p>,Height,<p>50</p>,Box Quantity,<p>48</p>,Inner Pack Quantity,<p>1</p>,Country Of Origin,<p>BD</p>,Standards,<ul><li>EN ISO 20471 Class 2</li><li>RIS-3279-TOM  ISSUE 1 (ORANGE ONLY)</li></ul>,,,,
T181,Variant,,"Constructed using premium HiVisTex Pro tape, this Cotton Comfort t-shirt offers excellent freedom of movement due to its segmented tape design. Lightweight, stylish and breathable, this t-shirt is the perfect choice.",https://d11ak7fd9ypfb7.cloudfront.net/styles1100px/T181YBR.jpg,,0.0,TRUE,InStock,0.269,,T181YBRM,,,,Size,DROP_DOWN,M,Color,DROP_DOWN,Yellow/Black,,,,,,,,,,,,,Fit,<p>R</p>,Length,<p>43</p>,Width,<p>28</p>,Height,<p>50</p>,Box Quantity,<p>48</p>,Inner Pack Quantity,<p>1</p>,Country Of Origin,<p>BD</p>,Standards,<ul><li>EN ISO 20471 Class 2</li><li>RIS-3279-TOM  ISSUE 1 (ORANGE ONLY)</li></ul>,,,,
T181,Variant,,"Constructed using premium HiVisTex Pro tape, this Cotton Comfort t-shirt offers excellent freedom of movement due to its segmented tape design. Lightweight, stylish and breathable, this t-shirt is the perfect choice.",https://d11ak7fd9ypfb7.cloudfront.net/styles1100px/T181YBR.jpg,,0.0,TRUE,InStock,0.259,,T181YBRS,,,,Size,DROP_DOWN,S,Color,DROP_DOWN,Yellow/Black,,,,,,,,,,,,,Fit,<p>R</p>,Length,<p>43</p>,Width,<p>28</p>,Height,<p>50</p>,Box Quantity,<p>48</p>,Inner Pack Quantity,<p>1</p>,Country Of Origin,<p>BD</p>,Standards,<ul><li>EN ISO 20471 Class 2</li><li>RIS-3279-TOM  ISSUE 1 (ORANGE ONLY)</li></ul>,,,,
T181,Variant,,"Constructed using premium HiVisTex Pro tape, this Cotton Comfort t-shirt offers excellent freedom of movement due to its segmented tape design. Lightweight, stylish and breathable, this t-shirt is the perfect choice.",https://d11ak7fd9ypfb7.cloudfront.net/styles1100px/T181YBR.jpg,,0.0,TRUE,InStock,0.3,,T181YBRXL,,,,Size,DROP_DOWN,XL,Color,DROP_DOWN,Yellow/Black,,,,,,,,,,,,,Fit,<p>R</p>,Length,<p>43</p>,Width,<p>28</p>,Height,<p>50</p>,Box Quantity,<p>48</p>,Inner Pack Quantity,<p>1</p>,Country Of Origin,<p>BD</p>,Standards,<ul><li>EN ISO 20471 Class 2</li><li>RIS-3279-TOM  ISSUE 1 (ORANGE ONLY)</li></ul>,,,,
T181,Variant,,"Constructed using premium HiVisTex Pro tape, this Cotton Comfort t-shirt offers excellent freedom of movement due to its segmented tape design. Lightweight, stylish and breathable, this t-shirt is the perfect choice.",https://d11ak7fd9ypfb7.cloudfront.net/styles1100px/T181YBR.jpg,,0.0,TRUE,InStock,0.328,,T181YBRXXL,,,,Size,DROP_DOWN,XXL,Color,DROP_DOWN,Yellow/Black,,,,,,,,,,,,,Fit,<p>R</p>,Length,<p>43</p>,Width,<p>28</p>,Height,<p>50</p>,Box Quantity,<p>48</p>,Inner Pack Quantity,<p>1</p>,Country Of Origin,<p>BD</p>,Standards,<ul><li>EN ISO 20471 Class 2</li><li>RIS-3279-TOM  ISSUE 1 (ORANGE ONLY)</li></ul>,,,,
T181,Variant,,"Constructed using premium HiVisTex Pro tape, this Cotton Comfort t-shirt offers excellent freedom of movement due to its segmented tape design. Lightweight, stylish and breathable, this t-shirt is the perfect choice.",https://d11ak7fd9ypfb7.cloudfront.net/styles1100px/T181YBR.jpg,,0.0,TRUE,InStock,0.348,,T181YBRXXXL,,,,Size,DROP_DOWN,XXXL,Color,DROP_DOWN,Yellow/Black,,,,,,,,,,,,,Fit,<p>R</p>,Length,<p>43</p>,Width,<p>28</p>,Height,<p>50</p>,Box Quantity,<p>48</p>,Inner Pack Quantity,<p>1</p>,Country Of Origin,<p>BD</p>,Standards,<ul><li>EN ISO 20471 Class 2</li><li>RIS-3279-TOM  ISSUE 1 (ORANGE ONLY)</li></ul>,,,,
T184,Product,T184 - PW3 Hi-Vis Long Sleeve Polo Shirt ,"Constructed from premium breathable Cotton Comfort fabric combined with HiVisTex Pro tape, this long-sleeved polo shirt offers excellent comfort and movement. It features a loop at the placket ideal for attaching glasses/pens and has a pocket on the chest for storage.",https://d11ak7fd9ypfb7.cloudfront.net/styles1100px/T184YBR.jpg,39.9,0.0,TRUE,InStock,0.5,,T184YBR4XL,,,,Size,DROP_DOWN,S;M;L;XL;XXL;XXXL;4XL;5XL,Color,DROP_DOWN,Yellow/Black,,,,,,,,,,,,,Fit,<p>R</p>,Length,<p>55</p>,Width,<p>36</p>,Height,<p>45</p>,Box Quantity,<p>48</p>,Inner Pack Quantity,<p>1</p>,Country Of Origin,<p>BD</p>,Standards,<ul><li>RIS-3279-TOM  ISSUE 1 (ORANGE ONLY)</li><li>EN ISO 20471 Class 3</li><li>ANSI/ISEA 107 TYPE R CLASS 3</li></ul>,,,,
T184,Variant,,"Constructed from premium breathable Cotton Comfort fabric combined with HiVisTex Pro tape, this long-sleeved polo shirt offers excellent comfort and movement. It features a loop at the placket ideal for attaching glasses/pens and has a pocket on the chest for storage.",https://d11ak7fd9ypfb7.cloudfront.net/styles1100px/T184YBR.jpg,,0.0,TRUE,InStock,0.5,,T184YBR4XL,,,,Size,DROP_DOWN,4XL,Color,DROP_DOWN,Yellow/Black,,,,,,,,,,,,,Fit,<p>R</p>,Length,<p>55</p>,Width,<p>36</p>,Height,<p>45</p>,Box Quantity,<p>48</p>,Inner Pack Quantity,<p>1</p>,Country Of Origin,<p>BD</p>,Standards,<ul><li>RIS-3279-TOM  ISSUE 1 (ORANGE ONLY)</li><li>EN ISO 20471 Class 3</li><li>ANSI/ISEA 107 TYPE R CLASS 3</li></ul>,,,,
T184,Variant,,"Constructed from premium breathable Cotton Comfort fabric combined with HiVisTex Pro tape, this long-sleeved polo shirt offers excellent comfort and movement. It features a loop at the placket ideal for attaching glasses/pens and has a pocket on the chest for storage.",https://d11ak7fd9ypfb7.cloudfront.net/styles1100px/T184YBR.jpg,,0.0,TRUE,InStock,0.52,,T184YBR5XL,,,,Size,DROP_DOWN,5XL,Color,DROP_DOWN,Yellow/Black,,,,,,,,,,,,,Fit,<p>R</p>,Length,<p>55</p>,Width,<p>36</p>,Height,<p>45</p>,Box Quantity,<p>48</p>,Inner Pack Quantity,<p>1</p>,Country Of Origin,<p>BD</p>,Standards,<ul><li>RIS-3279-TOM  ISSUE 1 (ORANGE ONLY)</li><li>EN ISO 20471 Class 3</li><li>ANSI/ISEA 107 TYPE R CLASS 3</li></ul>,,,,
T184,Variant,,"Constructed from premium breathable Cotton Comfort fabric combined with HiVisTex Pro tape, this long-sleeved polo shirt offers excellent comfort and movement. It features a loop at the placket ideal for attaching glasses/pens and has a pocket on the chest for storage.",https://d11ak7fd9ypfb7.cloudfront.net/styles1100px/T184YBR.jpg,,0.0,TRUE,InStock,0.42,,T184YBRL,,,,Size,DROP_DOWN,L,Color,DROP_DOWN,Yellow/Black,,,,,,,,,,,,,Fit,<p>R</p>,Length,<p>55</p>,Width,<p>36</p>,Height,<p>45</p>,Box Quantity,<p>48</p>,Inner Pack Quantity,<p>1</p>,Country Of Origin,<p>BD</p>,Standards,<ul><li>RIS-3279-TOM  ISSUE 1 (ORANGE ONLY)</li><li>EN ISO 20471 Class 3</li><li>ANSI/ISEA 107 TYPE R CLASS 3</li></ul>,,,,
T184,Variant,,"Constructed from premium breathable Cotton Comfort fabric combined with HiVisTex Pro tape, this long-sleeved polo shirt offers excellent comfort and movement. It features a loop at the placket ideal for attaching glasses/pens and has a pocket on the chest for storage.",https://d11ak7fd9ypfb7.cloudfront.net/styles1100px/T184YBR.jpg,,0.0,TRUE,InStock,0.4,,T184YBRM,,,,Size,DROP_DOWN,M,Color,DROP_DOWN,Yellow/Black,,,,,,,,,,,,,Fit,<p>R</p>,Length,<p>55</p>,Width,<p>36</p>,Height,<p>45</p>,Box Quantity,<p>48</p>,Inner Pack Quantity,<p>1</p>,Country Of Origin,<p>BD</p>,Standards,<ul><li>RIS-3279-TOM  ISSUE 1 (ORANGE ONLY)</li><li>EN ISO 20471 Class 3</li><li>ANSI/ISEA 107 TYPE R CLASS 3</li></ul>,,,,
T184,Variant,,"Constructed from premium breathable Cotton Comfort fabric combined with HiVisTex Pro tape, this long-sleeved polo shirt offers excellent comfort and movement. It features a loop at the placket ideal for attaching glasses/pens and has a pocket on the chest for storage.",https://d11ak7fd9ypfb7.cloudfront.net/styles1100px/T184YBR.jpg,,0.0,TRUE,InStock,0.4,,T184YBRS,,,,Size,DROP_DOWN,S,Color,DROP_DOWN,Yellow/Black,,,,,,,,,,,,,Fit,<p>R</p>,Length,<p>55</p>,Width,<p>36</p>,Height,<p>45</p>,Box Quantity,<p>48</p>,Inner Pack Quantity,<p>1</p>,Country Of Origin,<p>BD</p>,Standards,<ul><li>RIS-3279-TOM  ISSUE 1 (ORANGE ONLY)</li><li>EN ISO 20471 Class 3</li><li>ANSI/ISEA 107 TYPE R CLASS 3</li></ul>,,,,
T184,Variant,,"Constructed from premium breathable Cotton Comfort fabric combined with HiVisTex Pro tape, this long-sleeved polo shirt offers excellent comfort and movement. It features a loop at the placket ideal for attaching glasses/pens and has a pocket on the chest for storage.",https://d11ak7fd9ypfb7.cloudfront.net/styles1100px/T184YBR.jpg,,0.0,TRUE,InStock,0.44,,T184YBRXL,,,,Size,DROP_DOWN,XL,Color,DROP_DOWN,Yellow/Black,,,,,,,,,,,,,Fit,<p>R</p>,Length,<p>55</p>,Width,<p>36</p>,Height,<p>45</p>,Box Quantity,<p>48</p>,Inner Pack Quantity,<p>1</p>,Country Of Origin,<p>BD</p>,Standards,<ul><li>RIS-3279-TOM  ISSUE 1 (ORANGE ONLY)</li><li>EN ISO 20471 Class 3</li><li>ANSI/ISEA 107 TYPE R CLASS 3</li></ul>,,,,
T184,Variant,,"Constructed from premium breathable Cotton Comfort fabric combined with HiVisTex Pro tape, this long-sleeved polo shirt offers excellent comfort and movement. It features a loop at the placket ideal for attaching glasses/pens and has a pocket on the chest for storage.",https://d11ak7fd9ypfb7.cloudfront.net/styles1100px/T184YBR.jpg,,0.0,TRUE,InStock,0.46,,T184YBRXXL,,,,Size,DROP_DOWN,XXL,Color,DROP_DOWN,Yellow/Black,,,,,,,,,,,,,Fit,<p>R</p>,Length,<p>55</p>,Width,<p>36</p>,Height,<p>45</p>,Box Quantity,<p>48</p>,Inner Pack Quantity,<p>1</p>,Country Of Origin,<p>BD</p>,Standards,<ul><li>RIS-3279-TOM  ISSUE 1 (ORANGE ONLY)</li><li>EN ISO 20471 Class 3</li><li>ANSI/ISEA 107 TYPE R CLASS 3</li></ul>,,,,
T184,Variant,,"Constructed from premium breathable Cotton Comfort fabric combined with HiVisTex Pro tape, this long-sleeved polo shirt offers excellent comfort and movement. It features a loop at the placket ideal for attaching glasses/pens and has a pocket on the chest for storage.",https://d11ak7fd9ypfb7.cloudfront.net/styles1100px/T184YBR.jpg,,0.0,TRUE,InStock,0.46,,T184YBRXXXL,,,,Size,DROP_DOWN,XXXL,Color,DROP_DOWN,Yellow/Black,,,,,,,,,,,,,Fit,<p>R</p>,Length,<p>55</p>,Width,<p>36</p>,Height,<p>45</p>,Box Quantity,<p>48</p>,Inner Pack Quantity,<p>1</p>,Country Of Origin,<p>BD</p>,Standards,<ul><li>RIS-3279-TOM  ISSUE 1 (ORANGE ONLY)</li><li>EN ISO 20471 Class 3</li><li>ANSI/ISEA 107 TYPE R CLASS 3</li></ul>,,,,
T185,Product,T185 - PW3 Hi-Vis Long Sleeve T-Shirt,"Constructed using premium HiVisTex Pro tape, this Cotton Comfort t-shirt offers excellent freedom of movement due to its segmented tape design. Lightweight, stylish and breathable, this long-sleeved t-shirt is the perfect choice.",https://d11ak7fd9ypfb7.cloudfront.net/styles1100px/T185YBR.jpg,37.9,0.0,TRUE,InStock,0.48,,T185YBR4XL,,,,Size,DROP_DOWN,S;M;L;XL;XXL;XXXL;4XL;5XL,Color,DROP_DOWN,Yellow/Black,,,,,,,,,,,,,Fit,<p>R</p>,Length,<p>55</p>,Width,<p>36</p>,Height,<p>45</p>,Box Quantity,<p>48</p>,Inner Pack Quantity,<p>1</p>,Country Of Origin,<p>BD</p>,Standards,<ul><li>RIS-3279-TOM  ISSUE 1 (ORANGE ONLY)</li><li>EN ISO 20471 Class 3</li><li>ANSI/ISEA 107 TYPE R CLASS 3</li></ul>,,,,
T185,Variant,,"Constructed using premium HiVisTex Pro tape, this Cotton Comfort t-shirt offers excellent freedom of movement due to its segmented tape design. Lightweight, stylish and breathable, this long-sleeved t-shirt is the perfect choice.",https://d11ak7fd9ypfb7.cloudfront.net/styles1100px/T185YBR.jpg,,0.0,TRUE,InStock,0.48,,T185YBR4XL,,,,Size,DROP_DOWN,4XL,Color,DROP_DOWN,Yellow/Black,,,,,,,,,,,,,Fit,<p>R</p>,Length,<p>55</p>,Width,<p>36</p>,Height,<p>45</p>,Box Quantity,<p>48</p>,Inner Pack Quantity,<p>1</p>,Country Of Origin,<p>BD</p>,Standards,<ul><li>RIS-3279-TOM  ISSUE 1 (ORANGE ONLY)</li><li>EN ISO 20471 Class 3</li><li>ANSI/ISEA 107 TYPE R CLASS 3</li></ul>,,,,
T185,Variant,,"Constructed using premium HiVisTex Pro tape, this Cotton Comfort t-shirt offers excellent freedom of movement due to its segmented tape design. Lightweight, stylish and breathable, this long-sleeved t-shirt is the perfect choice.",https://d11ak7fd9ypfb7.cloudfront.net/styles1100px/T185YBR.jpg,,0.0,TRUE,InStock,0.54,,T185YBR5XL,,,,Size,DROP_DOWN,5XL,Color,DROP_DOWN,Yellow/Black,,,,,,,,,,,,,Fit,<p>R</p>,Length,<p>55</p>,Width,<p>36</p>,Height,<p>45</p>,Box Quantity,<p>48</p>,Inner Pack Quantity,<p>1</p>,Country Of Origin,<p>BD</p>,Standards,<ul><li>RIS-3279-TOM  ISSUE 1 (ORANGE ONLY)</li><li>EN ISO 20471 Class 3</li><li>ANSI/ISEA 107 TYPE R CLASS 3</li></ul>,,,,
T185,Variant,,"Constructed using premium HiVisTex Pro tape, this Cotton Comfort t-shirt offers excellent freedom of movement due to its segmented tape design. Lightweight, stylish and breathable, this long-sleeved t-shirt is the perfect choice.",https://d11ak7fd9ypfb7.cloudfront.net/styles1100px/T185YBR.jpg,,0.0,TRUE,InStock,0.4,,T185YBRL,,,,Size,DROP_DOWN,L,Color,DROP_DOWN,Yellow/Black,,,,,,,,,,,,,Fit,<p>R</p>,Length,<p>55</p>,Width,<p>36</p>,Height,<p>45</p>,Box Quantity,<p>48</p>,Inner Pack Quantity,<p>1</p>,Country Of Origin,<p>BD</p>,Standards,<ul><li>RIS-3279-TOM  ISSUE 1 (ORANGE ONLY)</li><li>EN ISO 20471 Class 3</li><li>ANSI/ISEA 107 TYPE R CLASS 3</li></ul>,,,,
T185,Variant,,"Constructed using premium HiVisTex Pro tape, this Cotton Comfort t-shirt offers excellent freedom of movement due to its segmented tape design. Lightweight, stylish and breathable, this long-sleeved t-shirt is the perfect choice.",https://d11ak7fd9ypfb7.cloudfront.net/styles1100px/T185YBR.jpg,,0.0,TRUE,InStock,0.36,,T185YBRM,,,,Size,DROP_DOWN,M,Color,DROP_DOWN,Yellow/Black,,,,,,,,,,,,,Fit,<p>R</p>,Length,<p>55</p>,Width,<p>36</p>,Height,<p>45</p>,Box Quantity,<p>48</p>,Inner Pack Quantity,<p>1</p>,Country Of Origin,<p>BD</p>,Standards,<ul><li>RIS-3279-TOM  ISSUE 1 (ORANGE ONLY)</li><li>EN ISO 20471 Class 3</li><li>ANSI/ISEA 107 TYPE R CLASS 3</li></ul>,,,,
T185,Variant,,"Constructed using premium HiVisTex Pro tape, this Cotton Comfort t-shirt offers excellent freedom of movement due to its segmented tape design. Lightweight, stylish and breathable, this long-sleeved t-shirt is the perfect choice.",https://d11ak7fd9ypfb7.cloudfront.net/styles1100px/T185YBR.jpg,,0.0,TRUE,InStock,0.36,,T185YBRS,,,,Size,DROP_DOWN,S,Color,DROP_DOWN,Yellow/Black,,,,,,,,,,,,,Fit,<p>R</p>,Length,<p>55</p>,Width,<p>36</p>,Height,<p>45</p>,Box Quantity,<p>48</p>,Inner Pack Quantity,<p>1</p>,Country Of Origin,<p>BD</p>,Standards,<ul><li>RIS-3279-TOM  ISSUE 1 (ORANGE ONLY)</li><li>EN ISO 20471 Class 3</li><li>ANSI/ISEA 107 TYPE R CLASS 3</li></ul>,,,,
T185,Variant,,"Constructed using premium HiVisTex Pro tape, this Cotton Comfort t-shirt offers excellent freedom of movement due to its segmented tape design. Lightweight, stylish and breathable, this long-sleeved t-shirt is the perfect choice.",https://d11ak7fd9ypfb7.cloudfront.net/styles1100px/T185YBR.jpg,,0.0,TRUE,InStock,0.4,,T185YBRXL,,,,Size,DROP_DOWN,XL,Color,DROP_DOWN,Yellow/Black,,,,,,,,,,,,,Fit,<p>R</p>,Length,<p>55</p>,Width,<p>36</p>,Height,<p>45</p>,Box Quantity,<p>48</p>,Inner Pack Quantity,<p>1</p>,Country Of Origin,<p>BD</p>,Standards,<ul><li>RIS-3279-TOM  ISSUE 1 (ORANGE ONLY)</li><li>EN ISO 20471 Class 3</li><li>ANSI/ISEA 107 TYPE R CLASS 3</li></ul>,,,,
T185,Variant,,"Constructed using premium HiVisTex Pro tape, this Cotton Comfort t-shirt offers excellent freedom of movement due to its segmented tape design. Lightweight, stylish and breathable, this long-sleeved t-shirt is the perfect choice.",https://d11ak7fd9ypfb7.cloudfront.net/styles1100px/T185YBR.jpg,,0.0,TRUE,InStock,0.46,,T185YBRXXL,,,,Size,DROP_DOWN,XXL,Color,DROP_DOWN,Yellow/Black,,,,,,,,,,,,,Fit,<p>R</p>,Length,<p>55</p>,Width,<p>36</p>,Height,<p>45</p>,Box Quantity,<p>48</p>,Inner Pack Quantity,<p>1</p>,Country Of Origin,<p>BD</p>,Standards,<ul><li>RIS-3279-TOM  ISSUE 1 (ORANGE ONLY)</li><li>EN ISO 20471 Class 3</li><li>ANSI/ISEA 107 TYPE R CLASS 3</li></ul>,,,,
T185,Variant,,"Constructed using premium HiVisTex Pro tape, this Cotton Comfort t-shirt offers excellent freedom of movement due to its segmented tape design. Lightweight, stylish and breathable, this long-sleeved t-shirt is the perfect choice.",https://d11ak7fd9ypfb7.cloudfront.net/styles1100px/T185YBR.jpg,,0.0,TRUE,InStock,0.44,,T185YBRXXXL,,,,Size,DROP_DOWN,XXXL,Color,DROP_DOWN,Yellow/Black,,,,,,,,,,,,,Fit,<p>R</p>,Length,<p>55</p>,Width,<p>36</p>,Height,<p>45</p>,Box Quantity,<p>48</p>,Inner Pack Quantity,<p>1</p>,Country Of Origin,<p>BD</p>,Standards,<ul><li>RIS-3279-TOM  ISSUE 1 (ORANGE ONLY)</li><li>EN ISO 20471 Class 3</li><li>ANSI/ISEA 107 TYPE R CLASS 3</li></ul>,,,,
T400,Product,T400 - PW3 Hi-Vis Winter Jacket,"The stylish and functional PW3 Hi-Vis Winter Jacket will ensure you stand out from the crowd. Made from our renowned 300D Oxford PU coated durable stain resistant fabric, this jacket includes many outstanding features including the new Insulatex heat reflective lining panel, which reflects heat back into the body ensuring maximum warmth and comfort, multiple zipper pockets for secure storage, EZEE zipper technology, contemporary design and modern fit.",https://d11ak7fd9ypfb7.cloudfront.net/styles1100px/T400YBR.jpg,115.0,0.0,TRUE,InStock,1.4,,T400YBR4XL,,,,Size,DROP_DOWN,S;M;L;XL;XXL;XXXL;4XL;5XL;6XL,Color,DROP_DOWN,Yellow/Black,,,,,,,,,,,,,Fit,<p>R</p>,Length,<p>65</p>,Width,<p>40</p>,Height,<p>46</p>,Box Quantity,<p>12</p>,Inner Pack Quantity,<p>1</p>,Country Of Origin,<p>MM</p>,Standards,<ul><li>EN ISO 20471 Class 3</li><li>ANSI/ISEA 107 TYPE R CLASS 3</li><li>EN 343:2019 Class 3:1 X  WP 15000mm</li><li>EN 342   0.323 (M².K/W) 2 X</li><li>RIS-3279-TOM  ISSUE 2 (ORANGE ONLY)</li></ul>,,,,
T400,Variant,,"The stylish and functional PW3 Hi-Vis Winter Jacket will ensure you stand out from the crowd. Made from our renowned 300D Oxford PU coated durable stain resistant fabric, this jacket includes many outstanding features including the new Insulatex heat reflective lining panel, which reflects heat back into the body ensuring maximum warmth and comfort, multiple zipper pockets for secure storage, EZEE zipper technology, contemporary design and modern fit.",https://d11ak7fd9ypfb7.cloudfront.net/styles1100px/T400YBR.jpg,,0.0,TRUE,InStock,1.4,,T400YBR4XL,,,,Size,DROP_DOWN,4XL,Color,DROP_DOWN,Yellow/Black,,,,,,,,,,,,,Fit,<p>R</p>,Length,<p>65</p>,Width,<p>40</p>,Height,<p>46</p>,Box Quantity,<p>12</p>,Inner Pack Quantity,<p>1</p>,Country Of Origin,<p>MM</p>,Standards,<ul><li>EN ISO 20471 Class 3</li><li>ANSI/ISEA 107 TYPE R CLASS 3</li><li>EN 343:2019 Class 3:1 X  WP 15000mm</li><li>EN 342   0.323 (M².K/W) 2 X</li><li>RIS-3279-TOM  ISSUE 2 (ORANGE ONLY)</li></ul>,,,,
T400,Variant,,"The stylish and functional PW3 Hi-Vis Winter Jacket will ensure you stand out from the crowd. Made from our renowned 300D Oxford PU coated durable stain resistant fabric, this jacket includes many outstanding features including the new Insulatex heat reflective lining panel, which reflects heat back into the body ensuring maximum warmth and comfort, multiple zipper pockets for secure storage, EZEE zipper technology, contemporary design and modern fit.",https://d11ak7fd9ypfb7.cloudfront.net/styles1100px/T400YBR.jpg,,0.0,TRUE,InStock,1.45,,T400YBR5XL,,,,Size,DROP_DOWN,5XL,Color,DROP_DOWN,Yellow/Black,,,,,,,,,,,,,Fit,<p>R</p>,Length,<p>65</p>,Width,<p>40</p>,Height,<p>46</p>,Box Quantity,<p>12</p>,Inner Pack Quantity,<p>1</p>,Country Of Origin,<p>MM</p>,Standards,<ul><li>EN ISO 20471 Class 3</li><li>ANSI/ISEA 107 TYPE R CLASS 3</li><li>EN 343:2019 Class 3:1 X  WP 15000mm</li><li>EN 342   0.323 (M².K/W) 2 X</li><li>RIS-3279-TOM  ISSUE 2 (ORANGE ONLY)</li></ul>,,,,
T400,Variant,,"The stylish and functional PW3 Hi-Vis Winter Jacket will ensure you stand out from the crowd. Made from our renowned 300D Oxford PU coated durable stain resistant fabric, this jacket includes many outstanding features including the new Insulatex heat reflective lining panel, which reflects heat back into the body ensuring maximum warmth and comfort, multiple zipper pockets for secure storage, EZEE zipper technology, contemporary design and modern fit.",https://d11ak7fd9ypfb7.cloudfront.net/styles1100px/T400YBR.jpg,,0.0,TRUE,InStock,1.49,,T400YBR6XL,,,,Size,DROP_DOWN,6XL,Color,DROP_DOWN,Yellow/Black,,,,,,,,,,,,,Fit,<p>R</p>,Length,<p>65</p>,Width,<p>40</p>,Height,<p>46</p>,Box Quantity,<p>12</p>,Inner Pack Quantity,<p>1</p>,Country Of Origin,<p>MM</p>,Standards,<ul><li>EN ISO 20471 Class 3</li><li>ANSI/ISEA 107 TYPE R CLASS 3</li><li>EN 343:2019 Class 3:1 X  WP 15000mm</li><li>EN 342   0.323 (M².K/W) 2 X</li><li>RIS-3279-TOM  ISSUE 2 (ORANGE ONLY)</li></ul>,,,,
T400,Variant,,"The stylish and functional PW3 Hi-Vis Winter Jacket will ensure you stand out from the crowd. Made from our renowned 300D Oxford PU coated durable stain resistant fabric, this jacket includes many outstanding features including the new Insulatex heat reflective lining panel, which reflects heat back into the body ensuring maximum warmth and comfort, multiple zipper pockets for secure storage, EZEE zipper technology, contemporary design and modern fit.",https://d11ak7fd9ypfb7.cloudfront.net/styles1100px/T400YBR.jpg,,0.0,TRUE,InStock,1.238,,T400YBRL,,,,Size,DROP_DOWN,L,Color,DROP_DOWN,Yellow/Black,,,,,,,,,,,,,Fit,<p>R</p>,Length,<p>65</p>,Width,<p>40</p>,Height,<p>46</p>,Box Quantity,<p>12</p>,Inner Pack Quantity,<p>1</p>,Country Of Origin,<p>MM</p>,Standards,<ul><li>EN ISO 20471 Class 3</li><li>ANSI/ISEA 107 TYPE R CLASS 3</li><li>EN 343:2019 Class 3:1 X  WP 15000mm</li><li>EN 342   0.323 (M².K/W) 2 X</li><li>RIS-3279-TOM  ISSUE 2 (ORANGE ONLY)</li></ul>,,,,
T400,Variant,,"The stylish and functional PW3 Hi-Vis Winter Jacket will ensure you stand out from the crowd. Made from our renowned 300D Oxford PU coated durable stain resistant fabric, this jacket includes many outstanding features including the new Insulatex heat reflective lining panel, which reflects heat back into the body ensuring maximum warmth and comfort, multiple zipper pockets for secure storage, EZEE zipper technology, contemporary design and modern fit.",https://d11ak7fd9ypfb7.cloudfront.net/styles1100px/T400YBR.jpg,,0.0,TRUE,InStock,1.218,,T400YBRM,,,,Size,DROP_DOWN,M,Color,DROP_DOWN,Yellow/Black,,,,,,,,,,,,,Fit,<p>R</p>,Length,<p>65</p>,Width,<p>40</p>,Height,<p>46</p>,Box Quantity,<p>12</p>,Inner Pack Quantity,<p>1</p>,Country Of Origin,<p>MM</p>,Standards,<ul><li>EN ISO 20471 Class 3</li><li>ANSI/ISEA 107 TYPE R CLASS 3</li><li>EN 343:2019 Class 3:1 X  WP 15000mm</li><li>EN 342   0.323 (M².K/W) 2 X</li><li>RIS-3279-TOM  ISSUE 2 (ORANGE ONLY)</li></ul>,,,,
T400,Variant,,"The stylish and functional PW3 Hi-Vis Winter Jacket will ensure you stand out from the crowd. Made from our renowned 300D Oxford PU coated durable stain resistant fabric, this jacket includes many outstanding features including the new Insulatex heat reflective lining panel, which reflects heat back into the body ensuring maximum warmth and comfort, multiple zipper pockets for secure storage, EZEE zipper technology, contemporary design and modern fit.",https://d11ak7fd9ypfb7.cloudfront.net/styles1100px/T400YBR.jpg,,0.0,TRUE,InStock,1.112,,T400YBRS,,,,Size,DROP_DOWN,S,Color,DROP_DOWN,Yellow/Black,,,,,,,,,,,,,Fit,<p>R</p>,Length,<p>65</p>,Width,<p>40</p>,Height,<p>46</p>,Box Quantity,<p>12</p>,Inner Pack Quantity,<p>1</p>,Country Of Origin,<p>MM</p>,Standards,<ul><li>EN ISO 20471 Class 3</li><li>ANSI/ISEA 107 TYPE R CLASS 3</li><li>EN 343:2019 Class 3:1 X  WP 15000mm</li><li>EN 342   0.323 (M².K/W) 2 X</li><li>RIS-3279-TOM  ISSUE 2 (ORANGE ONLY)</li></ul>,,,,
T400,Variant,,"The stylish and functional PW3 Hi-Vis Winter Jacket will ensure you stand out from the crowd. Made from our renowned 300D Oxford PU coated durable stain resistant fabric, this jacket includes many outstanding features including the new Insulatex heat reflective lining panel, which reflects heat back into the body ensuring maximum warmth and comfort, multiple zipper pockets for secure storage, EZEE zipper technology, contemporary design and modern fit.",https://d11ak7fd9ypfb7.cloudfront.net/styles1100px/T400YBR.jpg,,0.0,TRUE,InStock,1.318,,T400YBRXL,,,,Size,DROP_DOWN,XL,Color,DROP_DOWN,Yellow/Black,,,,,,,,,,,,,Fit,<p>R</p>,Length,<p>65</p>,Width,<p>40</p>,Height,<p>46</p>,Box Quantity,<p>12</p>,Inner Pack Quantity,<p>1</p>,Country Of Origin,<p>MM</p>,Standards,<ul><li>EN ISO 20471 Class 3</li><li>ANSI/ISEA 107 TYPE R CLASS 3</li><li>EN 343:2019 Class 3:1 X  WP 15000mm</li><li>EN 342   0.323 (M².K/W) 2 X</li><li>RIS-3279-TOM  ISSUE 2 (ORANGE ONLY)</li></ul>,,,,
T400,Variant,,"The stylish and functional PW3 Hi-Vis Winter Jacket will ensure you stand out from the crowd. Made from our renowned 300D Oxford PU coated durable stain resistant fabric, this jacket includes many outstanding features including the new Insulatex heat reflective lining panel, which reflects heat back into the body ensuring maximum warmth and comfort, multiple zipper pockets for secure storage, EZEE zipper technology, contemporary design and modern fit.",https://d11ak7fd9ypfb7.cloudfront.net/styles1100px/T400YBR.jpg,,0.0,TRUE,InStock,1.338,,T400YBRXXL,,,,Size,DROP_DOWN,XXL,Color,DROP_DOWN,Yellow/Black,,,,,,,,,,,,,Fit,<p>R</p>,Length,<p>65</p>,Width,<p>40</p>,Height,<p>46</p>,Box Quantity,<p>12</p>,Inner Pack Quantity,<p>1</p>,Country Of Origin,<p>MM</p>,Standards,<ul><li>EN ISO 20471 Class 3</li><li>ANSI/ISEA 107 TYPE R CLASS 3</li><li>EN 343:2019 Class 3:1 X  WP 15000mm</li><li>EN 342   0.323 (M².K/W) 2 X</li><li>RIS-3279-TOM  ISSUE 2 (ORANGE ONLY)</li></ul>,,,,
T400,Variant,,"The stylish and functional PW3 Hi-Vis Winter Jacket will ensure you stand out from the crowd. Made from our renowned 300D Oxford PU coated durable stain resistant fabric, this jacket includes many outstanding features including the new Insulatex heat reflective lining panel, which reflects heat back into the body ensuring maximum warmth and comfort, multiple zipper pockets for secure storage, EZEE zipper technology, contemporary design and modern fit.",https://d11ak7fd9ypfb7.cloudfront.net/styles1100px/T400YBR.jpg,,0.0,TRUE,InStock,1.358,,T400YBRXXXL,,,,Size,DROP_DOWN,XXXL,Color,DROP_DOWN,Yellow/Black,,,,,,,,,,,,,Fit,<p>R</p>,Length,<p>65</p>,Width,<p>40</p>,Height,<p>46</p>,Box Quantity,<p>12</p>,Inner Pack Quantity,<p>1</p>,Country Of Origin,<p>MM</p>,Standards,<ul><li>EN ISO 20471 Class 3</li><li>ANSI/ISEA 107 TYPE R CLASS 3</li><li>EN 343:2019 Class 3:1 X  WP 15000mm</li><li>EN 342   0.323 (M².K/W) 2 X</li><li>RIS-3279-TOM  ISSUE 2 (ORANGE ONLY)</li></ul>,,,,
T402,Product,T402 - PW3 Hi-Vis Softshell Jacket,"The PW3 Hi-Vis Softshell is characterized by its modern, fresh design and contemporary stylish fit. The high quality 3-layer breathable, water resistant and windproof fabric along with multiple practical features ensure this is a must-have solution for a range of working professionals. HiVisTex Pro reflective tape is guaranteed to make the wearer stand out from the crowd.",https://d11ak7fd9ypfb7.cloudfront.net/styles1100px/T402OBR.jpg,100.7,0.0,TRUE,InStock,1.1,,T402OBR4XL,,,,Size,DROP_DOWN,S;M;L;XL;XXL;XXXL;4XL;5XL;6XL,Color,DROP_DOWN,Orange/Black;Yellow/Black,,,,,,,,,,,,,Fit,<p>R</p>,Length,<p>65</p>,Width,<p>40</p>,Height,<p>47</p>,Box Quantity,<p>24</p>,Inner Pack Quantity,<p>1</p>,Country Of Origin,<p>BD</p>,Standards,<ul><li>RIS-3279-TOM  ISSUE 1 (ORANGE ONLY)</li><li>EN ISO 20471 Class 2  :Size XS Only</li><li>EN ISO 20471 Class 3  :Sizes S-6XL</li><li>ANSI/ISEA 107 TYPE R CLASS 2  :Size XS Only</li><li>ANSI/ISEA 107 TYPE R CLASS 3  :Sizes S-6XL</li></ul>,,,,
T402,Variant,,"The PW3 Hi-Vis Softshell is characterized by its modern, fresh design and contemporary stylish fit. The high quality 3-layer breathable, water resistant and windproof fabric along with multiple practical features ensure this is a must-have solution for a range of working professionals. HiVisTex Pro reflective tape is guaranteed to make the wearer stand out from the crowd.",https://d11ak7fd9ypfb7.cloudfront.net/styles1100px/T402OBR.jpg,,0.0,TRUE,InStock,1.1,,T402OBR4XL,,,,Size,DROP_DOWN,4XL,Color,DROP_DOWN,Orange/Black,,,,,,,,,,,,,Fit,<p>R</p>,Length,<p>65</p>,Width,<p>40</p>,Height,<p>47</p>,Box Quantity,<p>24</p>,Inner Pack Quantity,<p>1</p>,Country Of Origin,<p>BD</p>,Standards,<ul><li>RIS-3279-TOM  ISSUE 1 (ORANGE ONLY)</li><li>EN ISO 20471 Class 2  :Size XS Only</li><li>EN ISO 20471 Class 3  :Sizes S-6XL</li><li>ANSI/ISEA 107 TYPE R CLASS 2  :Size XS Only</li><li>ANSI/ISEA 107 TYPE R CLASS 3  :Sizes S-6XL</li></ul>,,,,
T402,Variant,,"The PW3 Hi-Vis Softshell is characterized by its modern, fresh design and contemporary stylish fit. The high quality 3-layer breathable, water resistant and windproof fabric along with multiple practical features ensure this is a must-have solution for a range of working professionals. HiVisTex Pro reflective tape is guaranteed to make the wearer stand out from the crowd.",https://d11ak7fd9ypfb7.cloudfront.net/styles1100px/T402OBR.jpg,,0.0,TRUE,InStock,0.824,,T402OBRS,,,,Size,DROP_DOWN,S,Color,DROP_DOWN,Orange/Black,,,,,,,,,,,,,Fit,<p>R</p>,Length,<p>65</p>,Width,<p>40</p>,Height,<p>47</p>,Box Quantity,<p>24</p>,Inner Pack Quantity,<p>1</p>,Country Of Origin,<p>BD</p>,Standards,<ul><li>RIS-3279-TOM  ISSUE 1 (ORANGE ONLY)</li><li>EN ISO 20471 Class 2  :Size XS Only</li><li>EN ISO 20471 Class 3  :Sizes S-6XL</li><li>ANSI/ISEA 107 TYPE R CLASS 2  :Size XS Only</li><li>ANSI/ISEA 107 TYPE R CLASS 3  :Sizes S-6XL</li></ul>,,,,
T402,Variant,,"The PW3 Hi-Vis Softshell is characterized by its modern, fresh design and contemporary stylish fit. The high quality 3-layer breathable, water resistant and windproof fabric along with multiple practical features ensure this is a must-have solution for a range of working professionals. HiVisTex Pro reflective tape is guaranteed to make the wearer stand out from the crowd.",https://d11ak7fd9ypfb7.cloudfront.net/styles1100px/T402OBR.jpg,,0.0,TRUE,InStock,0.938,,T402OBRXL,,,,Size,DROP_DOWN,XL,Color,DROP_DOWN,Orange/Black,,,,,,,,,,,,,Fit,<p>R</p>,Length,<p>65</p>,Width,<p>40</p>,Height,<p>47</p>,Box Quantity,<p>24</p>,Inner Pack Quantity,<p>1</p>,Country Of Origin,<p>BD</p>,Standards,<ul><li>RIS-3279-TOM  ISSUE 1 (ORANGE ONLY)</li><li>EN ISO 20471 Class 2  :Size XS Only</li><li>EN ISO 20471 Class 3  :Sizes S-6XL</li><li>ANSI/ISEA 107 TYPE R CLASS 2  :Size XS Only</li><li>ANSI/ISEA 107 TYPE R CLASS 3  :Sizes S-6XL</li></ul>,,,,
T402,Variant,,"The PW3 Hi-Vis Softshell is characterized by its modern, fresh design and contemporary stylish fit. The high quality 3-layer breathable, water resistant and windproof fabric along with multiple practical features ensure this is a must-have solution for a range of working professionals. HiVisTex Pro reflective tape is guaranteed to make the wearer stand out from the crowd.",https://d11ak7fd9ypfb7.cloudfront.net/styles1100px/T402OBR.jpg,,0.0,TRUE,InStock,0.968,,T402OBRXXL,,,,Size,DROP_DOWN,XXL,Color,DROP_DOWN,Orange/Black,,,,,,,,,,,,,Fit,<p>R</p>,Length,<p>65</p>,Width,<p>40</p>,Height,<p>47</p>,Box Quantity,<p>24</p>,Inner Pack Quantity,<p>1</p>,Country Of Origin,<p>BD</p>,Standards,<ul><li>RIS-3279-TOM  ISSUE 1 (ORANGE ONLY)</li><li>EN ISO 20471 Class 2  :Size XS Only</li><li>EN ISO 20471 Class 3  :Sizes S-6XL</li><li>ANSI/ISEA 107 TYPE R CLASS 2  :Size XS Only</li><li>ANSI/ISEA 107 TYPE R CLASS 3  :Sizes S-6XL</li></ul>,,,,
T402,Variant,,"The PW3 Hi-Vis Softshell is characterized by its modern, fresh design and contemporary stylish fit. The high quality 3-layer breathable, water resistant and windproof fabric along with multiple practical features ensure this is a must-have solution for a range of working professionals. HiVisTex Pro reflective tape is guaranteed to make the wearer stand out from the crowd.",https://d11ak7fd9ypfb7.cloudfront.net/styles1100px/T402OBR.jpg,,0.0,TRUE,InStock,1,,T402OBRXXXL,,,,Size,DROP_DOWN,XXXL,Color,DROP_DOWN,Orange/Black,,,,,,,,,,,,,Fit,<p>R</p>,Length,<p>65</p>,Width,<p>40</p>,Height,<p>47</p>,Box Quantity,<p>24</p>,Inner Pack Quantity,<p>1</p>,Country Of Origin,<p>BD</p>,Standards,<ul><li>RIS-3279-TOM  ISSUE 1 (ORANGE ONLY)</li><li>EN ISO 20471 Class 2  :Size XS Only</li><li>EN ISO 20471 Class 3  :Sizes S-6XL</li><li>ANSI/ISEA 107 TYPE R CLASS 2  :Size XS Only</li><li>ANSI/ISEA 107 TYPE R CLASS 3  :Sizes S-6XL</li></ul>,,,,
T402,Variant,,"The PW3 Hi-Vis Softshell is characterized by its modern, fresh design and contemporary stylish fit. The high quality 3-layer breathable, water resistant and windproof fabric along with multiple practical features ensure this is a must-have solution for a range of working professionals. HiVisTex Pro reflective tape is guaranteed to make the wearer stand out from the crowd.",https://d11ak7fd9ypfb7.cloudfront.net/styles1100px/T402YBR.jpg,,0.0,TRUE,InStock,1.1,,T402YBR4XL,,,,Size,DROP_DOWN,4XL,Color,DROP_DOWN,Yellow/Black,,,,,,,,,,,,,Fit,<p>R</p>,Length,<p>65</p>,Width,<p>40</p>,Height,<p>47</p>,Box Quantity,<p>24</p>,Inner Pack Quantity,<p>1</p>,Country Of Origin,<p>BD</p>,Standards,<ul><li>RIS-3279-TOM  ISSUE 1 (ORANGE ONLY)</li><li>EN ISO 20471 Class 2  :Size XS Only</li><li>EN ISO 20471 Class 3  :Sizes S-6XL</li><li>ANSI/ISEA 107 TYPE R CLASS 2  :Size XS Only</li><li>ANSI/ISEA 107 TYPE R CLASS 3  :Sizes S-6XL</li></ul>,,,,
T402,Variant,,"The PW3 Hi-Vis Softshell is characterized by its modern, fresh design and contemporary stylish fit. The high quality 3-layer breathable, water resistant and windproof fabric along with multiple practical features ensure this is a must-have solution for a range of working professionals. HiVisTex Pro reflective tape is guaranteed to make the wearer stand out from the crowd.",https://d11ak7fd9ypfb7.cloudfront.net/styles1100px/T402YBR.jpg,,0.0,TRUE,InStock,1.2,,T402YBR5XL,,,,Size,DROP_DOWN,5XL,Color,DROP_DOWN,Yellow/Black,,,,,,,,,,,,,Fit,<p>R</p>,Length,<p>65</p>,Width,<p>40</p>,Height,<p>47</p>,Box Quantity,<p>24</p>,Inner Pack Quantity,<p>1</p>,Country Of Origin,<p>BD</p>,Standards,<ul><li>RIS-3279-TOM  ISSUE 1 (ORANGE ONLY)</li><li>EN ISO 20471 Class 2  :Size XS Only</li><li>EN ISO 20471 Class 3  :Sizes S-6XL</li><li>ANSI/ISEA 107 TYPE R CLASS 2  :Size XS Only</li><li>ANSI/ISEA 107 TYPE R CLASS 3  :Sizes S-6XL</li></ul>,,,,
T402,Variant,,"The PW3 Hi-Vis Softshell is characterized by its modern, fresh design and contemporary stylish fit. The high quality 3-layer breathable, water resistant and windproof fabric along with multiple practical features ensure this is a must-have solution for a range of working professionals. HiVisTex Pro reflective tape is guaranteed to make the wearer stand out from the crowd.",https://d11ak7fd9ypfb7.cloudfront.net/styles1100px/T402YBR.jpg,,0.0,TRUE,InStock,1.25,,T402YBR6XL,,,,Size,DROP_DOWN,6XL,Color,DROP_DOWN,Yellow/Black,,,,,,,,,,,,,Fit,<p>R</p>,Length,<p>65</p>,Width,<p>40</p>,Height,<p>47</p>,Box Quantity,<p>24</p>,Inner Pack Quantity,<p>1</p>,Country Of Origin,<p>BD</p>,Standards,<ul><li>RIS-3279-TOM  ISSUE 1 (ORANGE ONLY)</li><li>EN ISO 20471 Class 2  :Size XS Only</li><li>EN ISO 20471 Class 3  :Sizes S-6XL</li><li>ANSI/ISEA 107 TYPE R CLASS 2  :Size XS Only</li><li>ANSI/ISEA 107 TYPE R CLASS 3  :Sizes S-6XL</li></ul>,,,,
T402,Variant,,"The PW3 Hi-Vis Softshell is characterized by its modern, fresh design and contemporary stylish fit. The high quality 3-layer breathable, water resistant and windproof fabric along with multiple practical features ensure this is a must-have solution for a range of working professionals. HiVisTex Pro reflective tape is guaranteed to make the wearer stand out from the crowd.",https://d11ak7fd9ypfb7.cloudfront.net/styles1100px/T402YBR.jpg,,0.0,TRUE,InStock,0.918,,T402YBRL,,,,Size,DROP_DOWN,L,Color,DROP_DOWN,Yellow/Black,,,,,,,,,,,,,Fit,<p>R</p>,Length,<p>65</p>,Width,<p>40</p>,Height,<p>47</p>,Box Quantity,<p>24</p>,Inner Pack Quantity,<p>1</p>,Country Of Origin,<p>BD</p>,Standards,<ul><li>RIS-3279-TOM  ISSUE 1 (ORANGE ONLY)</li><li>EN ISO 20471 Class 2  :Size XS Only</li><li>EN ISO 20471 Class 3  :Sizes S-6XL</li><li>ANSI/ISEA 107 TYPE R CLASS 2  :Size XS Only</li><li>ANSI/ISEA 107 TYPE R CLASS 3  :Sizes S-6XL</li></ul>,,,,
T402,Variant,,"The PW3 Hi-Vis Softshell is characterized by its modern, fresh design and contemporary stylish fit. The high quality 3-layer breathable, water resistant and windproof fabric along with multiple practical features ensure this is a must-have solution for a range of working professionals. HiVisTex Pro reflective tape is guaranteed to make the wearer stand out from the crowd.",https://d11ak7fd9ypfb7.cloudfront.net/styles1100px/T402YBR.jpg,,0.0,TRUE,InStock,0.858,,T402YBRM,,,,Size,DROP_DOWN,M,Color,DROP_DOWN,Yellow/Black,,,,,,,,,,,,,Fit,<p>R</p>,Length,<p>65</p>,Width,<p>40</p>,Height,<p>47</p>,Box Quantity,<p>24</p>,Inner Pack Quantity,<p>1</p>,Country Of Origin,<p>BD</p>,Standards,<ul><li>RIS-3279-TOM  ISSUE 1 (ORANGE ONLY)</li><li>EN ISO 20471 Class 2  :Size XS Only</li><li>EN ISO 20471 Class 3  :Sizes S-6XL</li><li>ANSI/ISEA 107 TYPE R CLASS 2  :Size XS Only</li><li>ANSI/ISEA 107 TYPE R CLASS 3  :Sizes S-6XL</li></ul>,,,,
T402,Variant,,"The PW3 Hi-Vis Softshell is characterized by its modern, fresh design and contemporary stylish fit. The high quality 3-layer breathable, water resistant and windproof fabric along with multiple practical features ensure this is a must-have solution for a range of working professionals. HiVisTex Pro reflective tape is guaranteed to make the wearer stand out from the crowd.",https://d11ak7fd9ypfb7.cloudfront.net/styles1100px/T402YBR.jpg,,0.0,TRUE,InStock,0.824,,T402YBRS,,,,Size,DROP_DOWN,S,Color,DROP_DOWN,Yellow/Black,,,,,,,,,,,,,Fit,<p>R</p>,Length,<p>65</p>,Width,<p>40</p>,Height,<p>47</p>,Box Quantity,<p>24</p>,Inner Pack Quantity,<p>1</p>,Country Of Origin,<p>BD</p>,Standards,<ul><li>RIS-3279-TOM  ISSUE 1 (ORANGE ONLY)</li><li>EN ISO 20471 Class 2  :Size XS Only</li><li>EN ISO 20471 Class 3  :Sizes S-6XL</li><li>ANSI/ISEA 107 TYPE R CLASS 2  :Size XS Only</li><li>ANSI/ISEA 107 TYPE R CLASS 3  :Sizes S-6XL</li></ul>,,,,
T402,Variant,,"The PW3 Hi-Vis Softshell is characterized by its modern, fresh design and contemporary stylish fit. The high quality 3-layer breathable, water resistant and windproof fabric along with multiple practical features ensure this is a must-have solution for a range of working professionals. HiVisTex Pro reflective tape is guaranteed to make the wearer stand out from the crowd.",https://d11ak7fd9ypfb7.cloudfront.net/styles1100px/T402YBR.jpg,,0.0,TRUE,InStock,0.938,,T402YBRXL,,,,Size,DROP_DOWN,XL,Color,DROP_DOWN,Yellow/Black,,,,,,,,,,,,,Fit,<p>R</p>,Length,<p>65</p>,Width,<p>40</p>,Height,<p>47</p>,Box Quantity,<p>24</p>,Inner Pack Quantity,<p>1</p>,Country Of Origin,<p>BD</p>,Standards,<ul><li>RIS-3279-TOM  ISSUE 1 (ORANGE ONLY)</li><li>EN ISO 20471 Class 2  :Size XS Only</li><li>EN ISO 20471 Class 3  :Sizes S-6XL</li><li>ANSI/ISEA 107 TYPE R CLASS 2  :Size XS Only</li><li>ANSI/ISEA 107 TYPE R CLASS 3  :Sizes S-6XL</li></ul>,,,,
T402,Variant,,"The PW3 Hi-Vis Softshell is characterized by its modern, fresh design and contemporary stylish fit. The high quality 3-layer breathable, water resistant and windproof fabric along with multiple practical features ensure this is a must-have solution for a range of working professionals. HiVisTex Pro reflective tape is guaranteed to make the wearer stand out from the crowd.",https://d11ak7fd9ypfb7.cloudfront.net/styles1100px/T402YBR.jpg,,0.0,TRUE,InStock,0.968,,T402YBRXXL,,,,Size,DROP_DOWN,XXL,Color,DROP_DOWN,Yellow/Black,,,,,,,,,,,,,Fit,<p>R</p>,Length,<p>65</p>,Width,<p>40</p>,Height,<p>47</p>,Box Quantity,<p>24</p>,Inner Pack Quantity,<p>1</p>,Country Of Origin,<p>BD</p>,Standards,<ul><li>RIS-3279-TOM  ISSUE 1 (ORANGE ONLY)</li><li>EN ISO 20471 Class 2  :Size XS Only</li><li>EN ISO 20471 Class 3  :Sizes S-6XL</li><li>ANSI/ISEA 107 TYPE R CLASS 2  :Size XS Only</li><li>ANSI/ISEA 107 TYPE R CLASS 3  :Sizes S-6XL</li></ul>,,,,
T402,Variant,,"The PW3 Hi-Vis Softshell is characterized by its modern, fresh design and contemporary stylish fit. The high quality 3-layer breathable, water resistant and windproof fabric along with multiple practical features ensure this is a must-have solution for a range of working professionals. HiVisTex Pro reflective tape is guaranteed to make the wearer stand out from the crowd.",https://d11ak7fd9ypfb7.cloudfront.net/styles1100px/T402YBR.jpg,,0.0,TRUE,InStock,1,,T402YBRXXXL,,,,Size,DROP_DOWN,XXXL,Color,DROP_DOWN,Yellow/Black,,,,,,,,,,,,,Fit,<p>R</p>,Length,<p>65</p>,Width,<p>40</p>,Height,<p>47</p>,Box Quantity,<p>24</p>,Inner Pack Quantity,<p>1</p>,Country Of Origin,<p>BD</p>,Standards,<ul><li>RIS-3279-TOM  ISSUE 1 (ORANGE ONLY)</li><li>EN ISO 20471 Class 2  :Size XS Only</li><li>EN ISO 20471 Class 3  :Sizes S-6XL</li><li>ANSI/ISEA 107 TYPE R CLASS 2  :Size XS Only</li><li>ANSI/ISEA 107 TYPE R CLASS 3  :Sizes S-6XL</li></ul>,,,,
T601,Product,T601 - PW3 Work Pants,"The PW3 Work Pant with it's smooth lines and stylish cut offers superb working comfort. It offers an impressive range of pockets including double rule pocket and pre-shaped, top loading knee pad pockets. Premium features incorporate crotch gusset, hammer loop and reinforced panels for extra durability. With adjustable leg length for added convenience the Urban Pant is the smart choice for the modern workplace.",https://d11ak7fd9ypfb7.cloudfront.net/styles1100px/T601BKR.jpg,62.5,0.0,TRUE,InStock,0.87,,T601BKR28,,,,Size,DROP_DOWN,28;30;32;34;36;38;40;42;44;46;48,Color,DROP_DOWN,Zoom Grey/Black;Black,,,,,,,,,,,,,Fit,<p>R</p>,Length,<p>65</p>,Width,<p>45</p>,Height,<p>36</p>,Box Quantity,<p>18</p>,Inner Pack Quantity,<p>1</p>,Country Of Origin,<p>BD</p>,Standards,<ul><li>EN 14404:2004+A1:2010 Type 2  Level 0 (When used in combination with S156)</li></ul>,,,,
T601,Variant,,"The PW3 Work Pant with it's smooth lines and stylish cut offers superb working comfort. It offers an impressive range of pockets including double rule pocket and pre-shaped, top loading knee pad pockets. Premium features incorporate crotch gusset, hammer loop and reinforced panels for extra durability. With adjustable leg length for added convenience the Urban Pant is the smart choice for the modern workplace.",https://d11ak7fd9ypfb7.cloudfront.net/styles1100px/T601BKR.jpg,,0.0,TRUE,InStock,0.87,,T601BKR28,,,,Size,DROP_DOWN,28,Color,DROP_DOWN,Black,,,,,,,,,,,,,Fit,<p>R</p>,Length,<p>65</p>,Width,<p>45</p>,Height,<p>36</p>,Box Quantity,<p>18</p>,Inner Pack Quantity,<p>1</p>,Country Of Origin,<p>BD</p>,Standards,<ul><li>EN 14404:2004+A1:2010 Type 2  Level 0 (When used in combination with S156)</li></ul>,,,,
T601,Variant,,"The PW3 Work Pant with it's smooth lines and stylish cut offers superb working comfort. It offers an impressive range of pockets including double rule pocket and pre-shaped, top loading knee pad pockets. Premium features incorporate crotch gusset, hammer loop and reinforced panels for extra durability. With adjustable leg length for added convenience the Urban Pant is the smart choice for the modern workplace.",https://d11ak7fd9ypfb7.cloudfront.net/styles1100px/T601BKR.jpg,,0.0,TRUE,InStock,0.874,,T601BKR30,,,,Size,DROP_DOWN,30,Color,DROP_DOWN,Black,,,,,,,,,,,,,Fit,<p>R</p>,Length,<p>65</p>,Width,<p>45</p>,Height,<p>36</p>,Box Quantity,<p>18</p>,Inner Pack Quantity,<p>1</p>,Country Of Origin,<p>BD</p>,Standards,<ul><li>EN 14404:2004+A1:2010 Type 2  Level 0 (When used in combination with S156)</li></ul>,,,,
T601,Variant,,"The PW3 Work Pant with it's smooth lines and stylish cut offers superb working comfort. It offers an impressive range of pockets including double rule pocket and pre-shaped, top loading knee pad pockets. Premium features incorporate crotch gusset, hammer loop and reinforced panels for extra durability. With adjustable leg length for added convenience the Urban Pant is the smart choice for the modern workplace.",https://d11ak7fd9ypfb7.cloudfront.net/styles1100px/T601BKR.jpg,,0.0,TRUE,InStock,0.881,,T601BKR32,,,,Size,DROP_DOWN,32,Color,DROP_DOWN,Black,,,,,,,,,,,,,Fit,<p>R</p>,Length,<p>65</p>,Width,<p>45</p>,Height,<p>36</p>,Box Quantity,<p>18</p>,Inner Pack Quantity,<p>1</p>,Country Of Origin,<p>BD</p>,Standards,<ul><li>EN 14404:2004+A1:2010 Type 2  Level 0 (When used in combination with S156)</li></ul>,,,,
T601,Variant,,"The PW3 Work Pant with it's smooth lines and stylish cut offers superb working comfort. It offers an impressive range of pockets including double rule pocket and pre-shaped, top loading knee pad pockets. Premium features incorporate crotch gusset, hammer loop and reinforced panels for extra durability. With adjustable leg length for added convenience the Urban Pant is the smart choice for the modern workplace.",https://d11ak7fd9ypfb7.cloudfront.net/styles1100px/T601BKR.jpg,,0.0,TRUE,InStock,0.91,,T601BKR34,,,,Size,DROP_DOWN,34,Color,DROP_DOWN,Black,,,,,,,,,,,,,Fit,<p>R</p>,Length,<p>65</p>,Width,<p>45</p>,Height,<p>36</p>,Box Quantity,<p>18</p>,Inner Pack Quantity,<p>1</p>,Country Of Origin,<p>BD</p>,Standards,<ul><li>EN 14404:2004+A1:2010 Type 2  Level 0 (When used in combination with S156)</li></ul>,,,,
T601,Variant,,"The PW3 Work Pant with it's smooth lines and stylish cut offers superb working comfort. It offers an impressive range of pockets including double rule pocket and pre-shaped, top loading knee pad pockets. Premium features incorporate crotch gusset, hammer loop and reinforced panels for extra durability. With adjustable leg length for added convenience the Urban Pant is the smart choice for the modern workplace.",https://d11ak7fd9ypfb7.cloudfront.net/styles1100px/T601BKR.jpg,,0.0,TRUE,InStock,0.935,,T601BKR36,,,,Size,DROP_DOWN,36,Color,DROP_DOWN,Black,,,,,,,,,,,,,Fit,<p>R</p>,Length,<p>65</p>,Width,<p>45</p>,Height,<p>36</p>,Box Quantity,<p>18</p>,Inner Pack Quantity,<p>1</p>,Country Of Origin,<p>BD</p>,Standards,<ul><li>EN 14404:2004+A1:2010 Type 2  Level 0 (When used in combination with S156)</li></ul>,,,,
T601,Variant,,"The PW3 Work Pant with it's smooth lines and stylish cut offers superb working comfort. It offers an impressive range of pockets including double rule pocket and pre-shaped, top loading knee pad pockets. Premium features incorporate crotch gusset, hammer loop and reinforced panels for extra durability. With adjustable leg length for added convenience the Urban Pant is the smart choice for the modern workplace.",https://d11ak7fd9ypfb7.cloudfront.net/styles1100px/T601BKR.jpg,,0.0,TRUE,InStock,0.921,,T601BKR38,,,,Size,DROP_DOWN,38,Color,DROP_DOWN,Black,,,,,,,,,,,,,Fit,<p>R</p>,Length,<p>65</p>,Width,<p>45</p>,Height,<p>36</p>,Box Quantity,<p>18</p>,Inner Pack Quantity,<p>1</p>,Country Of Origin,<p>BD</p>,Standards,<ul><li>EN 14404:2004+A1:2010 Type 2  Level 0 (When used in combination with S156)</li></ul>,,,,
T601,Variant,,"The PW3 Work Pant with it's smooth lines and stylish cut offers superb working comfort. It offers an impressive range of pockets including double rule pocket and pre-shaped, top loading knee pad pockets. Premium features incorporate crotch gusset, hammer loop and reinforced panels for extra durability. With adjustable leg length for added convenience the Urban Pant is the smart choice for the modern workplace.",https://d11ak7fd9ypfb7.cloudfront.net/styles1100px/T601BKR.jpg,,0.0,TRUE,InStock,0.962,,T601BKR40,,,,Size,DROP_DOWN,40,Color,DROP_DOWN,Black,,,,,,,,,,,,,Fit,<p>R</p>,Length,<p>65</p>,Width,<p>45</p>,Height,<p>36</p>,Box Quantity,<p>18</p>,Inner Pack Quantity,<p>1</p>,Country Of Origin,<p>BD</p>,Standards,<ul><li>EN 14404:2004+A1:2010 Type 2  Level 0 (When used in combination with S156)</li></ul>,,,,
T601,Variant,,"The PW3 Work Pant with it's smooth lines and stylish cut offers superb working comfort. It offers an impressive range of pockets including double rule pocket and pre-shaped, top loading knee pad pockets. Premium features incorporate crotch gusset, hammer loop and reinforced panels for extra durability. With adjustable leg length for added convenience the Urban Pant is the smart choice for the modern workplace.",https://d11ak7fd9ypfb7.cloudfront.net/styles1100px/T601BKR.jpg,,0.0,TRUE,InStock,0.994,,T601BKR42,,,,Size,DROP_DOWN,42,Color,DROP_DOWN,Black,,,,,,,,,,,,,Fit,<p>R</p>,Length,<p>65</p>,Width,<p>45</p>,Height,<p>36</p>,Box Quantity,<p>18</p>,Inner Pack Quantity,<p>1</p>,Country Of Origin,<p>BD</p>,Standards,<ul><li>EN 14404:2004+A1:2010 Type 2  Level 0 (When used in combination with S156)</li></ul>,,,,
T601,Variant,,"The PW3 Work Pant with it's smooth lines and stylish cut offers superb working comfort. It offers an impressive range of pockets including double rule pocket and pre-shaped, top loading knee pad pockets. Premium features incorporate crotch gusset, hammer loop and reinforced panels for extra durability. With adjustable leg length for added convenience the Urban Pant is the smart choice for the modern workplace.",https://d11ak7fd9ypfb7.cloudfront.net/styles1100px/T601BKR.jpg,,0.0,TRUE,InStock,1,,T601BKR44,,,,Size,DROP_DOWN,44,Color,DROP_DOWN,Black,,,,,,,,,,,,,Fit,<p>R</p>,Length,<p>65</p>,Width,<p>45</p>,Height,<p>36</p>,Box Quantity,<p>18</p>,Inner Pack Quantity,<p>1</p>,Country Of Origin,<p>BD</p>,Standards,<ul><li>EN 14404:2004+A1:2010 Type 2  Level 0 (When used in combination with S156)</li></ul>,,,,
T601,Variant,,"The PW3 Work Pant with it's smooth lines and stylish cut offers superb working comfort. It offers an impressive range of pockets including double rule pocket and pre-shaped, top loading knee pad pockets. Premium features incorporate crotch gusset, hammer loop and reinforced panels for extra durability. With adjustable leg length for added convenience the Urban Pant is the smart choice for the modern workplace.",https://d11ak7fd9ypfb7.cloudfront.net/styles1100px/T601BKR.jpg,,0.0,TRUE,InStock,1.02,,T601BKR46,,,,Size,DROP_DOWN,46,Color,DROP_DOWN,Black,,,,,,,,,,,,,Fit,<p>R</p>,Length,<p>65</p>,Width,<p>45</p>,Height,<p>36</p>,Box Quantity,<p>18</p>,Inner Pack Quantity,<p>1</p>,Country Of Origin,<p>BD</p>,Standards,<ul><li>EN 14404:2004+A1:2010 Type 2  Level 0 (When used in combination with S156)</li></ul>,,,,
T601,Variant,,"The PW3 Work Pant with it's smooth lines and stylish cut offers superb working comfort. It offers an impressive range of pockets including double rule pocket and pre-shaped, top loading knee pad pockets. Premium features incorporate crotch gusset, hammer loop and reinforced panels for extra durability. With adjustable leg length for added convenience the Urban Pant is the smart choice for the modern workplace.",https://d11ak7fd9ypfb7.cloudfront.net/styles1100px/T601BKR.jpg,,0.0,TRUE,InStock,1.1,,T601BKR48,,,,Size,DROP_DOWN,48,Color,DROP_DOWN,Black,,,,,,,,,,,,,Fit,<p>R</p>,Length,<p>65</p>,Width,<p>45</p>,Height,<p>36</p>,Box Quantity,<p>18</p>,Inner Pack Quantity,<p>1</p>,Country Of Origin,<p>BD</p>,Standards,<ul><li>EN 14404:2004+A1:2010 Type 2  Level 0 (When used in combination with S156)</li></ul>,,,,
T601,Variant,,"The PW3 Work Pant with it's smooth lines and stylish cut offers superb working comfort. It offers an impressive range of pockets including double rule pocket and pre-shaped, top loading knee pad pockets. Premium features incorporate crotch gusset, hammer loop and reinforced panels for extra durability. With adjustable leg length for added convenience the Urban Pant is the smart choice for the modern workplace.",https://d11ak7fd9ypfb7.cloudfront.net/styles1100px/T601ZBR.jpg,,0.0,TRUE,InStock,0.87,,T601ZBR28,,,,Size,DROP_DOWN,28,Color,DROP_DOWN,Zoom Grey/Black,,,,,,,,,,,,,Fit,<p>R</p>,Length,<p>65</p>,Width,<p>45</p>,Height,<p>36</p>,Box Quantity,<p>18</p>,Inner Pack Quantity,<p>1</p>,Country Of Origin,<p>BD</p>,Standards,<ul><li>EN 14404:2004+A1:2010 Type 2  Level 0 (When used in combination with S156)</li></ul>,,,,
T601,Variant,,"The PW3 Work Pant with it's smooth lines and stylish cut offers superb working comfort. It offers an impressive range of pockets including double rule pocket and pre-shaped, top loading knee pad pockets. Premium features incorporate crotch gusset, hammer loop and reinforced panels for extra durability. With adjustable leg length for added convenience the Urban Pant is the smart choice for the modern workplace.",https://d11ak7fd9ypfb7.cloudfront.net/styles1100px/T601ZBR.jpg,,0.0,TRUE,InStock,0.874,,T601ZBR30,,,,Size,DROP_DOWN,30,Color,DROP_DOWN,Zoom Grey/Black,,,,,,,,,,,,,Fit,<p>R</p>,Length,<p>65</p>,Width,<p>45</p>,Height,<p>36</p>,Box Quantity,<p>18</p>,Inner Pack Quantity,<p>1</p>,Country Of Origin,<p>BD</p>,Standards,<ul><li>EN 14404:2004+A1:2010 Type 2  Level 0 (When used in combination with S156)</li></ul>,,,,
T601,Variant,,"The PW3 Work Pant with it's smooth lines and stylish cut offers superb working comfort. It offers an impressive range of pockets including double rule pocket and pre-shaped, top loading knee pad pockets. Premium features incorporate crotch gusset, hammer loop and reinforced panels for extra durability. With adjustable leg length for added convenience the Urban Pant is the smart choice for the modern workplace.",https://d11ak7fd9ypfb7.cloudfront.net/styles1100px/T601ZBR.jpg,,0.0,TRUE,InStock,0.908,,T601ZBR32,,,,Size,DROP_DOWN,32,Color,DROP_DOWN,Zoom Grey/Black,,,,,,,,,,,,,Fit,<p>R</p>,Length,<p>65</p>,Width,<p>45</p>,Height,<p>36</p>,Box Quantity,<p>18</p>,Inner Pack Quantity,<p>1</p>,Country Of Origin,<p>BD</p>,Standards,<ul><li>EN 14404:2004+A1:2010 Type 2  Level 0 (When used in combination with S156)</li></ul>,,,,
T601,Variant,,"The PW3 Work Pant with it's smooth lines and stylish cut offers superb working comfort. It offers an impressive range of pockets including double rule pocket and pre-shaped, top loading knee pad pockets. Premium features incorporate crotch gusset, hammer loop and reinforced panels for extra durability. With adjustable leg length for added convenience the Urban Pant is the smart choice for the modern workplace.",https://d11ak7fd9ypfb7.cloudfront.net/styles1100px/T601ZBR.jpg,,0.0,TRUE,InStock,0.921,,T601ZBR34,,,,Size,DROP_DOWN,34,Color,DROP_DOWN,Zoom Grey/Black,,,,,,,,,,,,,Fit,<p>R</p>,Length,<p>65</p>,Width,<p>45</p>,Height,<p>36</p>,Box Quantity,<p>18</p>,Inner Pack Quantity,<p>1</p>,Country Of Origin,<p>BD</p>,Standards,<ul><li>EN 14404:2004+A1:2010 Type 2  Level 0 (When used in combination with S156)</li></ul>,,,,
T601,Variant,,"The PW3 Work Pant with it's smooth lines and stylish cut offers superb working comfort. It offers an impressive range of pockets including double rule pocket and pre-shaped, top loading knee pad pockets. Premium features incorporate crotch gusset, hammer loop and reinforced panels for extra durability. With adjustable leg length for added convenience the Urban Pant is the smart choice for the modern workplace.",https://d11ak7fd9ypfb7.cloudfront.net/styles1100px/T601ZBR.jpg,,0.0,TRUE,InStock,0.935,,T601ZBR36,,,,Size,DROP_DOWN,36,Color,DROP_DOWN,Zoom Grey/Black,,,,,,,,,,,,,Fit,<p>R</p>,Length,<p>65</p>,Width,<p>45</p>,Height,<p>36</p>,Box Quantity,<p>18</p>,Inner Pack Quantity,<p>1</p>,Country Of Origin,<p>BD</p>,Standards,<ul><li>EN 14404:2004+A1:2010 Type 2  Level 0 (When used in combination with S156)</li></ul>,,,,
T601,Variant,,"The PW3 Work Pant with it's smooth lines and stylish cut offers superb working comfort. It offers an impressive range of pockets including double rule pocket and pre-shaped, top loading knee pad pockets. Premium features incorporate crotch gusset, hammer loop and reinforced panels for extra durability. With adjustable leg length for added convenience the Urban Pant is the smart choice for the modern workplace.",https://d11ak7fd9ypfb7.cloudfront.net/styles1100px/T601ZBR.jpg,,0.0,TRUE,InStock,0.973,,T601ZBR38,,,,Size,DROP_DOWN,38,Color,DROP_DOWN,Zoom Grey/Black,,,,,,,,,,,,,Fit,<p>R</p>,Length,<p>65</p>,Width,<p>45</p>,Height,<p>36</p>,Box Quantity,<p>18</p>,Inner Pack Quantity,<p>1</p>,Country Of Origin,<p>BD</p>,Standards,<ul><li>EN 14404:2004+A1:2010 Type 2  Level 0 (When used in combination with S156)</li></ul>,,,,
T601,Variant,,"The PW3 Work Pant with it's smooth lines and stylish cut offers superb working comfort. It offers an impressive range of pockets including double rule pocket and pre-shaped, top loading knee pad pockets. Premium features incorporate crotch gusset, hammer loop and reinforced panels for extra durability. With adjustable leg length for added convenience the Urban Pant is the smart choice for the modern workplace.",https://d11ak7fd9ypfb7.cloudfront.net/styles1100px/T601ZBR.jpg,,0.0,TRUE,InStock,0.973,,T601ZBR40,,,,Size,DROP_DOWN,40,Color,DROP_DOWN,Zoom Grey/Black,,,,,,,,,,,,,Fit,<p>R</p>,Length,<p>65</p>,Width,<p>45</p>,Height,<p>36</p>,Box Quantity,<p>18</p>,Inner Pack Quantity,<p>1</p>,Country Of Origin,<p>BD</p>,Standards,<ul><li>EN 14404:2004+A1:2010 Type 2  Level 0 (When used in combination with S156)</li></ul>,,,,
T601,Variant,,"The PW3 Work Pant with it's smooth lines and stylish cut offers superb working comfort. It offers an impressive range of pockets including double rule pocket and pre-shaped, top loading knee pad pockets. Premium features incorporate crotch gusset, hammer loop and reinforced panels for extra durability. With adjustable leg length for added convenience the Urban Pant is the smart choice for the modern workplace.",https://d11ak7fd9ypfb7.cloudfront.net/styles1100px/T601ZBR.jpg,,0.0,TRUE,InStock,0.994,,T601ZBR42,,,,Size,DROP_DOWN,42,Color,DROP_DOWN,Zoom Grey/Black,,,,,,,,,,,,,Fit,<p>R</p>,Length,<p>65</p>,Width,<p>45</p>,Height,<p>36</p>,Box Quantity,<p>18</p>,Inner Pack Quantity,<p>1</p>,Country Of Origin,<p>BD</p>,Standards,<ul><li>EN 14404:2004+A1:2010 Type 2  Level 0 (When used in combination with S156)</li></ul>,,,,
T601,Variant,,"The PW3 Work Pant with it's smooth lines and stylish cut offers superb working comfort. It offers an impressive range of pockets including double rule pocket and pre-shaped, top loading knee pad pockets. Premium features incorporate crotch gusset, hammer loop and reinforced panels for extra durability. With adjustable leg length for added convenience the Urban Pant is the smart choice for the modern workplace.",https://d11ak7fd9ypfb7.cloudfront.net/styles1100px/T601ZBR.jpg,,0.0,TRUE,InStock,1,,T601ZBR44,,,,Size,DROP_DOWN,44,Color,DROP_DOWN,Zoom Grey/Black,,,,,,,,,,,,,Fit,<p>R</p>,Length,<p>65</p>,Width,<p>45</p>,Height,<p>36</p>,Box Quantity,<p>18</p>,Inner Pack Quantity,<p>1</p>,Country Of Origin,<p>BD</p>,Standards,<ul><li>EN 14404:2004+A1:2010 Type 2  Level 0 (When used in combination with S156)</li></ul>,,,,
T601,Variant,,"The PW3 Work Pant with it's smooth lines and stylish cut offers superb working comfort. It offers an impressive range of pockets including double rule pocket and pre-shaped, top loading knee pad pockets. Premium features incorporate crotch gusset, hammer loop and reinforced panels for extra durability. With adjustable leg length for added convenience the Urban Pant is the smart choice for the modern workplace.",https://d11ak7fd9ypfb7.cloudfront.net/styles1100px/T601ZBR.jpg,,0.0,TRUE,InStock,1.02,,T601ZBR46,,,,Size,DROP_DOWN,46,Color,DROP_DOWN,Zoom Grey/Black,,,,,,,,,,,,,Fit,<p>R</p>,Length,<p>65</p>,Width,<p>45</p>,Height,<p>36</p>,Box Quantity,<p>18</p>,Inner Pack Quantity,<p>1</p>,Country Of Origin,<p>BD</p>,Standards,<ul><li>EN 14404:2004+A1:2010 Type 2  Level 0 (When used in combination with S156)</li></ul>,,,,
T601,Variant,,"The PW3 Work Pant with it's smooth lines and stylish cut offers superb working comfort. It offers an impressive range of pockets including double rule pocket and pre-shaped, top loading knee pad pockets. Premium features incorporate crotch gusset, hammer loop and reinforced panels for extra durability. With adjustable leg length for added convenience the Urban Pant is the smart choice for the modern workplace.",https://d11ak7fd9ypfb7.cloudfront.net/styles1100px/T601ZBR.jpg,,0.0,TRUE,InStock,1.1,,T601ZBR48,,,,Size,DROP_DOWN,48,Color,DROP_DOWN,Zoom Grey/Black,,,,,,,,,,,,,Fit,<p>R</p>,Length,<p>65</p>,Width,<p>45</p>,Height,<p>36</p>,Box Quantity,<p>18</p>,Inner Pack Quantity,<p>1</p>,Country Of Origin,<p>BD</p>,Standards,<ul><li>EN 14404:2004+A1:2010 Type 2  Level 0 (When used in combination with S156)</li></ul>,,,,
T620,Product,T620 - PW3 Flex Shell Jacket,"Stylish work jacket made from our dynamic Flex Shell fabric. This style offers excellent performance with incredible comfort. A sleek minimal design, longer length back, ergonomically shaped sleeve, quick dry cuffs, low profile zippers and reflective trims ensure a contemporary look. Three generously sized external pockets provide ample storage.",https://d11ak7fd9ypfb7.cloudfront.net/styles1100px/T620BKR.jpg,76.5,0.0,TRUE,InStock,0.487,,T620BKRL,,,,Size,DROP_DOWN,S;M;L;XL;XXL;XXXL,Color,DROP_DOWN,Black/Zoom Grey;Black,,,,,,,,,,,,,Fit,<p>R</p>,Length,<p>65</p>,Width,<p>40</p>,Height,<p>33</p>,Box Quantity,<p>24</p>,Inner Pack Quantity,<p>1</p>,Country Of Origin,<p>CN</p>,Standards,<ul><li>Fabric Performance   WP 5000mm MVP 3000g/m2/24hr</li></ul>,,,,
T620,Variant,,"Stylish work jacket made from our dynamic Flex Shell fabric. This style offers excellent performance with incredible comfort. A sleek minimal design, longer length back, ergonomically shaped sleeve, quick dry cuffs, low profile zippers and reflective trims ensure a contemporary look. Three generously sized external pockets provide ample storage.",https://d11ak7fd9ypfb7.cloudfront.net/styles1100px/T620BKR.jpg,,0.0,TRUE,InStock,0.487,,T620BKRL,,,,Size,DROP_DOWN,L,Color,DROP_DOWN,Black,,,,,,,,,,,,,Fit,<p>R</p>,Length,<p>65</p>,Width,<p>40</p>,Height,<p>33</p>,Box Quantity,<p>24</p>,Inner Pack Quantity,<p>1</p>,Country Of Origin,<p>CN</p>,Standards,<ul><li>Fabric Performance   WP 5000mm MVP 3000g/m2/24hr</li></ul>,,,,
T620,Variant,,"Stylish work jacket made from our dynamic Flex Shell fabric. This style offers excellent performance with incredible comfort. A sleek minimal design, longer length back, ergonomically shaped sleeve, quick dry cuffs, low profile zippers and reflective trims ensure a contemporary look. Three generously sized external pockets provide ample storage.",https://d11ak7fd9ypfb7.cloudfront.net/styles1100px/T620BKR.jpg,,0.0,TRUE,InStock,0.467,,T620BKRM,,,,Size,DROP_DOWN,M,Color,DROP_DOWN,Black,,,,,,,,,,,,,Fit,<p>R</p>,Length,<p>65</p>,Width,<p>40</p>,Height,<p>33</p>,Box Quantity,<p>24</p>,Inner Pack Quantity,<p>1</p>,Country Of Origin,<p>CN</p>,Standards,<ul><li>Fabric Performance   WP 5000mm MVP 3000g/m2/24hr</li></ul>,,,,
T620,Variant,,"Stylish work jacket made from our dynamic Flex Shell fabric. This style offers excellent performance with incredible comfort. A sleek minimal design, longer length back, ergonomically shaped sleeve, quick dry cuffs, low profile zippers and reflective trims ensure a contemporary look. Three generously sized external pockets provide ample storage.",https://d11ak7fd9ypfb7.cloudfront.net/styles1100px/T620BKR.jpg,,0.0,TRUE,InStock,0.444,,T620BKRS,,,,Size,DROP_DOWN,S,Color,DROP_DOWN,Black,,,,,,,,,,,,,Fit,<p>R</p>,Length,<p>65</p>,Width,<p>40</p>,Height,<p>33</p>,Box Quantity,<p>24</p>,Inner Pack Quantity,<p>1</p>,Country Of Origin,<p>CN</p>,Standards,<ul><li>Fabric Performance   WP 5000mm MVP 3000g/m2/24hr</li></ul>,,,,
T620,Variant,,"Stylish work jacket made from our dynamic Flex Shell fabric. This style offers excellent performance with incredible comfort. A sleek minimal design, longer length back, ergonomically shaped sleeve, quick dry cuffs, low profile zippers and reflective trims ensure a contemporary look. Three generously sized external pockets provide ample storage.",https://d11ak7fd9ypfb7.cloudfront.net/styles1100px/T620BKR.jpg,,0.0,TRUE,InStock,0.509,,T620BKRXL,,,,Size,DROP_DOWN,XL,Color,DROP_DOWN,Black,,,,,,,,,,,,,Fit,<p>R</p>,Length,<p>65</p>,Width,<p>40</p>,Height,<p>33</p>,Box Quantity,<p>24</p>,Inner Pack Quantity,<p>1</p>,Country Of Origin,<p>CN</p>,Standards,<ul><li>Fabric Performance   WP 5000mm MVP 3000g/m2/24hr</li></ul>,,,,
T620,Variant,,"Stylish work jacket made from our dynamic Flex Shell fabric. This style offers excellent performance with incredible comfort. A sleek minimal design, longer length back, ergonomically shaped sleeve, quick dry cuffs, low profile zippers and reflective trims ensure a contemporary look. Three generously sized external pockets provide ample storage.",https://d11ak7fd9ypfb7.cloudfront.net/styles1100px/T620BKR.jpg,,0.0,TRUE,InStock,0.531,,T620BKRXXL,,,,Size,DROP_DOWN,XXL,Color,DROP_DOWN,Black,,,,,,,,,,,,,Fit,<p>R</p>,Length,<p>65</p>,Width,<p>40</p>,Height,<p>33</p>,Box Quantity,<p>24</p>,Inner Pack Quantity,<p>1</p>,Country Of Origin,<p>CN</p>,Standards,<ul><li>Fabric Performance   WP 5000mm MVP 3000g/m2/24hr</li></ul>,,,,
T620,Variant,,"Stylish work jacket made from our dynamic Flex Shell fabric. This style offers excellent performance with incredible comfort. A sleek minimal design, longer length back, ergonomically shaped sleeve, quick dry cuffs, low profile zippers and reflective trims ensure a contemporary look. Three generously sized external pockets provide ample storage.",https://d11ak7fd9ypfb7.cloudfront.net/styles1100px/T620BKR.jpg,,0.0,TRUE,InStock,0.555,,T620BKRXXXL,,,,Size,DROP_DOWN,XXXL,Color,DROP_DOWN,Black,,,,,,,,,,,,,Fit,<p>R</p>,Length,<p>65</p>,Width,<p>40</p>,Height,<p>33</p>,Box Quantity,<p>24</p>,Inner Pack Quantity,<p>1</p>,Country Of Origin,<p>CN</p>,Standards,<ul><li>Fabric Performance   WP 5000mm MVP 3000g/m2/24hr</li></ul>,,,,
T620,Variant,,"Stylish work jacket made from our dynamic Flex Shell fabric. This style offers excellent performance with incredible comfort. A sleek minimal design, longer length back, ergonomically shaped sleeve, quick dry cuffs, low profile zippers and reflective trims ensure a contemporary look. Three generously sized external pockets provide ample storage.",https://d11ak7fd9ypfb7.cloudfront.net/styles1100px/T620BZR.jpg,,0.0,TRUE,InStock,0.49,,T620BZRL,,,,Size,DROP_DOWN,L,Color,DROP_DOWN,Black/Zoom Grey,,,,,,,,,,,,,Fit,<p>R</p>,Length,<p>65</p>,Width,<p>40</p>,Height,<p>33</p>,Box Quantity,<p>24</p>,Inner Pack Quantity,<p>1</p>,Country Of Origin,<p>CN</p>,Standards,<ul><li>Fabric Performance   WP 5000mm MVP 3000g/m2/24hr</li></ul>,,,,
T620,Variant,,"Stylish work jacket made from our dynamic Flex Shell fabric. This style offers excellent performance with incredible comfort. A sleek minimal design, longer length back, ergonomically shaped sleeve, quick dry cuffs, low profile zippers and reflective trims ensure a contemporary look. Three generously sized external pockets provide ample storage.",https://d11ak7fd9ypfb7.cloudfront.net/styles1100px/T620BZR.jpg,,0.0,TRUE,InStock,0.472,,T620BZRM,,,,Size,DROP_DOWN,M,Color,DROP_DOWN,Black/Zoom Grey,,,,,,,,,,,,,Fit,<p>R</p>,Length,<p>65</p>,Width,<p>40</p>,Height,<p>33</p>,Box Quantity,<p>24</p>,Inner Pack Quantity,<p>1</p>,Country Of Origin,<p>CN</p>,Standards,<ul><li>Fabric Performance   WP 5000mm MVP 3000g/m2/24hr</li></ul>,,,,
T620,Variant,,"Stylish work jacket made from our dynamic Flex Shell fabric. This style offers excellent performance with incredible comfort. A sleek minimal design, longer length back, ergonomically shaped sleeve, quick dry cuffs, low profile zippers and reflective trims ensure a contemporary look. Three generously sized external pockets provide ample storage.",https://d11ak7fd9ypfb7.cloudfront.net/styles1100px/T620BZR.jpg,,0.0,TRUE,InStock,0.452,,T620BZRS,,,,Size,DROP_DOWN,S,Color,DROP_DOWN,Black/Zoom Grey,,,,,,,,,,,,,Fit,<p>R</p>,Length,<p>65</p>,Width,<p>40</p>,Height,<p>33</p>,Box Quantity,<p>24</p>,Inner Pack Quantity,<p>1</p>,Country Of Origin,<p>CN</p>,Standards,<ul><li>Fabric Performance   WP 5000mm MVP 3000g/m2/24hr</li></ul>,,,,
T620,Variant,,"Stylish work jacket made from our dynamic Flex Shell fabric. This style offers excellent performance with incredible comfort. A sleek minimal design, longer length back, ergonomically shaped sleeve, quick dry cuffs, low profile zippers and reflective trims ensure a contemporary look. Three generously sized external pockets provide ample storage.",https://d11ak7fd9ypfb7.cloudfront.net/styles1100px/T620BZR.jpg,,0.0,TRUE,InStock,0.534,,T620BZRXXL,,,,Size,DROP_DOWN,XXL,Color,DROP_DOWN,Black/Zoom Grey,,,,,,,,,,,,,Fit,<p>R</p>,Length,<p>65</p>,Width,<p>40</p>,Height,<p>33</p>,Box Quantity,<p>24</p>,Inner Pack Quantity,<p>1</p>,Country Of Origin,<p>CN</p>,Standards,<ul><li>Fabric Performance   WP 5000mm MVP 3000g/m2/24hr</li></ul>,,,,
T620,Variant,,"Stylish work jacket made from our dynamic Flex Shell fabric. This style offers excellent performance with incredible comfort. A sleek minimal design, longer length back, ergonomically shaped sleeve, quick dry cuffs, low profile zippers and reflective trims ensure a contemporary look. Three generously sized external pockets provide ample storage.",https://d11ak7fd9ypfb7.cloudfront.net/styles1100px/T620BZR.jpg,,0.0,TRUE,InStock,0.562,,T620BZRXXXL,,,,Size,DROP_DOWN,XXXL,Color,DROP_DOWN,Black/Zoom Grey,,,,,,,,,,,,,Fit,<p>R</p>,Length,<p>65</p>,Width,<p>40</p>,Height,<p>33</p>,Box Quantity,<p>24</p>,Inner Pack Quantity,<p>1</p>,Country Of Origin,<p>CN</p>,Standards,<ul><li>Fabric Performance   WP 5000mm MVP 3000g/m2/24hr</li></ul>,,,,
T802,Product,T802 - KX3 Ripstop Stretch Pants,"Contemporary work pants made from highly durable ripstop fabric that stretches as you move. Subtle articulation on the knees allow for increased freedom of movement and a high rise back waistband ensures protection in all working positions. Packed with functionality including pre-bent knees, a crotch gusset, two tier knee pad pockets and an adjustable leg length for added convenience. Multi-functional thigh pockets provide secure storage of phones, pens and tools.",https://d11ak7fd9ypfb7.cloudfront.net/styles1100px/T802BKR.jpg,83.5,0.0,TRUE,InStock,0.734,,T802BKR28,,,,Size,DROP_DOWN,28;30;32;34;36;38;40;42;44;46;48,Color,DROP_DOWN,Navy;Sand;Black,,,,,,,,,,,,,Fit,<p>R</p>,Length,<p>43</p>,Width,<p>28</p>,Height,<p>40</p>,Box Quantity,<p>24</p>,Inner Pack Quantity,<p>1</p>,Country Of Origin,<p>BD</p>,Standards,<p></p>,,,,
T802,Variant,,"Contemporary work pants made from highly durable ripstop fabric that stretches as you move. Subtle articulation on the knees allow for increased freedom of movement and a high rise back waistband ensures protection in all working positions. Packed with functionality including pre-bent knees, a crotch gusset, two tier knee pad pockets and an adjustable leg length for added convenience. Multi-functional thigh pockets provide secure storage of phones, pens and tools.",https://d11ak7fd9ypfb7.cloudfront.net/styles1100px/T802BKR.jpg,,0.0,TRUE,InStock,0.734,,T802BKR28,,,,Size,DROP_DOWN,28,Color,DROP_DOWN,Black,,,,,,,,,,,,,Fit,<p>R</p>,Length,<p>43</p>,Width,<p>28</p>,Height,<p>40</p>,Box Quantity,<p>24</p>,Inner Pack Quantity,<p>1</p>,Country Of Origin,<p>BD</p>,Standards,<p></p>,,,,
T802,Variant,,"Contemporary work pants made from highly durable ripstop fabric that stretches as you move. Subtle articulation on the knees allow for increased freedom of movement and a high rise back waistband ensures protection in all working positions. Packed with functionality including pre-bent knees, a crotch gusset, two tier knee pad pockets and an adjustable leg length for added convenience. Multi-functional thigh pockets provide secure storage of phones, pens and tools.",https://d11ak7fd9ypfb7.cloudfront.net/styles1100px/T802BKR.jpg,,0.0,TRUE,InStock,0.741,,T802BKR30,,,,Size,DROP_DOWN,30,Color,DROP_DOWN,Black,,,,,,,,,,,,,Fit,<p>R</p>,Length,<p>43</p>,Width,<p>28</p>,Height,<p>40</p>,Box Quantity,<p>24</p>,Inner Pack Quantity,<p>1</p>,Country Of Origin,<p>BD</p>,Standards,<p></p>,,,,
T802,Variant,,"Contemporary work pants made from highly durable ripstop fabric that stretches as you move. Subtle articulation on the knees allow for increased freedom of movement and a high rise back waistband ensures protection in all working positions. Packed with functionality including pre-bent knees, a crotch gusset, two tier knee pad pockets and an adjustable leg length for added convenience. Multi-functional thigh pockets provide secure storage of phones, pens and tools.",https://d11ak7fd9ypfb7.cloudfront.net/styles1100px/T802BKR.jpg,,0.0,TRUE,InStock,0.757,,T802BKR32,,,,Size,DROP_DOWN,32,Color,DROP_DOWN,Black,,,,,,,,,,,,,Fit,<p>R</p>,Length,<p>43</p>,Width,<p>28</p>,Height,<p>40</p>,Box Quantity,<p>24</p>,Inner Pack Quantity,<p>1</p>,Country Of Origin,<p>BD</p>,Standards,<p></p>,,,,
T802,Variant,,"Contemporary work pants made from highly durable ripstop fabric that stretches as you move. Subtle articulation on the knees allow for increased freedom of movement and a high rise back waistband ensures protection in all working positions. Packed with functionality including pre-bent knees, a crotch gusset, two tier knee pad pockets and an adjustable leg length for added convenience. Multi-functional thigh pockets provide secure storage of phones, pens and tools.",https://d11ak7fd9ypfb7.cloudfront.net/styles1100px/T802BKR.jpg,,0.0,TRUE,InStock,0.782,,T802BKR34,,,,Size,DROP_DOWN,34,Color,DROP_DOWN,Black,,,,,,,,,,,,,Fit,<p>R</p>,Length,<p>43</p>,Width,<p>28</p>,Height,<p>40</p>,Box Quantity,<p>24</p>,Inner Pack Quantity,<p>1</p>,Country Of Origin,<p>BD</p>,Standards,<p></p>,,,,
T802,Variant,,"Contemporary work pants made from highly durable ripstop fabric that stretches as you move. Subtle articulation on the knees allow for increased freedom of movement and a high rise back waistband ensures protection in all working positions. Packed with functionality including pre-bent knees, a crotch gusset, two tier knee pad pockets and an adjustable leg length for added convenience. Multi-functional thigh pockets provide secure storage of phones, pens and tools.",https://d11ak7fd9ypfb7.cloudfront.net/styles1100px/T802BKR.jpg,,0.0,TRUE,InStock,0.789,,T802BKR36,,,,Size,DROP_DOWN,36,Color,DROP_DOWN,Black,,,,,,,,,,,,,Fit,<p>R</p>,Length,<p>43</p>,Width,<p>28</p>,Height,<p>40</p>,Box Quantity,<p>24</p>,Inner Pack Quantity,<p>1</p>,Country Of Origin,<p>BD</p>,Standards,<p></p>,,,,
T802,Variant,,"Contemporary work pants made from highly durable ripstop fabric that stretches as you move. Subtle articulation on the knees allow for increased freedom of movement and a high rise back waistband ensures protection in all working positions. Packed with functionality including pre-bent knees, a crotch gusset, two tier knee pad pockets and an adjustable leg length for added convenience. Multi-functional thigh pockets provide secure storage of phones, pens and tools.",https://d11ak7fd9ypfb7.cloudfront.net/styles1100px/T802BKR.jpg,,0.0,TRUE,InStock,0.806,,T802BKR38,,,,Size,DROP_DOWN,38,Color,DROP_DOWN,Black,,,,,,,,,,,,,Fit,<p>R</p>,Length,<p>43</p>,Width,<p>28</p>,Height,<p>40</p>,Box Quantity,<p>24</p>,Inner Pack Quantity,<p>1</p>,Country Of Origin,<p>BD</p>,Standards,<p></p>,,,,
T802,Variant,,"Contemporary work pants made from highly durable ripstop fabric that stretches as you move. Subtle articulation on the knees allow for increased freedom of movement and a high rise back waistband ensures protection in all working positions. Packed with functionality including pre-bent knees, a crotch gusset, two tier knee pad pockets and an adjustable leg length for added convenience. Multi-functional thigh pockets provide secure storage of phones, pens and tools.",https://d11ak7fd9ypfb7.cloudfront.net/styles1100px/T802BKR.jpg,,0.0,TRUE,InStock,0.814,,T802BKR40,,,,Size,DROP_DOWN,40,Color,DROP_DOWN,Black,,,,,,,,,,,,,Fit,<p>R</p>,Length,<p>43</p>,Width,<p>28</p>,Height,<p>40</p>,Box Quantity,<p>24</p>,Inner Pack Quantity,<p>1</p>,Country Of Origin,<p>BD</p>,Standards,<p></p>,,,,
T802,Variant,,"Contemporary work pants made from highly durable ripstop fabric that stretches as you move. Subtle articulation on the knees allow for increased freedom of movement and a high rise back waistband ensures protection in all working positions. Packed with functionality including pre-bent knees, a crotch gusset, two tier knee pad pockets and an adjustable leg length for added convenience. Multi-functional thigh pockets provide secure storage of phones, pens and tools.",https://d11ak7fd9ypfb7.cloudfront.net/styles1100px/T802BKR.jpg,,0.0,TRUE,InStock,0.837,,T802BKR42,,,,Size,DROP_DOWN,42,Color,DROP_DOWN,Black,,,,,,,,,,,,,Fit,<p>R</p>,Length,<p>43</p>,Width,<p>28</p>,Height,<p>40</p>,Box Quantity,<p>24</p>,Inner Pack Quantity,<p>1</p>,Country Of Origin,<p>BD</p>,Standards,<p></p>,,,,
T802,Variant,,"Contemporary work pants made from highly durable ripstop fabric that stretches as you move. Subtle articulation on the knees allow for increased freedom of movement and a high rise back waistband ensures protection in all working positions. Packed with functionality including pre-bent knees, a crotch gusset, two tier knee pad pockets and an adjustable leg length for added convenience. Multi-functional thigh pockets provide secure storage of phones, pens and tools.",https://d11ak7fd9ypfb7.cloudfront.net/styles1100px/T802BKR.jpg,,0.0,TRUE,InStock,0.849,,T802BKR44,,,,Size,DROP_DOWN,44,Color,DROP_DOWN,Black,,,,,,,,,,,,,Fit,<p>R</p>,Length,<p>43</p>,Width,<p>28</p>,Height,<p>40</p>,Box Quantity,<p>24</p>,Inner Pack Quantity,<p>1</p>,Country Of Origin,<p>BD</p>,Standards,<p></p>,,,,
T802,Variant,,"Contemporary work pants made from highly durable ripstop fabric that stretches as you move. Subtle articulation on the knees allow for increased freedom of movement and a high rise back waistband ensures protection in all working positions. Packed with functionality including pre-bent knees, a crotch gusset, two tier knee pad pockets and an adjustable leg length for added convenience. Multi-functional thigh pockets provide secure storage of phones, pens and tools.",https://d11ak7fd9ypfb7.cloudfront.net/styles1100px/T802BKR.jpg,,0.0,TRUE,InStock,0.86,,T802BKR46,,,,Size,DROP_DOWN,46,Color,DROP_DOWN,Black,,,,,,,,,,,,,Fit,<p>R</p>,Length,<p>43</p>,Width,<p>28</p>,Height,<p>40</p>,Box Quantity,<p>24</p>,Inner Pack Quantity,<p>1</p>,Country Of Origin,<p>BD</p>,Standards,<p></p>,,,,
T802,Variant,,"Contemporary work pants made from highly durable ripstop fabric that stretches as you move. Subtle articulation on the knees allow for increased freedom of movement and a high rise back waistband ensures protection in all working positions. Packed with functionality including pre-bent knees, a crotch gusset, two tier knee pad pockets and an adjustable leg length for added convenience. Multi-functional thigh pockets provide secure storage of phones, pens and tools.",https://d11ak7fd9ypfb7.cloudfront.net/styles1100px/T802BKR.jpg,,0.0,TRUE,InStock,0.875,,T802BKR48,,,,Size,DROP_DOWN,48,Color,DROP_DOWN,Black,,,,,,,,,,,,,Fit,<p>R</p>,Length,<p>43</p>,Width,<p>28</p>,Height,<p>40</p>,Box Quantity,<p>24</p>,Inner Pack Quantity,<p>1</p>,Country Of Origin,<p>BD</p>,Standards,<p></p>,,,,
T802,Variant,,"Contemporary work pants made from highly durable ripstop fabric that stretches as you move. Subtle articulation on the knees allow for increased freedom of movement and a high rise back waistband ensures protection in all working positions. Packed with functionality including pre-bent knees, a crotch gusset, two tier knee pad pockets and an adjustable leg length for added convenience. Multi-functional thigh pockets provide secure storage of phones, pens and tools.",https://d11ak7fd9ypfb7.cloudfront.net/styles1100px/T802NAR.jpg,,0.0,TRUE,InStock,0.734,,T802NAR28,,,,Size,DROP_DOWN,28,Color,DROP_DOWN,Navy,,,,,,,,,,,,,Fit,<p>R</p>,Length,<p>43</p>,Width,<p>28</p>,Height,<p>40</p>,Box Quantity,<p>24</p>,Inner Pack Quantity,<p>1</p>,Country Of Origin,<p>BD</p>,Standards,<p></p>,,,,
T802,Variant,,"Contemporary work pants made from highly durable ripstop fabric that stretches as you move. Subtle articulation on the knees allow for increased freedom of movement and a high rise back waistband ensures protection in all working positions. Packed with functionality including pre-bent knees, a crotch gusset, two tier knee pad pockets and an adjustable leg length for added convenience. Multi-functional thigh pockets provide secure storage of phones, pens and tools.",https://d11ak7fd9ypfb7.cloudfront.net/styles1100px/T802NAR.jpg,,0.0,TRUE,InStock,0.741,,T802NAR30,,,,Size,DROP_DOWN,30,Color,DROP_DOWN,Navy,,,,,,,,,,,,,Fit,<p>R</p>,Length,<p>43</p>,Width,<p>28</p>,Height,<p>40</p>,Box Quantity,<p>24</p>,Inner Pack Quantity,<p>1</p>,Country Of Origin,<p>BD</p>,Standards,<p></p>,,,,
T802,Variant,,"Contemporary work pants made from highly durable ripstop fabric that stretches as you move. Subtle articulation on the knees allow for increased freedom of movement and a high rise back waistband ensures protection in all working positions. Packed with functionality including pre-bent knees, a crotch gusset, two tier knee pad pockets and an adjustable leg length for added convenience. Multi-functional thigh pockets provide secure storage of phones, pens and tools.",https://d11ak7fd9ypfb7.cloudfront.net/styles1100px/T802NAR.jpg,,0.0,TRUE,InStock,0.757,,T802NAR32,,,,Size,DROP_DOWN,32,Color,DROP_DOWN,Navy,,,,,,,,,,,,,Fit,<p>R</p>,Length,<p>43</p>,Width,<p>28</p>,Height,<p>40</p>,Box Quantity,<p>24</p>,Inner Pack Quantity,<p>1</p>,Country Of Origin,<p>BD</p>,Standards,<p></p>,,,,
T802,Variant,,"Contemporary work pants made from highly durable ripstop fabric that stretches as you move. Subtle articulation on the knees allow for increased freedom of movement and a high rise back waistband ensures protection in all working positions. Packed with functionality including pre-bent knees, a crotch gusset, two tier knee pad pockets and an adjustable leg length for added convenience. Multi-functional thigh pockets provide secure storage of phones, pens and tools.",https://d11ak7fd9ypfb7.cloudfront.net/styles1100px/T802NAR.jpg,,0.0,TRUE,InStock,0.782,,T802NAR34,,,,Size,DROP_DOWN,34,Color,DROP_DOWN,Navy,,,,,,,,,,,,,Fit,<p>R</p>,Length,<p>43</p>,Width,<p>28</p>,Height,<p>40</p>,Box Quantity,<p>24</p>,Inner Pack Quantity,<p>1</p>,Country Of Origin,<p>BD</p>,Standards,<p></p>,,,,
T802,Variant,,"Contemporary work pants made from highly durable ripstop fabric that stretches as you move. Subtle articulation on the knees allow for increased freedom of movement and a high rise back waistband ensures protection in all working positions. Packed with functionality including pre-bent knees, a crotch gusset, two tier knee pad pockets and an adjustable leg length for added convenience. Multi-functional thigh pockets provide secure storage of phones, pens and tools.",https://d11ak7fd9ypfb7.cloudfront.net/styles1100px/T802NAR.jpg,,0.0,TRUE,InStock,0.789,,T802NAR36,,,,Size,DROP_DOWN,36,Color,DROP_DOWN,Navy,,,,,,,,,,,,,Fit,<p>R</p>,Length,<p>43</p>,Width,<p>28</p>,Height,<p>40</p>,Box Quantity,<p>24</p>,Inner Pack Quantity,<p>1</p>,Country Of Origin,<p>BD</p>,Standards,<p></p>,,,,
T802,Variant,,"Contemporary work pants made from highly durable ripstop fabric that stretches as you move. Subtle articulation on the knees allow for increased freedom of movement and a high rise back waistband ensures protection in all working positions. Packed with functionality including pre-bent knees, a crotch gusset, two tier knee pad pockets and an adjustable leg length for added convenience. Multi-functional thigh pockets provide secure storage of phones, pens and tools.",https://d11ak7fd9ypfb7.cloudfront.net/styles1100px/T802NAR.jpg,,0.0,TRUE,InStock,0.806,,T802NAR38,,,,Size,DROP_DOWN,38,Color,DROP_DOWN,Navy,,,,,,,,,,,,,Fit,<p>R</p>,Length,<p>43</p>,Width,<p>28</p>,Height,<p>40</p>,Box Quantity,<p>24</p>,Inner Pack Quantity,<p>1</p>,Country Of Origin,<p>BD</p>,Standards,<p></p>,,,,
T802,Variant,,"Contemporary work pants made from highly durable ripstop fabric that stretches as you move. Subtle articulation on the knees allow for increased freedom of movement and a high rise back waistband ensures protection in all working positions. Packed with functionality including pre-bent knees, a crotch gusset, two tier knee pad pockets and an adjustable leg length for added convenience. Multi-functional thigh pockets provide secure storage of phones, pens and tools.",https://d11ak7fd9ypfb7.cloudfront.net/styles1100px/T802NAR.jpg,,0.0,TRUE,InStock,0.814,,T802NAR40,,,,Size,DROP_DOWN,40,Color,DROP_DOWN,Navy,,,,,,,,,,,,,Fit,<p>R</p>,Length,<p>43</p>,Width,<p>28</p>,Height,<p>40</p>,Box Quantity,<p>24</p>,Inner Pack Quantity,<p>1</p>,Country Of Origin,<p>BD</p>,Standards,<p></p>,,,,
T802,Variant,,"Contemporary work pants made from highly durable ripstop fabric that stretches as you move. Subtle articulation on the knees allow for increased freedom of movement and a high rise back waistband ensures protection in all working positions. Packed with functionality including pre-bent knees, a crotch gusset, two tier knee pad pockets and an adjustable leg length for added convenience. Multi-functional thigh pockets provide secure storage of phones, pens and tools.",https://d11ak7fd9ypfb7.cloudfront.net/styles1100px/T802NAR.jpg,,0.0,TRUE,InStock,0.837,,T802NAR42,,,,Size,DROP_DOWN,42,Color,DROP_DOWN,Navy,,,,,,,,,,,,,Fit,<p>R</p>,Length,<p>43</p>,Width,<p>28</p>,Height,<p>40</p>,Box Quantity,<p>24</p>,Inner Pack Quantity,<p>1</p>,Country Of Origin,<p>BD</p>,Standards,<p></p>,,,,
T802,Variant,,"Contemporary work pants made from highly durable ripstop fabric that stretches as you move. Subtle articulation on the knees allow for increased freedom of movement and a high rise back waistband ensures protection in all working positions. Packed with functionality including pre-bent knees, a crotch gusset, two tier knee pad pockets and an adjustable leg length for added convenience. Multi-functional thigh pockets provide secure storage of phones, pens and tools.",https://d11ak7fd9ypfb7.cloudfront.net/styles1100px/T802NAR.jpg,,0.0,TRUE,InStock,0.849,,T802NAR44,,,,Size,DROP_DOWN,44,Color,DROP_DOWN,Navy,,,,,,,,,,,,,Fit,<p>R</p>,Length,<p>43</p>,Width,<p>28</p>,Height,<p>40</p>,Box Quantity,<p>24</p>,Inner Pack Quantity,<p>1</p>,Country Of Origin,<p>BD</p>,Standards,<p></p>,,,,
T802,Variant,,"Contemporary work pants made from highly durable ripstop fabric that stretches as you move. Subtle articulation on the knees allow for increased freedom of movement and a high rise back waistband ensures protection in all working positions. Packed with functionality including pre-bent knees, a crotch gusset, two tier knee pad pockets and an adjustable leg length for added convenience. Multi-functional thigh pockets provide secure storage of phones, pens and tools.",https://d11ak7fd9ypfb7.cloudfront.net/styles1100px/T802NAR.jpg,,0.0,TRUE,InStock,0.86,,T802NAR46,,,,Size,DROP_DOWN,46,Color,DROP_DOWN,Navy,,,,,,,,,,,,,Fit,<p>R</p>,Length,<p>43</p>,Width,<p>28</p>,Height,<p>40</p>,Box Quantity,<p>24</p>,Inner Pack Quantity,<p>1</p>,Country Of Origin,<p>BD</p>,Standards,<p></p>,,,,
T802,Variant,,"Contemporary work pants made from highly durable ripstop fabric that stretches as you move. Subtle articulation on the knees allow for increased freedom of movement and a high rise back waistband ensures protection in all working positions. Packed with functionality including pre-bent knees, a crotch gusset, two tier knee pad pockets and an adjustable leg length for added convenience. Multi-functional thigh pockets provide secure storage of phones, pens and tools.",https://d11ak7fd9ypfb7.cloudfront.net/styles1100px/T802NAR.jpg,,0.0,TRUE,InStock,0.875,,T802NAR48,,,,Size,DROP_DOWN,48,Color,DROP_DOWN,Navy,,,,,,,,,,,,,Fit,<p>R</p>,Length,<p>43</p>,Width,<p>28</p>,Height,<p>40</p>,Box Quantity,<p>24</p>,Inner Pack Quantity,<p>1</p>,Country Of Origin,<p>BD</p>,Standards,<p></p>,,,,
T802,Variant,,"Contemporary work pants made from highly durable ripstop fabric that stretches as you move. Subtle articulation on the knees allow for increased freedom of movement and a high rise back waistband ensures protection in all working positions. Packed with functionality including pre-bent knees, a crotch gusset, two tier knee pad pockets and an adjustable leg length for added convenience. Multi-functional thigh pockets provide secure storage of phones, pens and tools.",https://d11ak7fd9ypfb7.cloudfront.net/styles1100px/T802SAR.jpg,,0.0,TRUE,InStock,0.734,,T802SAR28,,,,Size,DROP_DOWN,28,Color,DROP_DOWN,Sand,,,,,,,,,,,,,Fit,<p>R</p>,Length,<p>43</p>,Width,<p>28</p>,Height,<p>40</p>,Box Quantity,<p>24</p>,Inner Pack Quantity,<p>1</p>,Country Of Origin,<p>BD</p>,Standards,<p></p>,,,,
T802,Variant,,"Contemporary work pants made from highly durable ripstop fabric that stretches as you move. Subtle articulation on the knees allow for increased freedom of movement and a high rise back waistband ensures protection in all working positions. Packed with functionality including pre-bent knees, a crotch gusset, two tier knee pad pockets and an adjustable leg length for added convenience. Multi-functional thigh pockets provide secure storage of phones, pens and tools.",https://d11ak7fd9ypfb7.cloudfront.net/styles1100px/T802SAR.jpg,,0.0,TRUE,InStock,0.741,,T802SAR30,,,,Size,DROP_DOWN,30,Color,DROP_DOWN,Sand,,,,,,,,,,,,,Fit,<p>R</p>,Length,<p>43</p>,Width,<p>28</p>,Height,<p>40</p>,Box Quantity,<p>24</p>,Inner Pack Quantity,<p>1</p>,Country Of Origin,<p>BD</p>,Standards,<p></p>,,,,
T802,Variant,,"Contemporary work pants made from highly durable ripstop fabric that stretches as you move. Subtle articulation on the knees allow for increased freedom of movement and a high rise back waistband ensures protection in all working positions. Packed with functionality including pre-bent knees, a crotch gusset, two tier knee pad pockets and an adjustable leg length for added convenience. Multi-functional thigh pockets provide secure storage of phones, pens and tools.",https://d11ak7fd9ypfb7.cloudfront.net/styles1100px/T802SAR.jpg,,0.0,TRUE,InStock,0.757,,T802SAR32,,,,Size,DROP_DOWN,32,Color,DROP_DOWN,Sand,,,,,,,,,,,,,Fit,<p>R</p>,Length,<p>43</p>,Width,<p>28</p>,Height,<p>40</p>,Box Quantity,<p>24</p>,Inner Pack Quantity,<p>1</p>,Country Of Origin,<p>BD</p>,Standards,<p></p>,,,,
T802,Variant,,"Contemporary work pants made from highly durable ripstop fabric that stretches as you move. Subtle articulation on the knees allow for increased freedom of movement and a high rise back waistband ensures protection in all working positions. Packed with functionality including pre-bent knees, a crotch gusset, two tier knee pad pockets and an adjustable leg length for added convenience. Multi-functional thigh pockets provide secure storage of phones, pens and tools.",https://d11ak7fd9ypfb7.cloudfront.net/styles1100px/T802SAR.jpg,,0.0,TRUE,InStock,0.782,,T802SAR34,,,,Size,DROP_DOWN,34,Color,DROP_DOWN,Sand,,,,,,,,,,,,,Fit,<p>R</p>,Length,<p>43</p>,Width,<p>28</p>,Height,<p>40</p>,Box Quantity,<p>24</p>,Inner Pack Quantity,<p>1</p>,Country Of Origin,<p>BD</p>,Standards,<p></p>,,,,
T802,Variant,,"Contemporary work pants made from highly durable ripstop fabric that stretches as you move. Subtle articulation on the knees allow for increased freedom of movement and a high rise back waistband ensures protection in all working positions. Packed with functionality including pre-bent knees, a crotch gusset, two tier knee pad pockets and an adjustable leg length for added convenience. Multi-functional thigh pockets provide secure storage of phones, pens and tools.",https://d11ak7fd9ypfb7.cloudfront.net/styles1100px/T802SAR.jpg,,0.0,TRUE,InStock,0.789,,T802SAR36,,,,Size,DROP_DOWN,36,Color,DROP_DOWN,Sand,,,,,,,,,,,,,Fit,<p>R</p>,Length,<p>43</p>,Width,<p>28</p>,Height,<p>40</p>,Box Quantity,<p>24</p>,Inner Pack Quantity,<p>1</p>,Country Of Origin,<p>BD</p>,Standards,<p></p>,,,,
T802,Variant,,"Contemporary work pants made from highly durable ripstop fabric that stretches as you move. Subtle articulation on the knees allow for increased freedom of movement and a high rise back waistband ensures protection in all working positions. Packed with functionality including pre-bent knees, a crotch gusset, two tier knee pad pockets and an adjustable leg length for added convenience. Multi-functional thigh pockets provide secure storage of phones, pens and tools.",https://d11ak7fd9ypfb7.cloudfront.net/styles1100px/T802SAR.jpg,,0.0,TRUE,InStock,0.806,,T802SAR38,,,,Size,DROP_DOWN,38,Color,DROP_DOWN,Sand,,,,,,,,,,,,,Fit,<p>R</p>,Length,<p>43</p>,Width,<p>28</p>,Height,<p>40</p>,Box Quantity,<p>24</p>,Inner Pack Quantity,<p>1</p>,Country Of Origin,<p>BD</p>,Standards,<p></p>,,,,
T802,Variant,,"Contemporary work pants made from highly durable ripstop fabric that stretches as you move. Subtle articulation on the knees allow for increased freedom of movement and a high rise back waistband ensures protection in all working positions. Packed with functionality including pre-bent knees, a crotch gusset, two tier knee pad pockets and an adjustable leg length for added convenience. Multi-functional thigh pockets provide secure storage of phones, pens and tools.",https://d11ak7fd9ypfb7.cloudfront.net/styles1100px/T802SAR.jpg,,0.0,TRUE,InStock,0.814,,T802SAR40,,,,Size,DROP_DOWN,40,Color,DROP_DOWN,Sand,,,,,,,,,,,,,Fit,<p>R</p>,Length,<p>43</p>,Width,<p>28</p>,Height,<p>40</p>,Box Quantity,<p>24</p>,Inner Pack Quantity,<p>1</p>,Country Of Origin,<p>BD</p>,Standards,<p></p>,,,,
T802,Variant,,"Contemporary work pants made from highly durable ripstop fabric that stretches as you move. Subtle articulation on the knees allow for increased freedom of movement and a high rise back waistband ensures protection in all working positions. Packed with functionality including pre-bent knees, a crotch gusset, two tier knee pad pockets and an adjustable leg length for added convenience. Multi-functional thigh pockets provide secure storage of phones, pens and tools.",https://d11ak7fd9ypfb7.cloudfront.net/styles1100px/T802SAR.jpg,,0.0,TRUE,InStock,0.837,,T802SAR42,,,,Size,DROP_DOWN,42,Color,DROP_DOWN,Sand,,,,,,,,,,,,,Fit,<p>R</p>,Length,<p>43</p>,Width,<p>28</p>,Height,<p>40</p>,Box Quantity,<p>24</p>,Inner Pack Quantity,<p>1</p>,Country Of Origin,<p>BD</p>,Standards,<p></p>,,,,
T802,Variant,,"Contemporary work pants made from highly durable ripstop fabric that stretches as you move. Subtle articulation on the knees allow for increased freedom of movement and a high rise back waistband ensures protection in all working positions. Packed with functionality including pre-bent knees, a crotch gusset, two tier knee pad pockets and an adjustable leg length for added convenience. Multi-functional thigh pockets provide secure storage of phones, pens and tools.",https://d11ak7fd9ypfb7.cloudfront.net/styles1100px/T802SAR.jpg,,0.0,TRUE,InStock,0.849,,T802SAR44,,,,Size,DROP_DOWN,44,Color,DROP_DOWN,Sand,,,,,,,,,,,,,Fit,<p>R</p>,Length,<p>43</p>,Width,<p>28</p>,Height,<p>40</p>,Box Quantity,<p>24</p>,Inner Pack Quantity,<p>1</p>,Country Of Origin,<p>BD</p>,Standards,<p></p>,,,,
T802,Variant,,"Contemporary work pants made from highly durable ripstop fabric that stretches as you move. Subtle articulation on the knees allow for increased freedom of movement and a high rise back waistband ensures protection in all working positions. Packed with functionality including pre-bent knees, a crotch gusset, two tier knee pad pockets and an adjustable leg length for added convenience. Multi-functional thigh pockets provide secure storage of phones, pens and tools.",https://d11ak7fd9ypfb7.cloudfront.net/styles1100px/T802SAR.jpg,,0.0,TRUE,InStock,0.86,,T802SAR46,,,,Size,DROP_DOWN,46,Color,DROP_DOWN,Sand,,,,,,,,,,,,,Fit,<p>R</p>,Length,<p>43</p>,Width,<p>28</p>,Height,<p>40</p>,Box Quantity,<p>24</p>,Inner Pack Quantity,<p>1</p>,Country Of Origin,<p>BD</p>,Standards,<p></p>,,,,
T802,Variant,,"Contemporary work pants made from highly durable ripstop fabric that stretches as you move. Subtle articulation on the knees allow for increased freedom of movement and a high rise back waistband ensures protection in all working positions. Packed with functionality including pre-bent knees, a crotch gusset, two tier knee pad pockets and an adjustable leg length for added convenience. Multi-functional thigh pockets provide secure storage of phones, pens and tools.",https://d11ak7fd9ypfb7.cloudfront.net/styles1100px/T802SAR.jpg,,0.0,TRUE,InStock,0.875,,T802SAR48,,,,Size,DROP_DOWN,48,Color,DROP_DOWN,Sand,,,,,,,,,,,,,Fit,<p>R</p>,Length,<p>43</p>,Width,<p>28</p>,Height,<p>40</p>,Box Quantity,<p>24</p>,Inner Pack Quantity,<p>1</p>,Country Of Origin,<p>BD</p>,Standards,<p></p>,,,,
T832,Product,T832 - KX3 Baffle Jacket,"Cutting edge design and high performance materials make this jacket stand out from the crowd. A body-mapped design helps balance insulation and freedom of movement. The hardwearing nylon outer combined with lightweight Insulatex™ thermal insulation and cosy knit sleeves provides optimum warmth and comfort. Clever features such as the two side zipped pockets and internal pockets offer secure storage. Interchangeable zipper pullers in blue, red and lime green are supplied for personalization.",https://d11ak7fd9ypfb7.cloudfront.net/styles1100px/T832GMR.jpg,87.7,0.0,TRUE,InStock,0.578,,T832GMRL,,,,Size,DROP_DOWN,S;M;L;XL;XXL;XXXL,Color,DROP_DOWN,Grey Marl,,,,,,,,,,,,,Fit,<p>R</p>,Length,<p>65</p>,Width,<p>40</p>,Height,<p>58</p>,Box Quantity,<p>24</p>,Inner Pack Quantity,<p>1</p>,Country Of Origin,<p>CN</p>,Standards,<p></p>,,,,
T832,Variant,,"Cutting edge design and high performance materials make this jacket stand out from the crowd. A body-mapped design helps balance insulation and freedom of movement. The hardwearing nylon outer combined with lightweight Insulatex™ thermal insulation and cosy knit sleeves provides optimum warmth and comfort. Clever features such as the two side zipped pockets and internal pockets offer secure storage. Interchangeable zipper pullers in blue, red and lime green are supplied for personalization.",https://d11ak7fd9ypfb7.cloudfront.net/styles1100px/T832GMR.jpg,,0.0,TRUE,InStock,0.578,,T832GMRL,,,,Size,DROP_DOWN,L,Color,DROP_DOWN,Grey Marl,,,,,,,,,,,,,Fit,<p>R</p>,Length,<p>65</p>,Width,<p>40</p>,Height,<p>58</p>,Box Quantity,<p>24</p>,Inner Pack Quantity,<p>1</p>,Country Of Origin,<p>CN</p>,Standards,<p></p>,,,,
T832,Variant,,"Cutting edge design and high performance materials make this jacket stand out from the crowd. A body-mapped design helps balance insulation and freedom of movement. The hardwearing nylon outer combined with lightweight Insulatex™ thermal insulation and cosy knit sleeves provides optimum warmth and comfort. Clever features such as the two side zipped pockets and internal pockets offer secure storage. Interchangeable zipper pullers in blue, red and lime green are supplied for personalization.",https://d11ak7fd9ypfb7.cloudfront.net/styles1100px/T832GMR.jpg,,0.0,TRUE,InStock,0.544,,T832GMRM,,,,Size,DROP_DOWN,M,Color,DROP_DOWN,Grey Marl,,,,,,,,,,,,,Fit,<p>R</p>,Length,<p>65</p>,Width,<p>40</p>,Height,<p>58</p>,Box Quantity,<p>24</p>,Inner Pack Quantity,<p>1</p>,Country Of Origin,<p>CN</p>,Standards,<p></p>,,,,
T832,Variant,,"Cutting edge design and high performance materials make this jacket stand out from the crowd. A body-mapped design helps balance insulation and freedom of movement. The hardwearing nylon outer combined with lightweight Insulatex™ thermal insulation and cosy knit sleeves provides optimum warmth and comfort. Clever features such as the two side zipped pockets and internal pockets offer secure storage. Interchangeable zipper pullers in blue, red and lime green are supplied for personalization.",https://d11ak7fd9ypfb7.cloudfront.net/styles1100px/T832GMR.jpg,,0.0,TRUE,InStock,0.533,,T832GMRS,,,,Size,DROP_DOWN,S,Color,DROP_DOWN,Grey Marl,,,,,,,,,,,,,Fit,<p>R</p>,Length,<p>65</p>,Width,<p>40</p>,Height,<p>58</p>,Box Quantity,<p>24</p>,Inner Pack Quantity,<p>1</p>,Country Of Origin,<p>CN</p>,Standards,<p></p>,,,,
T832,Variant,,"Cutting edge design and high performance materials make this jacket stand out from the crowd. A body-mapped design helps balance insulation and freedom of movement. The hardwearing nylon outer combined with lightweight Insulatex™ thermal insulation and cosy knit sleeves provides optimum warmth and comfort. Clever features such as the two side zipped pockets and internal pockets offer secure storage. Interchangeable zipper pullers in blue, red and lime green are supplied for personalization.",https://d11ak7fd9ypfb7.cloudfront.net/styles1100px/T832GMR.jpg,,0.0,TRUE,InStock,0.613,,T832GMRXL,,,,Size,DROP_DOWN,XL,Color,DROP_DOWN,Grey Marl,,,,,,,,,,,,,Fit,<p>R</p>,Length,<p>65</p>,Width,<p>40</p>,Height,<p>58</p>,Box Quantity,<p>24</p>,Inner Pack Quantity,<p>1</p>,Country Of Origin,<p>CN</p>,Standards,<p></p>,,,,
T832,Variant,,"Cutting edge design and high performance materials make this jacket stand out from the crowd. A body-mapped design helps balance insulation and freedom of movement. The hardwearing nylon outer combined with lightweight Insulatex™ thermal insulation and cosy knit sleeves provides optimum warmth and comfort. Clever features such as the two side zipped pockets and internal pockets offer secure storage. Interchangeable zipper pullers in blue, red and lime green are supplied for personalization.",https://d11ak7fd9ypfb7.cloudfront.net/styles1100px/T832GMR.jpg,,0.0,TRUE,InStock,0.631,,T832GMRXXL,,,,Size,DROP_DOWN,XXL,Color,DROP_DOWN,Grey Marl,,,,,,,,,,,,,Fit,<p>R</p>,Length,<p>65</p>,Width,<p>40</p>,Height,<p>58</p>,Box Quantity,<p>24</p>,Inner Pack Quantity,<p>1</p>,Country Of Origin,<p>CN</p>,Standards,<p></p>,,,,
T832,Variant,,"Cutting edge design and high performance materials make this jacket stand out from the crowd. A body-mapped design helps balance insulation and freedom of movement. The hardwearing nylon outer combined with lightweight Insulatex™ thermal insulation and cosy knit sleeves provides optimum warmth and comfort. Clever features such as the two side zipped pockets and internal pockets offer secure storage. Interchangeable zipper pullers in blue, red and lime green are supplied for personalization.",https://d11ak7fd9ypfb7.cloudfront.net/styles1100px/T832GMR.jpg,,0.0,TRUE,InStock,0.656,,T832GMRXXXL,,,,Size,DROP_DOWN,XXXL,Color,DROP_DOWN,Grey Marl,,,,,,,,,,,,,Fit,<p>R</p>,Length,<p>65</p>,Width,<p>40</p>,Height,<p>58</p>,Box Quantity,<p>24</p>,Inner Pack Quantity,<p>1</p>,Country Of Origin,<p>CN</p>,Standards,<p></p>,,,,
TK20,Product,TK20 - Print & Promo Softshell (2L),"The Print & Promo Softshell is an excellent choice for corporate wear as it is ideal for over printing and embroidery. This woven stretch two layer softshell is fleece backed for additional warmth and comfort, whilst the mechanical stretch allows for ease of movement. Features include two lower external front zipper secure pockets, two internal pockets and an inner zipper guard.",https://d11ak7fd9ypfb7.cloudfront.net/styles1100px/TK20BKR.jpg,41.0,0.0,TRUE,InStock,0.999,,TK20BKR4XL,,,,Size,DROP_DOWN,S;M;L;XL;XXL;XXXL;4XL;5XL,Color,DROP_DOWN,Navy;Black,,,,,,,,,,,,,Fit,<p>R</p>,Length,<p>65</p>,Width,<p>45</p>,Height,<p>40</p>,Box Quantity,<p>24</p>,Inner Pack Quantity,<p>1</p>,Country Of Origin,<p>BD</p>,Standards,<p></p>,,,,
TK20,Variant,,"The Print & Promo Softshell is an excellent choice for corporate wear as it is ideal for over printing and embroidery. This woven stretch two layer softshell is fleece backed for additional warmth and comfort, whilst the mechanical stretch allows for ease of movement. Features include two lower external front zipper secure pockets, two internal pockets and an inner zipper guard.",https://d11ak7fd9ypfb7.cloudfront.net/styles1100px/TK20BKR.jpg,,0.0,TRUE,InStock,0.999,,TK20BKR4XL,,,,Size,DROP_DOWN,4XL,Color,DROP_DOWN,Black,,,,,,,,,,,,,Fit,<p>R</p>,Length,<p>65</p>,Width,<p>45</p>,Height,<p>40</p>,Box Quantity,<p>24</p>,Inner Pack Quantity,<p>1</p>,Country Of Origin,<p>BD</p>,Standards,<p></p>,,,,
TK20,Variant,,"The Print & Promo Softshell is an excellent choice for corporate wear as it is ideal for over printing and embroidery. This woven stretch two layer softshell is fleece backed for additional warmth and comfort, whilst the mechanical stretch allows for ease of movement. Features include two lower external front zipper secure pockets, two internal pockets and an inner zipper guard.",https://d11ak7fd9ypfb7.cloudfront.net/styles1100px/TK20BKR.jpg,,0.0,TRUE,InStock,0.999,,TK20BKR5XL,,,,Size,DROP_DOWN,5XL,Color,DROP_DOWN,Black,,,,,,,,,,,,,Fit,<p>R</p>,Length,<p>65</p>,Width,<p>45</p>,Height,<p>40</p>,Box Quantity,<p>24</p>,Inner Pack Quantity,<p>1</p>,Country Of Origin,<p>BD</p>,Standards,<p></p>,,,,
TK20,Variant,,"The Print & Promo Softshell is an excellent choice for corporate wear as it is ideal for over printing and embroidery. This woven stretch two layer softshell is fleece backed for additional warmth and comfort, whilst the mechanical stretch allows for ease of movement. Features include two lower external front zipper secure pockets, two internal pockets and an inner zipper guard.",https://d11ak7fd9ypfb7.cloudfront.net/styles1100px/TK20BKR.jpg,,0.0,TRUE,InStock,0.62,,TK20BKRL,,,,Size,DROP_DOWN,L,Color,DROP_DOWN,Black,,,,,,,,,,,,,Fit,<p>R</p>,Length,<p>65</p>,Width,<p>45</p>,Height,<p>40</p>,Box Quantity,<p>24</p>,Inner Pack Quantity,<p>1</p>,Country Of Origin,<p>BD</p>,Standards,<p></p>,,,,
TK20,Variant,,"The Print & Promo Softshell is an excellent choice for corporate wear as it is ideal for over printing and embroidery. This woven stretch two layer softshell is fleece backed for additional warmth and comfort, whilst the mechanical stretch allows for ease of movement. Features include two lower external front zipper secure pockets, two internal pockets and an inner zipper guard.",https://d11ak7fd9ypfb7.cloudfront.net/styles1100px/TK20BKR.jpg,,0.0,TRUE,InStock,0.588,,TK20BKRM,,,,Size,DROP_DOWN,M,Color,DROP_DOWN,Black,,,,,,,,,,,,,Fit,<p>R</p>,Length,<p>65</p>,Width,<p>45</p>,Height,<p>40</p>,Box Quantity,<p>24</p>,Inner Pack Quantity,<p>1</p>,Country Of Origin,<p>BD</p>,Standards,<p></p>,,,,
TK20,Variant,,"The Print & Promo Softshell is an excellent choice for corporate wear as it is ideal for over printing and embroidery. This woven stretch two layer softshell is fleece backed for additional warmth and comfort, whilst the mechanical stretch allows for ease of movement. Features include two lower external front zipper secure pockets, two internal pockets and an inner zipper guard.",https://d11ak7fd9ypfb7.cloudfront.net/styles1100px/TK20BKR.jpg,,0.0,TRUE,InStock,0.548,,TK20BKRS,,,,Size,DROP_DOWN,S,Color,DROP_DOWN,Black,,,,,,,,,,,,,Fit,<p>R</p>,Length,<p>65</p>,Width,<p>45</p>,Height,<p>40</p>,Box Quantity,<p>24</p>,Inner Pack Quantity,<p>1</p>,Country Of Origin,<p>BD</p>,Standards,<p></p>,,,,
TK20,Variant,,"The Print & Promo Softshell is an excellent choice for corporate wear as it is ideal for over printing and embroidery. This woven stretch two layer softshell is fleece backed for additional warmth and comfort, whilst the mechanical stretch allows for ease of movement. Features include two lower external front zipper secure pockets, two internal pockets and an inner zipper guard.",https://d11ak7fd9ypfb7.cloudfront.net/styles1100px/TK20BKR.jpg,,0.0,TRUE,InStock,0.648,,TK20BKRXL,,,,Size,DROP_DOWN,XL,Color,DROP_DOWN,Black,,,,,,,,,,,,,Fit,<p>R</p>,Length,<p>65</p>,Width,<p>45</p>,Height,<p>40</p>,Box Quantity,<p>24</p>,Inner Pack Quantity,<p>1</p>,Country Of Origin,<p>BD</p>,Standards,<p></p>,,,,
TK20,Variant,,"The Print & Promo Softshell is an excellent choice for corporate wear as it is ideal for over printing and embroidery. This woven stretch two layer softshell is fleece backed for additional warmth and comfort, whilst the mechanical stretch allows for ease of movement. Features include two lower external front zipper secure pockets, two internal pockets and an inner zipper guard.",https://d11ak7fd9ypfb7.cloudfront.net/styles1100px/TK20BKR.jpg,,0.0,TRUE,InStock,0.684,,TK20BKRXXL,,,,Size,DROP_DOWN,XXL,Color,DROP_DOWN,Black,,,,,,,,,,,,,Fit,<p>R</p>,Length,<p>65</p>,Width,<p>45</p>,Height,<p>40</p>,Box Quantity,<p>24</p>,Inner Pack Quantity,<p>1</p>,Country Of Origin,<p>BD</p>,Standards,<p></p>,,,,
TK20,Variant,,"The Print & Promo Softshell is an excellent choice for corporate wear as it is ideal for over printing and embroidery. This woven stretch two layer softshell is fleece backed for additional warmth and comfort, whilst the mechanical stretch allows for ease of movement. Features include two lower external front zipper secure pockets, two internal pockets and an inner zipper guard.",https://d11ak7fd9ypfb7.cloudfront.net/styles1100px/TK20BKR.jpg,,0.0,TRUE,InStock,0.7,,TK20BKRXXXL,,,,Size,DROP_DOWN,XXXL,Color,DROP_DOWN,Black,,,,,,,,,,,,,Fit,<p>R</p>,Length,<p>65</p>,Width,<p>45</p>,Height,<p>40</p>,Box Quantity,<p>24</p>,Inner Pack Quantity,<p>1</p>,Country Of Origin,<p>BD</p>,Standards,<p></p>,,,,
TK20,Variant,,"The Print & Promo Softshell is an excellent choice for corporate wear as it is ideal for over printing and embroidery. This woven stretch two layer softshell is fleece backed for additional warmth and comfort, whilst the mechanical stretch allows for ease of movement. Features include two lower external front zipper secure pockets, two internal pockets and an inner zipper guard.",https://d11ak7fd9ypfb7.cloudfront.net/styles1100px/TK20NAR.jpg,,0.0,TRUE,InStock,0.999,,TK20NAR4XL,,,,Size,DROP_DOWN,4XL,Color,DROP_DOWN,Navy,,,,,,,,,,,,,Fit,<p>R</p>,Length,<p>65</p>,Width,<p>45</p>,Height,<p>40</p>,Box Quantity,<p>24</p>,Inner Pack Quantity,<p>1</p>,Country Of Origin,<p>BD</p>,Standards,<p></p>,,,,
TK20,Variant,,"The Print & Promo Softshell is an excellent choice for corporate wear as it is ideal for over printing and embroidery. This woven stretch two layer softshell is fleece backed for additional warmth and comfort, whilst the mechanical stretch allows for ease of movement. Features include two lower external front zipper secure pockets, two internal pockets and an inner zipper guard.",https://d11ak7fd9ypfb7.cloudfront.net/styles1100px/TK20NAR.jpg,,0.0,TRUE,InStock,0.999,,TK20NAR5XL,,,,Size,DROP_DOWN,5XL,Color,DROP_DOWN,Navy,,,,,,,,,,,,,Fit,<p>R</p>,Length,<p>65</p>,Width,<p>45</p>,Height,<p>40</p>,Box Quantity,<p>24</p>,Inner Pack Quantity,<p>1</p>,Country Of Origin,<p>BD</p>,Standards,<p></p>,,,,
TK20,Variant,,"The Print & Promo Softshell is an excellent choice for corporate wear as it is ideal for over printing and embroidery. This woven stretch two layer softshell is fleece backed for additional warmth and comfort, whilst the mechanical stretch allows for ease of movement. Features include two lower external front zipper secure pockets, two internal pockets and an inner zipper guard.",https://d11ak7fd9ypfb7.cloudfront.net/styles1100px/TK20NAR.jpg,,0.0,TRUE,InStock,0.62,,TK20NARL,,,,Size,DROP_DOWN,L,Color,DROP_DOWN,Navy,,,,,,,,,,,,,Fit,<p>R</p>,Length,<p>65</p>,Width,<p>45</p>,Height,<p>40</p>,Box Quantity,<p>24</p>,Inner Pack Quantity,<p>1</p>,Country Of Origin,<p>BD</p>,Standards,<p></p>,,,,
TK20,Variant,,"The Print & Promo Softshell is an excellent choice for corporate wear as it is ideal for over printing and embroidery. This woven stretch two layer softshell is fleece backed for additional warmth and comfort, whilst the mechanical stretch allows for ease of movement. Features include two lower external front zipper secure pockets, two internal pockets and an inner zipper guard.",https://d11ak7fd9ypfb7.cloudfront.net/styles1100px/TK20NAR.jpg,,0.0,TRUE,InStock,0.588,,TK20NARM,,,,Size,DROP_DOWN,M,Color,DROP_DOWN,Navy,,,,,,,,,,,,,Fit,<p>R</p>,Length,<p>65</p>,Width,<p>45</p>,Height,<p>40</p>,Box Quantity,<p>24</p>,Inner Pack Quantity,<p>1</p>,Country Of Origin,<p>BD</p>,Standards,<p></p>,,,,
TK20,Variant,,"The Print & Promo Softshell is an excellent choice for corporate wear as it is ideal for over printing and embroidery. This woven stretch two layer softshell is fleece backed for additional warmth and comfort, whilst the mechanical stretch allows for ease of movement. Features include two lower external front zipper secure pockets, two internal pockets and an inner zipper guard.",https://d11ak7fd9ypfb7.cloudfront.net/styles1100px/TK20NAR.jpg,,0.0,TRUE,InStock,0.548,,TK20NARS,,,,Size,DROP_DOWN,S,Color,DROP_DOWN,Navy,,,,,,,,,,,,,Fit,<p>R</p>,Length,<p>65</p>,Width,<p>45</p>,Height,<p>40</p>,Box Quantity,<p>24</p>,Inner Pack Quantity,<p>1</p>,Country Of Origin,<p>BD</p>,Standards,<p></p>,,,,
TK20,Variant,,"The Print & Promo Softshell is an excellent choice for corporate wear as it is ideal for over printing and embroidery. This woven stretch two layer softshell is fleece backed for additional warmth and comfort, whilst the mechanical stretch allows for ease of movement. Features include two lower external front zipper secure pockets, two internal pockets and an inner zipper guard.",https://d11ak7fd9ypfb7.cloudfront.net/styles1100px/TK20NAR.jpg,,0.0,TRUE,InStock,0.648,,TK20NARXL,,,,Size,DROP_DOWN,XL,Color,DROP_DOWN,Navy,,,,,,,,,,,,,Fit,<p>R</p>,Length,<p>65</p>,Width,<p>45</p>,Height,<p>40</p>,Box Quantity,<p>24</p>,Inner Pack Quantity,<p>1</p>,Country Of Origin,<p>BD</p>,Standards,<p></p>,,,,
TK20,Variant,,"The Print & Promo Softshell is an excellent choice for corporate wear as it is ideal for over printing and embroidery. This woven stretch two layer softshell is fleece backed for additional warmth and comfort, whilst the mechanical stretch allows for ease of movement. Features include two lower external front zipper secure pockets, two internal pockets and an inner zipper guard.",https://d11ak7fd9ypfb7.cloudfront.net/styles1100px/TK20NAR.jpg,,0.0,TRUE,InStock,0.684,,TK20NARXXL,,,,Size,DROP_DOWN,XXL,Color,DROP_DOWN,Navy,,,,,,,,,,,,,Fit,<p>R</p>,Length,<p>65</p>,Width,<p>45</p>,Height,<p>40</p>,Box Quantity,<p>24</p>,Inner Pack Quantity,<p>1</p>,Country Of Origin,<p>BD</p>,Standards,<p></p>,,,,
TK20,Variant,,"The Print & Promo Softshell is an excellent choice for corporate wear as it is ideal for over printing and embroidery. This woven stretch two layer softshell is fleece backed for additional warmth and comfort, whilst the mechanical stretch allows for ease of movement. Features include two lower external front zipper secure pockets, two internal pockets and an inner zipper guard.",https://d11ak7fd9ypfb7.cloudfront.net/styles1100px/TK20NAR.jpg,,0.0,TRUE,InStock,0.7,,TK20NARXXXL,,,,Size,DROP_DOWN,XXXL,Color,DROP_DOWN,Navy,,,,,,,,,,,,,Fit,<p>R</p>,Length,<p>65</p>,Width,<p>45</p>,Height,<p>40</p>,Box Quantity,<p>24</p>,Inner Pack Quantity,<p>1</p>,Country Of Origin,<p>BD</p>,Standards,<p></p>,,,,
TK25,Product,TK25 - ,,https://d11ak7fd9ypfb7.cloudfront.net/styles1100px/TK25BKR.jpg,0.0,0.0,TRUE,InStock,0.62,,TK25BKRL,,,,Size,DROP_DOWN,M;L,Color,DROP_DOWN,Black,,,,,,,,,,,,,Fit,<p>R</p>,Length,<p>65</p>,Width,<p>45</p>,Height,<p>40</p>,Box Quantity,<p>24</p>,Inner Pack Quantity,<p>1</p>,Country Of Origin,<p>CN</p>,Standards,<p></p>,,,,
TK25,Variant,,,https://d11ak7fd9ypfb7.cloudfront.net/styles1100px/TK25BKR.jpg,,0.0,TRUE,InStock,0.62,,TK25BKRL,,,,Size,DROP_DOWN,L,Color,DROP_DOWN,Black,,,,,,,,,,,,,Fit,<p>R</p>,Length,<p>65</p>,Width,<p>45</p>,Height,<p>40</p>,Box Quantity,<p>24</p>,Inner Pack Quantity,<p>1</p>,Country Of Origin,<p>CN</p>,Standards,<p></p>,,,,
TK25,Variant,,,https://d11ak7fd9ypfb7.cloudfront.net/styles1100px/TK25BKR.jpg,,0.0,TRUE,InStock,0.62,,TK25BKRM,,,,Size,DROP_DOWN,M,Color,DROP_DOWN,Black,,,,,,,,,,,,,Fit,<p>R</p>,Length,<p>65</p>,Width,<p>45</p>,Height,<p>40</p>,Box Quantity,<p>24</p>,Inner Pack Quantity,<p>1</p>,Country Of Origin,<p>CN</p>,Standards,<p></p>,,,,
TX55,Product,TX55 - Nantes Hi-Vis Coverall,This stylish Coverall offers complete certified protection for anyone working near motorways or traffic. Useful features include knee pad pockets and back elastication for ease of movement.,https://d11ak7fd9ypfb7.cloudfront.net/styles1100px/TX55YNR.jpg,0.0,0.0,TRUE,InStock,1.09,,TX55YNRL,,,,Size,DROP_DOWN,S;M;L;XL;XXL;XXXL,Color,DROP_DOWN,Yellow/Navy,,,,,,,,,,,,,Fit,<p>R</p>,Length,<p>65</p>,Width,<p>40</p>,Height,<p>28</p>,Box Quantity,<p>18</p>,Inner Pack Quantity,<p>1</p>,Country Of Origin,<p>BD</p>,Standards,<ul><li>EN ISO 20471 Class 3</li><li>RIS-3279-TOM  ISSUE 1 (ORANGE ONLY)</li></ul>,,,,
TX55,Variant,,This stylish Coverall offers complete certified protection for anyone working near motorways or traffic. Useful features include knee pad pockets and back elastication for ease of movement.,https://d11ak7fd9ypfb7.cloudfront.net/styles1100px/TX55YNR.jpg,,0.0,TRUE,InStock,1.09,,TX55YNRL,,,,Size,DROP_DOWN,L,Color,DROP_DOWN,Yellow/Navy,,,,,,,,,,,,,Fit,<p>R</p>,Length,<p>65</p>,Width,<p>40</p>,Height,<p>28</p>,Box Quantity,<p>18</p>,Inner Pack Quantity,<p>1</p>,Country Of Origin,<p>BD</p>,Standards,<ul><li>EN ISO 20471 Class 3</li><li>RIS-3279-TOM  ISSUE 1 (ORANGE ONLY)</li></ul>,,,,
TX55,Variant,,This stylish Coverall offers complete certified protection for anyone working near motorways or traffic. Useful features include knee pad pockets and back elastication for ease of movement.,https://d11ak7fd9ypfb7.cloudfront.net/styles1100px/TX55YNR.jpg,,0.0,TRUE,InStock,1.05,,TX55YNRM,,,,Size,DROP_DOWN,M,Color,DROP_DOWN,Yellow/Navy,,,,,,,,,,,,,Fit,<p>R</p>,Length,<p>65</p>,Width,<p>40</p>,Height,<p>28</p>,Box Quantity,<p>18</p>,Inner Pack Quantity,<p>1</p>,Country Of Origin,<p>BD</p>,Standards,<ul><li>EN ISO 20471 Class 3</li><li>RIS-3279-TOM  ISSUE 1 (ORANGE ONLY)</li></ul>,,,,
TX55,Variant,,This stylish Coverall offers complete certified protection for anyone working near motorways or traffic. Useful features include knee pad pockets and back elastication for ease of movement.,https://d11ak7fd9ypfb7.cloudfront.net/styles1100px/TX55YNR.jpg,,0.0,TRUE,InStock,1,,TX55YNRS,,,,Size,DROP_DOWN,S,Color,DROP_DOWN,Yellow/Navy,,,,,,,,,,,,,Fit,<p>R</p>,Length,<p>65</p>,Width,<p>40</p>,Height,<p>28</p>,Box Quantity,<p>18</p>,Inner Pack Quantity,<p>1</p>,Country Of Origin,<p>BD</p>,Standards,<ul><li>EN ISO 20471 Class 3</li><li>RIS-3279-TOM  ISSUE 1 (ORANGE ONLY)</li></ul>,,,,
TX55,Variant,,This stylish Coverall offers complete certified protection for anyone working near motorways or traffic. Useful features include knee pad pockets and back elastication for ease of movement.,https://d11ak7fd9ypfb7.cloudfront.net/styles1100px/TX55YNR.jpg,,0.0,TRUE,InStock,1.14,,TX55YNRXL,,,,Size,DROP_DOWN,XL,Color,DROP_DOWN,Yellow/Navy,,,,,,,,,,,,,Fit,<p>R</p>,Length,<p>65</p>,Width,<p>40</p>,Height,<p>28</p>,Box Quantity,<p>18</p>,Inner Pack Quantity,<p>1</p>,Country Of Origin,<p>BD</p>,Standards,<ul><li>EN ISO 20471 Class 3</li><li>RIS-3279-TOM  ISSUE 1 (ORANGE ONLY)</li></ul>,,,,
TX55,Variant,,This stylish Coverall offers complete certified protection for anyone working near motorways or traffic. Useful features include knee pad pockets and back elastication for ease of movement.,https://d11ak7fd9ypfb7.cloudfront.net/styles1100px/TX55YNR.jpg,,0.0,TRUE,InStock,1.18,,TX55YNRXXL,,,,Size,DROP_DOWN,XXL,Color,DROP_DOWN,Yellow/Navy,,,,,,,,,,,,,Fit,<p>R</p>,Length,<p>65</p>,Width,<p>40</p>,Height,<p>33</p>,Box Quantity,<p>18</p>,Inner Pack Quantity,<p>1</p>,Country Of Origin,<p>BD</p>,Standards,<ul><li>EN ISO 20471 Class 3</li><li>RIS-3279-TOM  ISSUE 1 (ORANGE ONLY)</li></ul>,,,,
TX55,Variant,,This stylish Coverall offers complete certified protection for anyone working near motorways or traffic. Useful features include knee pad pockets and back elastication for ease of movement.,https://d11ak7fd9ypfb7.cloudfront.net/styles1100px/TX55YNR.jpg,,0.0,TRUE,InStock,1.22,,TX55YNRXXXL,,,,Size,DROP_DOWN,XXXL,Color,DROP_DOWN,Yellow/Navy,,,,,,,,,,,,,Fit,<p>R</p>,Length,<p>65</p>,Width,<p>40</p>,Height,<p>33</p>,Box Quantity,<p>18</p>,Inner Pack Quantity,<p>1</p>,Country Of Origin,<p>BD</p>,Standards,<ul><li>EN ISO 20471 Class 3</li><li>RIS-3279-TOM  ISSUE 1 (ORANGE ONLY)</li></ul>,,,,
UAF73,Product,UAF73 - Araflame NFPA 2112 FR Coverall,"This super lightweight coverall offers outstanding flame resistant protection. The Araflame fabric is soft and breathable but provides excellent tear and tensile strength. Ideal for a variety of industries including oil and gas, petrochemical and many more. The coverall's features include triple stitching throughout, secure pockets and waist elastication for ease of movement.",https://d11ak7fd9ypfb7.cloudfront.net/styles1100px/UAF73GRR.jpg,230.0,0.0,TRUE,InStock,0.999,,UAF73GRR36,,,,Size,DROP_DOWN,36;38;40;42;44;46;48;50;52;54;56;58;60;62;64;66,Color,DROP_DOWN,Grey;Navy,,,,,,,,,,,,,Fit,<p>R</p>,Length,<p>43</p>,Width,<p>28</p>,Height,<p>50</p>,Box Quantity,<p>18</p>,Inner Pack Quantity,<p>1</p>,Country Of Origin,<p>BD</p>,Standards,<ul><li>ASTM F1959/F1959M-12   ATPV 5.9 CAL/CM<sup>2</sup> (HAF 63.1%)</li><li>EN 1149 -5</li><li>EN ISO 11612   A1+A2 B1 C1 F1</li><li>NFPA® 2112</li></ul>,,,,
UAF73,Variant,,"This super lightweight coverall offers outstanding flame resistant protection. The Araflame fabric is soft and breathable but provides excellent tear and tensile strength. Ideal for a variety of industries including oil and gas, petrochemical and many more. The coverall's features include triple stitching throughout, secure pockets and waist elastication for ease of movement.",https://d11ak7fd9ypfb7.cloudfront.net/styles1100px/UAF73GRR.jpg,,0.0,TRUE,InStock,0.999,,UAF73GRR36,,,,Size,DROP_DOWN,36,Color,DROP_DOWN,Grey,,,,,,,,,,,,,Fit,<p>R</p>,Length,<p>43</p>,Width,<p>28</p>,Height,<p>50</p>,Box Quantity,<p>18</p>,Inner Pack Quantity,<p>1</p>,Country Of Origin,<p>BD</p>,Standards,<ul><li>ASTM F1959/F1959M-12   ATPV 5.9 CAL/CM<sup>2</sup> (HAF 63.1%)</li><li>EN 1149 -5</li><li>EN ISO 11612   A1+A2 B1 C1 F1</li><li>NFPA® 2112</li></ul>,,,,
UAF73,Variant,,"This super lightweight coverall offers outstanding flame resistant protection. The Araflame fabric is soft and breathable but provides excellent tear and tensile strength. Ideal for a variety of industries including oil and gas, petrochemical and many more. The coverall's features include triple stitching throughout, secure pockets and waist elastication for ease of movement.",https://d11ak7fd9ypfb7.cloudfront.net/styles1100px/UAF73GRR.jpg,,0.0,TRUE,InStock,0.999,,UAF73GRR38,,,,Size,DROP_DOWN,38,Color,DROP_DOWN,Grey,,,,,,,,,,,,,Fit,<p>R</p>,Length,<p>43</p>,Width,<p>28</p>,Height,<p>50</p>,Box Quantity,<p>18</p>,Inner Pack Quantity,<p>1</p>,Country Of Origin,<p>BD</p>,Standards,<ul><li>ASTM F1959/F1959M-12   ATPV 5.9 CAL/CM<sup>2</sup> (HAF 63.1%)</li><li>EN 1149 -5</li><li>EN ISO 11612   A1+A2 B1 C1 F1</li><li>NFPA® 2112</li></ul>,,,,
UAF73,Variant,,"This super lightweight coverall offers outstanding flame resistant protection. The Araflame fabric is soft and breathable but provides excellent tear and tensile strength. Ideal for a variety of industries including oil and gas, petrochemical and many more. The coverall's features include triple stitching throughout, secure pockets and waist elastication for ease of movement.",https://d11ak7fd9ypfb7.cloudfront.net/styles1100px/UAF73GRR.jpg,,0.0,TRUE,InStock,0.999,,UAF73GRR40,,,,Size,DROP_DOWN,40,Color,DROP_DOWN,Grey,,,,,,,,,,,,,Fit,<p>R</p>,Length,<p>43</p>,Width,<p>28</p>,Height,<p>50</p>,Box Quantity,<p>18</p>,Inner Pack Quantity,<p>1</p>,Country Of Origin,<p>BD</p>,Standards,<ul><li>ASTM F1959/F1959M-12   ATPV 5.9 CAL/CM<sup>2</sup> (HAF 63.1%)</li><li>EN 1149 -5</li><li>EN ISO 11612   A1+A2 B1 C1 F1</li><li>NFPA® 2112</li></ul>,,,,
UAF73,Variant,,"This super lightweight coverall offers outstanding flame resistant protection. The Araflame fabric is soft and breathable but provides excellent tear and tensile strength. Ideal for a variety of industries including oil and gas, petrochemical and many more. The coverall's features include triple stitching throughout, secure pockets and waist elastication for ease of movement.",https://d11ak7fd9ypfb7.cloudfront.net/styles1100px/UAF73GRR.jpg,,0.0,TRUE,InStock,0.999,,UAF73GRR42,,,,Size,DROP_DOWN,42,Color,DROP_DOWN,Grey,,,,,,,,,,,,,Fit,<p>R</p>,Length,<p>43</p>,Width,<p>28</p>,Height,<p>50</p>,Box Quantity,<p>18</p>,Inner Pack Quantity,<p>1</p>,Country Of Origin,<p>BD</p>,Standards,<ul><li>ASTM F1959/F1959M-12   ATPV 5.9 CAL/CM<sup>2</sup> (HAF 63.1%)</li><li>EN 1149 -5</li><li>EN ISO 11612   A1+A2 B1 C1 F1</li><li>NFPA® 2112</li></ul>,,,,
UAF73,Variant,,"This super lightweight coverall offers outstanding flame resistant protection. The Araflame fabric is soft and breathable but provides excellent tear and tensile strength. Ideal for a variety of industries including oil and gas, petrochemical and many more. The coverall's features include triple stitching throughout, secure pockets and waist elastication for ease of movement.",https://d11ak7fd9ypfb7.cloudfront.net/styles1100px/UAF73GRR.jpg,,0.0,TRUE,InStock,0.999,,UAF73GRR44,,,,Size,DROP_DOWN,44,Color,DROP_DOWN,Grey,,,,,,,,,,,,,Fit,<p>R</p>,Length,<p>43</p>,Width,<p>28</p>,Height,<p>50</p>,Box Quantity,<p>18</p>,Inner Pack Quantity,<p>1</p>,Country Of Origin,<p>BD</p>,Standards,<ul><li>ASTM F1959/F1959M-12   ATPV 5.9 CAL/CM<sup>2</sup> (HAF 63.1%)</li><li>EN 1149 -5</li><li>EN ISO 11612   A1+A2 B1 C1 F1</li><li>NFPA® 2112</li></ul>,,,,
UAF73,Variant,,"This super lightweight coverall offers outstanding flame resistant protection. The Araflame fabric is soft and breathable but provides excellent tear and tensile strength. Ideal for a variety of industries including oil and gas, petrochemical and many more. The coverall's features include triple stitching throughout, secure pockets and waist elastication for ease of movement.",https://d11ak7fd9ypfb7.cloudfront.net/styles1100px/UAF73GRR.jpg,,0.0,TRUE,InStock,0.999,,UAF73GRR46,,,,Size,DROP_DOWN,46,Color,DROP_DOWN,Grey,,,,,,,,,,,,,Fit,<p>R</p>,Length,<p>43</p>,Width,<p>28</p>,Height,<p>50</p>,Box Quantity,<p>18</p>,Inner Pack Quantity,<p>1</p>,Country Of Origin,<p>BD</p>,Standards,<ul><li>ASTM F1959/F1959M-12   ATPV 5.9 CAL/CM<sup>2</sup> (HAF 63.1%)</li><li>EN 1149 -5</li><li>EN ISO 11612   A1+A2 B1 C1 F1</li><li>NFPA® 2112</li></ul>,,,,
UAF73,Variant,,"This super lightweight coverall offers outstanding flame resistant protection. The Araflame fabric is soft and breathable but provides excellent tear and tensile strength. Ideal for a variety of industries including oil and gas, petrochemical and many more. The coverall's features include triple stitching throughout, secure pockets and waist elastication for ease of movement.",https://d11ak7fd9ypfb7.cloudfront.net/styles1100px/UAF73GRR.jpg,,0.0,TRUE,InStock,0.999,,UAF73GRR48,,,,Size,DROP_DOWN,48,Color,DROP_DOWN,Grey,,,,,,,,,,,,,Fit,<p>R</p>,Length,<p>43</p>,Width,<p>28</p>,Height,<p>50</p>,Box Quantity,<p>18</p>,Inner Pack Quantity,<p>1</p>,Country Of Origin,<p>BD</p>,Standards,<ul><li>ASTM F1959/F1959M-12   ATPV 5.9 CAL/CM<sup>2</sup> (HAF 63.1%)</li><li>EN 1149 -5</li><li>EN ISO 11612   A1+A2 B1 C1 F1</li><li>NFPA® 2112</li></ul>,,,,
UAF73,Variant,,"This super lightweight coverall offers outstanding flame resistant protection. The Araflame fabric is soft and breathable but provides excellent tear and tensile strength. Ideal for a variety of industries including oil and gas, petrochemical and many more. The coverall's features include triple stitching throughout, secure pockets and waist elastication for ease of movement.",https://d11ak7fd9ypfb7.cloudfront.net/styles1100px/UAF73GRR.jpg,,0.0,TRUE,InStock,0.999,,UAF73GRR50,,,,Size,DROP_DOWN,50,Color,DROP_DOWN,Grey,,,,,,,,,,,,,Fit,<p>R</p>,Length,<p>43</p>,Width,<p>28</p>,Height,<p>50</p>,Box Quantity,<p>18</p>,Inner Pack Quantity,<p>1</p>,Country Of Origin,<p>BD</p>,Standards,<ul><li>ASTM F1959/F1959M-12   ATPV 5.9 CAL/CM<sup>2</sup> (HAF 63.1%)</li><li>EN 1149 -5</li><li>EN ISO 11612   A1+A2 B1 C1 F1</li><li>NFPA® 2112</li></ul>,,,,
UAF73,Variant,,"This super lightweight coverall offers outstanding flame resistant protection. The Araflame fabric is soft and breathable but provides excellent tear and tensile strength. Ideal for a variety of industries including oil and gas, petrochemical and many more. The coverall's features include triple stitching throughout, secure pockets and waist elastication for ease of movement.",https://d11ak7fd9ypfb7.cloudfront.net/styles1100px/UAF73GRR.jpg,,0.0,TRUE,InStock,0.999,,UAF73GRR52,,,,Size,DROP_DOWN,52,Color,DROP_DOWN,Grey,,,,,,,,,,,,,Fit,<p>R</p>,Length,<p>43</p>,Width,<p>28</p>,Height,<p>50</p>,Box Quantity,<p>18</p>,Inner Pack Quantity,<p>1</p>,Country Of Origin,<p>BD</p>,Standards,<ul><li>ASTM F1959/F1959M-12   ATPV 5.9 CAL/CM<sup>2</sup> (HAF 63.1%)</li><li>EN 1149 -5</li><li>EN ISO 11612   A1+A2 B1 C1 F1</li><li>NFPA® 2112</li></ul>,,,,
UAF73,Variant,,"This super lightweight coverall offers outstanding flame resistant protection. The Araflame fabric is soft and breathable but provides excellent tear and tensile strength. Ideal for a variety of industries including oil and gas, petrochemical and many more. The coverall's features include triple stitching throughout, secure pockets and waist elastication for ease of movement.",https://d11ak7fd9ypfb7.cloudfront.net/styles1100px/UAF73GRR.jpg,,0.0,TRUE,InStock,0.999,,UAF73GRR54,,,,Size,DROP_DOWN,54,Color,DROP_DOWN,Grey,,,,,,,,,,,,,Fit,<p>R</p>,Length,<p>43</p>,Width,<p>28</p>,Height,<p>50</p>,Box Quantity,<p>18</p>,Inner Pack Quantity,<p>1</p>,Country Of Origin,<p>BD</p>,Standards,<ul><li>ASTM F1959/F1959M-12   ATPV 5.9 CAL/CM<sup>2</sup> (HAF 63.1%)</li><li>EN 1149 -5</li><li>EN ISO 11612   A1+A2 B1 C1 F1</li><li>NFPA® 2112</li></ul>,,,,
UAF73,Variant,,"This super lightweight coverall offers outstanding flame resistant protection. The Araflame fabric is soft and breathable but provides excellent tear and tensile strength. Ideal for a variety of industries including oil and gas, petrochemical and many more. The coverall's features include triple stitching throughout, secure pockets and waist elastication for ease of movement.",https://d11ak7fd9ypfb7.cloudfront.net/styles1100px/UAF73GRR.jpg,,0.0,TRUE,InStock,0.999,,UAF73GRR56,,,,Size,DROP_DOWN,56,Color,DROP_DOWN,Grey,,,,,,,,,,,,,Fit,<p>R</p>,Length,<p>43</p>,Width,<p>28</p>,Height,<p>50</p>,Box Quantity,<p>18</p>,Inner Pack Quantity,<p>1</p>,Country Of Origin,<p>BD</p>,Standards,<ul><li>ASTM F1959/F1959M-12   ATPV 5.9 CAL/CM<sup>2</sup> (HAF 63.1%)</li><li>EN 1149 -5</li><li>EN ISO 11612   A1+A2 B1 C1 F1</li><li>NFPA® 2112</li></ul>,,,,
UAF73,Variant,,"This super lightweight coverall offers outstanding flame resistant protection. The Araflame fabric is soft and breathable but provides excellent tear and tensile strength. Ideal for a variety of industries including oil and gas, petrochemical and many more. The coverall's features include triple stitching throughout, secure pockets and waist elastication for ease of movement.",https://d11ak7fd9ypfb7.cloudfront.net/styles1100px/UAF73GRR.jpg,,0.0,TRUE,InStock,0.999,,UAF73GRR58,,,,Size,DROP_DOWN,58,Color,DROP_DOWN,Grey,,,,,,,,,,,,,Fit,<p>R</p>,Length,<p>43</p>,Width,<p>28</p>,Height,<p>50</p>,Box Quantity,<p>18</p>,Inner Pack Quantity,<p>1</p>,Country Of Origin,<p>BD</p>,Standards,<ul><li>ASTM F1959/F1959M-12   ATPV 5.9 CAL/CM<sup>2</sup> (HAF 63.1%)</li><li>EN 1149 -5</li><li>EN ISO 11612   A1+A2 B1 C1 F1</li><li>NFPA® 2112</li></ul>,,,,
UAF73,Variant,,"This super lightweight coverall offers outstanding flame resistant protection. The Araflame fabric is soft and breathable but provides excellent tear and tensile strength. Ideal for a variety of industries including oil and gas, petrochemical and many more. The coverall's features include triple stitching throughout, secure pockets and waist elastication for ease of movement.",https://d11ak7fd9ypfb7.cloudfront.net/styles1100px/UAF73GRR.jpg,,0.0,TRUE,InStock,0.999,,UAF73GRR60,,,,Size,DROP_DOWN,60,Color,DROP_DOWN,Grey,,,,,,,,,,,,,Fit,<p>R</p>,Length,<p>43</p>,Width,<p>28</p>,Height,<p>50</p>,Box Quantity,<p>18</p>,Inner Pack Quantity,<p>1</p>,Country Of Origin,<p>BD</p>,Standards,<ul><li>ASTM F1959/F1959M-12   ATPV 5.9 CAL/CM<sup>2</sup> (HAF 63.1%)</li><li>EN 1149 -5</li><li>EN ISO 11612   A1+A2 B1 C1 F1</li><li>NFPA® 2112</li></ul>,,,,
UAF73,Variant,,"This super lightweight coverall offers outstanding flame resistant protection. The Araflame fabric is soft and breathable but provides excellent tear and tensile strength. Ideal for a variety of industries including oil and gas, petrochemical and many more. The coverall's features include triple stitching throughout, secure pockets and waist elastication for ease of movement.",https://d11ak7fd9ypfb7.cloudfront.net/styles1100px/UAF73GRR.jpg,,0.0,TRUE,InStock,0.999,,UAF73GRR62,,,,Size,DROP_DOWN,62,Color,DROP_DOWN,Grey,,,,,,,,,,,,,Fit,<p>R</p>,Length,<p>43</p>,Width,<p>28</p>,Height,<p>50</p>,Box Quantity,<p>18</p>,Inner Pack Quantity,<p>1</p>,Country Of Origin,<p>BD</p>,Standards,<ul><li>ASTM F1959/F1959M-12   ATPV 5.9 CAL/CM<sup>2</sup> (HAF 63.1%)</li><li>EN 1149 -5</li><li>EN ISO 11612   A1+A2 B1 C1 F1</li><li>NFPA® 2112</li></ul>,,,,
UAF73,Variant,,"This super lightweight coverall offers outstanding flame resistant protection. The Araflame fabric is soft and breathable but provides excellent tear and tensile strength. Ideal for a variety of industries including oil and gas, petrochemical and many more. The coverall's features include triple stitching throughout, secure pockets and waist elastication for ease of movement.",https://d11ak7fd9ypfb7.cloudfront.net/styles1100px/UAF73GRR.jpg,,0.0,TRUE,InStock,0.999,,UAF73GRR64,,,,Size,DROP_DOWN,64,Color,DROP_DOWN,Grey,,,,,,,,,,,,,Fit,<p>R</p>,Length,<p>43</p>,Width,<p>28</p>,Height,<p>50</p>,Box Quantity,<p>18</p>,Inner Pack Quantity,<p>1</p>,Country Of Origin,<p>BD</p>,Standards,<ul><li>ASTM F1959/F1959M-12   ATPV 5.9 CAL/CM<sup>2</sup> (HAF 63.1%)</li><li>EN 1149 -5</li><li>EN ISO 11612   A1+A2 B1 C1 F1</li><li>NFPA® 2112</li></ul>,,,,
UAF73,Variant,,"This super lightweight coverall offers outstanding flame resistant protection. The Araflame fabric is soft and breathable but provides excellent tear and tensile strength. Ideal for a variety of industries including oil and gas, petrochemical and many more. The coverall's features include triple stitching throughout, secure pockets and waist elastication for ease of movement.",https://d11ak7fd9ypfb7.cloudfront.net/styles1100px/UAF73GRR.jpg,,0.0,TRUE,InStock,0.999,,UAF73GRR66,,,,Size,DROP_DOWN,66,Color,DROP_DOWN,Grey,,,,,,,,,,,,,Fit,<p>R</p>,Length,<p>43</p>,Width,<p>28</p>,Height,<p>50</p>,Box Quantity,<p>18</p>,Inner Pack Quantity,<p>1</p>,Country Of Origin,<p>BD</p>,Standards,<ul><li>ASTM F1959/F1959M-12   ATPV 5.9 CAL/CM<sup>2</sup> (HAF 63.1%)</li><li>EN 1149 -5</li><li>EN ISO 11612   A1+A2 B1 C1 F1</li><li>NFPA® 2112</li></ul>,,,,
UAF73,Variant,,"This super lightweight coverall offers outstanding flame resistant protection. The Araflame fabric is soft and breathable but provides excellent tear and tensile strength. Ideal for a variety of industries including oil and gas, petrochemical and many more. The coverall's features include triple stitching throughout, secure pockets and waist elastication for ease of movement.",https://d11ak7fd9ypfb7.cloudfront.net/styles1100px/UAF73NAR.jpg,,0.0,TRUE,InStock,0.999,,UAF73NAR40,,,,Size,DROP_DOWN,40,Color,DROP_DOWN,Navy,,,,,,,,,,,,,Fit,<p>R</p>,Length,<p>43</p>,Width,<p>28</p>,Height,<p>50</p>,Box Quantity,<p>18</p>,Inner Pack Quantity,<p>1</p>,Country Of Origin,<p>BD</p>,Standards,<ul><li>ASTM F1959/F1959M-12   ATPV 5.9 CAL/CM<sup>2</sup> (HAF 63.1%)</li><li>EN 1149 -5</li><li>EN ISO 11612   A1+A2 B1 C1 F1</li><li>NFPA® 2112</li></ul>,,,,
UAF73,Variant,,"This super lightweight coverall offers outstanding flame resistant protection. The Araflame fabric is soft and breathable but provides excellent tear and tensile strength. Ideal for a variety of industries including oil and gas, petrochemical and many more. The coverall's features include triple stitching throughout, secure pockets and waist elastication for ease of movement.",https://d11ak7fd9ypfb7.cloudfront.net/styles1100px/UAF73NAR.jpg,,0.0,TRUE,InStock,0.999,,UAF73NAR42,,,,Size,DROP_DOWN,42,Color,DROP_DOWN,Navy,,,,,,,,,,,,,Fit,<p>R</p>,Length,<p>43</p>,Width,<p>28</p>,Height,<p>50</p>,Box Quantity,<p>18</p>,Inner Pack Quantity,<p>1</p>,Country Of Origin,<p>BD</p>,Standards,<ul><li>ASTM F1959/F1959M-12   ATPV 5.9 CAL/CM<sup>2</sup> (HAF 63.1%)</li><li>EN 1149 -5</li><li>EN ISO 11612   A1+A2 B1 C1 F1</li><li>NFPA® 2112</li></ul>,,,,
UAF73,Variant,,"This super lightweight coverall offers outstanding flame resistant protection. The Araflame fabric is soft and breathable but provides excellent tear and tensile strength. Ideal for a variety of industries including oil and gas, petrochemical and many more. The coverall's features include triple stitching throughout, secure pockets and waist elastication for ease of movement.",https://d11ak7fd9ypfb7.cloudfront.net/styles1100px/UAF73NAR.jpg,,0.0,TRUE,InStock,0.999,,UAF73NAR44,,,,Size,DROP_DOWN,44,Color,DROP_DOWN,Navy,,,,,,,,,,,,,Fit,<p>R</p>,Length,<p>43</p>,Width,<p>28</p>,Height,<p>50</p>,Box Quantity,<p>18</p>,Inner Pack Quantity,<p>1</p>,Country Of Origin,<p>BD</p>,Standards,<ul><li>ASTM F1959/F1959M-12   ATPV 5.9 CAL/CM<sup>2</sup> (HAF 63.1%)</li><li>EN 1149 -5</li><li>EN ISO 11612   A1+A2 B1 C1 F1</li><li>NFPA® 2112</li></ul>,,,,
UAF73,Variant,,"This super lightweight coverall offers outstanding flame resistant protection. The Araflame fabric is soft and breathable but provides excellent tear and tensile strength. Ideal for a variety of industries including oil and gas, petrochemical and many more. The coverall's features include triple stitching throughout, secure pockets and waist elastication for ease of movement.",https://d11ak7fd9ypfb7.cloudfront.net/styles1100px/UAF73NAR.jpg,,0.0,TRUE,InStock,0.999,,UAF73NAR46,,,,Size,DROP_DOWN,46,Color,DROP_DOWN,Navy,,,,,,,,,,,,,Fit,<p>R</p>,Length,<p>43</p>,Width,<p>28</p>,Height,<p>50</p>,Box Quantity,<p>18</p>,Inner Pack Quantity,<p>1</p>,Country Of Origin,<p>BD</p>,Standards,<ul><li>ASTM F1959/F1959M-12   ATPV 5.9 CAL/CM<sup>2</sup> (HAF 63.1%)</li><li>EN 1149 -5</li><li>EN ISO 11612   A1+A2 B1 C1 F1</li><li>NFPA® 2112</li></ul>,,,,
UAF73,Variant,,"This super lightweight coverall offers outstanding flame resistant protection. The Araflame fabric is soft and breathable but provides excellent tear and tensile strength. Ideal for a variety of industries including oil and gas, petrochemical and many more. The coverall's features include triple stitching throughout, secure pockets and waist elastication for ease of movement.",https://d11ak7fd9ypfb7.cloudfront.net/styles1100px/UAF73NAR.jpg,,0.0,TRUE,InStock,0.999,,UAF73NAR48,,,,Size,DROP_DOWN,48,Color,DROP_DOWN,Navy,,,,,,,,,,,,,Fit,<p>R</p>,Length,<p>43</p>,Width,<p>28</p>,Height,<p>50</p>,Box Quantity,<p>18</p>,Inner Pack Quantity,<p>1</p>,Country Of Origin,<p>BD</p>,Standards,<ul><li>ASTM F1959/F1959M-12   ATPV 5.9 CAL/CM<sup>2</sup> (HAF 63.1%)</li><li>EN 1149 -5</li><li>EN ISO 11612   A1+A2 B1 C1 F1</li><li>NFPA® 2112</li></ul>,,,,
UAF73,Variant,,"This super lightweight coverall offers outstanding flame resistant protection. The Araflame fabric is soft and breathable but provides excellent tear and tensile strength. Ideal for a variety of industries including oil and gas, petrochemical and many more. The coverall's features include triple stitching throughout, secure pockets and waist elastication for ease of movement.",https://d11ak7fd9ypfb7.cloudfront.net/styles1100px/UAF73NAR.jpg,,0.0,TRUE,InStock,0.999,,UAF73NAR50,,,,Size,DROP_DOWN,50,Color,DROP_DOWN,Navy,,,,,,,,,,,,,Fit,<p>R</p>,Length,<p>43</p>,Width,<p>28</p>,Height,<p>50</p>,Box Quantity,<p>18</p>,Inner Pack Quantity,<p>1</p>,Country Of Origin,<p>BD</p>,Standards,<ul><li>ASTM F1959/F1959M-12   ATPV 5.9 CAL/CM<sup>2</sup> (HAF 63.1%)</li><li>EN 1149 -5</li><li>EN ISO 11612   A1+A2 B1 C1 F1</li><li>NFPA® 2112</li></ul>,,,,
UAF73,Variant,,"This super lightweight coverall offers outstanding flame resistant protection. The Araflame fabric is soft and breathable but provides excellent tear and tensile strength. Ideal for a variety of industries including oil and gas, petrochemical and many more. The coverall's features include triple stitching throughout, secure pockets and waist elastication for ease of movement.",https://d11ak7fd9ypfb7.cloudfront.net/styles1100px/UAF73NAR.jpg,,0.0,TRUE,InStock,0.999,,UAF73NAR52,,,,Size,DROP_DOWN,52,Color,DROP_DOWN,Navy,,,,,,,,,,,,,Fit,<p>R</p>,Length,<p>43</p>,Width,<p>28</p>,Height,<p>50</p>,Box Quantity,<p>18</p>,Inner Pack Quantity,<p>1</p>,Country Of Origin,<p>BD</p>,Standards,<ul><li>ASTM F1959/F1959M-12   ATPV 5.9 CAL/CM<sup>2</sup> (HAF 63.1%)</li><li>EN 1149 -5</li><li>EN ISO 11612   A1+A2 B1 C1 F1</li><li>NFPA® 2112</li></ul>,,,,
UAF73,Variant,,"This super lightweight coverall offers outstanding flame resistant protection. The Araflame fabric is soft and breathable but provides excellent tear and tensile strength. Ideal for a variety of industries including oil and gas, petrochemical and many more. The coverall's features include triple stitching throughout, secure pockets and waist elastication for ease of movement.",https://d11ak7fd9ypfb7.cloudfront.net/styles1100px/UAF73NAR.jpg,,0.0,TRUE,InStock,0.999,,UAF73NAR54,,,,Size,DROP_DOWN,54,Color,DROP_DOWN,Navy,,,,,,,,,,,,,Fit,<p>R</p>,Length,<p>43</p>,Width,<p>28</p>,Height,<p>50</p>,Box Quantity,<p>18</p>,Inner Pack Quantity,<p>1</p>,Country Of Origin,<p>BD</p>,Standards,<ul><li>ASTM F1959/F1959M-12   ATPV 5.9 CAL/CM<sup>2</sup> (HAF 63.1%)</li><li>EN 1149 -5</li><li>EN ISO 11612   A1+A2 B1 C1 F1</li><li>NFPA® 2112</li></ul>,,,,
UAF73,Variant,,"This super lightweight coverall offers outstanding flame resistant protection. The Araflame fabric is soft and breathable but provides excellent tear and tensile strength. Ideal for a variety of industries including oil and gas, petrochemical and many more. The coverall's features include triple stitching throughout, secure pockets and waist elastication for ease of movement.",https://d11ak7fd9ypfb7.cloudfront.net/styles1100px/UAF73NAR.jpg,,0.0,TRUE,InStock,0.999,,UAF73NAR56,,,,Size,DROP_DOWN,56,Color,DROP_DOWN,Navy,,,,,,,,,,,,,Fit,<p>R</p>,Length,<p>43</p>,Width,<p>28</p>,Height,<p>50</p>,Box Quantity,<p>18</p>,Inner Pack Quantity,<p>1</p>,Country Of Origin,<p>BD</p>,Standards,<ul><li>ASTM F1959/F1959M-12   ATPV 5.9 CAL/CM<sup>2</sup> (HAF 63.1%)</li><li>EN 1149 -5</li><li>EN ISO 11612   A1+A2 B1 C1 F1</li><li>NFPA® 2112</li></ul>,,,,
UAF73,Variant,,"This super lightweight coverall offers outstanding flame resistant protection. The Araflame fabric is soft and breathable but provides excellent tear and tensile strength. Ideal for a variety of industries including oil and gas, petrochemical and many more. The coverall's features include triple stitching throughout, secure pockets and waist elastication for ease of movement.",https://d11ak7fd9ypfb7.cloudfront.net/styles1100px/UAF73NAR.jpg,,0.0,TRUE,InStock,0.999,,UAF73NAR58,,,,Size,DROP_DOWN,58,Color,DROP_DOWN,Navy,,,,,,,,,,,,,Fit,<p>R</p>,Length,<p>43</p>,Width,<p>28</p>,Height,<p>50</p>,Box Quantity,<p>18</p>,Inner Pack Quantity,<p>1</p>,Country Of Origin,<p>BD</p>,Standards,<ul><li>ASTM F1959/F1959M-12   ATPV 5.9 CAL/CM<sup>2</sup> (HAF 63.1%)</li><li>EN 1149 -5</li><li>EN ISO 11612   A1+A2 B1 C1 F1</li><li>NFPA® 2112</li></ul>,,,,
UAF73,Variant,,"This super lightweight coverall offers outstanding flame resistant protection. The Araflame fabric is soft and breathable but provides excellent tear and tensile strength. Ideal for a variety of industries including oil and gas, petrochemical and many more. The coverall's features include triple stitching throughout, secure pockets and waist elastication for ease of movement.",https://d11ak7fd9ypfb7.cloudfront.net/styles1100px/UAF73NAR.jpg,,0.0,TRUE,InStock,0.999,,UAF73NAR60,,,,Size,DROP_DOWN,60,Color,DROP_DOWN,Navy,,,,,,,,,,,,,Fit,<p>R</p>,Length,<p>43</p>,Width,<p>28</p>,Height,<p>50</p>,Box Quantity,<p>18</p>,Inner Pack Quantity,<p>1</p>,Country Of Origin,<p>BD</p>,Standards,<ul><li>ASTM F1959/F1959M-12   ATPV 5.9 CAL/CM<sup>2</sup> (HAF 63.1%)</li><li>EN 1149 -5</li><li>EN ISO 11612   A1+A2 B1 C1 F1</li><li>NFPA® 2112</li></ul>,,,,
UAF73,Variant,,"This super lightweight coverall offers outstanding flame resistant protection. The Araflame fabric is soft and breathable but provides excellent tear and tensile strength. Ideal for a variety of industries including oil and gas, petrochemical and many more. The coverall's features include triple stitching throughout, secure pockets and waist elastication for ease of movement.",https://d11ak7fd9ypfb7.cloudfront.net/styles1100px/UAF73NAR.jpg,,0.0,TRUE,InStock,0.999,,UAF73NAR62,,,,Size,DROP_DOWN,62,Color,DROP_DOWN,Navy,,,,,,,,,,,,,Fit,<p>R</p>,Length,<p>43</p>,Width,<p>28</p>,Height,<p>50</p>,Box Quantity,<p>18</p>,Inner Pack Quantity,<p>1</p>,Country Of Origin,<p>BD</p>,Standards,<ul><li>ASTM F1959/F1959M-12   ATPV 5.9 CAL/CM<sup>2</sup> (HAF 63.1%)</li><li>EN 1149 -5</li><li>EN ISO 11612   A1+A2 B1 C1 F1</li><li>NFPA® 2112</li></ul>,,,,
UAF73,Variant,,"This super lightweight coverall offers outstanding flame resistant protection. The Araflame fabric is soft and breathable but provides excellent tear and tensile strength. Ideal for a variety of industries including oil and gas, petrochemical and many more. The coverall's features include triple stitching throughout, secure pockets and waist elastication for ease of movement.",https://d11ak7fd9ypfb7.cloudfront.net/styles1100px/UAF73NAR.jpg,,0.0,TRUE,InStock,0.999,,UAF73NAR64,,,,Size,DROP_DOWN,64,Color,DROP_DOWN,Navy,,,,,,,,,,,,,Fit,<p>R</p>,Length,<p>43</p>,Width,<p>28</p>,Height,<p>50</p>,Box Quantity,<p>18</p>,Inner Pack Quantity,<p>1</p>,Country Of Origin,<p>BD</p>,Standards,<ul><li>ASTM F1959/F1959M-12   ATPV 5.9 CAL/CM<sup>2</sup> (HAF 63.1%)</li><li>EN 1149 -5</li><li>EN ISO 11612   A1+A2 B1 C1 F1</li><li>NFPA® 2112</li></ul>,,,,
UAF73,Variant,,"This super lightweight coverall offers outstanding flame resistant protection. The Araflame fabric is soft and breathable but provides excellent tear and tensile strength. Ideal for a variety of industries including oil and gas, petrochemical and many more. The coverall's features include triple stitching throughout, secure pockets and waist elastication for ease of movement.",https://d11ak7fd9ypfb7.cloudfront.net/styles1100px/UAF73NAR.jpg,,0.0,TRUE,InStock,0.999,,UAF73NAR66,,,,Size,DROP_DOWN,66,Color,DROP_DOWN,Navy,,,,,,,,,,,,,Fit,<p>R</p>,Length,<p>43</p>,Width,<p>28</p>,Height,<p>50</p>,Box Quantity,<p>18</p>,Inner Pack Quantity,<p>1</p>,Country Of Origin,<p>BD</p>,Standards,<ul><li>ASTM F1959/F1959M-12   ATPV 5.9 CAL/CM<sup>2</sup> (HAF 63.1%)</li><li>EN 1149 -5</li><li>EN ISO 11612   A1+A2 B1 C1 F1</li><li>NFPA® 2112</li></ul>,,,,
UB214,Product,UB214 - Thermal T-Shirt Short Sleeve,Classic breathable thermal material Round neck and short sleeves Steady seam construction,https://d11ak7fd9ypfb7.cloudfront.net/styles1100px/UB214NAR.jpg,0.0,0.0,TRUE,InStock,0.22,,UB214NARL,,,,Size,DROP_DOWN,M;L;XL;XXL;XXXL,Color,DROP_DOWN,Navy;Sky Blue;White,,,,,,,,,,,,,Fit,<p>R</p>,Length,<p>38</p>,Width,<p>31</p>,Height,<p>58</p>,Box Quantity,<p>60</p>,Inner Pack Quantity,<p>1</p>,Country Of Origin,<p></p>,Standards,<p></p>,,,,
UB214,Variant,,Classic breathable thermal material Round neck and short sleeves Steady seam construction,https://d11ak7fd9ypfb7.cloudfront.net/styles1100px/UB214NAR.jpg,,0.0,TRUE,InStock,0.22,,UB214NARL,,,,Size,DROP_DOWN,L,Color,DROP_DOWN,Navy,,,,,,,,,,,,,Fit,<p>R</p>,Length,<p>38</p>,Width,<p>31</p>,Height,<p>58</p>,Box Quantity,<p>60</p>,Inner Pack Quantity,<p>1</p>,Country Of Origin,<p></p>,Standards,<p></p>,,,,
UB214,Variant,,Classic breathable thermal material Round neck and short sleeves Steady seam construction,https://d11ak7fd9ypfb7.cloudfront.net/styles1100px/UB214NAR.jpg,,0.0,TRUE,InStock,0.21,,UB214NARM,,,,Size,DROP_DOWN,M,Color,DROP_DOWN,Navy,,,,,,,,,,,,,Fit,<p>R</p>,Length,<p>38</p>,Width,<p>31</p>,Height,<p>58</p>,Box Quantity,<p>60</p>,Inner Pack Quantity,<p>1</p>,Country Of Origin,<p></p>,Standards,<p></p>,,,,
UB214,Variant,,Classic breathable thermal material Round neck and short sleeves Steady seam construction,https://d11ak7fd9ypfb7.cloudfront.net/styles1100px/UB214NAR.jpg,,0.0,TRUE,InStock,0.23,,UB214NARXL,,,,Size,DROP_DOWN,XL,Color,DROP_DOWN,Navy,,,,,,,,,,,,,Fit,<p>R</p>,Length,<p>38</p>,Width,<p>31</p>,Height,<p>58</p>,Box Quantity,<p>60</p>,Inner Pack Quantity,<p>1</p>,Country Of Origin,<p></p>,Standards,<p></p>,,,,
UB214,Variant,,Classic breathable thermal material Round neck and short sleeves Steady seam construction,https://d11ak7fd9ypfb7.cloudfront.net/styles1100px/UB214NAR.jpg,,0.0,TRUE,InStock,0.24,,UB214NARXXL,,,,Size,DROP_DOWN,XXL,Color,DROP_DOWN,Navy,,,,,,,,,,,,,Fit,<p>R</p>,Length,<p>38</p>,Width,<p>31</p>,Height,<p>58</p>,Box Quantity,<p>60</p>,Inner Pack Quantity,<p>1</p>,Country Of Origin,<p></p>,Standards,<p></p>,,,,
UB214,Variant,,Classic breathable thermal material Round neck and short sleeves Steady seam construction,https://d11ak7fd9ypfb7.cloudfront.net/styles1100px/UB214NAR.jpg,,0.0,TRUE,InStock,0.25,,UB214NARXXXL,,,,Size,DROP_DOWN,XXXL,Color,DROP_DOWN,Navy,,,,,,,,,,,,,Fit,<p>R</p>,Length,<p>38</p>,Width,<p>31</p>,Height,<p>58</p>,Box Quantity,<p>60</p>,Inner Pack Quantity,<p>1</p>,Country Of Origin,<p></p>,Standards,<p></p>,,,,
UB214,Variant,,Classic breathable thermal material Round neck and short sleeves Steady seam construction,https://d11ak7fd9ypfb7.cloudfront.net/styles1100px/UB214SBR.jpg,,0.0,TRUE,InStock,0.22,,UB214SBRL,,,,Size,DROP_DOWN,L,Color,DROP_DOWN,Sky Blue,,,,,,,,,,,,,Fit,<p>R</p>,Length,<p>38</p>,Width,<p>31</p>,Height,<p>58</p>,Box Quantity,<p>60</p>,Inner Pack Quantity,<p>1</p>,Country Of Origin,<p></p>,Standards,<p></p>,,,,
UB214,Variant,,Classic breathable thermal material Round neck and short sleeves Steady seam construction,https://d11ak7fd9ypfb7.cloudfront.net/styles1100px/UB214SBR.jpg,,0.0,TRUE,InStock,0.21,,UB214SBRM,,,,Size,DROP_DOWN,M,Color,DROP_DOWN,Sky Blue,,,,,,,,,,,,,Fit,<p>R</p>,Length,<p>38</p>,Width,<p>31</p>,Height,<p>58</p>,Box Quantity,<p>60</p>,Inner Pack Quantity,<p>1</p>,Country Of Origin,<p></p>,Standards,<p></p>,,,,
UB214,Variant,,Classic breathable thermal material Round neck and short sleeves Steady seam construction,https://d11ak7fd9ypfb7.cloudfront.net/styles1100px/UB214SBR.jpg,,0.0,TRUE,InStock,0.23,,UB214SBRXL,,,,Size,DROP_DOWN,XL,Color,DROP_DOWN,Sky Blue,,,,,,,,,,,,,Fit,<p>R</p>,Length,<p>38</p>,Width,<p>31</p>,Height,<p>58</p>,Box Quantity,<p>60</p>,Inner Pack Quantity,<p>1</p>,Country Of Origin,<p></p>,Standards,<p></p>,,,,
UB214,Variant,,Classic breathable thermal material Round neck and short sleeves Steady seam construction,https://d11ak7fd9ypfb7.cloudfront.net/styles1100px/UB214SBR.jpg,,0.0,TRUE,InStock,0.24,,UB214SBRXXL,,,,Size,DROP_DOWN,XXL,Color,DROP_DOWN,Sky Blue,,,,,,,,,,,,,Fit,<p>R</p>,Length,<p>38</p>,Width,<p>31</p>,Height,<p>58</p>,Box Quantity,<p>60</p>,Inner Pack Quantity,<p>1</p>,Country Of Origin,<p></p>,Standards,<p></p>,,,,
UB214,Variant,,Classic breathable thermal material Round neck and short sleeves Steady seam construction,https://d11ak7fd9ypfb7.cloudfront.net/styles1100px/UB214SBR.jpg,,0.0,TRUE,InStock,0.25,,UB214SBRXXXL,,,,Size,DROP_DOWN,XXXL,Color,DROP_DOWN,Sky Blue,,,,,,,,,,,,,Fit,<p>R</p>,Length,<p>38</p>,Width,<p>31</p>,Height,<p>58</p>,Box Quantity,<p>60</p>,Inner Pack Quantity,<p>1</p>,Country Of Origin,<p></p>,Standards,<p></p>,,,,
UB214,Variant,,Classic breathable thermal material Round neck and short sleeves Steady seam construction,https://d11ak7fd9ypfb7.cloudfront.net/styles1100px/UB214WHR.jpg,,0.0,TRUE,InStock,0.21,,UB214WHRM,,,,Size,DROP_DOWN,M,Color,DROP_DOWN,White,,,,,,,,,,,,,Fit,<p>R</p>,Length,<p>38</p>,Width,<p>31</p>,Height,<p>58</p>,Box Quantity,<p>60</p>,Inner Pack Quantity,<p>1</p>,Country Of Origin,<p></p>,Standards,<p></p>,,,,
UB214,Variant,,Classic breathable thermal material Round neck and short sleeves Steady seam construction,https://d11ak7fd9ypfb7.cloudfront.net/styles1100px/UB214WHR.jpg,,0.0,TRUE,InStock,0.23,,UB214WHRXL,,,,Size,DROP_DOWN,XL,Color,DROP_DOWN,White,,,,,,,,,,,,,Fit,<p>R</p>,Length,<p>38</p>,Width,<p>31</p>,Height,<p>58</p>,Box Quantity,<p>60</p>,Inner Pack Quantity,<p>1</p>,Country Of Origin,<p></p>,Standards,<p></p>,,,,
UB214,Variant,,Classic breathable thermal material Round neck and short sleeves Steady seam construction,https://d11ak7fd9ypfb7.cloudfront.net/styles1100px/UB214WHR.jpg,,0.0,TRUE,InStock,0.24,,UB214WHRXXL,,,,Size,DROP_DOWN,XXL,Color,DROP_DOWN,White,,,,,,,,,,,,,Fit,<p>R</p>,Length,<p>38</p>,Width,<p>31</p>,Height,<p>58</p>,Box Quantity,<p>60</p>,Inner Pack Quantity,<p>1</p>,Country Of Origin,<p></p>,Standards,<p></p>,,,,
UB214,Variant,,Classic breathable thermal material Round neck and short sleeves Steady seam construction,https://d11ak7fd9ypfb7.cloudfront.net/styles1100px/UB214WHR.jpg,,0.0,TRUE,InStock,0.25,,UB214WHRXXXL,,,,Size,DROP_DOWN,XXXL,Color,DROP_DOWN,White,,,,,,,,,,,,,Fit,<p>R</p>,Length,<p>38</p>,Width,<p>31</p>,Height,<p>58</p>,Box Quantity,<p>60</p>,Inner Pack Quantity,<p>1</p>,Country Of Origin,<p></p>,Standards,<p></p>,,,,
UB215,Product,UB215 - Thermal Long Johns,Classic breathable thermal material Steady seam construction Cuffed hem and elasticated waist for comfort,https://d11ak7fd9ypfb7.cloudfront.net/styles1100px/UB215NAR.jpg,0.0,0.0,TRUE,InStock,0.26,,UB215NARL,,,,Size,DROP_DOWN,M;L;XL;XXL;XXXL,Color,DROP_DOWN,Navy;Sky Blue;White,,,,,,,,,,,,,Fit,<p>R</p>,Length,<p>38</p>,Width,<p>31</p>,Height,<p>58</p>,Box Quantity,<p>60</p>,Inner Pack Quantity,<p>1</p>,Country Of Origin,<p></p>,Standards,<p></p>,,,,
UB215,Variant,,Classic breathable thermal material Steady seam construction Cuffed hem and elasticated waist for comfort,https://d11ak7fd9ypfb7.cloudfront.net/styles1100px/UB215NAR.jpg,,0.0,TRUE,InStock,0.26,,UB215NARL,,,,Size,DROP_DOWN,L,Color,DROP_DOWN,Navy,,,,,,,,,,,,,Fit,<p>R</p>,Length,<p>38</p>,Width,<p>31</p>,Height,<p>58</p>,Box Quantity,<p>60</p>,Inner Pack Quantity,<p>1</p>,Country Of Origin,<p></p>,Standards,<p></p>,,,,
UB215,Variant,,Classic breathable thermal material Steady seam construction Cuffed hem and elasticated waist for comfort,https://d11ak7fd9ypfb7.cloudfront.net/styles1100px/UB215NAR.jpg,,0.0,TRUE,InStock,0.24,,UB215NARM,,,,Size,DROP_DOWN,M,Color,DROP_DOWN,Navy,,,,,,,,,,,,,Fit,<p>R</p>,Length,<p>38</p>,Width,<p>31</p>,Height,<p>58</p>,Box Quantity,<p>60</p>,Inner Pack Quantity,<p>1</p>,Country Of Origin,<p></p>,Standards,<p></p>,,,,
UB215,Variant,,Classic breathable thermal material Steady seam construction Cuffed hem and elasticated waist for comfort,https://d11ak7fd9ypfb7.cloudfront.net/styles1100px/UB215SBR.jpg,,0.0,TRUE,InStock,0.26,,UB215SBRL,,,,Size,DROP_DOWN,L,Color,DROP_DOWN,Sky Blue,,,,,,,,,,,,,Fit,<p>R</p>,Length,<p>38</p>,Width,<p>31</p>,Height,<p>58</p>,Box Quantity,<p>60</p>,Inner Pack Quantity,<p>1</p>,Country Of Origin,<p></p>,Standards,<p></p>,,,,
UB215,Variant,,Classic breathable thermal material Steady seam construction Cuffed hem and elasticated waist for comfort,https://d11ak7fd9ypfb7.cloudfront.net/styles1100px/UB215SBR.jpg,,0.0,TRUE,InStock,0.28,,UB215SBRXL,,,,Size,DROP_DOWN,XL,Color,DROP_DOWN,Sky Blue,,,,,,,,,,,,,Fit,<p>R</p>,Length,<p>38</p>,Width,<p>31</p>,Height,<p>58</p>,Box Quantity,<p>60</p>,Inner Pack Quantity,<p>1</p>,Country Of Origin,<p></p>,Standards,<p></p>,,,,
UB215,Variant,,Classic breathable thermal material Steady seam construction Cuffed hem and elasticated waist for comfort,https://d11ak7fd9ypfb7.cloudfront.net/styles1100px/UB215SBR.jpg,,0.0,TRUE,InStock,0.3,,UB215SBRXXL,,,,Size,DROP_DOWN,XXL,Color,DROP_DOWN,Sky Blue,,,,,,,,,,,,,Fit,<p>R</p>,Length,<p>38</p>,Width,<p>31</p>,Height,<p>58</p>,Box Quantity,<p>60</p>,Inner Pack Quantity,<p>1</p>,Country Of Origin,<p></p>,Standards,<p></p>,,,,
UB215,Variant,,Classic breathable thermal material Steady seam construction Cuffed hem and elasticated waist for comfort,https://d11ak7fd9ypfb7.cloudfront.net/styles1100px/UB215SBR.jpg,,0.0,TRUE,InStock,0.32,,UB215SBRXXXL,,,,Size,DROP_DOWN,XXXL,Color,DROP_DOWN,Sky Blue,,,,,,,,,,,,,Fit,<p>R</p>,Length,<p>38</p>,Width,<p>31</p>,Height,<p>58</p>,Box Quantity,<p>60</p>,Inner Pack Quantity,<p>1</p>,Country Of Origin,<p></p>,Standards,<p></p>,,,,
UB215,Variant,,Classic breathable thermal material Steady seam construction Cuffed hem and elasticated waist for comfort,https://d11ak7fd9ypfb7.cloudfront.net/styles1100px/UB215WHR.jpg,,0.0,TRUE,InStock,0.26,,UB215WHRL,,,,Size,DROP_DOWN,L,Color,DROP_DOWN,White,,,,,,,,,,,,,Fit,<p>R</p>,Length,<p>38</p>,Width,<p>31</p>,Height,<p>58</p>,Box Quantity,<p>60</p>,Inner Pack Quantity,<p>1</p>,Country Of Origin,<p></p>,Standards,<p></p>,,,,
UB216,Product,UB216 - Thermal T-Shirt Long Sleeve,Classic breathable thermal material Round neck and long sleeves Steady seam construction,https://d11ak7fd9ypfb7.cloudfront.net/styles1100px/UB216NAR.jpg,0.0,0.0,TRUE,InStock,0.26,,UB216NARM,,,,Size,DROP_DOWN,M;L;XXL;XXXL,Color,DROP_DOWN,Navy;Sky Blue;White,,,,,,,,,,,,,Fit,<p>R</p>,Length,<p>38</p>,Width,<p>31</p>,Height,<p>60</p>,Box Quantity,<p>60</p>,Inner Pack Quantity,<p>1</p>,Country Of Origin,<p></p>,Standards,<p></p>,,,,
UB216,Variant,,Classic breathable thermal material Round neck and long sleeves Steady seam construction,https://d11ak7fd9ypfb7.cloudfront.net/styles1100px/UB216NAR.jpg,,0.0,TRUE,InStock,0.26,,UB216NARM,,,,Size,DROP_DOWN,M,Color,DROP_DOWN,Navy,,,,,,,,,,,,,Fit,<p>R</p>,Length,<p>38</p>,Width,<p>31</p>,Height,<p>60</p>,Box Quantity,<p>60</p>,Inner Pack Quantity,<p>1</p>,Country Of Origin,<p></p>,Standards,<p></p>,,,,
UB216,Variant,,Classic breathable thermal material Round neck and long sleeves Steady seam construction,https://d11ak7fd9ypfb7.cloudfront.net/styles1100px/UB216SBR.jpg,,0.0,TRUE,InStock,0.27,,UB216SBRL,,,,Size,DROP_DOWN,L,Color,DROP_DOWN,Sky Blue,,,,,,,,,,,,,Fit,<p>R</p>,Length,<p>38</p>,Width,<p>31</p>,Height,<p>60</p>,Box Quantity,<p>60</p>,Inner Pack Quantity,<p>1</p>,Country Of Origin,<p></p>,Standards,<p></p>,,,,
UB216,Variant,,Classic breathable thermal material Round neck and long sleeves Steady seam construction,https://d11ak7fd9ypfb7.cloudfront.net/styles1100px/UB216SBR.jpg,,0.0,TRUE,InStock,0.26,,UB216SBRM,,,,Size,DROP_DOWN,M,Color,DROP_DOWN,Sky Blue,,,,,,,,,,,,,Fit,<p>R</p>,Length,<p>38</p>,Width,<p>31</p>,Height,<p>60</p>,Box Quantity,<p>60</p>,Inner Pack Quantity,<p>1</p>,Country Of Origin,<p></p>,Standards,<p></p>,,,,
UB216,Variant,,Classic breathable thermal material Round neck and long sleeves Steady seam construction,https://d11ak7fd9ypfb7.cloudfront.net/styles1100px/UB216SBR.jpg,,0.0,TRUE,InStock,0.3,,UB216SBRXXXL,,,,Size,DROP_DOWN,XXXL,Color,DROP_DOWN,Sky Blue,,,,,,,,,,,,,Fit,<p>R</p>,Length,<p>38</p>,Width,<p>31</p>,Height,<p>60</p>,Box Quantity,<p>60</p>,Inner Pack Quantity,<p>1</p>,Country Of Origin,<p></p>,Standards,<p></p>,,,,
UB216,Variant,,Classic breathable thermal material Round neck and long sleeves Steady seam construction,https://d11ak7fd9ypfb7.cloudfront.net/styles1100px/UB216WHR.jpg,,0.0,TRUE,InStock,0.26,,UB216WHRM,,,,Size,DROP_DOWN,M,Color,DROP_DOWN,White,,,,,,,,,,,,,Fit,<p>R</p>,Length,<p>38</p>,Width,<p>31</p>,Height,<p>60</p>,Box Quantity,<p>60</p>,Inner Pack Quantity,<p>1</p>,Country Of Origin,<p></p>,Standards,<p></p>,,,,
UB216,Variant,,Classic breathable thermal material Round neck and long sleeves Steady seam construction,https://d11ak7fd9ypfb7.cloudfront.net/styles1100px/UB216WHR.jpg,,0.0,TRUE,InStock,0.29,,UB216WHRXXL,,,,Size,DROP_DOWN,XXL,Color,DROP_DOWN,White,,,,,,,,,,,,,Fit,<p>R</p>,Length,<p>38</p>,Width,<p>31</p>,Height,<p>60</p>,Box Quantity,<p>60</p>,Inner Pack Quantity,<p>1</p>,Country Of Origin,<p></p>,Standards,<p></p>,,,,
UB315,Product,UB315 - Hi-Vis Two-Tone Zipped Hoodie,"This hoodie uses a full zipper to offer extra ease and versatility, while incorporating a two tone design for protection against dirt. Other features include 2 large pockets at the front, an adjustable hood for varied weather conditions, elasticated rib waistband and cuffs, and reflective heat seal tape for enhanced visibility.",https://d11ak7fd9ypfb7.cloudfront.net/styles1100px/UB315OBR.jpg,53.5,0.0,TRUE,InStock,0.76,,UB315OBR4XL,,,,Size,DROP_DOWN,XS;S;M;L;XL;XXL;XXXL;4XL;5XL;6XL,Color,DROP_DOWN,Orange/Black;Yellow/Black,,,,,,,,,,,,,Fit,<p>R</p>,Length,<p>65</p>,Width,<p>40</p>,Height,<p>43</p>,Box Quantity,<p>24</p>,Inner Pack Quantity,<p>1</p>,Country Of Origin,<p>BD</p>,Standards,<p></p>,,,,
UB315,Variant,,"This hoodie uses a full zipper to offer extra ease and versatility, while incorporating a two tone design for protection against dirt. Other features include 2 large pockets at the front, an adjustable hood for varied weather conditions, elasticated rib waistband and cuffs, and reflective heat seal tape for enhanced visibility.",https://d11ak7fd9ypfb7.cloudfront.net/styles1100px/UB315OBR.jpg,,0.0,TRUE,InStock,0.76,,UB315OBR4XL,,,,Size,DROP_DOWN,4XL,Color,DROP_DOWN,Orange/Black,,,,,,,,,,,,,Fit,<p>R</p>,Length,<p>65</p>,Width,<p>40</p>,Height,<p>43</p>,Box Quantity,<p>24</p>,Inner Pack Quantity,<p>1</p>,Country Of Origin,<p>BD</p>,Standards,<p></p>,,,,
UB315,Variant,,"This hoodie uses a full zipper to offer extra ease and versatility, while incorporating a two tone design for protection against dirt. Other features include 2 large pockets at the front, an adjustable hood for varied weather conditions, elasticated rib waistband and cuffs, and reflective heat seal tape for enhanced visibility.",https://d11ak7fd9ypfb7.cloudfront.net/styles1100px/UB315OBR.jpg,,0.0,TRUE,InStock,0.79,,UB315OBR5XL,,,,Size,DROP_DOWN,5XL,Color,DROP_DOWN,Orange/Black,,,,,,,,,,,,,Fit,<p>R</p>,Length,<p>65</p>,Width,<p>40</p>,Height,<p>43</p>,Box Quantity,<p>24</p>,Inner Pack Quantity,<p>1</p>,Country Of Origin,<p>BD</p>,Standards,<p></p>,,,,
UB315,Variant,,"This hoodie uses a full zipper to offer extra ease and versatility, while incorporating a two tone design for protection against dirt. Other features include 2 large pockets at the front, an adjustable hood for varied weather conditions, elasticated rib waistband and cuffs, and reflective heat seal tape for enhanced visibility.",https://d11ak7fd9ypfb7.cloudfront.net/styles1100px/UB315OBR.jpg,,0.0,TRUE,InStock,0.71,,UB315OBRL,,,,Size,DROP_DOWN,L,Color,DROP_DOWN,Orange/Black,,,,,,,,,,,,,Fit,<p>R</p>,Length,<p>65</p>,Width,<p>40</p>,Height,<p>43</p>,Box Quantity,<p>24</p>,Inner Pack Quantity,<p>1</p>,Country Of Origin,<p>BD</p>,Standards,<p></p>,,,,
UB315,Variant,,"This hoodie uses a full zipper to offer extra ease and versatility, while incorporating a two tone design for protection against dirt. Other features include 2 large pockets at the front, an adjustable hood for varied weather conditions, elasticated rib waistband and cuffs, and reflective heat seal tape for enhanced visibility.",https://d11ak7fd9ypfb7.cloudfront.net/styles1100px/UB315OBR.jpg,,0.0,TRUE,InStock,0.7,,UB315OBRM,,,,Size,DROP_DOWN,M,Color,DROP_DOWN,Orange/Black,,,,,,,,,,,,,Fit,<p>R</p>,Length,<p>65</p>,Width,<p>40</p>,Height,<p>43</p>,Box Quantity,<p>24</p>,Inner Pack Quantity,<p>1</p>,Country Of Origin,<p>BD</p>,Standards,<p></p>,,,,
UB315,Variant,,"This hoodie uses a full zipper to offer extra ease and versatility, while incorporating a two tone design for protection against dirt. Other features include 2 large pockets at the front, an adjustable hood for varied weather conditions, elasticated rib waistband and cuffs, and reflective heat seal tape for enhanced visibility.",https://d11ak7fd9ypfb7.cloudfront.net/styles1100px/UB315OBR.jpg,,0.0,TRUE,InStock,0.69,,UB315OBRS,,,,Size,DROP_DOWN,S,Color,DROP_DOWN,Orange/Black,,,,,,,,,,,,,Fit,<p>R</p>,Length,<p>65</p>,Width,<p>40</p>,Height,<p>43</p>,Box Quantity,<p>24</p>,Inner Pack Quantity,<p>1</p>,Country Of Origin,<p>BD</p>,Standards,<p></p>,,,,
UB315,Variant,,"This hoodie uses a full zipper to offer extra ease and versatility, while incorporating a two tone design for protection against dirt. Other features include 2 large pockets at the front, an adjustable hood for varied weather conditions, elasticated rib waistband and cuffs, and reflective heat seal tape for enhanced visibility.",https://d11ak7fd9ypfb7.cloudfront.net/styles1100px/UB315OBR.jpg,,0.0,TRUE,InStock,0.72,,UB315OBRXL,,,,Size,DROP_DOWN,XL,Color,DROP_DOWN,Orange/Black,,,,,,,,,,,,,Fit,<p>R</p>,Length,<p>65</p>,Width,<p>40</p>,Height,<p>43</p>,Box Quantity,<p>24</p>,Inner Pack Quantity,<p>1</p>,Country Of Origin,<p>BD</p>,Standards,<p></p>,,,,
UB315,Variant,,"This hoodie uses a full zipper to offer extra ease and versatility, while incorporating a two tone design for protection against dirt. Other features include 2 large pockets at the front, an adjustable hood for varied weather conditions, elasticated rib waistband and cuffs, and reflective heat seal tape for enhanced visibility.",https://d11ak7fd9ypfb7.cloudfront.net/styles1100px/UB315OBR.jpg,,0.0,TRUE,InStock,0.73,,UB315OBRXXL,,,,Size,DROP_DOWN,XXL,Color,DROP_DOWN,Orange/Black,,,,,,,,,,,,,Fit,<p>R</p>,Length,<p>65</p>,Width,<p>40</p>,Height,<p>43</p>,Box Quantity,<p>24</p>,Inner Pack Quantity,<p>1</p>,Country Of Origin,<p>BD</p>,Standards,<p></p>,,,,
UB315,Variant,,"This hoodie uses a full zipper to offer extra ease and versatility, while incorporating a two tone design for protection against dirt. Other features include 2 large pockets at the front, an adjustable hood for varied weather conditions, elasticated rib waistband and cuffs, and reflective heat seal tape for enhanced visibility.",https://d11ak7fd9ypfb7.cloudfront.net/styles1100px/UB315OBR.jpg,,0.0,TRUE,InStock,0.74,,UB315OBRXXXL,,,,Size,DROP_DOWN,XXXL,Color,DROP_DOWN,Orange/Black,,,,,,,,,,,,,Fit,<p>R</p>,Length,<p>65</p>,Width,<p>40</p>,Height,<p>43</p>,Box Quantity,<p>24</p>,Inner Pack Quantity,<p>1</p>,Country Of Origin,<p>BD</p>,Standards,<p></p>,,,,
UB315,Variant,,"This hoodie uses a full zipper to offer extra ease and versatility, while incorporating a two tone design for protection against dirt. Other features include 2 large pockets at the front, an adjustable hood for varied weather conditions, elasticated rib waistband and cuffs, and reflective heat seal tape for enhanced visibility.",https://d11ak7fd9ypfb7.cloudfront.net/styles1100px/UB315YBR.jpg,,0.0,TRUE,InStock,0.76,,UB315YBR4XL,,,,Size,DROP_DOWN,4XL,Color,DROP_DOWN,Yellow/Black,,,,,,,,,,,,,Fit,<p>R</p>,Length,<p>65</p>,Width,<p>40</p>,Height,<p>43</p>,Box Quantity,<p>24</p>,Inner Pack Quantity,<p>1</p>,Country Of Origin,<p>BD</p>,Standards,<p></p>,,,,
UB315,Variant,,"This hoodie uses a full zipper to offer extra ease and versatility, while incorporating a two tone design for protection against dirt. Other features include 2 large pockets at the front, an adjustable hood for varied weather conditions, elasticated rib waistband and cuffs, and reflective heat seal tape for enhanced visibility.",https://d11ak7fd9ypfb7.cloudfront.net/styles1100px/UB315YBR.jpg,,0.0,TRUE,InStock,0.79,,UB315YBR5XL,,,,Size,DROP_DOWN,5XL,Color,DROP_DOWN,Yellow/Black,,,,,,,,,,,,,Fit,<p>R</p>,Length,<p>65</p>,Width,<p>40</p>,Height,<p>43</p>,Box Quantity,<p>24</p>,Inner Pack Quantity,<p>1</p>,Country Of Origin,<p>BD</p>,Standards,<p></p>,,,,
UB315,Variant,,"This hoodie uses a full zipper to offer extra ease and versatility, while incorporating a two tone design for protection against dirt. Other features include 2 large pockets at the front, an adjustable hood for varied weather conditions, elasticated rib waistband and cuffs, and reflective heat seal tape for enhanced visibility.",https://d11ak7fd9ypfb7.cloudfront.net/styles1100px/UB315YBR.jpg,,0.0,TRUE,InStock,0.81,,UB315YBR6XL,,,,Size,DROP_DOWN,6XL,Color,DROP_DOWN,Yellow/Black,,,,,,,,,,,,,Fit,<p>R</p>,Length,<p>65</p>,Width,<p>40</p>,Height,<p>43</p>,Box Quantity,<p>24</p>,Inner Pack Quantity,<p>1</p>,Country Of Origin,<p>BD</p>,Standards,<p></p>,,,,
UB315,Variant,,"This hoodie uses a full zipper to offer extra ease and versatility, while incorporating a two tone design for protection against dirt. Other features include 2 large pockets at the front, an adjustable hood for varied weather conditions, elasticated rib waistband and cuffs, and reflective heat seal tape for enhanced visibility.",https://d11ak7fd9ypfb7.cloudfront.net/styles1100px/UB315YBR.jpg,,0.0,TRUE,InStock,0.71,,UB315YBRL,,,,Size,DROP_DOWN,L,Color,DROP_DOWN,Yellow/Black,,,,,,,,,,,,,Fit,<p>R</p>,Length,<p>65</p>,Width,<p>40</p>,Height,<p>43</p>,Box Quantity,<p>24</p>,Inner Pack Quantity,<p>1</p>,Country Of Origin,<p>BD</p>,Standards,<p></p>,,,,
UB315,Variant,,"This hoodie uses a full zipper to offer extra ease and versatility, while incorporating a two tone design for protection against dirt. Other features include 2 large pockets at the front, an adjustable hood for varied weather conditions, elasticated rib waistband and cuffs, and reflective heat seal tape for enhanced visibility.",https://d11ak7fd9ypfb7.cloudfront.net/styles1100px/UB315YBR.jpg,,0.0,TRUE,InStock,0.7,,UB315YBRM,,,,Size,DROP_DOWN,M,Color,DROP_DOWN,Yellow/Black,,,,,,,,,,,,,Fit,<p>R</p>,Length,<p>65</p>,Width,<p>40</p>,Height,<p>43</p>,Box Quantity,<p>24</p>,Inner Pack Quantity,<p>1</p>,Country Of Origin,<p>BD</p>,Standards,<p></p>,,,,
UB315,Variant,,"This hoodie uses a full zipper to offer extra ease and versatility, while incorporating a two tone design for protection against dirt. Other features include 2 large pockets at the front, an adjustable hood for varied weather conditions, elasticated rib waistband and cuffs, and reflective heat seal tape for enhanced visibility.",https://d11ak7fd9ypfb7.cloudfront.net/styles1100px/UB315YBR.jpg,,0.0,TRUE,InStock,0.71,,UB315YBRS,,,,Size,DROP_DOWN,S,Color,DROP_DOWN,Yellow/Black,,,,,,,,,,,,,Fit,<p>R</p>,Length,<p>65</p>,Width,<p>40</p>,Height,<p>43</p>,Box Quantity,<p>24</p>,Inner Pack Quantity,<p>1</p>,Country Of Origin,<p>BD</p>,Standards,<p></p>,,,,
UB315,Variant,,"This hoodie uses a full zipper to offer extra ease and versatility, while incorporating a two tone design for protection against dirt. Other features include 2 large pockets at the front, an adjustable hood for varied weather conditions, elasticated rib waistband and cuffs, and reflective heat seal tape for enhanced visibility.",https://d11ak7fd9ypfb7.cloudfront.net/styles1100px/UB315YBR.jpg,,0.0,TRUE,InStock,0.72,,UB315YBRXL,,,,Size,DROP_DOWN,XL,Color,DROP_DOWN,Yellow/Black,,,,,,,,,,,,,Fit,<p>R</p>,Length,<p>65</p>,Width,<p>40</p>,Height,<p>43</p>,Box Quantity,<p>24</p>,Inner Pack Quantity,<p>1</p>,Country Of Origin,<p>BD</p>,Standards,<p></p>,,,,
UB315,Variant,,"This hoodie uses a full zipper to offer extra ease and versatility, while incorporating a two tone design for protection against dirt. Other features include 2 large pockets at the front, an adjustable hood for varied weather conditions, elasticated rib waistband and cuffs, and reflective heat seal tape for enhanced visibility.",https://d11ak7fd9ypfb7.cloudfront.net/styles1100px/UB315YBR.jpg,,0.0,TRUE,InStock,0.68,,UB315YBRXS,,,,Size,DROP_DOWN,XS,Color,DROP_DOWN,Yellow/Black,,,,,,,,,,,,,Fit,<p>R</p>,Length,<p>65</p>,Width,<p>40</p>,Height,<p>43</p>,Box Quantity,<p>24</p>,Inner Pack Quantity,<p>1</p>,Country Of Origin,<p>BD</p>,Standards,<p></p>,,,,
UB315,Variant,,"This hoodie uses a full zipper to offer extra ease and versatility, while incorporating a two tone design for protection against dirt. Other features include 2 large pockets at the front, an adjustable hood for varied weather conditions, elasticated rib waistband and cuffs, and reflective heat seal tape for enhanced visibility.",https://d11ak7fd9ypfb7.cloudfront.net/styles1100px/UB315YBR.jpg,,0.0,TRUE,InStock,0.73,,UB315YBRXXL,,,,Size,DROP_DOWN,XXL,Color,DROP_DOWN,Yellow/Black,,,,,,,,,,,,,Fit,<p>R</p>,Length,<p>65</p>,Width,<p>40</p>,Height,<p>43</p>,Box Quantity,<p>24</p>,Inner Pack Quantity,<p>1</p>,Country Of Origin,<p>BD</p>,Standards,<p></p>,,,,
UB315,Variant,,"This hoodie uses a full zipper to offer extra ease and versatility, while incorporating a two tone design for protection against dirt. Other features include 2 large pockets at the front, an adjustable hood for varied weather conditions, elasticated rib waistband and cuffs, and reflective heat seal tape for enhanced visibility.",https://d11ak7fd9ypfb7.cloudfront.net/styles1100px/UB315YBR.jpg,,0.0,TRUE,InStock,0.74,,UB315YBRXXXL,,,,Size,DROP_DOWN,XXXL,Color,DROP_DOWN,Yellow/Black,,,,,,,,,,,,,Fit,<p>R</p>,Length,<p>65</p>,Width,<p>40</p>,Height,<p>43</p>,Box Quantity,<p>24</p>,Inner Pack Quantity,<p>1</p>,Country Of Origin,<p>BD</p>,Standards,<p></p>,,,,
UB316,Product,UB316 - Kansas Zipped Hoodie,"This hoodie uses a full zip to offer extra ease and versatility, while incorporating a two tone design for protection against dirt. Other features include 2 large pockets at the front, an adjustable hood for varied weather conditions, elasticated rib waistband and cuffs, and reflective heat seal tape for enhanced visibility.",https://d11ak7fd9ypfb7.cloudfront.net/styles1100px/UB316YBR.jpg,59.4,0.0,TRUE,InStock,0.999,,UB316YBR4XL,,,,Size,DROP_DOWN,S;M;L;XL;XXL;XXXL;4XL;5XL;6XL,Color,DROP_DOWN,Yellow/Black,,,,,,,,,,,,,Fit,<p>R</p>,Length,<p>55</p>,Width,<p>48</p>,Height,<p>50</p>,Box Quantity,<p>24</p>,Inner Pack Quantity,<p>1</p>,Country Of Origin,<p>CN</p>,Standards,<ul><li>ANSI/ISEA 107 TYPE R CLASS 2  :Sizes S-M</li><li>ANSI/ISEA 107 TYPE R CLASS 3  L- 6XL</li></ul>,,,,
UB316,Variant,,"This hoodie uses a full zip to offer extra ease and versatility, while incorporating a two tone design for protection against dirt. Other features include 2 large pockets at the front, an adjustable hood for varied weather conditions, elasticated rib waistband and cuffs, and reflective heat seal tape for enhanced visibility.",https://d11ak7fd9ypfb7.cloudfront.net/styles1100px/UB316YBR.jpg,,0.0,TRUE,InStock,0.999,,UB316YBR4XL,,,,Size,DROP_DOWN,4XL,Color,DROP_DOWN,Yellow/Black,,,,,,,,,,,,,Fit,<p>R</p>,Length,<p>55</p>,Width,<p>48</p>,Height,<p>50</p>,Box Quantity,<p>24</p>,Inner Pack Quantity,<p>1</p>,Country Of Origin,<p>CN</p>,Standards,<ul><li>ANSI/ISEA 107 TYPE R CLASS 2  :Sizes S-M</li><li>ANSI/ISEA 107 TYPE R CLASS 3  L- 6XL</li></ul>,,,,
UB316,Variant,,"This hoodie uses a full zip to offer extra ease and versatility, while incorporating a two tone design for protection against dirt. Other features include 2 large pockets at the front, an adjustable hood for varied weather conditions, elasticated rib waistband and cuffs, and reflective heat seal tape for enhanced visibility.",https://d11ak7fd9ypfb7.cloudfront.net/styles1100px/UB316YBR.jpg,,0.0,TRUE,InStock,0.999,,UB316YBR5XL,,,,Size,DROP_DOWN,5XL,Color,DROP_DOWN,Yellow/Black,,,,,,,,,,,,,Fit,<p>R</p>,Length,<p>55</p>,Width,<p>48</p>,Height,<p>50</p>,Box Quantity,<p>24</p>,Inner Pack Quantity,<p>1</p>,Country Of Origin,<p>CN</p>,Standards,<ul><li>ANSI/ISEA 107 TYPE R CLASS 2  :Sizes S-M</li><li>ANSI/ISEA 107 TYPE R CLASS 3  L- 6XL</li></ul>,,,,
UB316,Variant,,"This hoodie uses a full zip to offer extra ease and versatility, while incorporating a two tone design for protection against dirt. Other features include 2 large pockets at the front, an adjustable hood for varied weather conditions, elasticated rib waistband and cuffs, and reflective heat seal tape for enhanced visibility.",https://d11ak7fd9ypfb7.cloudfront.net/styles1100px/UB316YBR.jpg,,0.0,TRUE,InStock,0.999,,UB316YBR6XL,,,,Size,DROP_DOWN,6XL,Color,DROP_DOWN,Yellow/Black,,,,,,,,,,,,,Fit,<p>R</p>,Length,<p>55</p>,Width,<p>41</p>,Height,<p>50</p>,Box Quantity,<p>24</p>,Inner Pack Quantity,<p>1</p>,Country Of Origin,<p>CN</p>,Standards,<ul><li>ANSI/ISEA 107 TYPE R CLASS 2  :Sizes S-M</li><li>ANSI/ISEA 107 TYPE R CLASS 3  L- 6XL</li></ul>,,,,
UB316,Variant,,"This hoodie uses a full zip to offer extra ease and versatility, while incorporating a two tone design for protection against dirt. Other features include 2 large pockets at the front, an adjustable hood for varied weather conditions, elasticated rib waistband and cuffs, and reflective heat seal tape for enhanced visibility.",https://d11ak7fd9ypfb7.cloudfront.net/styles1100px/UB316YBR.jpg,,0.0,TRUE,InStock,0.999,,UB316YBRL,,,,Size,DROP_DOWN,L,Color,DROP_DOWN,Yellow/Black,,,,,,,,,,,,,Fit,<p>R</p>,Length,<p>55</p>,Width,<p>41</p>,Height,<p>45</p>,Box Quantity,<p>24</p>,Inner Pack Quantity,<p>1</p>,Country Of Origin,<p>CN</p>,Standards,<ul><li>ANSI/ISEA 107 TYPE R CLASS 2  :Sizes S-M</li><li>ANSI/ISEA 107 TYPE R CLASS 3  L- 6XL</li></ul>,,,,
UB316,Variant,,"This hoodie uses a full zip to offer extra ease and versatility, while incorporating a two tone design for protection against dirt. Other features include 2 large pockets at the front, an adjustable hood for varied weather conditions, elasticated rib waistband and cuffs, and reflective heat seal tape for enhanced visibility.",https://d11ak7fd9ypfb7.cloudfront.net/styles1100px/UB316YBR.jpg,,0.0,TRUE,InStock,0.999,,UB316YBRM,,,,Size,DROP_DOWN,M,Color,DROP_DOWN,Yellow/Black,,,,,,,,,,,,,Fit,<p>R</p>,Length,<p>55</p>,Width,<p>41</p>,Height,<p>45</p>,Box Quantity,<p>24</p>,Inner Pack Quantity,<p>1</p>,Country Of Origin,<p>CN</p>,Standards,<ul><li>ANSI/ISEA 107 TYPE R CLASS 2  :Sizes S-M</li><li>ANSI/ISEA 107 TYPE R CLASS 3  L- 6XL</li></ul>,,,,
UB316,Variant,,"This hoodie uses a full zip to offer extra ease and versatility, while incorporating a two tone design for protection against dirt. Other features include 2 large pockets at the front, an adjustable hood for varied weather conditions, elasticated rib waistband and cuffs, and reflective heat seal tape for enhanced visibility.",https://d11ak7fd9ypfb7.cloudfront.net/styles1100px/UB316YBR.jpg,,0.0,TRUE,InStock,0.999,,UB316YBRS,,,,Size,DROP_DOWN,S,Color,DROP_DOWN,Yellow/Black,,,,,,,,,,,,,Fit,<p>R</p>,Length,<p>55</p>,Width,<p>41</p>,Height,<p>45</p>,Box Quantity,<p>24</p>,Inner Pack Quantity,<p>1</p>,Country Of Origin,<p>CN</p>,Standards,<ul><li>ANSI/ISEA 107 TYPE R CLASS 2  :Sizes S-M</li><li>ANSI/ISEA 107 TYPE R CLASS 3  L- 6XL</li></ul>,,,,
UB316,Variant,,"This hoodie uses a full zip to offer extra ease and versatility, while incorporating a two tone design for protection against dirt. Other features include 2 large pockets at the front, an adjustable hood for varied weather conditions, elasticated rib waistband and cuffs, and reflective heat seal tape for enhanced visibility.",https://d11ak7fd9ypfb7.cloudfront.net/styles1100px/UB316YBR.jpg,,0.0,TRUE,InStock,0.999,,UB316YBRXL,,,,Size,DROP_DOWN,XL,Color,DROP_DOWN,Yellow/Black,,,,,,,,,,,,,Fit,<p>R</p>,Length,<p>55</p>,Width,<p>48</p>,Height,<p>50</p>,Box Quantity,<p>24</p>,Inner Pack Quantity,<p>1</p>,Country Of Origin,<p>CN</p>,Standards,<ul><li>ANSI/ISEA 107 TYPE R CLASS 2  :Sizes S-M</li><li>ANSI/ISEA 107 TYPE R CLASS 3  L- 6XL</li></ul>,,,,
UB316,Variant,,"This hoodie uses a full zip to offer extra ease and versatility, while incorporating a two tone design for protection against dirt. Other features include 2 large pockets at the front, an adjustable hood for varied weather conditions, elasticated rib waistband and cuffs, and reflective heat seal tape for enhanced visibility.",https://d11ak7fd9ypfb7.cloudfront.net/styles1100px/UB316YBR.jpg,,0.0,TRUE,InStock,0.999,,UB316YBRXXL,,,,Size,DROP_DOWN,XXL,Color,DROP_DOWN,Yellow/Black,,,,,,,,,,,,,Fit,<p>R</p>,Length,<p>55</p>,Width,<p>48</p>,Height,<p>50</p>,Box Quantity,<p>24</p>,Inner Pack Quantity,<p>1</p>,Country Of Origin,<p>CN</p>,Standards,<ul><li>ANSI/ISEA 107 TYPE R CLASS 2  :Sizes S-M</li><li>ANSI/ISEA 107 TYPE R CLASS 3  L- 6XL</li></ul>,,,,
UB316,Variant,,"This hoodie uses a full zip to offer extra ease and versatility, while incorporating a two tone design for protection against dirt. Other features include 2 large pockets at the front, an adjustable hood for varied weather conditions, elasticated rib waistband and cuffs, and reflective heat seal tape for enhanced visibility.",https://d11ak7fd9ypfb7.cloudfront.net/styles1100px/UB316YBR.jpg,,0.0,TRUE,InStock,0.999,,UB316YBRXXXL,,,,Size,DROP_DOWN,XXXL,Color,DROP_DOWN,Yellow/Black,,,,,,,,,,,,,Fit,<p>R</p>,Length,<p>55</p>,Width,<p>48</p>,Height,<p>50</p>,Box Quantity,<p>24</p>,Inner Pack Quantity,<p>1</p>,Country Of Origin,<p>CN</p>,Standards,<ul><li>ANSI/ISEA 107 TYPE R CLASS 2  :Sizes S-M</li><li>ANSI/ISEA 107 TYPE R CLASS 3  L- 6XL</li></ul>,,,,
UB324,Product,UB324 - ,,https://d11ak7fd9ypfb7.cloudfront.net/styles1100px/UB324OBR.jpg,59.9,0.0,TRUE,InStock,0.999,,UB324OBR4XL,,,,Size,DROP_DOWN,S;M;L;XL;XXL;XXXL;4XL;5XL;6XL,Color,DROP_DOWN,Orange/Black;Yellow/Black,,,,,,,,,,,,,Fit,<p>R</p>,Length,<p>65</p>,Width,<p>40</p>,Height,<p>40</p>,Box Quantity,<p>24</p>,Inner Pack Quantity,<p>1</p>,Country Of Origin,<p>BD</p>,Standards,<p></p>,,,,
UB324,Variant,,,https://d11ak7fd9ypfb7.cloudfront.net/styles1100px/UB324OBR.jpg,,0.0,TRUE,InStock,0.999,,UB324OBR4XL,,,,Size,DROP_DOWN,4XL,Color,DROP_DOWN,Orange/Black,,,,,,,,,,,,,Fit,<p>R</p>,Length,<p>65</p>,Width,<p>40</p>,Height,<p>40</p>,Box Quantity,<p>24</p>,Inner Pack Quantity,<p>1</p>,Country Of Origin,<p>BD</p>,Standards,<p></p>,,,,
UB324,Variant,,,https://d11ak7fd9ypfb7.cloudfront.net/styles1100px/UB324OBR.jpg,,0.0,TRUE,InStock,0.999,,UB324OBR5XL,,,,Size,DROP_DOWN,5XL,Color,DROP_DOWN,Orange/Black,,,,,,,,,,,,,Fit,<p>R</p>,Length,<p>65</p>,Width,<p>40</p>,Height,<p>40</p>,Box Quantity,<p>24</p>,Inner Pack Quantity,<p>1</p>,Country Of Origin,<p>BD</p>,Standards,<p></p>,,,,
UB324,Variant,,,https://d11ak7fd9ypfb7.cloudfront.net/styles1100px/UB324OBR.jpg,,0.0,TRUE,InStock,0.999,,UB324OBR6XL,,,,Size,DROP_DOWN,6XL,Color,DROP_DOWN,Orange/Black,,,,,,,,,,,,,Fit,<p>R</p>,Length,<p>65</p>,Width,<p>40</p>,Height,<p>40</p>,Box Quantity,<p>24</p>,Inner Pack Quantity,<p>1</p>,Country Of Origin,<p>BD</p>,Standards,<p></p>,,,,
UB324,Variant,,,https://d11ak7fd9ypfb7.cloudfront.net/styles1100px/UB324OBR.jpg,,0.0,TRUE,InStock,0.999,,UB324OBRL,,,,Size,DROP_DOWN,L,Color,DROP_DOWN,Orange/Black,,,,,,,,,,,,,Fit,<p>R</p>,Length,<p>65</p>,Width,<p>40</p>,Height,<p>40</p>,Box Quantity,<p>24</p>,Inner Pack Quantity,<p>1</p>,Country Of Origin,<p>BD</p>,Standards,<p></p>,,,,
UB324,Variant,,,https://d11ak7fd9ypfb7.cloudfront.net/styles1100px/UB324OBR.jpg,,0.0,TRUE,InStock,0.999,,UB324OBRM,,,,Size,DROP_DOWN,M,Color,DROP_DOWN,Orange/Black,,,,,,,,,,,,,Fit,<p>R</p>,Length,<p>65</p>,Width,<p>40</p>,Height,<p>40</p>,Box Quantity,<p>24</p>,Inner Pack Quantity,<p>1</p>,Country Of Origin,<p>BD</p>,Standards,<p></p>,,,,
UB324,Variant,,,https://d11ak7fd9ypfb7.cloudfront.net/styles1100px/UB324OBR.jpg,,0.0,TRUE,InStock,0.999,,UB324OBRS,,,,Size,DROP_DOWN,S,Color,DROP_DOWN,Orange/Black,,,,,,,,,,,,,Fit,<p>R</p>,Length,<p>65</p>,Width,<p>40</p>,Height,<p>40</p>,Box Quantity,<p>24</p>,Inner Pack Quantity,<p>1</p>,Country Of Origin,<p>BD</p>,Standards,<p></p>,,,,
UB324,Variant,,,https://d11ak7fd9ypfb7.cloudfront.net/styles1100px/UB324OBR.jpg,,0.0,TRUE,InStock,0.999,,UB324OBRXL,,,,Size,DROP_DOWN,XL,Color,DROP_DOWN,Orange/Black,,,,,,,,,,,,,Fit,<p>R</p>,Length,<p>65</p>,Width,<p>40</p>,Height,<p>40</p>,Box Quantity,<p>24</p>,Inner Pack Quantity,<p>1</p>,Country Of Origin,<p>BD</p>,Standards,<p></p>,,,,
UB324,Variant,,,https://d11ak7fd9ypfb7.cloudfront.net/styles1100px/UB324OBR.jpg,,0.0,TRUE,InStock,0.999,,UB324OBRXXL,,,,Size,DROP_DOWN,XXL,Color,DROP_DOWN,Orange/Black,,,,,,,,,,,,,Fit,<p>R</p>,Length,<p>65</p>,Width,<p>40</p>,Height,<p>40</p>,Box Quantity,<p>24</p>,Inner Pack Quantity,<p>1</p>,Country Of Origin,<p>BD</p>,Standards,<p></p>,,,,
UB324,Variant,,,https://d11ak7fd9ypfb7.cloudfront.net/styles1100px/UB324OBR.jpg,,0.0,TRUE,InStock,0.999,,UB324OBRXXXL,,,,Size,DROP_DOWN,XXXL,Color,DROP_DOWN,Orange/Black,,,,,,,,,,,,,Fit,<p>R</p>,Length,<p>65</p>,Width,<p>40</p>,Height,<p>40</p>,Box Quantity,<p>24</p>,Inner Pack Quantity,<p>1</p>,Country Of Origin,<p>BD</p>,Standards,<p></p>,,,,
UB324,Variant,,,https://d11ak7fd9ypfb7.cloudfront.net/styles1100px/UB324YBR.jpg,,0.0,TRUE,InStock,0.999,,UB324YBR4XL,,,,Size,DROP_DOWN,4XL,Color,DROP_DOWN,Yellow/Black,,,,,,,,,,,,,Fit,<p>R</p>,Length,<p>65</p>,Width,<p>40</p>,Height,<p>40</p>,Box Quantity,<p>24</p>,Inner Pack Quantity,<p>1</p>,Country Of Origin,<p>BD</p>,Standards,<p></p>,,,,
UB324,Variant,,,https://d11ak7fd9ypfb7.cloudfront.net/styles1100px/UB324YBR.jpg,,0.0,TRUE,InStock,0.999,,UB324YBR5XL,,,,Size,DROP_DOWN,5XL,Color,DROP_DOWN,Yellow/Black,,,,,,,,,,,,,Fit,<p>R</p>,Length,<p>65</p>,Width,<p>40</p>,Height,<p>40</p>,Box Quantity,<p>24</p>,Inner Pack Quantity,<p>1</p>,Country Of Origin,<p>BD</p>,Standards,<p></p>,,,,
UB324,Variant,,,https://d11ak7fd9ypfb7.cloudfront.net/styles1100px/UB324YBR.jpg,,0.0,TRUE,InStock,0.999,,UB324YBR6XL,,,,Size,DROP_DOWN,6XL,Color,DROP_DOWN,Yellow/Black,,,,,,,,,,,,,Fit,<p>R</p>,Length,<p>65</p>,Width,<p>40</p>,Height,<p>40</p>,Box Quantity,<p>24</p>,Inner Pack Quantity,<p>1</p>,Country Of Origin,<p>BD</p>,Standards,<p></p>,,,,
UB324,Variant,,,https://d11ak7fd9ypfb7.cloudfront.net/styles1100px/UB324YBR.jpg,,0.0,TRUE,InStock,0.999,,UB324YBRL,,,,Size,DROP_DOWN,L,Color,DROP_DOWN,Yellow/Black,,,,,,,,,,,,,Fit,<p>R</p>,Length,<p>65</p>,Width,<p>40</p>,Height,<p>40</p>,Box Quantity,<p>24</p>,Inner Pack Quantity,<p>1</p>,Country Of Origin,<p>BD</p>,Standards,<p></p>,,,,
UB324,Variant,,,https://d11ak7fd9ypfb7.cloudfront.net/styles1100px/UB324YBR.jpg,,0.0,TRUE,InStock,0.999,,UB324YBRM,,,,Size,DROP_DOWN,M,Color,DROP_DOWN,Yellow/Black,,,,,,,,,,,,,Fit,<p>R</p>,Length,<p>65</p>,Width,<p>40</p>,Height,<p>40</p>,Box Quantity,<p>24</p>,Inner Pack Quantity,<p>1</p>,Country Of Origin,<p>BD</p>,Standards,<p></p>,,,,
UB324,Variant,,,https://d11ak7fd9ypfb7.cloudfront.net/styles1100px/UB324YBR.jpg,,0.0,TRUE,InStock,0.999,,UB324YBRS,,,,Size,DROP_DOWN,S,Color,DROP_DOWN,Yellow/Black,,,,,,,,,,,,,Fit,<p>R</p>,Length,<p>65</p>,Width,<p>40</p>,Height,<p>40</p>,Box Quantity,<p>24</p>,Inner Pack Quantity,<p>1</p>,Country Of Origin,<p>BD</p>,Standards,<p></p>,,,,
UB324,Variant,,,https://d11ak7fd9ypfb7.cloudfront.net/styles1100px/UB324YBR.jpg,,0.0,TRUE,InStock,0.999,,UB324YBRXL,,,,Size,DROP_DOWN,XL,Color,DROP_DOWN,Yellow/Black,,,,,,,,,,,,,Fit,<p>R</p>,Length,<p>65</p>,Width,<p>40</p>,Height,<p>40</p>,Box Quantity,<p>24</p>,Inner Pack Quantity,<p>1</p>,Country Of Origin,<p>BD</p>,Standards,<p></p>,,,,
UB324,Variant,,,https://d11ak7fd9ypfb7.cloudfront.net/styles1100px/UB324YBR.jpg,,0.0,TRUE,InStock,0.999,,UB324YBRXXL,,,,Size,DROP_DOWN,XXL,Color,DROP_DOWN,Yellow/Black,,,,,,,,,,,,,Fit,<p>R</p>,Length,<p>65</p>,Width,<p>40</p>,Height,<p>40</p>,Box Quantity,<p>24</p>,Inner Pack Quantity,<p>1</p>,Country Of Origin,<p>BD</p>,Standards,<p></p>,,,,
UB324,Variant,,,https://d11ak7fd9ypfb7.cloudfront.net/styles1100px/UB324YBR.jpg,,0.0,TRUE,InStock,0.999,,UB324YBRXXXL,,,,Size,DROP_DOWN,XXXL,Color,DROP_DOWN,Yellow/Black,,,,,,,,,,,,,Fit,<p>R</p>,Length,<p>65</p>,Width,<p>40</p>,Height,<p>40</p>,Box Quantity,<p>24</p>,Inner Pack Quantity,<p>1</p>,Country Of Origin,<p>BD</p>,Standards,<p></p>,,,,
UB325,Product,UB325 - ,,https://d11ak7fd9ypfb7.cloudfront.net/styles1100px/UB325YBR.jpg,0.0,0.0,TRUE,InStock,0.999,,UB325YBR4XL,,,,Size,DROP_DOWN,S;M;L;XL;XXL;XXXL;4XL;5XL;6XL,Color,DROP_DOWN,Yellow/Black,,,,,,,,,,,,,Fit,<p>R</p>,Length,<p>65</p>,Width,<p>40</p>,Height,<p>40</p>,Box Quantity,<p>18</p>,Inner Pack Quantity,<p>1</p>,Country Of Origin,<p>BD</p>,Standards,<p></p>,,,,
UB325,Variant,,,https://d11ak7fd9ypfb7.cloudfront.net/styles1100px/UB325YBR.jpg,,0.0,TRUE,InStock,0.999,,UB325YBR4XL,,,,Size,DROP_DOWN,4XL,Color,DROP_DOWN,Yellow/Black,,,,,,,,,,,,,Fit,<p>R</p>,Length,<p>65</p>,Width,<p>40</p>,Height,<p>40</p>,Box Quantity,<p>18</p>,Inner Pack Quantity,<p>1</p>,Country Of Origin,<p>BD</p>,Standards,<p></p>,,,,
UB325,Variant,,,https://d11ak7fd9ypfb7.cloudfront.net/styles1100px/UB325YBR.jpg,,0.0,TRUE,InStock,0.999,,UB325YBR5XL,,,,Size,DROP_DOWN,5XL,Color,DROP_DOWN,Yellow/Black,,,,,,,,,,,,,Fit,<p>R</p>,Length,<p>65</p>,Width,<p>40</p>,Height,<p>40</p>,Box Quantity,<p>18</p>,Inner Pack Quantity,<p>1</p>,Country Of Origin,<p>BD</p>,Standards,<p></p>,,,,
UB325,Variant,,,https://d11ak7fd9ypfb7.cloudfront.net/styles1100px/UB325YBR.jpg,,0.0,TRUE,InStock,0.999,,UB325YBR6XL,,,,Size,DROP_DOWN,6XL,Color,DROP_DOWN,Yellow/Black,,,,,,,,,,,,,Fit,<p>R</p>,Length,<p>65</p>,Width,<p>40</p>,Height,<p>40</p>,Box Quantity,<p>18</p>,Inner Pack Quantity,<p>1</p>,Country Of Origin,<p>BD</p>,Standards,<p></p>,,,,
UB325,Variant,,,https://d11ak7fd9ypfb7.cloudfront.net/styles1100px/UB325YBR.jpg,,0.0,TRUE,InStock,0.999,,UB325YBRL,,,,Size,DROP_DOWN,L,Color,DROP_DOWN,Yellow/Black,,,,,,,,,,,,,Fit,<p>R</p>,Length,<p>65</p>,Width,<p>40</p>,Height,<p>35</p>,Box Quantity,<p>18</p>,Inner Pack Quantity,<p>1</p>,Country Of Origin,<p>BD</p>,Standards,<p></p>,,,,
UB325,Variant,,,https://d11ak7fd9ypfb7.cloudfront.net/styles1100px/UB325YBR.jpg,,0.0,TRUE,InStock,0.999,,UB325YBRM,,,,Size,DROP_DOWN,M,Color,DROP_DOWN,Yellow/Black,,,,,,,,,,,,,Fit,<p>R</p>,Length,<p>65</p>,Width,<p>40</p>,Height,<p>35</p>,Box Quantity,<p>18</p>,Inner Pack Quantity,<p>1</p>,Country Of Origin,<p>BD</p>,Standards,<p></p>,,,,
UB325,Variant,,,https://d11ak7fd9ypfb7.cloudfront.net/styles1100px/UB325YBR.jpg,,0.0,TRUE,InStock,0.999,,UB325YBRS,,,,Size,DROP_DOWN,S,Color,DROP_DOWN,Yellow/Black,,,,,,,,,,,,,Fit,<p>R</p>,Length,<p>65</p>,Width,<p>40</p>,Height,<p>35</p>,Box Quantity,<p>18</p>,Inner Pack Quantity,<p>1</p>,Country Of Origin,<p>BD</p>,Standards,<p></p>,,,,
UB325,Variant,,,https://d11ak7fd9ypfb7.cloudfront.net/styles1100px/UB325YBR.jpg,,0.0,TRUE,InStock,0.999,,UB325YBRXL,,,,Size,DROP_DOWN,XL,Color,DROP_DOWN,Yellow/Black,,,,,,,,,,,,,Fit,<p>R</p>,Length,<p>65</p>,Width,<p>40</p>,Height,<p>35</p>,Box Quantity,<p>18</p>,Inner Pack Quantity,<p>1</p>,Country Of Origin,<p>BD</p>,Standards,<p></p>,,,,
UB325,Variant,,,https://d11ak7fd9ypfb7.cloudfront.net/styles1100px/UB325YBR.jpg,,0.0,TRUE,InStock,0.999,,UB325YBRXXL,,,,Size,DROP_DOWN,XXL,Color,DROP_DOWN,Yellow/Black,,,,,,,,,,,,,Fit,<p>R</p>,Length,<p>65</p>,Width,<p>40</p>,Height,<p>40</p>,Box Quantity,<p>18</p>,Inner Pack Quantity,<p>1</p>,Country Of Origin,<p>BD</p>,Standards,<p></p>,,,,
UB325,Variant,,,https://d11ak7fd9ypfb7.cloudfront.net/styles1100px/UB325YBR.jpg,,0.0,TRUE,InStock,0.999,,UB325YBRXXXL,,,,Size,DROP_DOWN,XXXL,Color,DROP_DOWN,Yellow/Black,,,,,,,,,,,,,Fit,<p>R</p>,Length,<p>65</p>,Width,<p>40</p>,Height,<p>40</p>,Box Quantity,<p>18</p>,Inner Pack Quantity,<p>1</p>,Country Of Origin,<p>BD</p>,Standards,<p></p>,,,,
UBIZ1,Product,UBIZ1 - Bizweld FR Coverall,"Voted the number one favourite coverall in the welding industry, our best selling Bizweld coverall is ideal for offering complete protection to workers exposed to heat. The generous fit provides comfort and allows the wearer to work unhindered whilst ample storage space, rule pocket and concealed mobile phone pocket hold equipment securely and safely.",https://d11ak7fd9ypfb7.cloudfront.net/styles1100px/UBIZ1BKR.jpg,83.0,0.0,TRUE,InStock,1.18,,UBIZ1BKRL,,,,Size,DROP_DOWN,S;M;L;XL;XXL;XXXL;4XL;5XL;6XL,Color,DROP_DOWN,Grey;Navy Tall;Navy;Orange;Black,,,,,,,,,,,,,Fit,<p>R</p>,Length,<p>43</p>,Width,<p>28</p>,Height,<p>58</p>,Box Quantity,<p>15</p>,Inner Pack Quantity,<p>1</p>,Country Of Origin,<p>BD</p>,Standards,<ul><li>EN ISO 11611 Class 1  A1+A2</li><li>EN ISO 11612   A1+A2 B1 C1 E1 F1</li><li>ASTM F1506-10a</li><li>NFPA® 70E</li><li>NFPA® 2112</li><li>ASTM F1959/F1959M-12   ATPV 11.2 CAL/CM<sup>2</sup> (HAF = 80.4%)</li></ul>,,,,
UBIZ1,Variant,,"Voted the number one favourite coverall in the welding industry, our best selling Bizweld coverall is ideal for offering complete protection to workers exposed to heat. The generous fit provides comfort and allows the wearer to work unhindered whilst ample storage space, rule pocket and concealed mobile phone pocket hold equipment securely and safely.",https://d11ak7fd9ypfb7.cloudfront.net/styles1100px/UBIZ1BKR.jpg,,0.0,TRUE,InStock,1.18,,UBIZ1BKRL,,,,Size,DROP_DOWN,L,Color,DROP_DOWN,Black,,,,,,,,,,,,,Fit,<p>R</p>,Length,<p>43</p>,Width,<p>28</p>,Height,<p>58</p>,Box Quantity,<p>15</p>,Inner Pack Quantity,<p>1</p>,Country Of Origin,<p>BD</p>,Standards,<ul><li>EN ISO 11611 Class 1  A1+A2</li><li>EN ISO 11612   A1+A2 B1 C1 E1 F1</li><li>ASTM F1506-10a</li><li>NFPA® 70E</li><li>NFPA® 2112</li><li>ASTM F1959/F1959M-12   ATPV 11.2 CAL/CM<sup>2</sup> (HAF = 80.4%)</li></ul>,,,,
UBIZ1,Variant,,"Voted the number one favourite coverall in the welding industry, our best selling Bizweld coverall is ideal for offering complete protection to workers exposed to heat. The generous fit provides comfort and allows the wearer to work unhindered whilst ample storage space, rule pocket and concealed mobile phone pocket hold equipment securely and safely.",https://d11ak7fd9ypfb7.cloudfront.net/styles1100px/UBIZ1BKR.jpg,,0.0,TRUE,InStock,1.18,,UBIZ1BKRM,,,,Size,DROP_DOWN,M,Color,DROP_DOWN,Black,,,,,,,,,,,,,Fit,<p>R</p>,Length,<p>43</p>,Width,<p>28</p>,Height,<p>58</p>,Box Quantity,<p>15</p>,Inner Pack Quantity,<p>1</p>,Country Of Origin,<p>BD</p>,Standards,<ul><li>EN ISO 11611 Class 1  A1+A2</li><li>EN ISO 11612   A1+A2 B1 C1 E1 F1</li><li>ASTM F1506-10a</li><li>NFPA® 70E</li><li>NFPA® 2112</li><li>ASTM F1959/F1959M-12   ATPV 11.2 CAL/CM<sup>2</sup> (HAF = 80.4%)</li></ul>,,,,
UBIZ1,Variant,,"Voted the number one favourite coverall in the welding industry, our best selling Bizweld coverall is ideal for offering complete protection to workers exposed to heat. The generous fit provides comfort and allows the wearer to work unhindered whilst ample storage space, rule pocket and concealed mobile phone pocket hold equipment securely and safely.",https://d11ak7fd9ypfb7.cloudfront.net/styles1100px/UBIZ1BKR.jpg,,0.0,TRUE,InStock,1.18,,UBIZ1BKRXL,,,,Size,DROP_DOWN,XL,Color,DROP_DOWN,Black,,,,,,,,,,,,,Fit,<p>R</p>,Length,<p>43</p>,Width,<p>28</p>,Height,<p>58</p>,Box Quantity,<p>15</p>,Inner Pack Quantity,<p>1</p>,Country Of Origin,<p>BD</p>,Standards,<ul><li>EN ISO 11611 Class 1  A1+A2</li><li>EN ISO 11612   A1+A2 B1 C1 E1 F1</li><li>ASTM F1506-10a</li><li>NFPA® 70E</li><li>NFPA® 2112</li><li>ASTM F1959/F1959M-12   ATPV 11.2 CAL/CM<sup>2</sup> (HAF = 80.4%)</li></ul>,,,,
UBIZ1,Variant,,"Voted the number one favourite coverall in the welding industry, our best selling Bizweld coverall is ideal for offering complete protection to workers exposed to heat. The generous fit provides comfort and allows the wearer to work unhindered whilst ample storage space, rule pocket and concealed mobile phone pocket hold equipment securely and safely.",https://d11ak7fd9ypfb7.cloudfront.net/styles1100px/UBIZ1BKR.jpg,,0.0,TRUE,InStock,1.18,,UBIZ1BKRXXL,,,,Size,DROP_DOWN,XXL,Color,DROP_DOWN,Black,,,,,,,,,,,,,Fit,<p>R</p>,Length,<p>43</p>,Width,<p>28</p>,Height,<p>58</p>,Box Quantity,<p>15</p>,Inner Pack Quantity,<p>1</p>,Country Of Origin,<p>BD</p>,Standards,<ul><li>EN ISO 11611 Class 1  A1+A2</li><li>EN ISO 11612   A1+A2 B1 C1 E1 F1</li><li>ASTM F1506-10a</li><li>NFPA® 70E</li><li>NFPA® 2112</li><li>ASTM F1959/F1959M-12   ATPV 11.2 CAL/CM<sup>2</sup> (HAF = 80.4%)</li></ul>,,,,
UBIZ1,Variant,,"Voted the number one favourite coverall in the welding industry, our best selling Bizweld coverall is ideal for offering complete protection to workers exposed to heat. The generous fit provides comfort and allows the wearer to work unhindered whilst ample storage space, rule pocket and concealed mobile phone pocket hold equipment securely and safely.",https://d11ak7fd9ypfb7.cloudfront.net/styles1100px/UBIZ1BKR.jpg,,0.0,TRUE,InStock,1.18,,UBIZ1BKRXXXL,,,,Size,DROP_DOWN,XXXL,Color,DROP_DOWN,Black,,,,,,,,,,,,,Fit,<p>R</p>,Length,<p>43</p>,Width,<p>28</p>,Height,<p>58</p>,Box Quantity,<p>15</p>,Inner Pack Quantity,<p>1</p>,Country Of Origin,<p>BD</p>,Standards,<ul><li>EN ISO 11611 Class 1  A1+A2</li><li>EN ISO 11612   A1+A2 B1 C1 E1 F1</li><li>ASTM F1506-10a</li><li>NFPA® 70E</li><li>NFPA® 2112</li><li>ASTM F1959/F1959M-12   ATPV 11.2 CAL/CM<sup>2</sup> (HAF = 80.4%)</li></ul>,,,,
UBIZ1,Variant,,"Voted the number one favourite coverall in the welding industry, our best selling Bizweld coverall is ideal for offering complete protection to workers exposed to heat. The generous fit provides comfort and allows the wearer to work unhindered whilst ample storage space, rule pocket and concealed mobile phone pocket hold equipment securely and safely.",https://d11ak7fd9ypfb7.cloudfront.net/styles1100px/UBIZ1GRR.jpg,,0.0,TRUE,InStock,1.18,,UBIZ1GRR4XL,,,,Size,DROP_DOWN,4XL,Color,DROP_DOWN,Grey,,,,,,,,,,,,,Fit,<p>R</p>,Length,<p>43</p>,Width,<p>28</p>,Height,<p>58</p>,Box Quantity,<p>15</p>,Inner Pack Quantity,<p>1</p>,Country Of Origin,<p>BD</p>,Standards,<ul><li>EN ISO 11611 Class 1  A1+A2</li><li>EN ISO 11612   A1+A2 B1 C1 E1 F1</li><li>ASTM F1506-10a</li><li>NFPA® 70E</li><li>NFPA® 2112</li><li>ASTM F1959/F1959M-12   ATPV 11.2 CAL/CM<sup>2</sup> (HAF = 80.4%)</li></ul>,,,,
UBIZ1,Variant,,"Voted the number one favourite coverall in the welding industry, our best selling Bizweld coverall is ideal for offering complete protection to workers exposed to heat. The generous fit provides comfort and allows the wearer to work unhindered whilst ample storage space, rule pocket and concealed mobile phone pocket hold equipment securely and safely.",https://d11ak7fd9ypfb7.cloudfront.net/styles1100px/UBIZ1GRR.jpg,,0.0,TRUE,InStock,1.18,,UBIZ1GRR5XL,,,,Size,DROP_DOWN,5XL,Color,DROP_DOWN,Grey,,,,,,,,,,,,,Fit,<p>R</p>,Length,<p>43</p>,Width,<p>28</p>,Height,<p>58</p>,Box Quantity,<p>15</p>,Inner Pack Quantity,<p>1</p>,Country Of Origin,<p>BD</p>,Standards,<ul><li>EN ISO 11611 Class 1  A1+A2</li><li>EN ISO 11612   A1+A2 B1 C1 E1 F1</li><li>ASTM F1506-10a</li><li>NFPA® 70E</li><li>NFPA® 2112</li><li>ASTM F1959/F1959M-12   ATPV 11.2 CAL/CM<sup>2</sup> (HAF = 80.4%)</li></ul>,,,,
UBIZ1,Variant,,"Voted the number one favourite coverall in the welding industry, our best selling Bizweld coverall is ideal for offering complete protection to workers exposed to heat. The generous fit provides comfort and allows the wearer to work unhindered whilst ample storage space, rule pocket and concealed mobile phone pocket hold equipment securely and safely.",https://d11ak7fd9ypfb7.cloudfront.net/styles1100px/UBIZ1GRR.jpg,,0.0,TRUE,InStock,1.18,,UBIZ1GRR6XL,,,,Size,DROP_DOWN,6XL,Color,DROP_DOWN,Grey,,,,,,,,,,,,,Fit,<p>R</p>,Length,<p>43</p>,Width,<p>28</p>,Height,<p>58</p>,Box Quantity,<p>15</p>,Inner Pack Quantity,<p>1</p>,Country Of Origin,<p>BD</p>,Standards,<ul><li>EN ISO 11611 Class 1  A1+A2</li><li>EN ISO 11612   A1+A2 B1 C1 E1 F1</li><li>ASTM F1506-10a</li><li>NFPA® 70E</li><li>NFPA® 2112</li><li>ASTM F1959/F1959M-12   ATPV 11.2 CAL/CM<sup>2</sup> (HAF = 80.4%)</li></ul>,,,,
UBIZ1,Variant,,"Voted the number one favourite coverall in the welding industry, our best selling Bizweld coverall is ideal for offering complete protection to workers exposed to heat. The generous fit provides comfort and allows the wearer to work unhindered whilst ample storage space, rule pocket and concealed mobile phone pocket hold equipment securely and safely.",https://d11ak7fd9ypfb7.cloudfront.net/styles1100px/UBIZ1GRR.jpg,,0.0,TRUE,InStock,1.18,,UBIZ1GRRL,,,,Size,DROP_DOWN,L,Color,DROP_DOWN,Grey,,,,,,,,,,,,,Fit,<p>R</p>,Length,<p>43</p>,Width,<p>28</p>,Height,<p>58</p>,Box Quantity,<p>15</p>,Inner Pack Quantity,<p>1</p>,Country Of Origin,<p>BD</p>,Standards,<ul><li>EN ISO 11611 Class 1  A1+A2</li><li>EN ISO 11612   A1+A2 B1 C1 E1 F1</li><li>ASTM F1506-10a</li><li>NFPA® 70E</li><li>NFPA® 2112</li><li>ASTM F1959/F1959M-12   ATPV 11.2 CAL/CM<sup>2</sup> (HAF = 80.4%)</li></ul>,,,,
UBIZ1,Variant,,"Voted the number one favourite coverall in the welding industry, our best selling Bizweld coverall is ideal for offering complete protection to workers exposed to heat. The generous fit provides comfort and allows the wearer to work unhindered whilst ample storage space, rule pocket and concealed mobile phone pocket hold equipment securely and safely.",https://d11ak7fd9ypfb7.cloudfront.net/styles1100px/UBIZ1GRR.jpg,,0.0,TRUE,InStock,1.18,,UBIZ1GRRM,,,,Size,DROP_DOWN,M,Color,DROP_DOWN,Grey,,,,,,,,,,,,,Fit,<p>R</p>,Length,<p>43</p>,Width,<p>28</p>,Height,<p>58</p>,Box Quantity,<p>15</p>,Inner Pack Quantity,<p>1</p>,Country Of Origin,<p>BD</p>,Standards,<ul><li>EN ISO 11611 Class 1  A1+A2</li><li>EN ISO 11612   A1+A2 B1 C1 E1 F1</li><li>ASTM F1506-10a</li><li>NFPA® 70E</li><li>NFPA® 2112</li><li>ASTM F1959/F1959M-12   ATPV 11.2 CAL/CM<sup>2</sup> (HAF = 80.4%)</li></ul>,,,,
UBIZ1,Variant,,"Voted the number one favourite coverall in the welding industry, our best selling Bizweld coverall is ideal for offering complete protection to workers exposed to heat. The generous fit provides comfort and allows the wearer to work unhindered whilst ample storage space, rule pocket and concealed mobile phone pocket hold equipment securely and safely.",https://d11ak7fd9ypfb7.cloudfront.net/styles1100px/UBIZ1GRR.jpg,,0.0,TRUE,InStock,1.18,,UBIZ1GRRS,,,,Size,DROP_DOWN,S,Color,DROP_DOWN,Grey,,,,,,,,,,,,,Fit,<p>R</p>,Length,<p>43</p>,Width,<p>28</p>,Height,<p>58</p>,Box Quantity,<p>15</p>,Inner Pack Quantity,<p>1</p>,Country Of Origin,<p>BD</p>,Standards,<ul><li>EN ISO 11611 Class 1  A1+A2</li><li>EN ISO 11612   A1+A2 B1 C1 E1 F1</li><li>ASTM F1506-10a</li><li>NFPA® 70E</li><li>NFPA® 2112</li><li>ASTM F1959/F1959M-12   ATPV 11.2 CAL/CM<sup>2</sup> (HAF = 80.4%)</li></ul>,,,,
UBIZ1,Variant,,"Voted the number one favourite coverall in the welding industry, our best selling Bizweld coverall is ideal for offering complete protection to workers exposed to heat. The generous fit provides comfort and allows the wearer to work unhindered whilst ample storage space, rule pocket and concealed mobile phone pocket hold equipment securely and safely.",https://d11ak7fd9ypfb7.cloudfront.net/styles1100px/UBIZ1GRR.jpg,,0.0,TRUE,InStock,1.18,,UBIZ1GRRXL,,,,Size,DROP_DOWN,XL,Color,DROP_DOWN,Grey,,,,,,,,,,,,,Fit,<p>R</p>,Length,<p>43</p>,Width,<p>28</p>,Height,<p>58</p>,Box Quantity,<p>15</p>,Inner Pack Quantity,<p>1</p>,Country Of Origin,<p>BD</p>,Standards,<ul><li>EN ISO 11611 Class 1  A1+A2</li><li>EN ISO 11612   A1+A2 B1 C1 E1 F1</li><li>ASTM F1506-10a</li><li>NFPA® 70E</li><li>NFPA® 2112</li><li>ASTM F1959/F1959M-12   ATPV 11.2 CAL/CM<sup>2</sup> (HAF = 80.4%)</li></ul>,,,,
UBIZ1,Variant,,"Voted the number one favourite coverall in the welding industry, our best selling Bizweld coverall is ideal for offering complete protection to workers exposed to heat. The generous fit provides comfort and allows the wearer to work unhindered whilst ample storage space, rule pocket and concealed mobile phone pocket hold equipment securely and safely.",https://d11ak7fd9ypfb7.cloudfront.net/styles1100px/UBIZ1GRR.jpg,,0.0,TRUE,InStock,1.18,,UBIZ1GRRXXL,,,,Size,DROP_DOWN,XXL,Color,DROP_DOWN,Grey,,,,,,,,,,,,,Fit,<p>R</p>,Length,<p>43</p>,Width,<p>28</p>,Height,<p>58</p>,Box Quantity,<p>15</p>,Inner Pack Quantity,<p>1</p>,Country Of Origin,<p>BD</p>,Standards,<ul><li>EN ISO 11611 Class 1  A1+A2</li><li>EN ISO 11612   A1+A2 B1 C1 E1 F1</li><li>ASTM F1506-10a</li><li>NFPA® 70E</li><li>NFPA® 2112</li><li>ASTM F1959/F1959M-12   ATPV 11.2 CAL/CM<sup>2</sup> (HAF = 80.4%)</li></ul>,,,,
UBIZ1,Variant,,"Voted the number one favourite coverall in the welding industry, our best selling Bizweld coverall is ideal for offering complete protection to workers exposed to heat. The generous fit provides comfort and allows the wearer to work unhindered whilst ample storage space, rule pocket and concealed mobile phone pocket hold equipment securely and safely.",https://d11ak7fd9ypfb7.cloudfront.net/styles1100px/UBIZ1GRR.jpg,,0.0,TRUE,InStock,1.18,,UBIZ1GRRXXXL,,,,Size,DROP_DOWN,XXXL,Color,DROP_DOWN,Grey,,,,,,,,,,,,,Fit,<p>R</p>,Length,<p>43</p>,Width,<p>28</p>,Height,<p>58</p>,Box Quantity,<p>15</p>,Inner Pack Quantity,<p>1</p>,Country Of Origin,<p>BD</p>,Standards,<ul><li>EN ISO 11611 Class 1  A1+A2</li><li>EN ISO 11612   A1+A2 B1 C1 E1 F1</li><li>ASTM F1506-10a</li><li>NFPA® 70E</li><li>NFPA® 2112</li><li>ASTM F1959/F1959M-12   ATPV 11.2 CAL/CM<sup>2</sup> (HAF = 80.4%)</li></ul>,,,,
UBIZ1,Variant,,"Voted the number one favourite coverall in the welding industry, our best selling Bizweld coverall is ideal for offering complete protection to workers exposed to heat. The generous fit provides comfort and allows the wearer to work unhindered whilst ample storage space, rule pocket and concealed mobile phone pocket hold equipment securely and safely.",https://d11ak7fd9ypfb7.cloudfront.net/styles1100px/UBIZ1NAR.jpg,,0.0,TRUE,InStock,1.18,,UBIZ1NAR4XL,,,,Size,DROP_DOWN,4XL,Color,DROP_DOWN,Navy,,,,,,,,,,,,,Fit,<p>R</p>,Length,<p>43</p>,Width,<p>28</p>,Height,<p>58</p>,Box Quantity,<p>15</p>,Inner Pack Quantity,<p>1</p>,Country Of Origin,<p>BD</p>,Standards,<ul><li>EN ISO 11611 Class 1  A1+A2</li><li>EN ISO 11612   A1+A2 B1 C1 E1 F1</li><li>ASTM F1506-10a</li><li>NFPA® 70E</li><li>NFPA® 2112</li><li>ASTM F1959/F1959M-12   ATPV 11.2 CAL/CM<sup>2</sup> (HAF = 80.4%)</li></ul>,,,,
UBIZ1,Variant,,"Voted the number one favourite coverall in the welding industry, our best selling Bizweld coverall is ideal for offering complete protection to workers exposed to heat. The generous fit provides comfort and allows the wearer to work unhindered whilst ample storage space, rule pocket and concealed mobile phone pocket hold equipment securely and safely.",https://d11ak7fd9ypfb7.cloudfront.net/styles1100px/UBIZ1NAR.jpg,,0.0,TRUE,InStock,1.18,,UBIZ1NAR5XL,,,,Size,DROP_DOWN,5XL,Color,DROP_DOWN,Navy,,,,,,,,,,,,,Fit,<p>R</p>,Length,<p>43</p>,Width,<p>28</p>,Height,<p>58</p>,Box Quantity,<p>15</p>,Inner Pack Quantity,<p>1</p>,Country Of Origin,<p>BD</p>,Standards,<ul><li>EN ISO 11611 Class 1  A1+A2</li><li>EN ISO 11612   A1+A2 B1 C1 E1 F1</li><li>ASTM F1506-10a</li><li>NFPA® 70E</li><li>NFPA® 2112</li><li>ASTM F1959/F1959M-12   ATPV 11.2 CAL/CM<sup>2</sup> (HAF = 80.4%)</li></ul>,,,,
UBIZ1,Variant,,"Voted the number one favourite coverall in the welding industry, our best selling Bizweld coverall is ideal for offering complete protection to workers exposed to heat. The generous fit provides comfort and allows the wearer to work unhindered whilst ample storage space, rule pocket and concealed mobile phone pocket hold equipment securely and safely.",https://d11ak7fd9ypfb7.cloudfront.net/styles1100px/UBIZ1NAR.jpg,,0.0,TRUE,InStock,1.18,,UBIZ1NAR6XL,,,,Size,DROP_DOWN,6XL,Color,DROP_DOWN,Navy,,,,,,,,,,,,,Fit,<p>R</p>,Length,<p>43</p>,Width,<p>28</p>,Height,<p>58</p>,Box Quantity,<p>15</p>,Inner Pack Quantity,<p>1</p>,Country Of Origin,<p>BD</p>,Standards,<ul><li>EN ISO 11611 Class 1  A1+A2</li><li>EN ISO 11612   A1+A2 B1 C1 E1 F1</li><li>ASTM F1506-10a</li><li>NFPA® 70E</li><li>NFPA® 2112</li><li>ASTM F1959/F1959M-12   ATPV 11.2 CAL/CM<sup>2</sup> (HAF = 80.4%)</li></ul>,,,,
UBIZ1,Variant,,"Voted the number one favourite coverall in the welding industry, our best selling Bizweld coverall is ideal for offering complete protection to workers exposed to heat. The generous fit provides comfort and allows the wearer to work unhindered whilst ample storage space, rule pocket and concealed mobile phone pocket hold equipment securely and safely.",https://d11ak7fd9ypfb7.cloudfront.net/styles1100px/UBIZ1NAR.jpg,,0.0,TRUE,InStock,1.18,,UBIZ1NARL,,,,Size,DROP_DOWN,L,Color,DROP_DOWN,Navy,,,,,,,,,,,,,Fit,<p>R</p>,Length,<p>43</p>,Width,<p>28</p>,Height,<p>58</p>,Box Quantity,<p>15</p>,Inner Pack Quantity,<p>1</p>,Country Of Origin,<p>BD</p>,Standards,<ul><li>EN ISO 11611 Class 1  A1+A2</li><li>EN ISO 11612   A1+A2 B1 C1 E1 F1</li><li>ASTM F1506-10a</li><li>NFPA® 70E</li><li>NFPA® 2112</li><li>ASTM F1959/F1959M-12   ATPV 11.2 CAL/CM<sup>2</sup> (HAF = 80.4%)</li></ul>,,,,
UBIZ1,Variant,,"Voted the number one favourite coverall in the welding industry, our best selling Bizweld coverall is ideal for offering complete protection to workers exposed to heat. The generous fit provides comfort and allows the wearer to work unhindered whilst ample storage space, rule pocket and concealed mobile phone pocket hold equipment securely and safely.",https://d11ak7fd9ypfb7.cloudfront.net/styles1100px/UBIZ1NAR.jpg,,0.0,TRUE,InStock,1.18,,UBIZ1NARM,,,,Size,DROP_DOWN,M,Color,DROP_DOWN,Navy,,,,,,,,,,,,,Fit,<p>R</p>,Length,<p>43</p>,Width,<p>28</p>,Height,<p>58</p>,Box Quantity,<p>15</p>,Inner Pack Quantity,<p>1</p>,Country Of Origin,<p>BD</p>,Standards,<ul><li>EN ISO 11611 Class 1  A1+A2</li><li>EN ISO 11612   A1+A2 B1 C1 E1 F1</li><li>ASTM F1506-10a</li><li>NFPA® 70E</li><li>NFPA® 2112</li><li>ASTM F1959/F1959M-12   ATPV 11.2 CAL/CM<sup>2</sup> (HAF = 80.4%)</li></ul>,,,,
UBIZ1,Variant,,"Voted the number one favourite coverall in the welding industry, our best selling Bizweld coverall is ideal for offering complete protection to workers exposed to heat. The generous fit provides comfort and allows the wearer to work unhindered whilst ample storage space, rule pocket and concealed mobile phone pocket hold equipment securely and safely.",https://d11ak7fd9ypfb7.cloudfront.net/styles1100px/UBIZ1NAR.jpg,,0.0,TRUE,InStock,1.18,,UBIZ1NARS,,,,Size,DROP_DOWN,S,Color,DROP_DOWN,Navy,,,,,,,,,,,,,Fit,<p>R</p>,Length,<p>43</p>,Width,<p>28</p>,Height,<p>58</p>,Box Quantity,<p>15</p>,Inner Pack Quantity,<p>1</p>,Country Of Origin,<p>BD</p>,Standards,<ul><li>EN ISO 11611 Class 1  A1+A2</li><li>EN ISO 11612   A1+A2 B1 C1 E1 F1</li><li>ASTM F1506-10a</li><li>NFPA® 70E</li><li>NFPA® 2112</li><li>ASTM F1959/F1959M-12   ATPV 11.2 CAL/CM<sup>2</sup> (HAF = 80.4%)</li></ul>,,,,
UBIZ1,Variant,,"Voted the number one favourite coverall in the welding industry, our best selling Bizweld coverall is ideal for offering complete protection to workers exposed to heat. The generous fit provides comfort and allows the wearer to work unhindered whilst ample storage space, rule pocket and concealed mobile phone pocket hold equipment securely and safely.",https://d11ak7fd9ypfb7.cloudfront.net/styles1100px/UBIZ1NAR.jpg,,0.0,TRUE,InStock,1.18,,UBIZ1NARXL,,,,Size,DROP_DOWN,XL,Color,DROP_DOWN,Navy,,,,,,,,,,,,,Fit,<p>R</p>,Length,<p>43</p>,Width,<p>28</p>,Height,<p>58</p>,Box Quantity,<p>15</p>,Inner Pack Quantity,<p>1</p>,Country Of Origin,<p>BD</p>,Standards,<ul><li>EN ISO 11611 Class 1  A1+A2</li><li>EN ISO 11612   A1+A2 B1 C1 E1 F1</li><li>ASTM F1506-10a</li><li>NFPA® 70E</li><li>NFPA® 2112</li><li>ASTM F1959/F1959M-12   ATPV 11.2 CAL/CM<sup>2</sup> (HAF = 80.4%)</li></ul>,,,,
UBIZ1,Variant,,"Voted the number one favourite coverall in the welding industry, our best selling Bizweld coverall is ideal for offering complete protection to workers exposed to heat. The generous fit provides comfort and allows the wearer to work unhindered whilst ample storage space, rule pocket and concealed mobile phone pocket hold equipment securely and safely.",https://d11ak7fd9ypfb7.cloudfront.net/styles1100px/UBIZ1NAR.jpg,,0.0,TRUE,InStock,1.18,,UBIZ1NARXXL,,,,Size,DROP_DOWN,XXL,Color,DROP_DOWN,Navy,,,,,,,,,,,,,Fit,<p>R</p>,Length,<p>43</p>,Width,<p>28</p>,Height,<p>58</p>,Box Quantity,<p>15</p>,Inner Pack Quantity,<p>1</p>,Country Of Origin,<p>BD</p>,Standards,<ul><li>EN ISO 11611 Class 1  A1+A2</li><li>EN ISO 11612   A1+A2 B1 C1 E1 F1</li><li>ASTM F1506-10a</li><li>NFPA® 70E</li><li>NFPA® 2112</li><li>ASTM F1959/F1959M-12   ATPV 11.2 CAL/CM<sup>2</sup> (HAF = 80.4%)</li></ul>,,,,
UBIZ1,Variant,,"Voted the number one favourite coverall in the welding industry, our best selling Bizweld coverall is ideal for offering complete protection to workers exposed to heat. The generous fit provides comfort and allows the wearer to work unhindered whilst ample storage space, rule pocket and concealed mobile phone pocket hold equipment securely and safely.",https://d11ak7fd9ypfb7.cloudfront.net/styles1100px/UBIZ1NAR.jpg,,0.0,TRUE,InStock,1.18,,UBIZ1NARXXXL,,,,Size,DROP_DOWN,XXXL,Color,DROP_DOWN,Navy,,,,,,,,,,,,,Fit,<p>R</p>,Length,<p>43</p>,Width,<p>28</p>,Height,<p>58</p>,Box Quantity,<p>15</p>,Inner Pack Quantity,<p>1</p>,Country Of Origin,<p>BD</p>,Standards,<ul><li>EN ISO 11611 Class 1  A1+A2</li><li>EN ISO 11612   A1+A2 B1 C1 E1 F1</li><li>ASTM F1506-10a</li><li>NFPA® 70E</li><li>NFPA® 2112</li><li>ASTM F1959/F1959M-12   ATPV 11.2 CAL/CM<sup>2</sup> (HAF = 80.4%)</li></ul>,,,,
UBIZ1,Variant,,"Voted the number one favourite coverall in the welding industry, our best selling Bizweld coverall is ideal for offering complete protection to workers exposed to heat. The generous fit provides comfort and allows the wearer to work unhindered whilst ample storage space, rule pocket and concealed mobile phone pocket hold equipment securely and safely.",https://d11ak7fd9ypfb7.cloudfront.net/styles1100px/UBIZ1NAT.jpg,,0.0,TRUE,InStock,1.18,,UBIZ1NAT4XL,,,,Size,DROP_DOWN,4XL,Color,DROP_DOWN,Navy Tall,,,,,,,,,,,,,Fit,<p>T</p>,Length,<p>43</p>,Width,<p>28</p>,Height,<p>58</p>,Box Quantity,<p>15</p>,Inner Pack Quantity,<p>1</p>,Country Of Origin,<p>BD</p>,Standards,<ul><li>EN ISO 11611 Class 1  A1+A2</li><li>EN ISO 11612   A1+A2 B1 C1 E1 F1</li><li>ASTM F1506-10a</li><li>NFPA® 70E</li><li>NFPA® 2112</li><li>ASTM F1959/F1959M-12   ATPV 11.2 CAL/CM<sup>2</sup> (HAF = 80.4%)</li></ul>,,,,
UBIZ1,Variant,,"Voted the number one favourite coverall in the welding industry, our best selling Bizweld coverall is ideal for offering complete protection to workers exposed to heat. The generous fit provides comfort and allows the wearer to work unhindered whilst ample storage space, rule pocket and concealed mobile phone pocket hold equipment securely and safely.",https://d11ak7fd9ypfb7.cloudfront.net/styles1100px/UBIZ1NAT.jpg,,0.0,TRUE,InStock,1.18,,UBIZ1NAT5XL,,,,Size,DROP_DOWN,5XL,Color,DROP_DOWN,Navy Tall,,,,,,,,,,,,,Fit,<p>T</p>,Length,<p>43</p>,Width,<p>28</p>,Height,<p>58</p>,Box Quantity,<p>15</p>,Inner Pack Quantity,<p>1</p>,Country Of Origin,<p>BD</p>,Standards,<ul><li>EN ISO 11611 Class 1  A1+A2</li><li>EN ISO 11612   A1+A2 B1 C1 E1 F1</li><li>ASTM F1506-10a</li><li>NFPA® 70E</li><li>NFPA® 2112</li><li>ASTM F1959/F1959M-12   ATPV 11.2 CAL/CM<sup>2</sup> (HAF = 80.4%)</li></ul>,,,,
UBIZ1,Variant,,"Voted the number one favourite coverall in the welding industry, our best selling Bizweld coverall is ideal for offering complete protection to workers exposed to heat. The generous fit provides comfort and allows the wearer to work unhindered whilst ample storage space, rule pocket and concealed mobile phone pocket hold equipment securely and safely.",https://d11ak7fd9ypfb7.cloudfront.net/styles1100px/UBIZ1NAT.jpg,,0.0,TRUE,InStock,1.18,,UBIZ1NATL,,,,Size,DROP_DOWN,L,Color,DROP_DOWN,Navy Tall,,,,,,,,,,,,,Fit,<p>T</p>,Length,<p>43</p>,Width,<p>28</p>,Height,<p>58</p>,Box Quantity,<p>15</p>,Inner Pack Quantity,<p>1</p>,Country Of Origin,<p>BD</p>,Standards,<ul><li>EN ISO 11611 Class 1  A1+A2</li><li>EN ISO 11612   A1+A2 B1 C1 E1 F1</li><li>ASTM F1506-10a</li><li>NFPA® 70E</li><li>NFPA® 2112</li><li>ASTM F1959/F1959M-12   ATPV 11.2 CAL/CM<sup>2</sup> (HAF = 80.4%)</li></ul>,,,,
UBIZ1,Variant,,"Voted the number one favourite coverall in the welding industry, our best selling Bizweld coverall is ideal for offering complete protection to workers exposed to heat. The generous fit provides comfort and allows the wearer to work unhindered whilst ample storage space, rule pocket and concealed mobile phone pocket hold equipment securely and safely.",https://d11ak7fd9ypfb7.cloudfront.net/styles1100px/UBIZ1NAT.jpg,,0.0,TRUE,InStock,1.18,,UBIZ1NATM,,,,Size,DROP_DOWN,M,Color,DROP_DOWN,Navy Tall,,,,,,,,,,,,,Fit,<p>T</p>,Length,<p>43</p>,Width,<p>28</p>,Height,<p>58</p>,Box Quantity,<p>15</p>,Inner Pack Quantity,<p>1</p>,Country Of Origin,<p>BD</p>,Standards,<ul><li>EN ISO 11611 Class 1  A1+A2</li><li>EN ISO 11612   A1+A2 B1 C1 E1 F1</li><li>ASTM F1506-10a</li><li>NFPA® 70E</li><li>NFPA® 2112</li><li>ASTM F1959/F1959M-12   ATPV 11.2 CAL/CM<sup>2</sup> (HAF = 80.4%)</li></ul>,,,,
UBIZ1,Variant,,"Voted the number one favourite coverall in the welding industry, our best selling Bizweld coverall is ideal for offering complete protection to workers exposed to heat. The generous fit provides comfort and allows the wearer to work unhindered whilst ample storage space, rule pocket and concealed mobile phone pocket hold equipment securely and safely.",https://d11ak7fd9ypfb7.cloudfront.net/styles1100px/UBIZ1NAT.jpg,,0.0,TRUE,InStock,1.18,,UBIZ1NATXL,,,,Size,DROP_DOWN,XL,Color,DROP_DOWN,Navy Tall,,,,,,,,,,,,,Fit,<p>T</p>,Length,<p>43</p>,Width,<p>28</p>,Height,<p>58</p>,Box Quantity,<p>15</p>,Inner Pack Quantity,<p>1</p>,Country Of Origin,<p>BD</p>,Standards,<ul><li>EN ISO 11611 Class 1  A1+A2</li><li>EN ISO 11612   A1+A2 B1 C1 E1 F1</li><li>ASTM F1506-10a</li><li>NFPA® 70E</li><li>NFPA® 2112</li><li>ASTM F1959/F1959M-12   ATPV 11.2 CAL/CM<sup>2</sup> (HAF = 80.4%)</li></ul>,,,,
UBIZ1,Variant,,"Voted the number one favourite coverall in the welding industry, our best selling Bizweld coverall is ideal for offering complete protection to workers exposed to heat. The generous fit provides comfort and allows the wearer to work unhindered whilst ample storage space, rule pocket and concealed mobile phone pocket hold equipment securely and safely.",https://d11ak7fd9ypfb7.cloudfront.net/styles1100px/UBIZ1NAT.jpg,,0.0,TRUE,InStock,1.18,,UBIZ1NATXXL,,,,Size,DROP_DOWN,XXL,Color,DROP_DOWN,Navy Tall,,,,,,,,,,,,,Fit,<p>T</p>,Length,<p>43</p>,Width,<p>28</p>,Height,<p>58</p>,Box Quantity,<p>15</p>,Inner Pack Quantity,<p>1</p>,Country Of Origin,<p>BD</p>,Standards,<ul><li>EN ISO 11611 Class 1  A1+A2</li><li>EN ISO 11612   A1+A2 B1 C1 E1 F1</li><li>ASTM F1506-10a</li><li>NFPA® 70E</li><li>NFPA® 2112</li><li>ASTM F1959/F1959M-12   ATPV 11.2 CAL/CM<sup>2</sup> (HAF = 80.4%)</li></ul>,,,,
UBIZ1,Variant,,"Voted the number one favourite coverall in the welding industry, our best selling Bizweld coverall is ideal for offering complete protection to workers exposed to heat. The generous fit provides comfort and allows the wearer to work unhindered whilst ample storage space, rule pocket and concealed mobile phone pocket hold equipment securely and safely.",https://d11ak7fd9ypfb7.cloudfront.net/styles1100px/UBIZ1NAT.jpg,,0.0,TRUE,InStock,1.18,,UBIZ1NATXXXL,,,,Size,DROP_DOWN,XXXL,Color,DROP_DOWN,Navy Tall,,,,,,,,,,,,,Fit,<p>T</p>,Length,<p>43</p>,Width,<p>28</p>,Height,<p>58</p>,Box Quantity,<p>15</p>,Inner Pack Quantity,<p>1</p>,Country Of Origin,<p>BD</p>,Standards,<ul><li>EN ISO 11611 Class 1  A1+A2</li><li>EN ISO 11612   A1+A2 B1 C1 E1 F1</li><li>ASTM F1506-10a</li><li>NFPA® 70E</li><li>NFPA® 2112</li><li>ASTM F1959/F1959M-12   ATPV 11.2 CAL/CM<sup>2</sup> (HAF = 80.4%)</li></ul>,,,,
UBIZ1,Variant,,"Voted the number one favourite coverall in the welding industry, our best selling Bizweld coverall is ideal for offering complete protection to workers exposed to heat. The generous fit provides comfort and allows the wearer to work unhindered whilst ample storage space, rule pocket and concealed mobile phone pocket hold equipment securely and safely.",https://d11ak7fd9ypfb7.cloudfront.net/styles1100px/UBIZ1ORR.jpg,,0.0,TRUE,InStock,1.18,,UBIZ1ORRL,,,,Size,DROP_DOWN,L,Color,DROP_DOWN,Orange,,,,,,,,,,,,,Fit,<p>R</p>,Length,<p>43</p>,Width,<p>28</p>,Height,<p>58</p>,Box Quantity,<p>15</p>,Inner Pack Quantity,<p>1</p>,Country Of Origin,<p>BD</p>,Standards,<ul><li>EN ISO 11611 Class 1  A1+A2</li><li>EN ISO 11612   A1+A2 B1 C1 E1 F1</li><li>ASTM F1506-10a</li><li>NFPA® 70E</li><li>NFPA® 2112</li><li>ASTM F1959/F1959M-12   ATPV 11.2 CAL/CM<sup>2</sup> (HAF = 80.4%)</li></ul>,,,,
UBIZ1,Variant,,"Voted the number one favourite coverall in the welding industry, our best selling Bizweld coverall is ideal for offering complete protection to workers exposed to heat. The generous fit provides comfort and allows the wearer to work unhindered whilst ample storage space, rule pocket and concealed mobile phone pocket hold equipment securely and safely.",https://d11ak7fd9ypfb7.cloudfront.net/styles1100px/UBIZ1ORR.jpg,,0.0,TRUE,InStock,1.18,,UBIZ1ORRM,,,,Size,DROP_DOWN,M,Color,DROP_DOWN,Orange,,,,,,,,,,,,,Fit,<p>R</p>,Length,<p>43</p>,Width,<p>28</p>,Height,<p>58</p>,Box Quantity,<p>15</p>,Inner Pack Quantity,<p>1</p>,Country Of Origin,<p>BD</p>,Standards,<ul><li>EN ISO 11611 Class 1  A1+A2</li><li>EN ISO 11612   A1+A2 B1 C1 E1 F1</li><li>ASTM F1506-10a</li><li>NFPA® 70E</li><li>NFPA® 2112</li><li>ASTM F1959/F1959M-12   ATPV 11.2 CAL/CM<sup>2</sup> (HAF = 80.4%)</li></ul>,,,,
UBIZ1,Variant,,"Voted the number one favourite coverall in the welding industry, our best selling Bizweld coverall is ideal for offering complete protection to workers exposed to heat. The generous fit provides comfort and allows the wearer to work unhindered whilst ample storage space, rule pocket and concealed mobile phone pocket hold equipment securely and safely.",https://d11ak7fd9ypfb7.cloudfront.net/styles1100px/UBIZ1ORR.jpg,,0.0,TRUE,InStock,1.18,,UBIZ1ORRXL,,,,Size,DROP_DOWN,XL,Color,DROP_DOWN,Orange,,,,,,,,,,,,,Fit,<p>R</p>,Length,<p>43</p>,Width,<p>28</p>,Height,<p>58</p>,Box Quantity,<p>15</p>,Inner Pack Quantity,<p>1</p>,Country Of Origin,<p>BD</p>,Standards,<ul><li>EN ISO 11611 Class 1  A1+A2</li><li>EN ISO 11612   A1+A2 B1 C1 E1 F1</li><li>ASTM F1506-10a</li><li>NFPA® 70E</li><li>NFPA® 2112</li><li>ASTM F1959/F1959M-12   ATPV 11.2 CAL/CM<sup>2</sup> (HAF = 80.4%)</li></ul>,,,,
UBIZ1,Variant,,"Voted the number one favourite coverall in the welding industry, our best selling Bizweld coverall is ideal for offering complete protection to workers exposed to heat. The generous fit provides comfort and allows the wearer to work unhindered whilst ample storage space, rule pocket and concealed mobile phone pocket hold equipment securely and safely.",https://d11ak7fd9ypfb7.cloudfront.net/styles1100px/UBIZ1ORR.jpg,,0.0,TRUE,InStock,1.18,,UBIZ1ORRXXL,,,,Size,DROP_DOWN,XXL,Color,DROP_DOWN,Orange,,,,,,,,,,,,,Fit,<p>R</p>,Length,<p>43</p>,Width,<p>28</p>,Height,<p>58</p>,Box Quantity,<p>15</p>,Inner Pack Quantity,<p>1</p>,Country Of Origin,<p>BD</p>,Standards,<ul><li>EN ISO 11611 Class 1  A1+A2</li><li>EN ISO 11612   A1+A2 B1 C1 E1 F1</li><li>ASTM F1506-10a</li><li>NFPA® 70E</li><li>NFPA® 2112</li><li>ASTM F1959/F1959M-12   ATPV 11.2 CAL/CM<sup>2</sup> (HAF = 80.4%)</li></ul>,,,,
UBIZ1,Variant,,"Voted the number one favourite coverall in the welding industry, our best selling Bizweld coverall is ideal for offering complete protection to workers exposed to heat. The generous fit provides comfort and allows the wearer to work unhindered whilst ample storage space, rule pocket and concealed mobile phone pocket hold equipment securely and safely.",https://d11ak7fd9ypfb7.cloudfront.net/styles1100px/UBIZ1ORR.jpg,,0.0,TRUE,InStock,1.18,,UBIZ1ORRXXXL,,,,Size,DROP_DOWN,XXXL,Color,DROP_DOWN,Orange,,,,,,,,,,,,,Fit,<p>R</p>,Length,<p>43</p>,Width,<p>28</p>,Height,<p>58</p>,Box Quantity,<p>15</p>,Inner Pack Quantity,<p>1</p>,Country Of Origin,<p>BD</p>,Standards,<ul><li>EN ISO 11611 Class 1  A1+A2</li><li>EN ISO 11612   A1+A2 B1 C1 E1 F1</li><li>ASTM F1506-10a</li><li>NFPA® 70E</li><li>NFPA® 2112</li><li>ASTM F1959/F1959M-12   ATPV 11.2 CAL/CM<sup>2</sup> (HAF = 80.4%)</li></ul>,,,,
UBIZ5,Product,UBIZ5 - Bizweld Iona FR Coverall,"The Bizweld Iona FR Coverall offers visible protection to the wearer. Clever design features include flame resistant reflective tape on the shoulders, sleeves and legs, the option to insert knee pads when needed, ample storage space and a rule pocket. A very popular style.",https://d11ak7fd9ypfb7.cloudfront.net/styles1100px/UBIZ5NAR.jpg,105.0,0.0,TRUE,InStock,1.5,,UBIZ5NAR4XL,,,,Size,DROP_DOWN,S;M;L;XL;XXL;XXXL;4XL;5XL;6XL,Color,DROP_DOWN,Navy;Orange;Navy Tall,,,,,,,,,,,,,Fit,<p>R</p>,Length,<p>43</p>,Width,<p>28</p>,Height,<p>58</p>,Box Quantity,<p>15</p>,Inner Pack Quantity,<p>1</p>,Country Of Origin,<p>BD</p>,Standards,<ul><li>ASTM F1959/F1959M-12   ATPV 11.2 CAL/CM<sup>2</sup> (HAF = 80.4%)</li><li>ASTM F1506-10a</li><li>NFPA® 2112</li><li>NFPA® 70E</li><li>EN ISO 11612   A1+A2 B1 C1 E1 F1</li><li>EN ISO 11611 Class 1  A1+A2</li></ul>,,,,
UBIZ5,Variant,,"The Bizweld Iona FR Coverall offers visible protection to the wearer. Clever design features include flame resistant reflective tape on the shoulders, sleeves and legs, the option to insert knee pads when needed, ample storage space and a rule pocket. A very popular style.",https://d11ak7fd9ypfb7.cloudfront.net/styles1100px/UBIZ5NAR.jpg,,0.0,TRUE,InStock,1.5,,UBIZ5NAR4XL,,,,Size,DROP_DOWN,4XL,Color,DROP_DOWN,Navy,,,,,,,,,,,,,Fit,<p>R</p>,Length,<p>43</p>,Width,<p>28</p>,Height,<p>58</p>,Box Quantity,<p>15</p>,Inner Pack Quantity,<p>1</p>,Country Of Origin,<p>BD</p>,Standards,<ul><li>ASTM F1959/F1959M-12   ATPV 11.2 CAL/CM<sup>2</sup> (HAF = 80.4%)</li><li>ASTM F1506-10a</li><li>NFPA® 2112</li><li>NFPA® 70E</li><li>EN ISO 11612   A1+A2 B1 C1 E1 F1</li><li>EN ISO 11611 Class 1  A1+A2</li></ul>,,,,
UBIZ5,Variant,,"The Bizweld Iona FR Coverall offers visible protection to the wearer. Clever design features include flame resistant reflective tape on the shoulders, sleeves and legs, the option to insert knee pads when needed, ample storage space and a rule pocket. A very popular style.",https://d11ak7fd9ypfb7.cloudfront.net/styles1100px/UBIZ5NAR.jpg,,0.0,TRUE,InStock,1.5,,UBIZ5NAR5XL,,,,Size,DROP_DOWN,5XL,Color,DROP_DOWN,Navy,,,,,,,,,,,,,Fit,<p>R</p>,Length,<p>43</p>,Width,<p>28</p>,Height,<p>58</p>,Box Quantity,<p>15</p>,Inner Pack Quantity,<p>1</p>,Country Of Origin,<p>BD</p>,Standards,<ul><li>ASTM F1959/F1959M-12   ATPV 11.2 CAL/CM<sup>2</sup> (HAF = 80.4%)</li><li>ASTM F1506-10a</li><li>NFPA® 2112</li><li>NFPA® 70E</li><li>EN ISO 11612   A1+A2 B1 C1 E1 F1</li><li>EN ISO 11611 Class 1  A1+A2</li></ul>,,,,
UBIZ5,Variant,,"The Bizweld Iona FR Coverall offers visible protection to the wearer. Clever design features include flame resistant reflective tape on the shoulders, sleeves and legs, the option to insert knee pads when needed, ample storage space and a rule pocket. A very popular style.",https://d11ak7fd9ypfb7.cloudfront.net/styles1100px/UBIZ5NAR.jpg,,0.0,TRUE,InStock,1.5,,UBIZ5NAR6XL,,,,Size,DROP_DOWN,6XL,Color,DROP_DOWN,Navy,,,,,,,,,,,,,Fit,<p>R</p>,Length,<p>43</p>,Width,<p>28</p>,Height,<p>58</p>,Box Quantity,<p>15</p>,Inner Pack Quantity,<p>1</p>,Country Of Origin,<p>BD</p>,Standards,<ul><li>ASTM F1959/F1959M-12   ATPV 11.2 CAL/CM<sup>2</sup> (HAF = 80.4%)</li><li>ASTM F1506-10a</li><li>NFPA® 2112</li><li>NFPA® 70E</li><li>EN ISO 11612   A1+A2 B1 C1 E1 F1</li><li>EN ISO 11611 Class 1  A1+A2</li></ul>,,,,
UBIZ5,Variant,,"The Bizweld Iona FR Coverall offers visible protection to the wearer. Clever design features include flame resistant reflective tape on the shoulders, sleeves and legs, the option to insert knee pads when needed, ample storage space and a rule pocket. A very popular style.",https://d11ak7fd9ypfb7.cloudfront.net/styles1100px/UBIZ5NAR.jpg,,0.0,TRUE,InStock,1.5,,UBIZ5NARL,,,,Size,DROP_DOWN,L,Color,DROP_DOWN,Navy,,,,,,,,,,,,,Fit,<p>R</p>,Length,<p>43</p>,Width,<p>28</p>,Height,<p>58</p>,Box Quantity,<p>15</p>,Inner Pack Quantity,<p>1</p>,Country Of Origin,<p>BD</p>,Standards,<ul><li>ASTM F1959/F1959M-12   ATPV 11.2 CAL/CM<sup>2</sup> (HAF = 80.4%)</li><li>ASTM F1506-10a</li><li>NFPA® 2112</li><li>NFPA® 70E</li><li>EN ISO 11612   A1+A2 B1 C1 E1 F1</li><li>EN ISO 11611 Class 1  A1+A2</li></ul>,,,,
UBIZ5,Variant,,"The Bizweld Iona FR Coverall offers visible protection to the wearer. Clever design features include flame resistant reflective tape on the shoulders, sleeves and legs, the option to insert knee pads when needed, ample storage space and a rule pocket. A very popular style.",https://d11ak7fd9ypfb7.cloudfront.net/styles1100px/UBIZ5NAR.jpg,,0.0,TRUE,InStock,1.5,,UBIZ5NARM,,,,Size,DROP_DOWN,M,Color,DROP_DOWN,Navy,,,,,,,,,,,,,Fit,<p>R</p>,Length,<p>43</p>,Width,<p>28</p>,Height,<p>58</p>,Box Quantity,<p>15</p>,Inner Pack Quantity,<p>1</p>,Country Of Origin,<p>BD</p>,Standards,<ul><li>ASTM F1959/F1959M-12   ATPV 11.2 CAL/CM<sup>2</sup> (HAF = 80.4%)</li><li>ASTM F1506-10a</li><li>NFPA® 2112</li><li>NFPA® 70E</li><li>EN ISO 11612   A1+A2 B1 C1 E1 F1</li><li>EN ISO 11611 Class 1  A1+A2</li></ul>,,,,
UBIZ5,Variant,,"The Bizweld Iona FR Coverall offers visible protection to the wearer. Clever design features include flame resistant reflective tape on the shoulders, sleeves and legs, the option to insert knee pads when needed, ample storage space and a rule pocket. A very popular style.",https://d11ak7fd9ypfb7.cloudfront.net/styles1100px/UBIZ5NAR.jpg,,0.0,TRUE,InStock,1.5,,UBIZ5NARS,,,,Size,DROP_DOWN,S,Color,DROP_DOWN,Navy,,,,,,,,,,,,,Fit,<p>R</p>,Length,<p>43</p>,Width,<p>28</p>,Height,<p>58</p>,Box Quantity,<p>15</p>,Inner Pack Quantity,<p>1</p>,Country Of Origin,<p>BD</p>,Standards,<ul><li>ASTM F1959/F1959M-12   ATPV 11.2 CAL/CM<sup>2</sup> (HAF = 80.4%)</li><li>ASTM F1506-10a</li><li>NFPA® 2112</li><li>NFPA® 70E</li><li>EN ISO 11612   A1+A2 B1 C1 E1 F1</li><li>EN ISO 11611 Class 1  A1+A2</li></ul>,,,,
UBIZ5,Variant,,"The Bizweld Iona FR Coverall offers visible protection to the wearer. Clever design features include flame resistant reflective tape on the shoulders, sleeves and legs, the option to insert knee pads when needed, ample storage space and a rule pocket. A very popular style.",https://d11ak7fd9ypfb7.cloudfront.net/styles1100px/UBIZ5NAR.jpg,,0.0,TRUE,InStock,1.5,,UBIZ5NARXL,,,,Size,DROP_DOWN,XL,Color,DROP_DOWN,Navy,,,,,,,,,,,,,Fit,<p>R</p>,Length,<p>43</p>,Width,<p>28</p>,Height,<p>58</p>,Box Quantity,<p>15</p>,Inner Pack Quantity,<p>1</p>,Country Of Origin,<p>BD</p>,Standards,<ul><li>ASTM F1959/F1959M-12   ATPV 11.2 CAL/CM<sup>2</sup> (HAF = 80.4%)</li><li>ASTM F1506-10a</li><li>NFPA® 2112</li><li>NFPA® 70E</li><li>EN ISO 11612   A1+A2 B1 C1 E1 F1</li><li>EN ISO 11611 Class 1  A1+A2</li></ul>,,,,
UBIZ5,Variant,,"The Bizweld Iona FR Coverall offers visible protection to the wearer. Clever design features include flame resistant reflective tape on the shoulders, sleeves and legs, the option to insert knee pads when needed, ample storage space and a rule pocket. A very popular style.",https://d11ak7fd9ypfb7.cloudfront.net/styles1100px/UBIZ5NAR.jpg,,0.0,TRUE,InStock,1.5,,UBIZ5NARXXL,,,,Size,DROP_DOWN,XXL,Color,DROP_DOWN,Navy,,,,,,,,,,,,,Fit,<p>R</p>,Length,<p>43</p>,Width,<p>28</p>,Height,<p>58</p>,Box Quantity,<p>15</p>,Inner Pack Quantity,<p>1</p>,Country Of Origin,<p>BD</p>,Standards,<ul><li>ASTM F1959/F1959M-12   ATPV 11.2 CAL/CM<sup>2</sup> (HAF = 80.4%)</li><li>ASTM F1506-10a</li><li>NFPA® 2112</li><li>NFPA® 70E</li><li>EN ISO 11612   A1+A2 B1 C1 E1 F1</li><li>EN ISO 11611 Class 1  A1+A2</li></ul>,,,,
UBIZ5,Variant,,"The Bizweld Iona FR Coverall offers visible protection to the wearer. Clever design features include flame resistant reflective tape on the shoulders, sleeves and legs, the option to insert knee pads when needed, ample storage space and a rule pocket. A very popular style.",https://d11ak7fd9ypfb7.cloudfront.net/styles1100px/UBIZ5NAR.jpg,,0.0,TRUE,InStock,1.5,,UBIZ5NARXXXL,,,,Size,DROP_DOWN,XXXL,Color,DROP_DOWN,Navy,,,,,,,,,,,,,Fit,<p>R</p>,Length,<p>43</p>,Width,<p>28</p>,Height,<p>58</p>,Box Quantity,<p>15</p>,Inner Pack Quantity,<p>1</p>,Country Of Origin,<p>BD</p>,Standards,<ul><li>ASTM F1959/F1959M-12   ATPV 11.2 CAL/CM<sup>2</sup> (HAF = 80.4%)</li><li>ASTM F1506-10a</li><li>NFPA® 2112</li><li>NFPA® 70E</li><li>EN ISO 11612   A1+A2 B1 C1 E1 F1</li><li>EN ISO 11611 Class 1  A1+A2</li></ul>,,,,
UBIZ5,Variant,,"The Bizweld Iona FR Coverall offers visible protection to the wearer. Clever design features include flame resistant reflective tape on the shoulders, sleeves and legs, the option to insert knee pads when needed, ample storage space and a rule pocket. A very popular style.",https://d11ak7fd9ypfb7.cloudfront.net/styles1100px/UBIZ5NAT.jpg,,0.0,TRUE,InStock,1.5,,UBIZ5NATL,,,,Size,DROP_DOWN,L,Color,DROP_DOWN,Navy Tall,,,,,,,,,,,,,Fit,<p>T</p>,Length,<p>43</p>,Width,<p>28</p>,Height,<p>58</p>,Box Quantity,<p>15</p>,Inner Pack Quantity,<p>1</p>,Country Of Origin,<p>BD</p>,Standards,<ul><li>ASTM F1959/F1959M-12   ATPV 11.2 CAL/CM<sup>2</sup> (HAF = 80.4%)</li><li>ASTM F1506-10a</li><li>NFPA® 2112</li><li>NFPA® 70E</li><li>EN ISO 11612   A1+A2 B1 C1 E1 F1</li><li>EN ISO 11611 Class 1  A1+A2</li></ul>,,,,
UBIZ5,Variant,,"The Bizweld Iona FR Coverall offers visible protection to the wearer. Clever design features include flame resistant reflective tape on the shoulders, sleeves and legs, the option to insert knee pads when needed, ample storage space and a rule pocket. A very popular style.",https://d11ak7fd9ypfb7.cloudfront.net/styles1100px/UBIZ5NAT.jpg,,0.0,TRUE,InStock,1.5,,UBIZ5NATM,,,,Size,DROP_DOWN,M,Color,DROP_DOWN,Navy Tall,,,,,,,,,,,,,Fit,<p>T</p>,Length,<p>43</p>,Width,<p>28</p>,Height,<p>58</p>,Box Quantity,<p>15</p>,Inner Pack Quantity,<p>1</p>,Country Of Origin,<p>BD</p>,Standards,<ul><li>ASTM F1959/F1959M-12   ATPV 11.2 CAL/CM<sup>2</sup> (HAF = 80.4%)</li><li>ASTM F1506-10a</li><li>NFPA® 2112</li><li>NFPA® 70E</li><li>EN ISO 11612   A1+A2 B1 C1 E1 F1</li><li>EN ISO 11611 Class 1  A1+A2</li></ul>,,,,
UBIZ5,Variant,,"The Bizweld Iona FR Coverall offers visible protection to the wearer. Clever design features include flame resistant reflective tape on the shoulders, sleeves and legs, the option to insert knee pads when needed, ample storage space and a rule pocket. A very popular style.",https://d11ak7fd9ypfb7.cloudfront.net/styles1100px/UBIZ5NAT.jpg,,0.0,TRUE,InStock,1.5,,UBIZ5NATXL,,,,Size,DROP_DOWN,XL,Color,DROP_DOWN,Navy Tall,,,,,,,,,,,,,Fit,<p>T</p>,Length,<p>43</p>,Width,<p>28</p>,Height,<p>58</p>,Box Quantity,<p>15</p>,Inner Pack Quantity,<p>1</p>,Country Of Origin,<p>BD</p>,Standards,<ul><li>ASTM F1959/F1959M-12   ATPV 11.2 CAL/CM<sup>2</sup> (HAF = 80.4%)</li><li>ASTM F1506-10a</li><li>NFPA® 2112</li><li>NFPA® 70E</li><li>EN ISO 11612   A1+A2 B1 C1 E1 F1</li><li>EN ISO 11611 Class 1  A1+A2</li></ul>,,,,
UBIZ5,Variant,,"The Bizweld Iona FR Coverall offers visible protection to the wearer. Clever design features include flame resistant reflective tape on the shoulders, sleeves and legs, the option to insert knee pads when needed, ample storage space and a rule pocket. A very popular style.",https://d11ak7fd9ypfb7.cloudfront.net/styles1100px/UBIZ5NAT.jpg,,0.0,TRUE,InStock,1.5,,UBIZ5NATXXL,,,,Size,DROP_DOWN,XXL,Color,DROP_DOWN,Navy Tall,,,,,,,,,,,,,Fit,<p>T</p>,Length,<p>43</p>,Width,<p>28</p>,Height,<p>58</p>,Box Quantity,<p>15</p>,Inner Pack Quantity,<p>1</p>,Country Of Origin,<p>BD</p>,Standards,<ul><li>ASTM F1959/F1959M-12   ATPV 11.2 CAL/CM<sup>2</sup> (HAF = 80.4%)</li><li>ASTM F1506-10a</li><li>NFPA® 2112</li><li>NFPA® 70E</li><li>EN ISO 11612   A1+A2 B1 C1 E1 F1</li><li>EN ISO 11611 Class 1  A1+A2</li></ul>,,,,
UBIZ5,Variant,,"The Bizweld Iona FR Coverall offers visible protection to the wearer. Clever design features include flame resistant reflective tape on the shoulders, sleeves and legs, the option to insert knee pads when needed, ample storage space and a rule pocket. A very popular style.",https://d11ak7fd9ypfb7.cloudfront.net/styles1100px/UBIZ5NAT.jpg,,0.0,TRUE,InStock,1.5,,UBIZ5NATXXXL,,,,Size,DROP_DOWN,XXXL,Color,DROP_DOWN,Navy Tall,,,,,,,,,,,,,Fit,<p>T</p>,Length,<p>43</p>,Width,<p>28</p>,Height,<p>58</p>,Box Quantity,<p>15</p>,Inner Pack Quantity,<p>1</p>,Country Of Origin,<p>BD</p>,Standards,<ul><li>ASTM F1959/F1959M-12   ATPV 11.2 CAL/CM<sup>2</sup> (HAF = 80.4%)</li><li>ASTM F1506-10a</li><li>NFPA® 2112</li><li>NFPA® 70E</li><li>EN ISO 11612   A1+A2 B1 C1 E1 F1</li><li>EN ISO 11611 Class 1  A1+A2</li></ul>,,,,
UBIZ5,Variant,,"The Bizweld Iona FR Coverall offers visible protection to the wearer. Clever design features include flame resistant reflective tape on the shoulders, sleeves and legs, the option to insert knee pads when needed, ample storage space and a rule pocket. A very popular style.",https://d11ak7fd9ypfb7.cloudfront.net/styles1100px/UBIZ5ORR.jpg,,0.0,TRUE,InStock,1.5,,UBIZ5ORR4XL,,,,Size,DROP_DOWN,4XL,Color,DROP_DOWN,Orange,,,,,,,,,,,,,Fit,<p>R</p>,Length,<p>43</p>,Width,<p>28</p>,Height,<p>58</p>,Box Quantity,<p>15</p>,Inner Pack Quantity,<p>1</p>,Country Of Origin,<p>BD</p>,Standards,<ul><li>ASTM F1959/F1959M-12   ATPV 11.2 CAL/CM<sup>2</sup> (HAF = 80.4%)</li><li>ASTM F1506-10a</li><li>NFPA® 2112</li><li>NFPA® 70E</li><li>EN ISO 11612   A1+A2 B1 C1 E1 F1</li><li>EN ISO 11611 Class 1  A1+A2</li></ul>,,,,
UBIZ5,Variant,,"The Bizweld Iona FR Coverall offers visible protection to the wearer. Clever design features include flame resistant reflective tape on the shoulders, sleeves and legs, the option to insert knee pads when needed, ample storage space and a rule pocket. A very popular style.",https://d11ak7fd9ypfb7.cloudfront.net/styles1100px/UBIZ5ORR.jpg,,0.0,TRUE,InStock,1.5,,UBIZ5ORR5XL,,,,Size,DROP_DOWN,5XL,Color,DROP_DOWN,Orange,,,,,,,,,,,,,Fit,<p>R</p>,Length,<p>43</p>,Width,<p>28</p>,Height,<p>58</p>,Box Quantity,<p>15</p>,Inner Pack Quantity,<p>1</p>,Country Of Origin,<p>BD</p>,Standards,<ul><li>ASTM F1959/F1959M-12   ATPV 11.2 CAL/CM<sup>2</sup> (HAF = 80.4%)</li><li>ASTM F1506-10a</li><li>NFPA® 2112</li><li>NFPA® 70E</li><li>EN ISO 11612   A1+A2 B1 C1 E1 F1</li><li>EN ISO 11611 Class 1  A1+A2</li></ul>,,,,
UBIZ5,Variant,,"The Bizweld Iona FR Coverall offers visible protection to the wearer. Clever design features include flame resistant reflective tape on the shoulders, sleeves and legs, the option to insert knee pads when needed, ample storage space and a rule pocket. A very popular style.",https://d11ak7fd9ypfb7.cloudfront.net/styles1100px/UBIZ5ORR.jpg,,0.0,TRUE,InStock,1.5,,UBIZ5ORR6XL,,,,Size,DROP_DOWN,6XL,Color,DROP_DOWN,Orange,,,,,,,,,,,,,Fit,<p>R</p>,Length,<p>43</p>,Width,<p>28</p>,Height,<p>58</p>,Box Quantity,<p>15</p>,Inner Pack Quantity,<p>1</p>,Country Of Origin,<p>BD</p>,Standards,<ul><li>ASTM F1959/F1959M-12   ATPV 11.2 CAL/CM<sup>2</sup> (HAF = 80.4%)</li><li>ASTM F1506-10a</li><li>NFPA® 2112</li><li>NFPA® 70E</li><li>EN ISO 11612   A1+A2 B1 C1 E1 F1</li><li>EN ISO 11611 Class 1  A1+A2</li></ul>,,,,
UBIZ5,Variant,,"The Bizweld Iona FR Coverall offers visible protection to the wearer. Clever design features include flame resistant reflective tape on the shoulders, sleeves and legs, the option to insert knee pads when needed, ample storage space and a rule pocket. A very popular style.",https://d11ak7fd9ypfb7.cloudfront.net/styles1100px/UBIZ5ORR.jpg,,0.0,TRUE,InStock,1.5,,UBIZ5ORRL,,,,Size,DROP_DOWN,L,Color,DROP_DOWN,Orange,,,,,,,,,,,,,Fit,<p>R</p>,Length,<p>43</p>,Width,<p>28</p>,Height,<p>58</p>,Box Quantity,<p>15</p>,Inner Pack Quantity,<p>1</p>,Country Of Origin,<p>BD</p>,Standards,<ul><li>ASTM F1959/F1959M-12   ATPV 11.2 CAL/CM<sup>2</sup> (HAF = 80.4%)</li><li>ASTM F1506-10a</li><li>NFPA® 2112</li><li>NFPA® 70E</li><li>EN ISO 11612   A1+A2 B1 C1 E1 F1</li><li>EN ISO 11611 Class 1  A1+A2</li></ul>,,,,
UBIZ5,Variant,,"The Bizweld Iona FR Coverall offers visible protection to the wearer. Clever design features include flame resistant reflective tape on the shoulders, sleeves and legs, the option to insert knee pads when needed, ample storage space and a rule pocket. A very popular style.",https://d11ak7fd9ypfb7.cloudfront.net/styles1100px/UBIZ5ORR.jpg,,0.0,TRUE,InStock,1.5,,UBIZ5ORRM,,,,Size,DROP_DOWN,M,Color,DROP_DOWN,Orange,,,,,,,,,,,,,Fit,<p>R</p>,Length,<p>43</p>,Width,<p>28</p>,Height,<p>58</p>,Box Quantity,<p>15</p>,Inner Pack Quantity,<p>1</p>,Country Of Origin,<p>BD</p>,Standards,<ul><li>ASTM F1959/F1959M-12   ATPV 11.2 CAL/CM<sup>2</sup> (HAF = 80.4%)</li><li>ASTM F1506-10a</li><li>NFPA® 2112</li><li>NFPA® 70E</li><li>EN ISO 11612   A1+A2 B1 C1 E1 F1</li><li>EN ISO 11611 Class 1  A1+A2</li></ul>,,,,
UBIZ5,Variant,,"The Bizweld Iona FR Coverall offers visible protection to the wearer. Clever design features include flame resistant reflective tape on the shoulders, sleeves and legs, the option to insert knee pads when needed, ample storage space and a rule pocket. A very popular style.",https://d11ak7fd9ypfb7.cloudfront.net/styles1100px/UBIZ5ORR.jpg,,0.0,TRUE,InStock,1.5,,UBIZ5ORRXL,,,,Size,DROP_DOWN,XL,Color,DROP_DOWN,Orange,,,,,,,,,,,,,Fit,<p>R</p>,Length,<p>43</p>,Width,<p>28</p>,Height,<p>58</p>,Box Quantity,<p>15</p>,Inner Pack Quantity,<p>1</p>,Country Of Origin,<p>BD</p>,Standards,<ul><li>ASTM F1959/F1959M-12   ATPV 11.2 CAL/CM<sup>2</sup> (HAF = 80.4%)</li><li>ASTM F1506-10a</li><li>NFPA® 2112</li><li>NFPA® 70E</li><li>EN ISO 11612   A1+A2 B1 C1 E1 F1</li><li>EN ISO 11611 Class 1  A1+A2</li></ul>,,,,
UBIZ5,Variant,,"The Bizweld Iona FR Coverall offers visible protection to the wearer. Clever design features include flame resistant reflective tape on the shoulders, sleeves and legs, the option to insert knee pads when needed, ample storage space and a rule pocket. A very popular style.",https://d11ak7fd9ypfb7.cloudfront.net/styles1100px/UBIZ5ORR.jpg,,0.0,TRUE,InStock,1.5,,UBIZ5ORRXXL,,,,Size,DROP_DOWN,XXL,Color,DROP_DOWN,Orange,,,,,,,,,,,,,Fit,<p>R</p>,Length,<p>43</p>,Width,<p>28</p>,Height,<p>58</p>,Box Quantity,<p>15</p>,Inner Pack Quantity,<p>1</p>,Country Of Origin,<p>BD</p>,Standards,<ul><li>ASTM F1959/F1959M-12   ATPV 11.2 CAL/CM<sup>2</sup> (HAF = 80.4%)</li><li>ASTM F1506-10a</li><li>NFPA® 2112</li><li>NFPA® 70E</li><li>EN ISO 11612   A1+A2 B1 C1 E1 F1</li><li>EN ISO 11611 Class 1  A1+A2</li></ul>,,,,
UBIZ5,Variant,,"The Bizweld Iona FR Coverall offers visible protection to the wearer. Clever design features include flame resistant reflective tape on the shoulders, sleeves and legs, the option to insert knee pads when needed, ample storage space and a rule pocket. A very popular style.",https://d11ak7fd9ypfb7.cloudfront.net/styles1100px/UBIZ5ORR.jpg,,0.0,TRUE,InStock,1.5,,UBIZ5ORRXXXL,,,,Size,DROP_DOWN,XXXL,Color,DROP_DOWN,Orange,,,,,,,,,,,,,Fit,<p>R</p>,Length,<p>43</p>,Width,<p>28</p>,Height,<p>58</p>,Box Quantity,<p>15</p>,Inner Pack Quantity,<p>1</p>,Country Of Origin,<p>BD</p>,Standards,<ul><li>ASTM F1959/F1959M-12   ATPV 11.2 CAL/CM<sup>2</sup> (HAF = 80.4%)</li><li>ASTM F1506-10a</li><li>NFPA® 2112</li><li>NFPA® 70E</li><li>EN ISO 11612   A1+A2 B1 C1 E1 F1</li><li>EN ISO 11611 Class 1  A1+A2</li></ul>,,,,
UBIZ8,Product,UBIZ8 - ,,https://d11ak7fd9ypfb7.cloudfront.net/styles1100px/UBIZ8NAR.jpg,131.9,0.0,TRUE,InStock,0.999,,UBIZ8NAR4XL,,,,Size,DROP_DOWN,S;M;L;XL;XXL;XXXL;4XL;5XL;6XL,Color,DROP_DOWN,Navy;Navy Tall,,,,,,,,,,,,,Fit,<p>R</p>,Length,<p>65</p>,Width,<p>45</p>,Height,<p>25</p>,Box Quantity,<p>12</p>,Inner Pack Quantity,<p>1</p>,Country Of Origin,<p>BD</p>,Standards,<p></p>,,,,
UBIZ8,Variant,,,https://d11ak7fd9ypfb7.cloudfront.net/styles1100px/UBIZ8NAR.jpg,,0.0,TRUE,InStock,0.999,,UBIZ8NAR4XL,,,,Size,DROP_DOWN,4XL,Color,DROP_DOWN,Navy,,,,,,,,,,,,,Fit,<p>R</p>,Length,<p>65</p>,Width,<p>45</p>,Height,<p>25</p>,Box Quantity,<p>12</p>,Inner Pack Quantity,<p>1</p>,Country Of Origin,<p>BD</p>,Standards,<p></p>,,,,
UBIZ8,Variant,,,https://d11ak7fd9ypfb7.cloudfront.net/styles1100px/UBIZ8NAR.jpg,,0.0,TRUE,InStock,0.999,,UBIZ8NAR5XL,,,,Size,DROP_DOWN,5XL,Color,DROP_DOWN,Navy,,,,,,,,,,,,,Fit,<p>R</p>,Length,<p>65</p>,Width,<p>45</p>,Height,<p>25</p>,Box Quantity,<p>12</p>,Inner Pack Quantity,<p>1</p>,Country Of Origin,<p>BD</p>,Standards,<p></p>,,,,
UBIZ8,Variant,,,https://d11ak7fd9ypfb7.cloudfront.net/styles1100px/UBIZ8NAR.jpg,,0.0,TRUE,InStock,0.999,,UBIZ8NAR6XL,,,,Size,DROP_DOWN,6XL,Color,DROP_DOWN,Navy,,,,,,,,,,,,,Fit,<p>R</p>,Length,<p>65</p>,Width,<p>45</p>,Height,<p>25</p>,Box Quantity,<p>12</p>,Inner Pack Quantity,<p>1</p>,Country Of Origin,<p>BD</p>,Standards,<p></p>,,,,
UBIZ8,Variant,,,https://d11ak7fd9ypfb7.cloudfront.net/styles1100px/UBIZ8NAR.jpg,,0.0,TRUE,InStock,0.999,,UBIZ8NARL,,,,Size,DROP_DOWN,L,Color,DROP_DOWN,Navy,,,,,,,,,,,,,Fit,<p>R</p>,Length,<p>65</p>,Width,<p>45</p>,Height,<p>25</p>,Box Quantity,<p>12</p>,Inner Pack Quantity,<p>1</p>,Country Of Origin,<p>BD</p>,Standards,<p></p>,,,,
UBIZ8,Variant,,,https://d11ak7fd9ypfb7.cloudfront.net/styles1100px/UBIZ8NAR.jpg,,0.0,TRUE,InStock,0.999,,UBIZ8NARM,,,,Size,DROP_DOWN,M,Color,DROP_DOWN,Navy,,,,,,,,,,,,,Fit,<p>R</p>,Length,<p>65</p>,Width,<p>45</p>,Height,<p>25</p>,Box Quantity,<p>12</p>,Inner Pack Quantity,<p>1</p>,Country Of Origin,<p>BD</p>,Standards,<p></p>,,,,
UBIZ8,Variant,,,https://d11ak7fd9ypfb7.cloudfront.net/styles1100px/UBIZ8NAR.jpg,,0.0,TRUE,InStock,0.999,,UBIZ8NARS,,,,Size,DROP_DOWN,S,Color,DROP_DOWN,Navy,,,,,,,,,,,,,Fit,<p>R</p>,Length,<p>65</p>,Width,<p>45</p>,Height,<p>25</p>,Box Quantity,<p>12</p>,Inner Pack Quantity,<p>1</p>,Country Of Origin,<p>BD</p>,Standards,<p></p>,,,,
UBIZ8,Variant,,,https://d11ak7fd9ypfb7.cloudfront.net/styles1100px/UBIZ8NAR.jpg,,0.0,TRUE,InStock,0.999,,UBIZ8NARXL,,,,Size,DROP_DOWN,XL,Color,DROP_DOWN,Navy,,,,,,,,,,,,,Fit,<p>R</p>,Length,<p>65</p>,Width,<p>45</p>,Height,<p>25</p>,Box Quantity,<p>12</p>,Inner Pack Quantity,<p>1</p>,Country Of Origin,<p>BD</p>,Standards,<p></p>,,,,
UBIZ8,Variant,,,https://d11ak7fd9ypfb7.cloudfront.net/styles1100px/UBIZ8NAR.jpg,,0.0,TRUE,InStock,0.999,,UBIZ8NARXXL,,,,Size,DROP_DOWN,XXL,Color,DROP_DOWN,Navy,,,,,,,,,,,,,Fit,<p>R</p>,Length,<p>65</p>,Width,<p>45</p>,Height,<p>25</p>,Box Quantity,<p>12</p>,Inner Pack Quantity,<p>1</p>,Country Of Origin,<p>BD</p>,Standards,<p></p>,,,,
UBIZ8,Variant,,,https://d11ak7fd9ypfb7.cloudfront.net/styles1100px/UBIZ8NAR.jpg,,0.0,TRUE,InStock,0.999,,UBIZ8NARXXXL,,,,Size,DROP_DOWN,XXXL,Color,DROP_DOWN,Navy,,,,,,,,,,,,,Fit,<p>R</p>,Length,<p>65</p>,Width,<p>45</p>,Height,<p>25</p>,Box Quantity,<p>12</p>,Inner Pack Quantity,<p>1</p>,Country Of Origin,<p>BD</p>,Standards,<p></p>,,,,
UBIZ8,Variant,,,https://d11ak7fd9ypfb7.cloudfront.net/styles1100px/UBIZ8NAT.jpg,,0.0,TRUE,InStock,0.999,,UBIZ8NAT4XL,,,,Size,DROP_DOWN,4XL,Color,DROP_DOWN,Navy Tall,,,,,,,,,,,,,Fit,<p>T</p>,Length,<p>65</p>,Width,<p>45</p>,Height,<p>25</p>,Box Quantity,<p>12</p>,Inner Pack Quantity,<p>1</p>,Country Of Origin,<p>BD</p>,Standards,<p></p>,,,,
UBIZ8,Variant,,,https://d11ak7fd9ypfb7.cloudfront.net/styles1100px/UBIZ8NAT.jpg,,0.0,TRUE,InStock,0.999,,UBIZ8NATL,,,,Size,DROP_DOWN,L,Color,DROP_DOWN,Navy Tall,,,,,,,,,,,,,Fit,<p>T</p>,Length,<p>65</p>,Width,<p>45</p>,Height,<p>25</p>,Box Quantity,<p>12</p>,Inner Pack Quantity,<p>1</p>,Country Of Origin,<p>BD</p>,Standards,<p></p>,,,,
UBIZ8,Variant,,,https://d11ak7fd9ypfb7.cloudfront.net/styles1100px/UBIZ8NAT.jpg,,0.0,TRUE,InStock,0.999,,UBIZ8NATM,,,,Size,DROP_DOWN,M,Color,DROP_DOWN,Navy Tall,,,,,,,,,,,,,Fit,<p>T</p>,Length,<p>65</p>,Width,<p>45</p>,Height,<p>25</p>,Box Quantity,<p>12</p>,Inner Pack Quantity,<p>1</p>,Country Of Origin,<p>BD</p>,Standards,<p></p>,,,,
UBIZ8,Variant,,,https://d11ak7fd9ypfb7.cloudfront.net/styles1100px/UBIZ8NAT.jpg,,0.0,TRUE,InStock,0.999,,UBIZ8NATXL,,,,Size,DROP_DOWN,XL,Color,DROP_DOWN,Navy Tall,,,,,,,,,,,,,Fit,<p>T</p>,Length,<p>65</p>,Width,<p>45</p>,Height,<p>25</p>,Box Quantity,<p>12</p>,Inner Pack Quantity,<p>1</p>,Country Of Origin,<p>BD</p>,Standards,<p></p>,,,,
UBIZ8,Variant,,,https://d11ak7fd9ypfb7.cloudfront.net/styles1100px/UBIZ8NAT.jpg,,0.0,TRUE,InStock,0.999,,UBIZ8NATXXL,,,,Size,DROP_DOWN,XXL,Color,DROP_DOWN,Navy Tall,,,,,,,,,,,,,Fit,<p>T</p>,Length,<p>65</p>,Width,<p>45</p>,Height,<p>25</p>,Box Quantity,<p>12</p>,Inner Pack Quantity,<p>1</p>,Country Of Origin,<p>BD</p>,Standards,<p></p>,,,,
UBIZ8,Variant,,,https://d11ak7fd9ypfb7.cloudfront.net/styles1100px/UBIZ8NAT.jpg,,0.0,TRUE,InStock,0.999,,UBIZ8NATXXXL,,,,Size,DROP_DOWN,XXXL,Color,DROP_DOWN,Navy Tall,,,,,,,,,,,,,Fit,<p>T</p>,Length,<p>65</p>,Width,<p>45</p>,Height,<p>25</p>,Box Quantity,<p>12</p>,Inner Pack Quantity,<p>1</p>,Country Of Origin,<p>BD</p>,Standards,<p></p>,,,,
UC465,Product,UC465 - Hi-Vis Contrast Bomber Jacket,"Versatile and comfortable protection against all weather conditions. The detachable fur lining and collar in combination with the zip-out sleeves, prove this is a superbly adaptable garment. Numerous zipped outer and interior pockets afford excellent personal security.",https://d11ak7fd9ypfb7.cloudfront.net/styles1100px/UC465ONR.jpg,94.5,0.0,TRUE,InStock,1.54,,UC465ONRL,,,,Size,DROP_DOWN,M;L;XL;XXL;XXXL;4XL;5XL;6XL,Color,DROP_DOWN,Yellow/Navy;Orange/Navy,,,,,,,,,,,,,Fit,<p>R</p>,Length,<p>65</p>,Width,<p>40</p>,Height,<p>26</p>,Box Quantity,<p>6</p>,Inner Pack Quantity,<p>1</p>,Country Of Origin,<p></p>,Standards,<p></p>,,,,
UC465,Variant,,"Versatile and comfortable protection against all weather conditions. The detachable fur lining and collar in combination with the zip-out sleeves, prove this is a superbly adaptable garment. Numerous zipped outer and interior pockets afford excellent personal security.",https://d11ak7fd9ypfb7.cloudfront.net/styles1100px/UC465ONR.jpg,,0.0,TRUE,InStock,1.54,,UC465ONRL,,,,Size,DROP_DOWN,L,Color,DROP_DOWN,Orange/Navy,,,,,,,,,,,,,Fit,<p>R</p>,Length,<p>65</p>,Width,<p>40</p>,Height,<p>26</p>,Box Quantity,<p>6</p>,Inner Pack Quantity,<p>1</p>,Country Of Origin,<p></p>,Standards,<p></p>,,,,
UC465,Variant,,"Versatile and comfortable protection against all weather conditions. The detachable fur lining and collar in combination with the zip-out sleeves, prove this is a superbly adaptable garment. Numerous zipped outer and interior pockets afford excellent personal security.",https://d11ak7fd9ypfb7.cloudfront.net/styles1100px/UC465ONR.jpg,,0.0,TRUE,InStock,1.5,,UC465ONRM,,,,Size,DROP_DOWN,M,Color,DROP_DOWN,Orange/Navy,,,,,,,,,,,,,Fit,<p>R</p>,Length,<p>65</p>,Width,<p>40</p>,Height,<p>26</p>,Box Quantity,<p>6</p>,Inner Pack Quantity,<p>1</p>,Country Of Origin,<p></p>,Standards,<p></p>,,,,
UC465,Variant,,"Versatile and comfortable protection against all weather conditions. The detachable fur lining and collar in combination with the zip-out sleeves, prove this is a superbly adaptable garment. Numerous zipped outer and interior pockets afford excellent personal security.",https://d11ak7fd9ypfb7.cloudfront.net/styles1100px/UC465ONR.jpg,,0.0,TRUE,InStock,1.58,,UC465ONRXL,,,,Size,DROP_DOWN,XL,Color,DROP_DOWN,Orange/Navy,,,,,,,,,,,,,Fit,<p>R</p>,Length,<p>65</p>,Width,<p>40</p>,Height,<p>26</p>,Box Quantity,<p>6</p>,Inner Pack Quantity,<p>1</p>,Country Of Origin,<p></p>,Standards,<p></p>,,,,
UC465,Variant,,"Versatile and comfortable protection against all weather conditions. The detachable fur lining and collar in combination with the zip-out sleeves, prove this is a superbly adaptable garment. Numerous zipped outer and interior pockets afford excellent personal security.",https://d11ak7fd9ypfb7.cloudfront.net/styles1100px/UC465ONR.jpg,,0.0,TRUE,InStock,1.62,,UC465ONRXXL,,,,Size,DROP_DOWN,XXL,Color,DROP_DOWN,Orange/Navy,,,,,,,,,,,,,Fit,<p>R</p>,Length,<p>65</p>,Width,<p>40</p>,Height,<p>26</p>,Box Quantity,<p>6</p>,Inner Pack Quantity,<p>1</p>,Country Of Origin,<p></p>,Standards,<p></p>,,,,
UC465,Variant,,"Versatile and comfortable protection against all weather conditions. The detachable fur lining and collar in combination with the zip-out sleeves, prove this is a superbly adaptable garment. Numerous zipped outer and interior pockets afford excellent personal security.",https://d11ak7fd9ypfb7.cloudfront.net/styles1100px/UC465YNR.jpg,,0.0,TRUE,InStock,1.7,,UC465YNR4XL,,,,Size,DROP_DOWN,4XL,Color,DROP_DOWN,Yellow/Navy,,,,,,,,,,,,,Fit,<p>R</p>,Length,<p>65</p>,Width,<p>40</p>,Height,<p>26</p>,Box Quantity,<p>12</p>,Inner Pack Quantity,<p>1</p>,Country Of Origin,<p>MM</p>,Standards,<p></p>,,,,
UC465,Variant,,"Versatile and comfortable protection against all weather conditions. The detachable fur lining and collar in combination with the zip-out sleeves, prove this is a superbly adaptable garment. Numerous zipped outer and interior pockets afford excellent personal security.",https://d11ak7fd9ypfb7.cloudfront.net/styles1100px/UC465YNR.jpg,,0.0,TRUE,InStock,1.74,,UC465YNR5XL,,,,Size,DROP_DOWN,5XL,Color,DROP_DOWN,Yellow/Navy,,,,,,,,,,,,,Fit,<p>R</p>,Length,<p>65</p>,Width,<p>40</p>,Height,<p>26</p>,Box Quantity,<p>12</p>,Inner Pack Quantity,<p>1</p>,Country Of Origin,<p>MM</p>,Standards,<p></p>,,,,
UC465,Variant,,"Versatile and comfortable protection against all weather conditions. The detachable fur lining and collar in combination with the zip-out sleeves, prove this is a superbly adaptable garment. Numerous zipped outer and interior pockets afford excellent personal security.",https://d11ak7fd9ypfb7.cloudfront.net/styles1100px/UC465YNR.jpg,,0.0,TRUE,InStock,1.78,,UC465YNR6XL,,,,Size,DROP_DOWN,6XL,Color,DROP_DOWN,Yellow/Navy,,,,,,,,,,,,,Fit,<p>R</p>,Length,<p>65</p>,Width,<p>40</p>,Height,<p>26</p>,Box Quantity,<p>12</p>,Inner Pack Quantity,<p>1</p>,Country Of Origin,<p>MM</p>,Standards,<p></p>,,,,
UC465,Variant,,"Versatile and comfortable protection against all weather conditions. The detachable fur lining and collar in combination with the zip-out sleeves, prove this is a superbly adaptable garment. Numerous zipped outer and interior pockets afford excellent personal security.",https://d11ak7fd9ypfb7.cloudfront.net/styles1100px/UC465YNR.jpg,,0.0,TRUE,InStock,1.54,,UC465YNRL,,,,Size,DROP_DOWN,L,Color,DROP_DOWN,Yellow/Navy,,,,,,,,,,,,,Fit,<p>R</p>,Length,<p>65</p>,Width,<p>40</p>,Height,<p>26</p>,Box Quantity,<p>6</p>,Inner Pack Quantity,<p>1</p>,Country Of Origin,<p>MM</p>,Standards,<p></p>,,,,
UC465,Variant,,"Versatile and comfortable protection against all weather conditions. The detachable fur lining and collar in combination with the zip-out sleeves, prove this is a superbly adaptable garment. Numerous zipped outer and interior pockets afford excellent personal security.",https://d11ak7fd9ypfb7.cloudfront.net/styles1100px/UC465YNR.jpg,,0.0,TRUE,InStock,1.5,,UC465YNRM,,,,Size,DROP_DOWN,M,Color,DROP_DOWN,Yellow/Navy,,,,,,,,,,,,,Fit,<p>R</p>,Length,<p>65</p>,Width,<p>40</p>,Height,<p>26</p>,Box Quantity,<p>6</p>,Inner Pack Quantity,<p>1</p>,Country Of Origin,<p>MM</p>,Standards,<p></p>,,,,
UC465,Variant,,"Versatile and comfortable protection against all weather conditions. The detachable fur lining and collar in combination with the zip-out sleeves, prove this is a superbly adaptable garment. Numerous zipped outer and interior pockets afford excellent personal security.",https://d11ak7fd9ypfb7.cloudfront.net/styles1100px/UC465YNR.jpg,,0.0,TRUE,InStock,1.58,,UC465YNRXL,,,,Size,DROP_DOWN,XL,Color,DROP_DOWN,Yellow/Navy,,,,,,,,,,,,,Fit,<p>R</p>,Length,<p>65</p>,Width,<p>40</p>,Height,<p>26</p>,Box Quantity,<p>6</p>,Inner Pack Quantity,<p>1</p>,Country Of Origin,<p>MM</p>,Standards,<p></p>,,,,
UC465,Variant,,"Versatile and comfortable protection against all weather conditions. The detachable fur lining and collar in combination with the zip-out sleeves, prove this is a superbly adaptable garment. Numerous zipped outer and interior pockets afford excellent personal security.",https://d11ak7fd9ypfb7.cloudfront.net/styles1100px/UC465YNR.jpg,,0.0,TRUE,InStock,1.62,,UC465YNRXXL,,,,Size,DROP_DOWN,XXL,Color,DROP_DOWN,Yellow/Navy,,,,,,,,,,,,,Fit,<p>R</p>,Length,<p>65</p>,Width,<p>40</p>,Height,<p>26</p>,Box Quantity,<p>6</p>,Inner Pack Quantity,<p>1</p>,Country Of Origin,<p>MM</p>,Standards,<p></p>,,,,
UC465,Variant,,"Versatile and comfortable protection against all weather conditions. The detachable fur lining and collar in combination with the zip-out sleeves, prove this is a superbly adaptable garment. Numerous zipped outer and interior pockets afford excellent personal security.",https://d11ak7fd9ypfb7.cloudfront.net/styles1100px/UC465YNR.jpg,,0.0,TRUE,InStock,1.66,,UC465YNRXXXL,,,,Size,DROP_DOWN,XXXL,Color,DROP_DOWN,Yellow/Navy,,,,,,,,,,,,,Fit,<p>R</p>,Length,<p>65</p>,Width,<p>40</p>,Height,<p>26</p>,Box Quantity,<p>6</p>,Inner Pack Quantity,<p>1</p>,Country Of Origin,<p>MM</p>,Standards,<p></p>,,,,
UC466,Product,UC466 - Hi-Vis Classic Bomber Jacket	,"Stand out from the crowd with this classic bomber jacket. It features a detachable fur liner, removable sleeves and detachable collar making it adaptable to all weather conditions. Other features include ID pocket, security sleeve pocket and contrast black panels.",https://d11ak7fd9ypfb7.cloudfront.net/styles1100px/UC466OBR.jpg,97.5,0.0,TRUE,InStock,1.81,,UC466OBRL,,,,Size,DROP_DOWN,S;M;L;XL;XXL;XXXL;4XL;5XL;6XL,Color,DROP_DOWN,Orange/Black;Yellow/Black,,,,,,,,,,,,,Fit,<p>R</p>,Length,<p>65</p>,Width,<p>40</p>,Height,<p>54</p>,Box Quantity,<p>12</p>,Inner Pack Quantity,<p>1</p>,Country Of Origin,<p>MM</p>,Standards,<p></p>,,,,
UC466,Variant,,"Stand out from the crowd with this classic bomber jacket. It features a detachable fur liner, removable sleeves and detachable collar making it adaptable to all weather conditions. Other features include ID pocket, security sleeve pocket and contrast black panels.",https://d11ak7fd9ypfb7.cloudfront.net/styles1100px/UC466OBR.jpg,,0.0,TRUE,InStock,1.81,,UC466OBRL,,,,Size,DROP_DOWN,L,Color,DROP_DOWN,Orange/Black,,,,,,,,,,,,,Fit,<p>R</p>,Length,<p>65</p>,Width,<p>40</p>,Height,<p>54</p>,Box Quantity,<p>12</p>,Inner Pack Quantity,<p>1</p>,Country Of Origin,<p>MM</p>,Standards,<p></p>,,,,
UC466,Variant,,"Stand out from the crowd with this classic bomber jacket. It features a detachable fur liner, removable sleeves and detachable collar making it adaptable to all weather conditions. Other features include ID pocket, security sleeve pocket and contrast black panels.",https://d11ak7fd9ypfb7.cloudfront.net/styles1100px/UC466OBR.jpg,,0.0,TRUE,InStock,1.76,,UC466OBRM,,,,Size,DROP_DOWN,M,Color,DROP_DOWN,Orange/Black,,,,,,,,,,,,,Fit,<p>R</p>,Length,<p>65</p>,Width,<p>40</p>,Height,<p>54</p>,Box Quantity,<p>12</p>,Inner Pack Quantity,<p>1</p>,Country Of Origin,<p>MM</p>,Standards,<p></p>,,,,
UC466,Variant,,"Stand out from the crowd with this classic bomber jacket. It features a detachable fur liner, removable sleeves and detachable collar making it adaptable to all weather conditions. Other features include ID pocket, security sleeve pocket and contrast black panels.",https://d11ak7fd9ypfb7.cloudfront.net/styles1100px/UC466OBR.jpg,,0.0,TRUE,InStock,1.87,,UC466OBRXL,,,,Size,DROP_DOWN,XL,Color,DROP_DOWN,Orange/Black,,,,,,,,,,,,,Fit,<p>R</p>,Length,<p>65</p>,Width,<p>40</p>,Height,<p>54</p>,Box Quantity,<p>12</p>,Inner Pack Quantity,<p>1</p>,Country Of Origin,<p>MM</p>,Standards,<p></p>,,,,
UC466,Variant,,"Stand out from the crowd with this classic bomber jacket. It features a detachable fur liner, removable sleeves and detachable collar making it adaptable to all weather conditions. Other features include ID pocket, security sleeve pocket and contrast black panels.",https://d11ak7fd9ypfb7.cloudfront.net/styles1100px/UC466OBR.jpg,,0.0,TRUE,InStock,1.93,,UC466OBRXXL,,,,Size,DROP_DOWN,XXL,Color,DROP_DOWN,Orange/Black,,,,,,,,,,,,,Fit,<p>R</p>,Length,<p>65</p>,Width,<p>40</p>,Height,<p>54</p>,Box Quantity,<p>12</p>,Inner Pack Quantity,<p>1</p>,Country Of Origin,<p>MM</p>,Standards,<p></p>,,,,
UC466,Variant,,"Stand out from the crowd with this classic bomber jacket. It features a detachable fur liner, removable sleeves and detachable collar making it adaptable to all weather conditions. Other features include ID pocket, security sleeve pocket and contrast black panels.",https://d11ak7fd9ypfb7.cloudfront.net/styles1100px/UC466OBR.jpg,,0.0,TRUE,InStock,1.99,,UC466OBRXXXL,,,,Size,DROP_DOWN,XXXL,Color,DROP_DOWN,Orange/Black,,,,,,,,,,,,,Fit,<p>R</p>,Length,<p>65</p>,Width,<p>40</p>,Height,<p>54</p>,Box Quantity,<p>12</p>,Inner Pack Quantity,<p>1</p>,Country Of Origin,<p>MM</p>,Standards,<p></p>,,,,
UC466,Variant,,"Stand out from the crowd with this classic bomber jacket. It features a detachable fur liner, removable sleeves and detachable collar making it adaptable to all weather conditions. Other features include ID pocket, security sleeve pocket and contrast black panels.",https://d11ak7fd9ypfb7.cloudfront.net/styles1100px/UC466YBR.jpg,,0.0,TRUE,InStock,2.05,,UC466YBR4XL,,,,Size,DROP_DOWN,4XL,Color,DROP_DOWN,Yellow/Black,,,,,,,,,,,,,Fit,<p>R</p>,Length,<p>65</p>,Width,<p>40</p>,Height,<p>54</p>,Box Quantity,<p>12</p>,Inner Pack Quantity,<p>1</p>,Country Of Origin,<p>MM</p>,Standards,<p></p>,,,,
UC466,Variant,,"Stand out from the crowd with this classic bomber jacket. It features a detachable fur liner, removable sleeves and detachable collar making it adaptable to all weather conditions. Other features include ID pocket, security sleeve pocket and contrast black panels.",https://d11ak7fd9ypfb7.cloudfront.net/styles1100px/UC466YBR.jpg,,0.0,TRUE,InStock,2.11,,UC466YBR5XL,,,,Size,DROP_DOWN,5XL,Color,DROP_DOWN,Yellow/Black,,,,,,,,,,,,,Fit,<p>R</p>,Length,<p>65</p>,Width,<p>40</p>,Height,<p>54</p>,Box Quantity,<p>12</p>,Inner Pack Quantity,<p>1</p>,Country Of Origin,<p>MM</p>,Standards,<p></p>,,,,
UC466,Variant,,"Stand out from the crowd with this classic bomber jacket. It features a detachable fur liner, removable sleeves and detachable collar making it adaptable to all weather conditions. Other features include ID pocket, security sleeve pocket and contrast black panels.",https://d11ak7fd9ypfb7.cloudfront.net/styles1100px/UC466YBR.jpg,,0.0,TRUE,InStock,2.15,,UC466YBR6XL,,,,Size,DROP_DOWN,6XL,Color,DROP_DOWN,Yellow/Black,,,,,,,,,,,,,Fit,<p>R</p>,Length,<p>65</p>,Width,<p>40</p>,Height,<p>54</p>,Box Quantity,<p>12</p>,Inner Pack Quantity,<p>1</p>,Country Of Origin,<p>MM</p>,Standards,<p></p>,,,,
UC466,Variant,,"Stand out from the crowd with this classic bomber jacket. It features a detachable fur liner, removable sleeves and detachable collar making it adaptable to all weather conditions. Other features include ID pocket, security sleeve pocket and contrast black panels.",https://d11ak7fd9ypfb7.cloudfront.net/styles1100px/UC466YBR.jpg,,0.0,TRUE,InStock,1.81,,UC466YBRL,,,,Size,DROP_DOWN,L,Color,DROP_DOWN,Yellow/Black,,,,,,,,,,,,,Fit,<p>R</p>,Length,<p>65</p>,Width,<p>40</p>,Height,<p>54</p>,Box Quantity,<p>12</p>,Inner Pack Quantity,<p>1</p>,Country Of Origin,<p>MM</p>,Standards,<p></p>,,,,
UC466,Variant,,"Stand out from the crowd with this classic bomber jacket. It features a detachable fur liner, removable sleeves and detachable collar making it adaptable to all weather conditions. Other features include ID pocket, security sleeve pocket and contrast black panels.",https://d11ak7fd9ypfb7.cloudfront.net/styles1100px/UC466YBR.jpg,,0.0,TRUE,InStock,1.76,,UC466YBRM,,,,Size,DROP_DOWN,M,Color,DROP_DOWN,Yellow/Black,,,,,,,,,,,,,Fit,<p>R</p>,Length,<p>65</p>,Width,<p>40</p>,Height,<p>54</p>,Box Quantity,<p>12</p>,Inner Pack Quantity,<p>1</p>,Country Of Origin,<p>MM</p>,Standards,<p></p>,,,,
UC466,Variant,,"Stand out from the crowd with this classic bomber jacket. It features a detachable fur liner, removable sleeves and detachable collar making it adaptable to all weather conditions. Other features include ID pocket, security sleeve pocket and contrast black panels.",https://d11ak7fd9ypfb7.cloudfront.net/styles1100px/UC466YBR.jpg,,0.0,TRUE,InStock,1.7,,UC466YBRS,,,,Size,DROP_DOWN,S,Color,DROP_DOWN,Yellow/Black,,,,,,,,,,,,,Fit,<p>R</p>,Length,<p>65</p>,Width,<p>40</p>,Height,<p>54</p>,Box Quantity,<p>12</p>,Inner Pack Quantity,<p>1</p>,Country Of Origin,<p>MM</p>,Standards,<p></p>,,,,
UC466,Variant,,"Stand out from the crowd with this classic bomber jacket. It features a detachable fur liner, removable sleeves and detachable collar making it adaptable to all weather conditions. Other features include ID pocket, security sleeve pocket and contrast black panels.",https://d11ak7fd9ypfb7.cloudfront.net/styles1100px/UC466YBR.jpg,,0.0,TRUE,InStock,1.87,,UC466YBRXL,,,,Size,DROP_DOWN,XL,Color,DROP_DOWN,Yellow/Black,,,,,,,,,,,,,Fit,<p>R</p>,Length,<p>65</p>,Width,<p>40</p>,Height,<p>54</p>,Box Quantity,<p>12</p>,Inner Pack Quantity,<p>1</p>,Country Of Origin,<p>MM</p>,Standards,<p></p>,,,,
UC466,Variant,,"Stand out from the crowd with this classic bomber jacket. It features a detachable fur liner, removable sleeves and detachable collar making it adaptable to all weather conditions. Other features include ID pocket, security sleeve pocket and contrast black panels.",https://d11ak7fd9ypfb7.cloudfront.net/styles1100px/UC466YBR.jpg,,0.0,TRUE,InStock,1.93,,UC466YBRXXL,,,,Size,DROP_DOWN,XXL,Color,DROP_DOWN,Yellow/Black,,,,,,,,,,,,,Fit,<p>R</p>,Length,<p>65</p>,Width,<p>40</p>,Height,<p>54</p>,Box Quantity,<p>12</p>,Inner Pack Quantity,<p>1</p>,Country Of Origin,<p>MM</p>,Standards,<p></p>,,,,
UC466,Variant,,"Stand out from the crowd with this classic bomber jacket. It features a detachable fur liner, removable sleeves and detachable collar making it adaptable to all weather conditions. Other features include ID pocket, security sleeve pocket and contrast black panels.",https://d11ak7fd9ypfb7.cloudfront.net/styles1100px/UC466YBR.jpg,,0.0,TRUE,InStock,1.99,,UC466YBRXXXL,,,,Size,DROP_DOWN,XXXL,Color,DROP_DOWN,Yellow/Black,,,,,,,,,,,,,Fit,<p>R</p>,Length,<p>65</p>,Width,<p>40</p>,Height,<p>54</p>,Box Quantity,<p>12</p>,Inner Pack Quantity,<p>1</p>,Country Of Origin,<p>MM</p>,Standards,<p></p>,,,,
UC476,Product,UC476 - Warsaw Executive Vest,"This two-tone option in our executive vest range features several practical pockets, a dual ID holder, d-ring and a mic tab. It is available in a range of contrasting color combinations to suit the increasing demand in the workplace.",https://d11ak7fd9ypfb7.cloudfront.net/styles1100px/UC476YBR.jpg,13.3,0.0,TRUE,InStock,0.3,,UC476YBR4XL,,,,Size,DROP_DOWN,S;M;L;XL;XXL;XXXL;4XL;5XL,Color,DROP_DOWN,Yellow/Black,,,,,,,,,,,,,Fit,<p>R</p>,Length,<p>43</p>,Width,<p>28</p>,Height,<p>48</p>,Box Quantity,<p>60</p>,Inner Pack Quantity,<p>10</p>,Country Of Origin,<p>CN</p>,Standards,<ul><li>ANSI/ISEA 107 TYPE O CLASS 1</li><li>EN ISO 20471 Class 1</li></ul>,,,,
UC476,Variant,,"This two-tone option in our executive vest range features several practical pockets, a dual ID holder, d-ring and a mic tab. It is available in a range of contrasting color combinations to suit the increasing demand in the workplace.",https://d11ak7fd9ypfb7.cloudfront.net/styles1100px/UC476YBR.jpg,,0.0,TRUE,InStock,0.3,,UC476YBR4XL,,,,Size,DROP_DOWN,4XL,Color,DROP_DOWN,Yellow/Black,,,,,,,,,,,,,Fit,<p>R</p>,Length,<p>43</p>,Width,<p>28</p>,Height,<p>48</p>,Box Quantity,<p>60</p>,Inner Pack Quantity,<p>10</p>,Country Of Origin,<p>CN</p>,Standards,<ul><li>ANSI/ISEA 107 TYPE O CLASS 1</li><li>EN ISO 20471 Class 1</li></ul>,,,,
UC476,Variant,,"This two-tone option in our executive vest range features several practical pockets, a dual ID holder, d-ring and a mic tab. It is available in a range of contrasting color combinations to suit the increasing demand in the workplace.",https://d11ak7fd9ypfb7.cloudfront.net/styles1100px/UC476YBR.jpg,,0.0,TRUE,InStock,0.31,,UC476YBR5XL,,,,Size,DROP_DOWN,5XL,Color,DROP_DOWN,Yellow/Black,,,,,,,,,,,,,Fit,<p>R</p>,Length,<p>43</p>,Width,<p>28</p>,Height,<p>48</p>,Box Quantity,<p>60</p>,Inner Pack Quantity,<p>10</p>,Country Of Origin,<p>CN</p>,Standards,<ul><li>ANSI/ISEA 107 TYPE O CLASS 1</li><li>EN ISO 20471 Class 1</li></ul>,,,,
UC476,Variant,,"This two-tone option in our executive vest range features several practical pockets, a dual ID holder, d-ring and a mic tab. It is available in a range of contrasting color combinations to suit the increasing demand in the workplace.",https://d11ak7fd9ypfb7.cloudfront.net/styles1100px/UC476YBR.jpg,,0.0,TRUE,InStock,0.26,,UC476YBRL,,,,Size,DROP_DOWN,L,Color,DROP_DOWN,Yellow/Black,,,,,,,,,,,,,Fit,<p>R</p>,Length,<p>43</p>,Width,<p>28</p>,Height,<p>48</p>,Box Quantity,<p>60</p>,Inner Pack Quantity,<p>10</p>,Country Of Origin,<p>CN</p>,Standards,<ul><li>ANSI/ISEA 107 TYPE O CLASS 1</li><li>EN ISO 20471 Class 1</li></ul>,,,,
UC476,Variant,,"This two-tone option in our executive vest range features several practical pockets, a dual ID holder, d-ring and a mic tab. It is available in a range of contrasting color combinations to suit the increasing demand in the workplace.",https://d11ak7fd9ypfb7.cloudfront.net/styles1100px/UC476YBR.jpg,,0.0,TRUE,InStock,0.25,,UC476YBRM,,,,Size,DROP_DOWN,M,Color,DROP_DOWN,Yellow/Black,,,,,,,,,,,,,Fit,<p>R</p>,Length,<p>43</p>,Width,<p>28</p>,Height,<p>48</p>,Box Quantity,<p>60</p>,Inner Pack Quantity,<p>10</p>,Country Of Origin,<p>CN</p>,Standards,<ul><li>ANSI/ISEA 107 TYPE O CLASS 1</li><li>EN ISO 20471 Class 1</li></ul>,,,,
UC476,Variant,,"This two-tone option in our executive vest range features several practical pockets, a dual ID holder, d-ring and a mic tab. It is available in a range of contrasting color combinations to suit the increasing demand in the workplace.",https://d11ak7fd9ypfb7.cloudfront.net/styles1100px/UC476YBR.jpg,,0.0,TRUE,InStock,0.24,,UC476YBRS,,,,Size,DROP_DOWN,S,Color,DROP_DOWN,Yellow/Black,,,,,,,,,,,,,Fit,<p>R</p>,Length,<p>43</p>,Width,<p>28</p>,Height,<p>48</p>,Box Quantity,<p>60</p>,Inner Pack Quantity,<p>10</p>,Country Of Origin,<p>CN</p>,Standards,<ul><li>ANSI/ISEA 107 TYPE O CLASS 1</li><li>EN ISO 20471 Class 1</li></ul>,,,,
UC476,Variant,,"This two-tone option in our executive vest range features several practical pockets, a dual ID holder, d-ring and a mic tab. It is available in a range of contrasting color combinations to suit the increasing demand in the workplace.",https://d11ak7fd9ypfb7.cloudfront.net/styles1100px/UC476YBR.jpg,,0.0,TRUE,InStock,0.27,,UC476YBRXL,,,,Size,DROP_DOWN,XL,Color,DROP_DOWN,Yellow/Black,,,,,,,,,,,,,Fit,<p>R</p>,Length,<p>43</p>,Width,<p>28</p>,Height,<p>48</p>,Box Quantity,<p>60</p>,Inner Pack Quantity,<p>10</p>,Country Of Origin,<p>CN</p>,Standards,<ul><li>ANSI/ISEA 107 TYPE O CLASS 1</li><li>EN ISO 20471 Class 1</li></ul>,,,,
UC476,Variant,,"This two-tone option in our executive vest range features several practical pockets, a dual ID holder, d-ring and a mic tab. It is available in a range of contrasting color combinations to suit the increasing demand in the workplace.",https://d11ak7fd9ypfb7.cloudfront.net/styles1100px/UC476YBR.jpg,,0.0,TRUE,InStock,0.28,,UC476YBRXXL,,,,Size,DROP_DOWN,XXL,Color,DROP_DOWN,Yellow/Black,,,,,,,,,,,,,Fit,<p>R</p>,Length,<p>43</p>,Width,<p>28</p>,Height,<p>48</p>,Box Quantity,<p>60</p>,Inner Pack Quantity,<p>10</p>,Country Of Origin,<p>CN</p>,Standards,<ul><li>ANSI/ISEA 107 TYPE O CLASS 1</li><li>EN ISO 20471 Class 1</li></ul>,,,,
UC476,Variant,,"This two-tone option in our executive vest range features several practical pockets, a dual ID holder, d-ring and a mic tab. It is available in a range of contrasting color combinations to suit the increasing demand in the workplace.",https://d11ak7fd9ypfb7.cloudfront.net/styles1100px/UC476YBR.jpg,,0.0,TRUE,InStock,0.29,,UC476YBRXXXL,,,,Size,DROP_DOWN,XXXL,Color,DROP_DOWN,Yellow/Black,,,,,,,,,,,,,Fit,<p>R</p>,Length,<p>43</p>,Width,<p>28</p>,Height,<p>48</p>,Box Quantity,<p>60</p>,Inner Pack Quantity,<p>10</p>,Country Of Origin,<p>CN</p>,Standards,<ul><li>ANSI/ISEA 107 TYPE O CLASS 1</li><li>EN ISO 20471 Class 1</li></ul>,,,,
UC492,Product,UC492 - Economy Mesh Vest,"This vest uses lightweight, cooling mesh fabric, with a hook and loop fastening. It includes 2 internal patch pockets and comes in dual sizing",https://d11ak7fd9ypfb7.cloudfront.net/styles1100px/UC492YER.jpg,7.0,0.0,TRUE,InStock,0.195,,UC492YER4X/5X,,,,Size,DROP_DOWN,S/M;L/XL;XX/3X;4X/5X,Color,DROP_DOWN,Yellow,,,,,,,,,,,,,Fit,<p>R</p>,Length,<p>43</p>,Width,<p>28</p>,Height,<p>55</p>,Box Quantity,<p>100</p>,Inner Pack Quantity,<p>1</p>,Country Of Origin,<p>CN</p>,Standards,<ul><li>ANSI/ISEA 107 TYPE R CLASS 2</li></ul>,,,,
UC492,Variant,,"This vest uses lightweight, cooling mesh fabric, with a hook and loop fastening. It includes 2 internal patch pockets and comes in dual sizing",https://d11ak7fd9ypfb7.cloudfront.net/styles1100px/UC492YER.jpg,,0.0,TRUE,InStock,0.195,,UC492YER4X/5X,,,,Size,DROP_DOWN,4X/5X,Color,DROP_DOWN,Yellow,,,,,,,,,,,,,Fit,<p>R</p>,Length,<p>43</p>,Width,<p>28</p>,Height,<p>55</p>,Box Quantity,<p>100</p>,Inner Pack Quantity,<p>1</p>,Country Of Origin,<p>CN</p>,Standards,<ul><li>ANSI/ISEA 107 TYPE R CLASS 2</li></ul>,,,,
UC492,Variant,,"This vest uses lightweight, cooling mesh fabric, with a hook and loop fastening. It includes 2 internal patch pockets and comes in dual sizing",https://d11ak7fd9ypfb7.cloudfront.net/styles1100px/UC492YER.jpg,,0.0,TRUE,InStock,0.16,,UC492YERL/XL,,,,Size,DROP_DOWN,L/XL,Color,DROP_DOWN,Yellow,,,,,,,,,,,,,Fit,<p>R</p>,Length,<p>43</p>,Width,<p>28</p>,Height,<p>55</p>,Box Quantity,<p>100</p>,Inner Pack Quantity,<p>1</p>,Country Of Origin,<p>CN</p>,Standards,<ul><li>ANSI/ISEA 107 TYPE R CLASS 2</li></ul>,,,,
UC492,Variant,,"This vest uses lightweight, cooling mesh fabric, with a hook and loop fastening. It includes 2 internal patch pockets and comes in dual sizing",https://d11ak7fd9ypfb7.cloudfront.net/styles1100px/UC492YER.jpg,,0.0,TRUE,InStock,0.15,,UC492YERS/M,,,,Size,DROP_DOWN,S/M,Color,DROP_DOWN,Yellow,,,,,,,,,,,,,Fit,<p>R</p>,Length,<p>43</p>,Width,<p>28</p>,Height,<p>55</p>,Box Quantity,<p>100</p>,Inner Pack Quantity,<p>1</p>,Country Of Origin,<p>CN</p>,Standards,<ul><li>ANSI/ISEA 107 TYPE R CLASS 2</li></ul>,,,,
UC492,Variant,,"This vest uses lightweight, cooling mesh fabric, with a hook and loop fastening. It includes 2 internal patch pockets and comes in dual sizing",https://d11ak7fd9ypfb7.cloudfront.net/styles1100px/UC492YER.jpg,,0.0,TRUE,InStock,0.17,,UC492YERXX/3X,,,,Size,DROP_DOWN,XX/3X,Color,DROP_DOWN,Yellow,,,,,,,,,,,,,Fit,<p>R</p>,Length,<p>43</p>,Width,<p>28</p>,Height,<p>55</p>,Box Quantity,<p>100</p>,Inner Pack Quantity,<p>1</p>,Country Of Origin,<p>CN</p>,Standards,<ul><li>ANSI/ISEA 107 TYPE R CLASS 2</li></ul>,,,,
UC493,Product,UC493 - Economy Mesh Zipper Vest,"This vest uses lightweight, cooling mesh fabric, with a zipper fastening. It includes 2 internal patch pockets and comes in dual sizing",https://d11ak7fd9ypfb7.cloudfront.net/styles1100px/UC493YER.jpg,9.5,0.0,TRUE,InStock,0.999,,UC493YER4XL,,,,Size,DROP_DOWN,S;M;L;XL;XXL;XXXL;4XL;5XL,Color,DROP_DOWN,Yellow,,,,,,,,,,,,,Fit,<p>R</p>,Length,<p>43</p>,Width,<p>28</p>,Height,<p>55</p>,Box Quantity,<p>60</p>,Inner Pack Quantity,<p>1</p>,Country Of Origin,<p>CN</p>,Standards,<ul><li>ANSI/ISEA 107 TYPE R CLASS 2</li></ul>,,,,
UC493,Variant,,"This vest uses lightweight, cooling mesh fabric, with a zipper fastening. It includes 2 internal patch pockets and comes in dual sizing",https://d11ak7fd9ypfb7.cloudfront.net/styles1100px/UC493YER.jpg,,0.0,TRUE,InStock,0.999,,UC493YER4XL,,,,Size,DROP_DOWN,4XL,Color,DROP_DOWN,Yellow,,,,,,,,,,,,,Fit,<p>R</p>,Length,<p>43</p>,Width,<p>28</p>,Height,<p>55</p>,Box Quantity,<p>60</p>,Inner Pack Quantity,<p>1</p>,Country Of Origin,<p>CN</p>,Standards,<ul><li>ANSI/ISEA 107 TYPE R CLASS 2</li></ul>,,,,
UC493,Variant,,"This vest uses lightweight, cooling mesh fabric, with a zipper fastening. It includes 2 internal patch pockets and comes in dual sizing",https://d11ak7fd9ypfb7.cloudfront.net/styles1100px/UC493YER.jpg,,0.0,TRUE,InStock,0.999,,UC493YER5XL,,,,Size,DROP_DOWN,5XL,Color,DROP_DOWN,Yellow,,,,,,,,,,,,,Fit,<p>R</p>,Length,<p>43</p>,Width,<p>28</p>,Height,<p>55</p>,Box Quantity,<p>60</p>,Inner Pack Quantity,<p>1</p>,Country Of Origin,<p>CN</p>,Standards,<ul><li>ANSI/ISEA 107 TYPE R CLASS 2</li></ul>,,,,
UC493,Variant,,"This vest uses lightweight, cooling mesh fabric, with a zipper fastening. It includes 2 internal patch pockets and comes in dual sizing",https://d11ak7fd9ypfb7.cloudfront.net/styles1100px/UC493YER.jpg,,0.0,TRUE,InStock,0.999,,UC493YERL,,,,Size,DROP_DOWN,L,Color,DROP_DOWN,Yellow,,,,,,,,,,,,,Fit,<p>R</p>,Length,<p>43</p>,Width,<p>28</p>,Height,<p>55</p>,Box Quantity,<p>60</p>,Inner Pack Quantity,<p>1</p>,Country Of Origin,<p>CN</p>,Standards,<ul><li>ANSI/ISEA 107 TYPE R CLASS 2</li></ul>,,,,
UC493,Variant,,"This vest uses lightweight, cooling mesh fabric, with a zipper fastening. It includes 2 internal patch pockets and comes in dual sizing",https://d11ak7fd9ypfb7.cloudfront.net/styles1100px/UC493YER.jpg,,0.0,TRUE,InStock,0.999,,UC493YERM,,,,Size,DROP_DOWN,M,Color,DROP_DOWN,Yellow,,,,,,,,,,,,,Fit,<p>R</p>,Length,<p>43</p>,Width,<p>28</p>,Height,<p>55</p>,Box Quantity,<p>60</p>,Inner Pack Quantity,<p>1</p>,Country Of Origin,<p>CN</p>,Standards,<ul><li>ANSI/ISEA 107 TYPE R CLASS 2</li></ul>,,,,
UC493,Variant,,"This vest uses lightweight, cooling mesh fabric, with a zipper fastening. It includes 2 internal patch pockets and comes in dual sizing",https://d11ak7fd9ypfb7.cloudfront.net/styles1100px/UC493YER.jpg,,0.0,TRUE,InStock,0.999,,UC493YERS,,,,Size,DROP_DOWN,S,Color,DROP_DOWN,Yellow,,,,,,,,,,,,,Fit,<p>R</p>,Length,<p>43</p>,Width,<p>28</p>,Height,<p>55</p>,Box Quantity,<p>60</p>,Inner Pack Quantity,<p>1</p>,Country Of Origin,<p>CN</p>,Standards,<ul><li>ANSI/ISEA 107 TYPE R CLASS 2</li></ul>,,,,
UC493,Variant,,"This vest uses lightweight, cooling mesh fabric, with a zipper fastening. It includes 2 internal patch pockets and comes in dual sizing",https://d11ak7fd9ypfb7.cloudfront.net/styles1100px/UC493YER.jpg,,0.0,TRUE,InStock,0.999,,UC493YERXL,,,,Size,DROP_DOWN,XL,Color,DROP_DOWN,Yellow,,,,,,,,,,,,,Fit,<p>R</p>,Length,<p>43</p>,Width,<p>28</p>,Height,<p>55</p>,Box Quantity,<p>60</p>,Inner Pack Quantity,<p>1</p>,Country Of Origin,<p>CN</p>,Standards,<ul><li>ANSI/ISEA 107 TYPE R CLASS 2</li></ul>,,,,
UC493,Variant,,"This vest uses lightweight, cooling mesh fabric, with a zipper fastening. It includes 2 internal patch pockets and comes in dual sizing",https://d11ak7fd9ypfb7.cloudfront.net/styles1100px/UC493YER.jpg,,0.0,TRUE,InStock,0.999,,UC493YERXXL,,,,Size,DROP_DOWN,XXL,Color,DROP_DOWN,Yellow,,,,,,,,,,,,,Fit,<p>R</p>,Length,<p>43</p>,Width,<p>28</p>,Height,<p>55</p>,Box Quantity,<p>60</p>,Inner Pack Quantity,<p>1</p>,Country Of Origin,<p>CN</p>,Standards,<ul><li>ANSI/ISEA 107 TYPE R CLASS 2</li></ul>,,,,
UC493,Variant,,"This vest uses lightweight, cooling mesh fabric, with a zipper fastening. It includes 2 internal patch pockets and comes in dual sizing",https://d11ak7fd9ypfb7.cloudfront.net/styles1100px/UC493YER.jpg,,0.0,TRUE,InStock,0.999,,UC493YERXXXL,,,,Size,DROP_DOWN,XXXL,Color,DROP_DOWN,Yellow,,,,,,,,,,,,,Fit,<p>R</p>,Length,<p>43</p>,Width,<p>28</p>,Height,<p>55</p>,Box Quantity,<p>60</p>,Inner Pack Quantity,<p>1</p>,Country Of Origin,<p>CN</p>,Standards,<ul><li>ANSI/ISEA 107 TYPE R CLASS 2</li></ul>,,,,
UC494,Product,UC494 - Hi-Vis Mesh Vest,A breathable mesh vest with ID window for warmer climates.,https://d11ak7fd9ypfb7.cloudfront.net/styles1100px/UC494ORR.jpg,7.6,0.0,TRUE,InStock,0.16,,UC494ORRS/M,,,,Size,DROP_DOWN,S/M;L/XL;XX/3X;4X/5X,Color,DROP_DOWN,Yellow;Orange,,,,,,,,,,,,,Fit,<p>R</p>,Length,<p>43</p>,Width,<p>28</p>,Height,<p>50</p>,Box Quantity,<p>60</p>,Inner Pack Quantity,<p>1</p>,Country Of Origin,<p>CN</p>,Standards,<ul><li>PORTWE.A102814C</li><li>ANSI/ISEA 107 TYPE R CLASS 2</li></ul>,,,,
UC494,Variant,,A breathable mesh vest with ID window for warmer climates.,https://d11ak7fd9ypfb7.cloudfront.net/styles1100px/UC494ORR.jpg,,0.0,TRUE,InStock,0.16,,UC494ORRS/M,,,,Size,DROP_DOWN,S/M,Color,DROP_DOWN,Orange,,,,,,,,,,,,,Fit,<p>R</p>,Length,<p>43</p>,Width,<p>28</p>,Height,<p>50</p>,Box Quantity,<p>60</p>,Inner Pack Quantity,<p>1</p>,Country Of Origin,<p>CN</p>,Standards,<ul><li>PORTWE.A102814C</li><li>ANSI/ISEA 107 TYPE R CLASS 2</li></ul>,,,,
UC494,Variant,,A breathable mesh vest with ID window for warmer climates.,https://d11ak7fd9ypfb7.cloudfront.net/styles1100px/UC494ORR.jpg,,0.0,TRUE,InStock,0.18,,UC494ORRXX/3X,,,,Size,DROP_DOWN,XX/3X,Color,DROP_DOWN,Orange,,,,,,,,,,,,,Fit,<p>R</p>,Length,<p>43</p>,Width,<p>28</p>,Height,<p>50</p>,Box Quantity,<p>60</p>,Inner Pack Quantity,<p>1</p>,Country Of Origin,<p>CN</p>,Standards,<ul><li>PORTWE.A102814C</li><li>ANSI/ISEA 107 TYPE R CLASS 2</li></ul>,,,,
UC494,Variant,,A breathable mesh vest with ID window for warmer climates.,https://d11ak7fd9ypfb7.cloudfront.net/styles1100px/UC494YER.jpg,,0.0,TRUE,InStock,0.19,,UC494YER4X/5X,,,,Size,DROP_DOWN,4X/5X,Color,DROP_DOWN,Yellow,,,,,,,,,,,,,Fit,<p>R</p>,Length,<p>43</p>,Width,<p>28</p>,Height,<p>50</p>,Box Quantity,<p>60</p>,Inner Pack Quantity,<p>1</p>,Country Of Origin,<p>CN</p>,Standards,<ul><li>PORTWE.A102814C</li><li>ANSI/ISEA 107 TYPE R CLASS 2</li></ul>,,,,
UC494,Variant,,A breathable mesh vest with ID window for warmer climates.,https://d11ak7fd9ypfb7.cloudfront.net/styles1100px/UC494YER.jpg,,0.0,TRUE,InStock,0.17,,UC494YERL/XL,,,,Size,DROP_DOWN,L/XL,Color,DROP_DOWN,Yellow,,,,,,,,,,,,,Fit,<p>R</p>,Length,<p>43</p>,Width,<p>28</p>,Height,<p>50</p>,Box Quantity,<p>60</p>,Inner Pack Quantity,<p>1</p>,Country Of Origin,<p>CN</p>,Standards,<ul><li>PORTWE.A102814C</li><li>ANSI/ISEA 107 TYPE R CLASS 2</li></ul>,,,,
UC494,Variant,,A breathable mesh vest with ID window for warmer climates.,https://d11ak7fd9ypfb7.cloudfront.net/styles1100px/UC494YER.jpg,,0.0,TRUE,InStock,0.16,,UC494YERS/M,,,,Size,DROP_DOWN,S/M,Color,DROP_DOWN,Yellow,,,,,,,,,,,,,Fit,<p>R</p>,Length,<p>43</p>,Width,<p>28</p>,Height,<p>50</p>,Box Quantity,<p>60</p>,Inner Pack Quantity,<p>1</p>,Country Of Origin,<p>CN</p>,Standards,<ul><li>PORTWE.A102814C</li><li>ANSI/ISEA 107 TYPE R CLASS 2</li></ul>,,,,
UC494,Variant,,A breathable mesh vest with ID window for warmer climates.,https://d11ak7fd9ypfb7.cloudfront.net/styles1100px/UC494YER.jpg,,0.0,TRUE,InStock,0.18,,UC494YERXX/3X,,,,Size,DROP_DOWN,XX/3X,Color,DROP_DOWN,Yellow,,,,,,,,,,,,,Fit,<p>R</p>,Length,<p>43</p>,Width,<p>28</p>,Height,<p>50</p>,Box Quantity,<p>60</p>,Inner Pack Quantity,<p>1</p>,Country Of Origin,<p>CN</p>,Standards,<ul><li>PORTWE.A102814C</li><li>ANSI/ISEA 107 TYPE R CLASS 2</li></ul>,,,,
UC496,Product,UC496 - ,,https://d11ak7fd9ypfb7.cloudfront.net/styles1100px/UC496YER.jpg,14.4,0.0,TRUE,InStock,0.24,,UC496YERL,,,,Size,DROP_DOWN,M;L;XXL;XXXL,Color,DROP_DOWN,Yellow,,,,,,,,,,,,,Fit,<p>R</p>,Length,<p>43</p>,Width,<p>28</p>,Height,<p>48</p>,Box Quantity,<p>60</p>,Inner Pack Quantity,<p>1</p>,Country Of Origin,<p>CN</p>,Standards,<p></p>,,,,
UC496,Variant,,,https://d11ak7fd9ypfb7.cloudfront.net/styles1100px/UC496YER.jpg,,0.0,TRUE,InStock,0.24,,UC496YERL,,,,Size,DROP_DOWN,L,Color,DROP_DOWN,Yellow,,,,,,,,,,,,,Fit,<p>R</p>,Length,<p>43</p>,Width,<p>28</p>,Height,<p>48</p>,Box Quantity,<p>60</p>,Inner Pack Quantity,<p>1</p>,Country Of Origin,<p>CN</p>,Standards,<p></p>,,,,
UC496,Variant,,,https://d11ak7fd9ypfb7.cloudfront.net/styles1100px/UC496YER.jpg,,0.0,TRUE,InStock,0.24,,UC496YERM,,,,Size,DROP_DOWN,M,Color,DROP_DOWN,Yellow,,,,,,,,,,,,,Fit,<p>R</p>,Length,<p>43</p>,Width,<p>28</p>,Height,<p>48</p>,Box Quantity,<p>60</p>,Inner Pack Quantity,<p>1</p>,Country Of Origin,<p>CN</p>,Standards,<p></p>,,,,
UC496,Variant,,,https://d11ak7fd9ypfb7.cloudfront.net/styles1100px/UC496YER.jpg,,0.0,TRUE,InStock,0.26,,UC496YERXXL,,,,Size,DROP_DOWN,XXL,Color,DROP_DOWN,Yellow,,,,,,,,,,,,,Fit,<p>R</p>,Length,<p>43</p>,Width,<p>28</p>,Height,<p>48</p>,Box Quantity,<p>60</p>,Inner Pack Quantity,<p>1</p>,Country Of Origin,<p>CN</p>,Standards,<p></p>,,,,
UC496,Variant,,,https://d11ak7fd9ypfb7.cloudfront.net/styles1100px/UC496YER.jpg,,0.0,TRUE,InStock,0.28,,UC496YERXXXL,,,,Size,DROP_DOWN,XXXL,Color,DROP_DOWN,Yellow,,,,,,,,,,,,,Fit,<p>R</p>,Length,<p>43</p>,Width,<p>28</p>,Height,<p>48</p>,Box Quantity,<p>60</p>,Inner Pack Quantity,<p>1</p>,Country Of Origin,<p>CN</p>,Standards,<p></p>,,,,
UF205,Product,UF205 - Aran Fleece Jacket,This middleweight fleece is fantastic value for money and can be worn as part of a uniform or for leisure activities to provide extra warmth when needed. The anti-pill finish maintains the look of the garment for longer.,https://d11ak7fd9ypfb7.cloudfront.net/styles1100px/UF205BKR.jpg,33.5,0.0,TRUE,InStock,0.68,,UF205BKRL,,,,Size,DROP_DOWN,S;M;L;XL;XXL;XXXL;4XL,Color,DROP_DOWN,Navy;Black,,,,,,,,,,,,,Fit,<p>R</p>,Length,<p>65</p>,Width,<p>40</p>,Height,<p>32</p>,Box Quantity,<p>18</p>,Inner Pack Quantity,<p>1</p>,Country Of Origin,<p>MM</p>,Standards,<p></p>,,,,
UF205,Variant,,This middleweight fleece is fantastic value for money and can be worn as part of a uniform or for leisure activities to provide extra warmth when needed. The anti-pill finish maintains the look of the garment for longer.,https://d11ak7fd9ypfb7.cloudfront.net/styles1100px/UF205BKR.jpg,,0.0,TRUE,InStock,0.68,,UF205BKRL,,,,Size,DROP_DOWN,L,Color,DROP_DOWN,Black,,,,,,,,,,,,,Fit,<p>R</p>,Length,<p>65</p>,Width,<p>40</p>,Height,<p>32</p>,Box Quantity,<p>18</p>,Inner Pack Quantity,<p>1</p>,Country Of Origin,<p>MM</p>,Standards,<p></p>,,,,
UF205,Variant,,This middleweight fleece is fantastic value for money and can be worn as part of a uniform or for leisure activities to provide extra warmth when needed. The anti-pill finish maintains the look of the garment for longer.,https://d11ak7fd9ypfb7.cloudfront.net/styles1100px/UF205BKR.jpg,,0.0,TRUE,InStock,0.65,,UF205BKRM,,,,Size,DROP_DOWN,M,Color,DROP_DOWN,Black,,,,,,,,,,,,,Fit,<p>R</p>,Length,<p>65</p>,Width,<p>40</p>,Height,<p>32</p>,Box Quantity,<p>18</p>,Inner Pack Quantity,<p>1</p>,Country Of Origin,<p>MM</p>,Standards,<p></p>,,,,
UF205,Variant,,This middleweight fleece is fantastic value for money and can be worn as part of a uniform or for leisure activities to provide extra warmth when needed. The anti-pill finish maintains the look of the garment for longer.,https://d11ak7fd9ypfb7.cloudfront.net/styles1100px/UF205BKR.jpg,,0.0,TRUE,InStock,0.71,,UF205BKRXL,,,,Size,DROP_DOWN,XL,Color,DROP_DOWN,Black,,,,,,,,,,,,,Fit,<p>R</p>,Length,<p>65</p>,Width,<p>40</p>,Height,<p>32</p>,Box Quantity,<p>18</p>,Inner Pack Quantity,<p>1</p>,Country Of Origin,<p>MM</p>,Standards,<p></p>,,,,
UF205,Variant,,This middleweight fleece is fantastic value for money and can be worn as part of a uniform or for leisure activities to provide extra warmth when needed. The anti-pill finish maintains the look of the garment for longer.,https://d11ak7fd9ypfb7.cloudfront.net/styles1100px/UF205BKR.jpg,,0.0,TRUE,InStock,0.74,,UF205BKRXXL,,,,Size,DROP_DOWN,XXL,Color,DROP_DOWN,Black,,,,,,,,,,,,,Fit,<p>R</p>,Length,<p>65</p>,Width,<p>40</p>,Height,<p>32</p>,Box Quantity,<p>18</p>,Inner Pack Quantity,<p>1</p>,Country Of Origin,<p>MM</p>,Standards,<p></p>,,,,
UF205,Variant,,This middleweight fleece is fantastic value for money and can be worn as part of a uniform or for leisure activities to provide extra warmth when needed. The anti-pill finish maintains the look of the garment for longer.,https://d11ak7fd9ypfb7.cloudfront.net/styles1100px/UF205BKR.jpg,,0.0,TRUE,InStock,0.77,,UF205BKRXXXL,,,,Size,DROP_DOWN,XXXL,Color,DROP_DOWN,Black,,,,,,,,,,,,,Fit,<p>R</p>,Length,<p>65</p>,Width,<p>40</p>,Height,<p>32</p>,Box Quantity,<p>18</p>,Inner Pack Quantity,<p>1</p>,Country Of Origin,<p>MM</p>,Standards,<p></p>,,,,
UF205,Variant,,This middleweight fleece is fantastic value for money and can be worn as part of a uniform or for leisure activities to provide extra warmth when needed. The anti-pill finish maintains the look of the garment for longer.,https://d11ak7fd9ypfb7.cloudfront.net/styles1100px/UF205NAR.jpg,,0.0,TRUE,InStock,0.8,,UF205NAR4XL,,,,Size,DROP_DOWN,4XL,Color,DROP_DOWN,Navy,,,,,,,,,,,,,Fit,<p>R</p>,Length,<p>65</p>,Width,<p>40</p>,Height,<p>32</p>,Box Quantity,<p>18</p>,Inner Pack Quantity,<p>1</p>,Country Of Origin,<p>MM</p>,Standards,<p></p>,,,,
UF205,Variant,,This middleweight fleece is fantastic value for money and can be worn as part of a uniform or for leisure activities to provide extra warmth when needed. The anti-pill finish maintains the look of the garment for longer.,https://d11ak7fd9ypfb7.cloudfront.net/styles1100px/UF205NAR.jpg,,0.0,TRUE,InStock,0.68,,UF205NARL,,,,Size,DROP_DOWN,L,Color,DROP_DOWN,Navy,,,,,,,,,,,,,Fit,<p>R</p>,Length,<p>65</p>,Width,<p>40</p>,Height,<p>32</p>,Box Quantity,<p>18</p>,Inner Pack Quantity,<p>1</p>,Country Of Origin,<p>MM</p>,Standards,<p></p>,,,,
UF205,Variant,,This middleweight fleece is fantastic value for money and can be worn as part of a uniform or for leisure activities to provide extra warmth when needed. The anti-pill finish maintains the look of the garment for longer.,https://d11ak7fd9ypfb7.cloudfront.net/styles1100px/UF205NAR.jpg,,0.0,TRUE,InStock,0.65,,UF205NARM,,,,Size,DROP_DOWN,M,Color,DROP_DOWN,Navy,,,,,,,,,,,,,Fit,<p>R</p>,Length,<p>65</p>,Width,<p>40</p>,Height,<p>32</p>,Box Quantity,<p>18</p>,Inner Pack Quantity,<p>1</p>,Country Of Origin,<p>MM</p>,Standards,<p></p>,,,,
UF205,Variant,,This middleweight fleece is fantastic value for money and can be worn as part of a uniform or for leisure activities to provide extra warmth when needed. The anti-pill finish maintains the look of the garment for longer.,https://d11ak7fd9ypfb7.cloudfront.net/styles1100px/UF205NAR.jpg,,0.0,TRUE,InStock,0.62,,UF205NARS,,,,Size,DROP_DOWN,S,Color,DROP_DOWN,Navy,,,,,,,,,,,,,Fit,<p>R</p>,Length,<p>65</p>,Width,<p>40</p>,Height,<p>32</p>,Box Quantity,<p>18</p>,Inner Pack Quantity,<p>1</p>,Country Of Origin,<p>MM</p>,Standards,<p></p>,,,,
UF205,Variant,,This middleweight fleece is fantastic value for money and can be worn as part of a uniform or for leisure activities to provide extra warmth when needed. The anti-pill finish maintains the look of the garment for longer.,https://d11ak7fd9ypfb7.cloudfront.net/styles1100px/UF205NAR.jpg,,0.0,TRUE,InStock,0.71,,UF205NARXL,,,,Size,DROP_DOWN,XL,Color,DROP_DOWN,Navy,,,,,,,,,,,,,Fit,<p>R</p>,Length,<p>65</p>,Width,<p>40</p>,Height,<p>32</p>,Box Quantity,<p>18</p>,Inner Pack Quantity,<p>1</p>,Country Of Origin,<p>MM</p>,Standards,<p></p>,,,,
UF205,Variant,,This middleweight fleece is fantastic value for money and can be worn as part of a uniform or for leisure activities to provide extra warmth when needed. The anti-pill finish maintains the look of the garment for longer.,https://d11ak7fd9ypfb7.cloudfront.net/styles1100px/UF205NAR.jpg,,0.0,TRUE,InStock,0.74,,UF205NARXXL,,,,Size,DROP_DOWN,XXL,Color,DROP_DOWN,Navy,,,,,,,,,,,,,Fit,<p>R</p>,Length,<p>65</p>,Width,<p>40</p>,Height,<p>32</p>,Box Quantity,<p>18</p>,Inner Pack Quantity,<p>1</p>,Country Of Origin,<p>MM</p>,Standards,<p></p>,,,,
UF205,Variant,,This middleweight fleece is fantastic value for money and can be worn as part of a uniform or for leisure activities to provide extra warmth when needed. The anti-pill finish maintains the look of the garment for longer.,https://d11ak7fd9ypfb7.cloudfront.net/styles1100px/UF205NAR.jpg,,0.0,TRUE,InStock,0.77,,UF205NARXXXL,,,,Size,DROP_DOWN,XXXL,Color,DROP_DOWN,Navy,,,,,,,,,,,,,Fit,<p>R</p>,Length,<p>65</p>,Width,<p>40</p>,Height,<p>32</p>,Box Quantity,<p>18</p>,Inner Pack Quantity,<p>1</p>,Country Of Origin,<p>MM</p>,Standards,<p></p>,,,,
UF300,Product,UF300 - ,,https://d11ak7fd9ypfb7.cloudfront.net/styles1100px/UF300ORR.jpg,54.5,0.0,TRUE,InStock,0.88,,UF300ORRL,,,,Size,DROP_DOWN,M;L;XL;XXL;XXXL;4XL;5XL,Color,DROP_DOWN,Yellow;Orange,,,,,,,,,,,,,Fit,<p>R</p>,Length,<p>65</p>,Width,<p>40</p>,Height,<p>33</p>,Box Quantity,<p>18</p>,Inner Pack Quantity,<p>1</p>,Country Of Origin,<p></p>,Standards,<p></p>,,,,
UF300,Variant,,,https://d11ak7fd9ypfb7.cloudfront.net/styles1100px/UF300ORR.jpg,,0.0,TRUE,InStock,0.88,,UF300ORRL,,,,Size,DROP_DOWN,L,Color,DROP_DOWN,Orange,,,,,,,,,,,,,Fit,<p>R</p>,Length,<p>65</p>,Width,<p>40</p>,Height,<p>33</p>,Box Quantity,<p>18</p>,Inner Pack Quantity,<p>1</p>,Country Of Origin,<p></p>,Standards,<p></p>,,,,
UF300,Variant,,,https://d11ak7fd9ypfb7.cloudfront.net/styles1100px/UF300ORR.jpg,,0.0,TRUE,InStock,0.86,,UF300ORRM,,,,Size,DROP_DOWN,M,Color,DROP_DOWN,Orange,,,,,,,,,,,,,Fit,<p>R</p>,Length,<p>65</p>,Width,<p>40</p>,Height,<p>33</p>,Box Quantity,<p>18</p>,Inner Pack Quantity,<p>1</p>,Country Of Origin,<p></p>,Standards,<p></p>,,,,
UF300,Variant,,,https://d11ak7fd9ypfb7.cloudfront.net/styles1100px/UF300YER.jpg,,0.0,TRUE,InStock,0.98,,UF300YER4XL,,,,Size,DROP_DOWN,4XL,Color,DROP_DOWN,Yellow,,,,,,,,,,,,,Fit,<p>R</p>,Length,<p>65</p>,Width,<p>40</p>,Height,<p>33</p>,Box Quantity,<p>18</p>,Inner Pack Quantity,<p>1</p>,Country Of Origin,<p>MM</p>,Standards,<p></p>,,,,
UF300,Variant,,,https://d11ak7fd9ypfb7.cloudfront.net/styles1100px/UF300YER.jpg,,0.0,TRUE,InStock,1,,UF300YER5XL,,,,Size,DROP_DOWN,5XL,Color,DROP_DOWN,Yellow,,,,,,,,,,,,,Fit,<p>R</p>,Length,<p>65</p>,Width,<p>40</p>,Height,<p>33</p>,Box Quantity,<p>18</p>,Inner Pack Quantity,<p>1</p>,Country Of Origin,<p>MM</p>,Standards,<p></p>,,,,
UF300,Variant,,,https://d11ak7fd9ypfb7.cloudfront.net/styles1100px/UF300YER.jpg,,0.0,TRUE,InStock,0.88,,UF300YERL,,,,Size,DROP_DOWN,L,Color,DROP_DOWN,Yellow,,,,,,,,,,,,,Fit,<p>R</p>,Length,<p>65</p>,Width,<p>40</p>,Height,<p>33</p>,Box Quantity,<p>18</p>,Inner Pack Quantity,<p>1</p>,Country Of Origin,<p>MM</p>,Standards,<p></p>,,,,
UF300,Variant,,,https://d11ak7fd9ypfb7.cloudfront.net/styles1100px/UF300YER.jpg,,0.0,TRUE,InStock,0.86,,UF300YERM,,,,Size,DROP_DOWN,M,Color,DROP_DOWN,Yellow,,,,,,,,,,,,,Fit,<p>R</p>,Length,<p>65</p>,Width,<p>40</p>,Height,<p>33</p>,Box Quantity,<p>18</p>,Inner Pack Quantity,<p>1</p>,Country Of Origin,<p>MM</p>,Standards,<p></p>,,,,
UF300,Variant,,,https://d11ak7fd9ypfb7.cloudfront.net/styles1100px/UF300YER.jpg,,0.0,TRUE,InStock,0.9,,UF300YERXL,,,,Size,DROP_DOWN,XL,Color,DROP_DOWN,Yellow,,,,,,,,,,,,,Fit,<p>R</p>,Length,<p>65</p>,Width,<p>40</p>,Height,<p>33</p>,Box Quantity,<p>18</p>,Inner Pack Quantity,<p>1</p>,Country Of Origin,<p>MM</p>,Standards,<p></p>,,,,
UF300,Variant,,,https://d11ak7fd9ypfb7.cloudfront.net/styles1100px/UF300YER.jpg,,0.0,TRUE,InStock,0.92,,UF300YERXXL,,,,Size,DROP_DOWN,XXL,Color,DROP_DOWN,Yellow,,,,,,,,,,,,,Fit,<p>R</p>,Length,<p>65</p>,Width,<p>40</p>,Height,<p>33</p>,Box Quantity,<p>18</p>,Inner Pack Quantity,<p>1</p>,Country Of Origin,<p>MM</p>,Standards,<p></p>,,,,
UF300,Variant,,,https://d11ak7fd9ypfb7.cloudfront.net/styles1100px/UF300YER.jpg,,0.0,TRUE,InStock,0.94,,UF300YERXXXL,,,,Size,DROP_DOWN,XXXL,Color,DROP_DOWN,Yellow,,,,,,,,,,,,,Fit,<p>R</p>,Length,<p>65</p>,Width,<p>40</p>,Height,<p>33</p>,Box Quantity,<p>18</p>,Inner Pack Quantity,<p>1</p>,Country Of Origin,<p>MM</p>,Standards,<p></p>,,,,
UF301,Product,UF301 - Hi-Vis Two Tone Fleece,"Classically styled, the fit of the F301 is relaxed and sizing is generous. Fully certified to EN ISO 20471 Class 3, it features an anti-pill finish which ensures no unsightly bobbling and maintains the fleece’s look. The orange/navy combination complies to RIS 3279 for the rail industry.",https://d11ak7fd9ypfb7.cloudfront.net/styles1100px/UF301ONR.jpg,55.9,0.0,TRUE,InStock,0.92,,UF301ONRL,,,,Size,DROP_DOWN,M;L;XL;XXL;XXXL,Color,DROP_DOWN,Yellow/Navy;Orange/Navy,,,,,,,,,,,,,Fit,<p>R</p>,Length,<p>65</p>,Width,<p>40</p>,Height,<p>33</p>,Box Quantity,<p>18</p>,Inner Pack Quantity,<p>1</p>,Country Of Origin,<p></p>,Standards,<p></p>,,,,
UF301,Variant,,"Classically styled, the fit of the F301 is relaxed and sizing is generous. Fully certified to EN ISO 20471 Class 3, it features an anti-pill finish which ensures no unsightly bobbling and maintains the fleece’s look. The orange/navy combination complies to RIS 3279 for the rail industry.",https://d11ak7fd9ypfb7.cloudfront.net/styles1100px/UF301ONR.jpg,,0.0,TRUE,InStock,0.92,,UF301ONRL,,,,Size,DROP_DOWN,L,Color,DROP_DOWN,Orange/Navy,,,,,,,,,,,,,Fit,<p>R</p>,Length,<p>65</p>,Width,<p>40</p>,Height,<p>33</p>,Box Quantity,<p>18</p>,Inner Pack Quantity,<p>1</p>,Country Of Origin,<p></p>,Standards,<p></p>,,,,
UF301,Variant,,"Classically styled, the fit of the F301 is relaxed and sizing is generous. Fully certified to EN ISO 20471 Class 3, it features an anti-pill finish which ensures no unsightly bobbling and maintains the fleece’s look. The orange/navy combination complies to RIS 3279 for the rail industry.",https://d11ak7fd9ypfb7.cloudfront.net/styles1100px/UF301ONR.jpg,,0.0,TRUE,InStock,0.9,,UF301ONRM,,,,Size,DROP_DOWN,M,Color,DROP_DOWN,Orange/Navy,,,,,,,,,,,,,Fit,<p>R</p>,Length,<p>65</p>,Width,<p>40</p>,Height,<p>33</p>,Box Quantity,<p>18</p>,Inner Pack Quantity,<p>1</p>,Country Of Origin,<p></p>,Standards,<p></p>,,,,
UF301,Variant,,"Classically styled, the fit of the F301 is relaxed and sizing is generous. Fully certified to EN ISO 20471 Class 3, it features an anti-pill finish which ensures no unsightly bobbling and maintains the fleece’s look. The orange/navy combination complies to RIS 3279 for the rail industry.",https://d11ak7fd9ypfb7.cloudfront.net/styles1100px/UF301YNR.jpg,,0.0,TRUE,InStock,0.92,,UF301YNRL,,,,Size,DROP_DOWN,L,Color,DROP_DOWN,Yellow/Navy,,,,,,,,,,,,,Fit,<p>R</p>,Length,<p>65</p>,Width,<p>40</p>,Height,<p>33</p>,Box Quantity,<p>18</p>,Inner Pack Quantity,<p>1</p>,Country Of Origin,<p>MM</p>,Standards,<p></p>,,,,
UF301,Variant,,"Classically styled, the fit of the F301 is relaxed and sizing is generous. Fully certified to EN ISO 20471 Class 3, it features an anti-pill finish which ensures no unsightly bobbling and maintains the fleece’s look. The orange/navy combination complies to RIS 3279 for the rail industry.",https://d11ak7fd9ypfb7.cloudfront.net/styles1100px/UF301YNR.jpg,,0.0,TRUE,InStock,0.9,,UF301YNRM,,,,Size,DROP_DOWN,M,Color,DROP_DOWN,Yellow/Navy,,,,,,,,,,,,,Fit,<p>R</p>,Length,<p>65</p>,Width,<p>40</p>,Height,<p>33</p>,Box Quantity,<p>18</p>,Inner Pack Quantity,<p>1</p>,Country Of Origin,<p>MM</p>,Standards,<p></p>,,,,
UF301,Variant,,"Classically styled, the fit of the F301 is relaxed and sizing is generous. Fully certified to EN ISO 20471 Class 3, it features an anti-pill finish which ensures no unsightly bobbling and maintains the fleece’s look. The orange/navy combination complies to RIS 3279 for the rail industry.",https://d11ak7fd9ypfb7.cloudfront.net/styles1100px/UF301YNR.jpg,,0.0,TRUE,InStock,0.94,,UF301YNRXL,,,,Size,DROP_DOWN,XL,Color,DROP_DOWN,Yellow/Navy,,,,,,,,,,,,,Fit,<p>R</p>,Length,<p>65</p>,Width,<p>40</p>,Height,<p>33</p>,Box Quantity,<p>18</p>,Inner Pack Quantity,<p>1</p>,Country Of Origin,<p>MM</p>,Standards,<p></p>,,,,
UF301,Variant,,"Classically styled, the fit of the F301 is relaxed and sizing is generous. Fully certified to EN ISO 20471 Class 3, it features an anti-pill finish which ensures no unsightly bobbling and maintains the fleece’s look. The orange/navy combination complies to RIS 3279 for the rail industry.",https://d11ak7fd9ypfb7.cloudfront.net/styles1100px/UF301YNR.jpg,,0.0,TRUE,InStock,0.96,,UF301YNRXXL,,,,Size,DROP_DOWN,XXL,Color,DROP_DOWN,Yellow/Navy,,,,,,,,,,,,,Fit,<p>R</p>,Length,<p>65</p>,Width,<p>40</p>,Height,<p>33</p>,Box Quantity,<p>18</p>,Inner Pack Quantity,<p>1</p>,Country Of Origin,<p>MM</p>,Standards,<p></p>,,,,
UF301,Variant,,"Classically styled, the fit of the F301 is relaxed and sizing is generous. Fully certified to EN ISO 20471 Class 3, it features an anti-pill finish which ensures no unsightly bobbling and maintains the fleece’s look. The orange/navy combination complies to RIS 3279 for the rail industry.",https://d11ak7fd9ypfb7.cloudfront.net/styles1100px/UF301YNR.jpg,,0.0,TRUE,InStock,0.98,,UF301YNRXXXL,,,,Size,DROP_DOWN,XXXL,Color,DROP_DOWN,Yellow/Navy,,,,,,,,,,,,,Fit,<p>R</p>,Length,<p>65</p>,Width,<p>40</p>,Height,<p>33</p>,Box Quantity,<p>18</p>,Inner Pack Quantity,<p>1</p>,Country Of Origin,<p>MM</p>,Standards,<p></p>,,,,
UF400,Product,UF400 - Argyll Heavy Fleece,"The Argyll fleece is a favorite season after season due to the traditional, uncomplicated design and quality anti-pill finish. The 400g fleece is comfortable to wear and ensures heat is locked in.",https://d11ak7fd9ypfb7.cloudfront.net/styles1100px/UF400BKR.jpg,38.5,0.0,TRUE,InStock,0.91,,UF400BKRL,,,,Size,DROP_DOWN,S;M;L;XL;XXL;XXXL;4XL;5XL;6XL,Color,DROP_DOWN,Navy;Black,,,,,,,,,,,,,Fit,<p>R</p>,Length,<p>65</p>,Width,<p>40</p>,Height,<p>32</p>,Box Quantity,<p>18</p>,Inner Pack Quantity,<p>1</p>,Country Of Origin,<p>MM</p>,Standards,<p></p>,,,,
UF400,Variant,,"The Argyll fleece is a favorite season after season due to the traditional, uncomplicated design and quality anti-pill finish. The 400g fleece is comfortable to wear and ensures heat is locked in.",https://d11ak7fd9ypfb7.cloudfront.net/styles1100px/UF400BKR.jpg,,0.0,TRUE,InStock,0.91,,UF400BKRL,,,,Size,DROP_DOWN,L,Color,DROP_DOWN,Black,,,,,,,,,,,,,Fit,<p>R</p>,Length,<p>65</p>,Width,<p>40</p>,Height,<p>32</p>,Box Quantity,<p>18</p>,Inner Pack Quantity,<p>1</p>,Country Of Origin,<p>MM</p>,Standards,<p></p>,,,,
UF400,Variant,,"The Argyll fleece is a favorite season after season due to the traditional, uncomplicated design and quality anti-pill finish. The 400g fleece is comfortable to wear and ensures heat is locked in.",https://d11ak7fd9ypfb7.cloudfront.net/styles1100px/UF400BKR.jpg,,0.0,TRUE,InStock,0.84,,UF400BKRM,,,,Size,DROP_DOWN,M,Color,DROP_DOWN,Black,,,,,,,,,,,,,Fit,<p>R</p>,Length,<p>65</p>,Width,<p>40</p>,Height,<p>32</p>,Box Quantity,<p>18</p>,Inner Pack Quantity,<p>1</p>,Country Of Origin,<p>MM</p>,Standards,<p></p>,,,,
UF400,Variant,,"The Argyll fleece is a favorite season after season due to the traditional, uncomplicated design and quality anti-pill finish. The 400g fleece is comfortable to wear and ensures heat is locked in.",https://d11ak7fd9ypfb7.cloudfront.net/styles1100px/UF400BKR.jpg,,0.0,TRUE,InStock,0.77,,UF400BKRS,,,,Size,DROP_DOWN,S,Color,DROP_DOWN,Black,,,,,,,,,,,,,Fit,<p>R</p>,Length,<p>65</p>,Width,<p>40</p>,Height,<p>32</p>,Box Quantity,<p>18</p>,Inner Pack Quantity,<p>1</p>,Country Of Origin,<p>MM</p>,Standards,<p></p>,,,,
UF400,Variant,,"The Argyll fleece is a favorite season after season due to the traditional, uncomplicated design and quality anti-pill finish. The 400g fleece is comfortable to wear and ensures heat is locked in.",https://d11ak7fd9ypfb7.cloudfront.net/styles1100px/UF400BKR.jpg,,0.0,TRUE,InStock,0.98,,UF400BKRXL,,,,Size,DROP_DOWN,XL,Color,DROP_DOWN,Black,,,,,,,,,,,,,Fit,<p>R</p>,Length,<p>65</p>,Width,<p>40</p>,Height,<p>32</p>,Box Quantity,<p>18</p>,Inner Pack Quantity,<p>1</p>,Country Of Origin,<p>MM</p>,Standards,<p></p>,,,,
UF400,Variant,,"The Argyll fleece is a favorite season after season due to the traditional, uncomplicated design and quality anti-pill finish. The 400g fleece is comfortable to wear and ensures heat is locked in.",https://d11ak7fd9ypfb7.cloudfront.net/styles1100px/UF400BKR.jpg,,0.0,TRUE,InStock,1.05,,UF400BKRXXL,,,,Size,DROP_DOWN,XXL,Color,DROP_DOWN,Black,,,,,,,,,,,,,Fit,<p>R</p>,Length,<p>65</p>,Width,<p>40</p>,Height,<p>32</p>,Box Quantity,<p>18</p>,Inner Pack Quantity,<p>1</p>,Country Of Origin,<p>MM</p>,Standards,<p></p>,,,,
UF400,Variant,,"The Argyll fleece is a favorite season after season due to the traditional, uncomplicated design and quality anti-pill finish. The 400g fleece is comfortable to wear and ensures heat is locked in.",https://d11ak7fd9ypfb7.cloudfront.net/styles1100px/UF400BKR.jpg,,0.0,TRUE,InStock,1.12,,UF400BKRXXXL,,,,Size,DROP_DOWN,XXXL,Color,DROP_DOWN,Black,,,,,,,,,,,,,Fit,<p>R</p>,Length,<p>65</p>,Width,<p>40</p>,Height,<p>32</p>,Box Quantity,<p>18</p>,Inner Pack Quantity,<p>1</p>,Country Of Origin,<p>MM</p>,Standards,<p></p>,,,,
UF400,Variant,,"The Argyll fleece is a favorite season after season due to the traditional, uncomplicated design and quality anti-pill finish. The 400g fleece is comfortable to wear and ensures heat is locked in.",https://d11ak7fd9ypfb7.cloudfront.net/styles1100px/UF400NAR.jpg,,0.0,TRUE,InStock,1.19,,UF400NAR4XL,,,,Size,DROP_DOWN,4XL,Color,DROP_DOWN,Navy,,,,,,,,,,,,,Fit,<p>R</p>,Length,<p>65</p>,Width,<p>40</p>,Height,<p>32</p>,Box Quantity,<p>18</p>,Inner Pack Quantity,<p>1</p>,Country Of Origin,<p>MM</p>,Standards,<p></p>,,,,
UF400,Variant,,"The Argyll fleece is a favorite season after season due to the traditional, uncomplicated design and quality anti-pill finish. The 400g fleece is comfortable to wear and ensures heat is locked in.",https://d11ak7fd9ypfb7.cloudfront.net/styles1100px/UF400NAR.jpg,,0.0,TRUE,InStock,1.26,,UF400NAR5XL,,,,Size,DROP_DOWN,5XL,Color,DROP_DOWN,Navy,,,,,,,,,,,,,Fit,<p>R</p>,Length,<p>65</p>,Width,<p>40</p>,Height,<p>32</p>,Box Quantity,<p>18</p>,Inner Pack Quantity,<p>1</p>,Country Of Origin,<p>MM</p>,Standards,<p></p>,,,,
UF400,Variant,,"The Argyll fleece is a favorite season after season due to the traditional, uncomplicated design and quality anti-pill finish. The 400g fleece is comfortable to wear and ensures heat is locked in.",https://d11ak7fd9ypfb7.cloudfront.net/styles1100px/UF400NAR.jpg,,0.0,TRUE,InStock,1.33,,UF400NAR6XL,,,,Size,DROP_DOWN,6XL,Color,DROP_DOWN,Navy,,,,,,,,,,,,,Fit,<p>R</p>,Length,<p>65</p>,Width,<p>40</p>,Height,<p>32</p>,Box Quantity,<p>18</p>,Inner Pack Quantity,<p>1</p>,Country Of Origin,<p>MM</p>,Standards,<p></p>,,,,
UF400,Variant,,"The Argyll fleece is a favorite season after season due to the traditional, uncomplicated design and quality anti-pill finish. The 400g fleece is comfortable to wear and ensures heat is locked in.",https://d11ak7fd9ypfb7.cloudfront.net/styles1100px/UF400NAR.jpg,,0.0,TRUE,InStock,0.91,,UF400NARL,,,,Size,DROP_DOWN,L,Color,DROP_DOWN,Navy,,,,,,,,,,,,,Fit,<p>R</p>,Length,<p>65</p>,Width,<p>40</p>,Height,<p>32</p>,Box Quantity,<p>18</p>,Inner Pack Quantity,<p>1</p>,Country Of Origin,<p>MM</p>,Standards,<p></p>,,,,
UF400,Variant,,"The Argyll fleece is a favorite season after season due to the traditional, uncomplicated design and quality anti-pill finish. The 400g fleece is comfortable to wear and ensures heat is locked in.",https://d11ak7fd9ypfb7.cloudfront.net/styles1100px/UF400NAR.jpg,,0.0,TRUE,InStock,0.84,,UF400NARM,,,,Size,DROP_DOWN,M,Color,DROP_DOWN,Navy,,,,,,,,,,,,,Fit,<p>R</p>,Length,<p>65</p>,Width,<p>40</p>,Height,<p>32</p>,Box Quantity,<p>18</p>,Inner Pack Quantity,<p>1</p>,Country Of Origin,<p>MM</p>,Standards,<p></p>,,,,
UF400,Variant,,"The Argyll fleece is a favorite season after season due to the traditional, uncomplicated design and quality anti-pill finish. The 400g fleece is comfortable to wear and ensures heat is locked in.",https://d11ak7fd9ypfb7.cloudfront.net/styles1100px/UF400NAR.jpg,,0.0,TRUE,InStock,0.77,,UF400NARS,,,,Size,DROP_DOWN,S,Color,DROP_DOWN,Navy,,,,,,,,,,,,,Fit,<p>R</p>,Length,<p>65</p>,Width,<p>40</p>,Height,<p>32</p>,Box Quantity,<p>18</p>,Inner Pack Quantity,<p>1</p>,Country Of Origin,<p>MM</p>,Standards,<p></p>,,,,
UF400,Variant,,"The Argyll fleece is a favorite season after season due to the traditional, uncomplicated design and quality anti-pill finish. The 400g fleece is comfortable to wear and ensures heat is locked in.",https://d11ak7fd9ypfb7.cloudfront.net/styles1100px/UF400NAR.jpg,,0.0,TRUE,InStock,0.98,,UF400NARXL,,,,Size,DROP_DOWN,XL,Color,DROP_DOWN,Navy,,,,,,,,,,,,,Fit,<p>R</p>,Length,<p>65</p>,Width,<p>40</p>,Height,<p>32</p>,Box Quantity,<p>18</p>,Inner Pack Quantity,<p>1</p>,Country Of Origin,<p>MM</p>,Standards,<p></p>,,,,
UF400,Variant,,"The Argyll fleece is a favorite season after season due to the traditional, uncomplicated design and quality anti-pill finish. The 400g fleece is comfortable to wear and ensures heat is locked in.",https://d11ak7fd9ypfb7.cloudfront.net/styles1100px/UF400NAR.jpg,,0.0,TRUE,InStock,1.05,,UF400NARXXL,,,,Size,DROP_DOWN,XXL,Color,DROP_DOWN,Navy,,,,,,,,,,,,,Fit,<p>R</p>,Length,<p>65</p>,Width,<p>40</p>,Height,<p>32</p>,Box Quantity,<p>18</p>,Inner Pack Quantity,<p>1</p>,Country Of Origin,<p>MM</p>,Standards,<p></p>,,,,
UF400,Variant,,"The Argyll fleece is a favorite season after season due to the traditional, uncomplicated design and quality anti-pill finish. The 400g fleece is comfortable to wear and ensures heat is locked in.",https://d11ak7fd9ypfb7.cloudfront.net/styles1100px/UF400NAR.jpg,,0.0,TRUE,InStock,1.12,,UF400NARXXXL,,,,Size,DROP_DOWN,XXXL,Color,DROP_DOWN,Navy,,,,,,,,,,,,,Fit,<p>R</p>,Length,<p>65</p>,Width,<p>40</p>,Height,<p>32</p>,Box Quantity,<p>18</p>,Inner Pack Quantity,<p>1</p>,Country Of Origin,<p>MM</p>,Standards,<p></p>,,,,
UF401,Product,UF401 - City Fleece,"A stylish two-tone design, in our unique double-sided fleece fabric. Heavyweight and snug, this garment will take you from work to play. Two lower zip pockets and an upper chest pocket provide ample storage space. Features contrast silver zips.",https://d11ak7fd9ypfb7.cloudfront.net/styles1100px/UF401BKR.jpg,0.0,0.0,TRUE,InStock,0.9,,UF401BKRM,,,,Size,DROP_DOWN,M;L;XL;XXL,Color,DROP_DOWN,Navy;Black,,,,,,,,,,,,,Fit,<p>R</p>,Length,<p>65</p>,Width,<p>40</p>,Height,<p>32</p>,Box Quantity,<p>10</p>,Inner Pack Quantity,<p>1</p>,Country Of Origin,<p></p>,Standards,<p></p>,,,,
UF401,Variant,,"A stylish two-tone design, in our unique double-sided fleece fabric. Heavyweight and snug, this garment will take you from work to play. Two lower zip pockets and an upper chest pocket provide ample storage space. Features contrast silver zips.",https://d11ak7fd9ypfb7.cloudfront.net/styles1100px/UF401BKR.jpg,,0.0,TRUE,InStock,0.9,,UF401BKRM,,,,Size,DROP_DOWN,M,Color,DROP_DOWN,Black,,,,,,,,,,,,,Fit,<p>R</p>,Length,<p>65</p>,Width,<p>40</p>,Height,<p>32</p>,Box Quantity,<p>10</p>,Inner Pack Quantity,<p>1</p>,Country Of Origin,<p></p>,Standards,<p></p>,,,,
UF401,Variant,,"A stylish two-tone design, in our unique double-sided fleece fabric. Heavyweight and snug, this garment will take you from work to play. Two lower zip pockets and an upper chest pocket provide ample storage space. Features contrast silver zips.",https://d11ak7fd9ypfb7.cloudfront.net/styles1100px/UF401NAR.jpg,,0.0,TRUE,InStock,0.91,,UF401NARL,,,,Size,DROP_DOWN,L,Color,DROP_DOWN,Navy,,,,,,,,,,,,,Fit,<p>R</p>,Length,<p>65</p>,Width,<p>40</p>,Height,<p>32</p>,Box Quantity,<p>10</p>,Inner Pack Quantity,<p>1</p>,Country Of Origin,<p></p>,Standards,<p></p>,,,,
UF401,Variant,,"A stylish two-tone design, in our unique double-sided fleece fabric. Heavyweight and snug, this garment will take you from work to play. Two lower zip pockets and an upper chest pocket provide ample storage space. Features contrast silver zips.",https://d11ak7fd9ypfb7.cloudfront.net/styles1100px/UF401NAR.jpg,,0.0,TRUE,InStock,0.9,,UF401NARM,,,,Size,DROP_DOWN,M,Color,DROP_DOWN,Navy,,,,,,,,,,,,,Fit,<p>R</p>,Length,<p>65</p>,Width,<p>40</p>,Height,<p>32</p>,Box Quantity,<p>10</p>,Inner Pack Quantity,<p>1</p>,Country Of Origin,<p></p>,Standards,<p></p>,,,,
UF401,Variant,,"A stylish two-tone design, in our unique double-sided fleece fabric. Heavyweight and snug, this garment will take you from work to play. Two lower zip pockets and an upper chest pocket provide ample storage space. Features contrast silver zips.",https://d11ak7fd9ypfb7.cloudfront.net/styles1100px/UF401NAR.jpg,,0.0,TRUE,InStock,0.92,,UF401NARXL,,,,Size,DROP_DOWN,XL,Color,DROP_DOWN,Navy,,,,,,,,,,,,,Fit,<p>R</p>,Length,<p>65</p>,Width,<p>40</p>,Height,<p>32</p>,Box Quantity,<p>10</p>,Inner Pack Quantity,<p>1</p>,Country Of Origin,<p></p>,Standards,<p></p>,,,,
UF401,Variant,,"A stylish two-tone design, in our unique double-sided fleece fabric. Heavyweight and snug, this garment will take you from work to play. Two lower zip pockets and an upper chest pocket provide ample storage space. Features contrast silver zips.",https://d11ak7fd9ypfb7.cloudfront.net/styles1100px/UF401NAR.jpg,,0.0,TRUE,InStock,0.93,,UF401NARXXL,,,,Size,DROP_DOWN,XXL,Color,DROP_DOWN,Navy,,,,,,,,,,,,,Fit,<p>R</p>,Length,<p>65</p>,Width,<p>40</p>,Height,<p>32</p>,Box Quantity,<p>10</p>,Inner Pack Quantity,<p>1</p>,Country Of Origin,<p></p>,Standards,<p></p>,,,,
UF476,Product,UF476 - Iona Executive Vest,"In a range of four great colors, this superior vest option offers a Dual ID window, mic tab and multi-functional pockets as standard. Perfect for corporate branding.",https://d11ak7fd9ypfb7.cloudfront.net/styles1100px/UF476BKR.jpg,13.3,0.0,TRUE,InStock,0.25,,UF476BKRL,,,,Size,DROP_DOWN,S;M;L;XL;XXL;XXXL;4XL;5XL;6XL,Color,DROP_DOWN,Navy;Royal Blue;Black,,,,,,,,,,,,,Fit,<p>R</p>,Length,<p>43</p>,Width,<p>28</p>,Height,<p>48</p>,Box Quantity,<p>60</p>,Inner Pack Quantity,<p>10</p>,Country Of Origin,<p>CN</p>,Standards,<p></p>,,,,
UF476,Variant,,"In a range of four great colors, this superior vest option offers a Dual ID window, mic tab and multi-functional pockets as standard. Perfect for corporate branding.",https://d11ak7fd9ypfb7.cloudfront.net/styles1100px/UF476BKR.jpg,,0.0,TRUE,InStock,0.25,,UF476BKRL,,,,Size,DROP_DOWN,L,Color,DROP_DOWN,Black,,,,,,,,,,,,,Fit,<p>R</p>,Length,<p>43</p>,Width,<p>28</p>,Height,<p>48</p>,Box Quantity,<p>60</p>,Inner Pack Quantity,<p>10</p>,Country Of Origin,<p>CN</p>,Standards,<p></p>,,,,
UF476,Variant,,"In a range of four great colors, this superior vest option offers a Dual ID window, mic tab and multi-functional pockets as standard. Perfect for corporate branding.",https://d11ak7fd9ypfb7.cloudfront.net/styles1100px/UF476BKR.jpg,,0.0,TRUE,InStock,0.24,,UF476BKRM,,,,Size,DROP_DOWN,M,Color,DROP_DOWN,Black,,,,,,,,,,,,,Fit,<p>R</p>,Length,<p>43</p>,Width,<p>28</p>,Height,<p>48</p>,Box Quantity,<p>60</p>,Inner Pack Quantity,<p>10</p>,Country Of Origin,<p>CN</p>,Standards,<p></p>,,,,
UF476,Variant,,"In a range of four great colors, this superior vest option offers a Dual ID window, mic tab and multi-functional pockets as standard. Perfect for corporate branding.",https://d11ak7fd9ypfb7.cloudfront.net/styles1100px/UF476BKR.jpg,,0.0,TRUE,InStock,0.235,,UF476BKRS,,,,Size,DROP_DOWN,S,Color,DROP_DOWN,Black,,,,,,,,,,,,,Fit,<p>R</p>,Length,<p>43</p>,Width,<p>28</p>,Height,<p>48</p>,Box Quantity,<p>60</p>,Inner Pack Quantity,<p>10</p>,Country Of Origin,<p>CN</p>,Standards,<p></p>,,,,
UF476,Variant,,"In a range of four great colors, this superior vest option offers a Dual ID window, mic tab and multi-functional pockets as standard. Perfect for corporate branding.",https://d11ak7fd9ypfb7.cloudfront.net/styles1100px/UF476BKR.jpg,,0.0,TRUE,InStock,0.26,,UF476BKRXL,,,,Size,DROP_DOWN,XL,Color,DROP_DOWN,Black,,,,,,,,,,,,,Fit,<p>R</p>,Length,<p>43</p>,Width,<p>28</p>,Height,<p>48</p>,Box Quantity,<p>60</p>,Inner Pack Quantity,<p>10</p>,Country Of Origin,<p>CN</p>,Standards,<p></p>,,,,
UF476,Variant,,"In a range of four great colors, this superior vest option offers a Dual ID window, mic tab and multi-functional pockets as standard. Perfect for corporate branding.",https://d11ak7fd9ypfb7.cloudfront.net/styles1100px/UF476BKR.jpg,,0.0,TRUE,InStock,0.27,,UF476BKRXXL,,,,Size,DROP_DOWN,XXL,Color,DROP_DOWN,Black,,,,,,,,,,,,,Fit,<p>R</p>,Length,<p>43</p>,Width,<p>28</p>,Height,<p>48</p>,Box Quantity,<p>60</p>,Inner Pack Quantity,<p>10</p>,Country Of Origin,<p>CN</p>,Standards,<p></p>,,,,
UF476,Variant,,"In a range of four great colors, this superior vest option offers a Dual ID window, mic tab and multi-functional pockets as standard. Perfect for corporate branding.",https://d11ak7fd9ypfb7.cloudfront.net/styles1100px/UF476BKR.jpg,,0.0,TRUE,InStock,0.28,,UF476BKRXXXL,,,,Size,DROP_DOWN,XXXL,Color,DROP_DOWN,Black,,,,,,,,,,,,,Fit,<p>R</p>,Length,<p>43</p>,Width,<p>28</p>,Height,<p>48</p>,Box Quantity,<p>60</p>,Inner Pack Quantity,<p>10</p>,Country Of Origin,<p>CN</p>,Standards,<p></p>,,,,
UF476,Variant,,"In a range of four great colors, this superior vest option offers a Dual ID window, mic tab and multi-functional pockets as standard. Perfect for corporate branding.",https://d11ak7fd9ypfb7.cloudfront.net/styles1100px/UF476NAR.jpg,,0.0,TRUE,InStock,0.29,,UF476NAR4XL,,,,Size,DROP_DOWN,4XL,Color,DROP_DOWN,Navy,,,,,,,,,,,,,Fit,<p>R</p>,Length,<p>43</p>,Width,<p>28</p>,Height,<p>48</p>,Box Quantity,<p>60</p>,Inner Pack Quantity,<p>10</p>,Country Of Origin,<p>CN</p>,Standards,<p></p>,,,,
UF476,Variant,,"In a range of four great colors, this superior vest option offers a Dual ID window, mic tab and multi-functional pockets as standard. Perfect for corporate branding.",https://d11ak7fd9ypfb7.cloudfront.net/styles1100px/UF476NAR.jpg,,0.0,TRUE,InStock,0.31,,UF476NAR5XL,,,,Size,DROP_DOWN,5XL,Color,DROP_DOWN,Navy,,,,,,,,,,,,,Fit,<p>R</p>,Length,<p>43</p>,Width,<p>28</p>,Height,<p>48</p>,Box Quantity,<p>60</p>,Inner Pack Quantity,<p>10</p>,Country Of Origin,<p>CN</p>,Standards,<p></p>,,,,
UF476,Variant,,"In a range of four great colors, this superior vest option offers a Dual ID window, mic tab and multi-functional pockets as standard. Perfect for corporate branding.",https://d11ak7fd9ypfb7.cloudfront.net/styles1100px/UF476NAR.jpg,,0.0,TRUE,InStock,0.32,,UF476NAR6XL,,,,Size,DROP_DOWN,6XL,Color,DROP_DOWN,Navy,,,,,,,,,,,,,Fit,<p>R</p>,Length,<p>43</p>,Width,<p>28</p>,Height,<p>48</p>,Box Quantity,<p>60</p>,Inner Pack Quantity,<p>10</p>,Country Of Origin,<p>CN</p>,Standards,<p></p>,,,,
UF476,Variant,,"In a range of four great colors, this superior vest option offers a Dual ID window, mic tab and multi-functional pockets as standard. Perfect for corporate branding.",https://d11ak7fd9ypfb7.cloudfront.net/styles1100px/UF476NAR.jpg,,0.0,TRUE,InStock,0.25,,UF476NARL,,,,Size,DROP_DOWN,L,Color,DROP_DOWN,Navy,,,,,,,,,,,,,Fit,<p>R</p>,Length,<p>43</p>,Width,<p>28</p>,Height,<p>48</p>,Box Quantity,<p>60</p>,Inner Pack Quantity,<p>10</p>,Country Of Origin,<p>CN</p>,Standards,<p></p>,,,,
UF476,Variant,,"In a range of four great colors, this superior vest option offers a Dual ID window, mic tab and multi-functional pockets as standard. Perfect for corporate branding.",https://d11ak7fd9ypfb7.cloudfront.net/styles1100px/UF476NAR.jpg,,0.0,TRUE,InStock,0.25,,UF476NARM,,,,Size,DROP_DOWN,M,Color,DROP_DOWN,Navy,,,,,,,,,,,,,Fit,<p>R</p>,Length,<p>43</p>,Width,<p>28</p>,Height,<p>48</p>,Box Quantity,<p>60</p>,Inner Pack Quantity,<p>10</p>,Country Of Origin,<p>CN</p>,Standards,<p></p>,,,,
UF476,Variant,,"In a range of four great colors, this superior vest option offers a Dual ID window, mic tab and multi-functional pockets as standard. Perfect for corporate branding.",https://d11ak7fd9ypfb7.cloudfront.net/styles1100px/UF476NAR.jpg,,0.0,TRUE,InStock,0.235,,UF476NARS,,,,Size,DROP_DOWN,S,Color,DROP_DOWN,Navy,,,,,,,,,,,,,Fit,<p>R</p>,Length,<p>43</p>,Width,<p>28</p>,Height,<p>48</p>,Box Quantity,<p>60</p>,Inner Pack Quantity,<p>10</p>,Country Of Origin,<p>CN</p>,Standards,<p></p>,,,,
UF476,Variant,,"In a range of four great colors, this superior vest option offers a Dual ID window, mic tab and multi-functional pockets as standard. Perfect for corporate branding.",https://d11ak7fd9ypfb7.cloudfront.net/styles1100px/UF476NAR.jpg,,0.0,TRUE,InStock,0.25,,UF476NARXL,,,,Size,DROP_DOWN,XL,Color,DROP_DOWN,Navy,,,,,,,,,,,,,Fit,<p>R</p>,Length,<p>43</p>,Width,<p>28</p>,Height,<p>48</p>,Box Quantity,<p>60</p>,Inner Pack Quantity,<p>10</p>,Country Of Origin,<p>CN</p>,Standards,<p></p>,,,,
UF476,Variant,,"In a range of four great colors, this superior vest option offers a Dual ID window, mic tab and multi-functional pockets as standard. Perfect for corporate branding.",https://d11ak7fd9ypfb7.cloudfront.net/styles1100px/UF476NAR.jpg,,0.0,TRUE,InStock,0.25,,UF476NARXXL,,,,Size,DROP_DOWN,XXL,Color,DROP_DOWN,Navy,,,,,,,,,,,,,Fit,<p>R</p>,Length,<p>43</p>,Width,<p>28</p>,Height,<p>48</p>,Box Quantity,<p>60</p>,Inner Pack Quantity,<p>10</p>,Country Of Origin,<p>CN</p>,Standards,<p></p>,,,,
UF476,Variant,,"In a range of four great colors, this superior vest option offers a Dual ID window, mic tab and multi-functional pockets as standard. Perfect for corporate branding.",https://d11ak7fd9ypfb7.cloudfront.net/styles1100px/UF476NAR.jpg,,0.0,TRUE,InStock,0.25,,UF476NARXXXL,,,,Size,DROP_DOWN,XXXL,Color,DROP_DOWN,Navy,,,,,,,,,,,,,Fit,<p>R</p>,Length,<p>43</p>,Width,<p>28</p>,Height,<p>48</p>,Box Quantity,<p>60</p>,Inner Pack Quantity,<p>10</p>,Country Of Origin,<p>CN</p>,Standards,<p></p>,,,,
UF476,Variant,,"In a range of four great colors, this superior vest option offers a Dual ID window, mic tab and multi-functional pockets as standard. Perfect for corporate branding.",https://d11ak7fd9ypfb7.cloudfront.net/styles1100px/UF476RBR.jpg,,0.0,TRUE,InStock,0.25,,UF476RBRL,,,,Size,DROP_DOWN,L,Color,DROP_DOWN,Royal Blue,,,,,,,,,,,,,Fit,<p>R</p>,Length,<p>43</p>,Width,<p>28</p>,Height,<p>48</p>,Box Quantity,<p>60</p>,Inner Pack Quantity,<p>10</p>,Country Of Origin,<p>CN</p>,Standards,<p></p>,,,,
UF476,Variant,,"In a range of four great colors, this superior vest option offers a Dual ID window, mic tab and multi-functional pockets as standard. Perfect for corporate branding.",https://d11ak7fd9ypfb7.cloudfront.net/styles1100px/UF476RBR.jpg,,0.0,TRUE,InStock,0.25,,UF476RBRM,,,,Size,DROP_DOWN,M,Color,DROP_DOWN,Royal Blue,,,,,,,,,,,,,Fit,<p>R</p>,Length,<p>43</p>,Width,<p>28</p>,Height,<p>48</p>,Box Quantity,<p>60</p>,Inner Pack Quantity,<p>10</p>,Country Of Origin,<p>CN</p>,Standards,<p></p>,,,,
UF476,Variant,,"In a range of four great colors, this superior vest option offers a Dual ID window, mic tab and multi-functional pockets as standard. Perfect for corporate branding.",https://d11ak7fd9ypfb7.cloudfront.net/styles1100px/UF476RBR.jpg,,0.0,TRUE,InStock,0.25,,UF476RBRXL,,,,Size,DROP_DOWN,XL,Color,DROP_DOWN,Royal Blue,,,,,,,,,,,,,Fit,<p>R</p>,Length,<p>43</p>,Width,<p>28</p>,Height,<p>48</p>,Box Quantity,<p>60</p>,Inner Pack Quantity,<p>10</p>,Country Of Origin,<p>CN</p>,Standards,<p></p>,,,,
UF476,Variant,,"In a range of four great colors, this superior vest option offers a Dual ID window, mic tab and multi-functional pockets as standard. Perfect for corporate branding.",https://d11ak7fd9ypfb7.cloudfront.net/styles1100px/UF476RBR.jpg,,0.0,TRUE,InStock,0.25,,UF476RBRXXL,,,,Size,DROP_DOWN,XXL,Color,DROP_DOWN,Royal Blue,,,,,,,,,,,,,Fit,<p>R</p>,Length,<p>43</p>,Width,<p>28</p>,Height,<p>48</p>,Box Quantity,<p>60</p>,Inner Pack Quantity,<p>10</p>,Country Of Origin,<p>CN</p>,Standards,<p></p>,,,,
UF476,Variant,,"In a range of four great colors, this superior vest option offers a Dual ID window, mic tab and multi-functional pockets as standard. Perfect for corporate branding.",https://d11ak7fd9ypfb7.cloudfront.net/styles1100px/UF476RBR.jpg,,0.0,TRUE,InStock,0.25,,UF476RBRXXXL,,,,Size,DROP_DOWN,XXXL,Color,DROP_DOWN,Royal Blue,,,,,,,,,,,,,Fit,<p>R</p>,Length,<p>43</p>,Width,<p>28</p>,Height,<p>48</p>,Box Quantity,<p>60</p>,Inner Pack Quantity,<p>10</p>,Country Of Origin,<p>CN</p>,Standards,<p></p>,,,,
UFC13,Product,UFC13 - Indiana Rigger Boot EH,"Protective composite toecap Puncture resistant composite midsole Wide fitting Buffalo grain float oil leather Comfort PU footbed Quarter mesh lined Slip, fuel and oil resistant rubber outsole Heat resistant outsole 100% metal free",https://d11ak7fd9ypfb7.cloudfront.net/styles1100px/UFC13BRR.jpg,130.8,0.0,TRUE,InStock,0.999,,UFC13BRR060,,,,Size,DROP_DOWN,60;65;75;80;90;95;100;110;115;120;130,Color,DROP_DOWN,Brown,,,,,,,,,,,,,Fit,<p>R</p>,Length,<p>72</p>,Width,<p>37</p>,Height,<p>34</p>,Box Quantity,<p>6</p>,Inner Pack Quantity,<p>1</p>,Country Of Origin,<p>CN</p>,Standards,<ul><li>ASTM F2413-18 EH</li></ul>,,,,
UFC13,Variant,,"Protective composite toecap Puncture resistant composite midsole Wide fitting Buffalo grain float oil leather Comfort PU footbed Quarter mesh lined Slip, fuel and oil resistant rubber outsole Heat resistant outsole 100% metal free",https://d11ak7fd9ypfb7.cloudfront.net/styles1100px/UFC13BRR.jpg,,0.0,TRUE,InStock,0.999,,UFC13BRR060,,,,Size,DROP_DOWN,60,Color,DROP_DOWN,Brown,,,,,,,,,,,,,Fit,<p>R</p>,Length,<p>72</p>,Width,<p>37</p>,Height,<p>34</p>,Box Quantity,<p>6</p>,Inner Pack Quantity,<p>1</p>,Country Of Origin,<p>CN</p>,Standards,<ul><li>ASTM F2413-18 EH</li></ul>,,,,
UFC13,Variant,,"Protective composite toecap Puncture resistant composite midsole Wide fitting Buffalo grain float oil leather Comfort PU footbed Quarter mesh lined Slip, fuel and oil resistant rubber outsole Heat resistant outsole 100% metal free",https://d11ak7fd9ypfb7.cloudfront.net/styles1100px/UFC13BRR.jpg,,0.0,TRUE,InStock,0.999,,UFC13BRR065,,,,Size,DROP_DOWN,65,Color,DROP_DOWN,Brown,,,,,,,,,,,,,Fit,<p>R</p>,Length,<p>72</p>,Width,<p>37</p>,Height,<p>34</p>,Box Quantity,<p>6</p>,Inner Pack Quantity,<p>1</p>,Country Of Origin,<p>CN</p>,Standards,<ul><li>ASTM F2413-18 EH</li></ul>,,,,
UFC13,Variant,,"Protective composite toecap Puncture resistant composite midsole Wide fitting Buffalo grain float oil leather Comfort PU footbed Quarter mesh lined Slip, fuel and oil resistant rubber outsole Heat resistant outsole 100% metal free",https://d11ak7fd9ypfb7.cloudfront.net/styles1100px/UFC13BRR.jpg,,0.0,TRUE,InStock,0.999,,UFC13BRR075,,,,Size,DROP_DOWN,75,Color,DROP_DOWN,Brown,,,,,,,,,,,,,Fit,<p>R</p>,Length,<p>72</p>,Width,<p>37</p>,Height,<p>34</p>,Box Quantity,<p>6</p>,Inner Pack Quantity,<p>1</p>,Country Of Origin,<p>CN</p>,Standards,<ul><li>ASTM F2413-18 EH</li></ul>,,,,
UFC13,Variant,,"Protective composite toecap Puncture resistant composite midsole Wide fitting Buffalo grain float oil leather Comfort PU footbed Quarter mesh lined Slip, fuel and oil resistant rubber outsole Heat resistant outsole 100% metal free",https://d11ak7fd9ypfb7.cloudfront.net/styles1100px/UFC13BRR.jpg,,0.0,TRUE,InStock,0.999,,UFC13BRR080,,,,Size,DROP_DOWN,80,Color,DROP_DOWN,Brown,,,,,,,,,,,,,Fit,<p>R</p>,Length,<p>72</p>,Width,<p>37</p>,Height,<p>34</p>,Box Quantity,<p>6</p>,Inner Pack Quantity,<p>1</p>,Country Of Origin,<p>CN</p>,Standards,<ul><li>ASTM F2413-18 EH</li></ul>,,,,
UFC13,Variant,,"Protective composite toecap Puncture resistant composite midsole Wide fitting Buffalo grain float oil leather Comfort PU footbed Quarter mesh lined Slip, fuel and oil resistant rubber outsole Heat resistant outsole 100% metal free",https://d11ak7fd9ypfb7.cloudfront.net/styles1100px/UFC13BRR.jpg,,0.0,TRUE,InStock,0.999,,UFC13BRR090,,,,Size,DROP_DOWN,90,Color,DROP_DOWN,Brown,,,,,,,,,,,,,Fit,<p>R</p>,Length,<p>74</p>,Width,<p>38</p>,Height,<p>37</p>,Box Quantity,<p>6</p>,Inner Pack Quantity,<p>1</p>,Country Of Origin,<p>CN</p>,Standards,<ul><li>ASTM F2413-18 EH</li></ul>,,,,
UFC13,Variant,,"Protective composite toecap Puncture resistant composite midsole Wide fitting Buffalo grain float oil leather Comfort PU footbed Quarter mesh lined Slip, fuel and oil resistant rubber outsole Heat resistant outsole 100% metal free",https://d11ak7fd9ypfb7.cloudfront.net/styles1100px/UFC13BRR.jpg,,0.0,TRUE,InStock,0.999,,UFC13BRR095,,,,Size,DROP_DOWN,95,Color,DROP_DOWN,Brown,,,,,,,,,,,,,Fit,<p>R</p>,Length,<p>74</p>,Width,<p>38</p>,Height,<p>37</p>,Box Quantity,<p>6</p>,Inner Pack Quantity,<p>1</p>,Country Of Origin,<p>CN</p>,Standards,<ul><li>ASTM F2413-18 EH</li></ul>,,,,
UFC13,Variant,,"Protective composite toecap Puncture resistant composite midsole Wide fitting Buffalo grain float oil leather Comfort PU footbed Quarter mesh lined Slip, fuel and oil resistant rubber outsole Heat resistant outsole 100% metal free",https://d11ak7fd9ypfb7.cloudfront.net/styles1100px/UFC13BRR.jpg,,0.0,TRUE,InStock,0.999,,UFC13BRR100,,,,Size,DROP_DOWN,100,Color,DROP_DOWN,Brown,,,,,,,,,,,,,Fit,<p>R</p>,Length,<p>74</p>,Width,<p>38</p>,Height,<p>37</p>,Box Quantity,<p>6</p>,Inner Pack Quantity,<p>1</p>,Country Of Origin,<p>CN</p>,Standards,<ul><li>ASTM F2413-18 EH</li></ul>,,,,
UFC13,Variant,,"Protective composite toecap Puncture resistant composite midsole Wide fitting Buffalo grain float oil leather Comfort PU footbed Quarter mesh lined Slip, fuel and oil resistant rubber outsole Heat resistant outsole 100% metal free",https://d11ak7fd9ypfb7.cloudfront.net/styles1100px/UFC13BRR.jpg,,0.0,TRUE,InStock,0.999,,UFC13BRR110,,,,Size,DROP_DOWN,110,Color,DROP_DOWN,Brown,,,,,,,,,,,,,Fit,<p>R</p>,Length,<p>74</p>,Width,<p>38</p>,Height,<p>37</p>,Box Quantity,<p>6</p>,Inner Pack Quantity,<p>1</p>,Country Of Origin,<p>CN</p>,Standards,<ul><li>ASTM F2413-18 EH</li></ul>,,,,
UFC13,Variant,,"Protective composite toecap Puncture resistant composite midsole Wide fitting Buffalo grain float oil leather Comfort PU footbed Quarter mesh lined Slip, fuel and oil resistant rubber outsole Heat resistant outsole 100% metal free",https://d11ak7fd9ypfb7.cloudfront.net/styles1100px/UFC13BRR.jpg,,0.0,TRUE,InStock,0.999,,UFC13BRR115,,,,Size,DROP_DOWN,115,Color,DROP_DOWN,Brown,,,,,,,,,,,,,Fit,<p>R</p>,Length,<p>74</p>,Width,<p>38</p>,Height,<p>37</p>,Box Quantity,<p>6</p>,Inner Pack Quantity,<p>1</p>,Country Of Origin,<p>CN</p>,Standards,<ul><li>ASTM F2413-18 EH</li></ul>,,,,
UFC13,Variant,,"Protective composite toecap Puncture resistant composite midsole Wide fitting Buffalo grain float oil leather Comfort PU footbed Quarter mesh lined Slip, fuel and oil resistant rubber outsole Heat resistant outsole 100% metal free",https://d11ak7fd9ypfb7.cloudfront.net/styles1100px/UFC13BRR.jpg,,0.0,TRUE,InStock,0.999,,UFC13BRR120,,,,Size,DROP_DOWN,120,Color,DROP_DOWN,Brown,,,,,,,,,,,,,Fit,<p>R</p>,Length,<p>74</p>,Width,<p>38</p>,Height,<p>37</p>,Box Quantity,<p>6</p>,Inner Pack Quantity,<p>1</p>,Country Of Origin,<p>CN</p>,Standards,<ul><li>ASTM F2413-18 EH</li></ul>,,,,
UFC13,Variant,,"Protective composite toecap Puncture resistant composite midsole Wide fitting Buffalo grain float oil leather Comfort PU footbed Quarter mesh lined Slip, fuel and oil resistant rubber outsole Heat resistant outsole 100% metal free",https://d11ak7fd9ypfb7.cloudfront.net/styles1100px/UFC13BRR.jpg,,0.0,TRUE,InStock,0.999,,UFC13BRR130,,,,Size,DROP_DOWN,130,Color,DROP_DOWN,Brown,,,,,,,,,,,,,Fit,<p>R</p>,Length,<p>74</p>,Width,<p>38</p>,Height,<p>37</p>,Box Quantity,<p>6</p>,Inner Pack Quantity,<p>1</p>,Country Of Origin,<p>CN</p>,Standards,<ul><li>ASTM F2413-18 EH</li></ul>,,,,
UFC69,Product,UFC69 - Montana Hiker Boot EH,"Protective composite toecap Puncture resistant composite midsole Wide fitting Full grain nubuck leather Comfort PU footbed Quarter mesh lined Slip, fuel and oil resistant rubber outsole Heat resistant outsole",https://d11ak7fd9ypfb7.cloudfront.net/styles1100px/UFC69BRR.jpg,111.5,0.0,TRUE,InStock,1.24,,UFC69BRR060,,,,Size,DROP_DOWN,60;70;75;80;90;100;110;115;120;130;140,Color,DROP_DOWN,Brown,,,,,,,,,,,,,Fit,<p>R</p>,Length,<p>59</p>,Width,<p>44</p>,Height,<p>33</p>,Box Quantity,<p>10</p>,Inner Pack Quantity,<p>1</p>,Country Of Origin,<p>CN</p>,Standards,<ul><li>ASTM F2413-18 EH</li></ul>,,,,
UFC69,Variant,,"Protective composite toecap Puncture resistant composite midsole Wide fitting Full grain nubuck leather Comfort PU footbed Quarter mesh lined Slip, fuel and oil resistant rubber outsole Heat resistant outsole",https://d11ak7fd9ypfb7.cloudfront.net/styles1100px/UFC69BRR.jpg,,0.0,TRUE,InStock,1.24,,UFC69BRR060,,,,Size,DROP_DOWN,60,Color,DROP_DOWN,Brown,,,,,,,,,,,,,Fit,<p>R</p>,Length,<p>59</p>,Width,<p>44</p>,Height,<p>33</p>,Box Quantity,<p>10</p>,Inner Pack Quantity,<p>1</p>,Country Of Origin,<p>CN</p>,Standards,<ul><li>ASTM F2413-18 EH</li></ul>,,,,
UFC69,Variant,,"Protective composite toecap Puncture resistant composite midsole Wide fitting Full grain nubuck leather Comfort PU footbed Quarter mesh lined Slip, fuel and oil resistant rubber outsole Heat resistant outsole",https://d11ak7fd9ypfb7.cloudfront.net/styles1100px/UFC69BRR.jpg,,0.0,TRUE,InStock,1.25,,UFC69BRR070,,,,Size,DROP_DOWN,70,Color,DROP_DOWN,Brown,,,,,,,,,,,,,Fit,<p>R</p>,Length,<p>59</p>,Width,<p>44</p>,Height,<p>33</p>,Box Quantity,<p>10</p>,Inner Pack Quantity,<p>1</p>,Country Of Origin,<p>CN</p>,Standards,<ul><li>ASTM F2413-18 EH</li></ul>,,,,
UFC69,Variant,,"Protective composite toecap Puncture resistant composite midsole Wide fitting Full grain nubuck leather Comfort PU footbed Quarter mesh lined Slip, fuel and oil resistant rubber outsole Heat resistant outsole",https://d11ak7fd9ypfb7.cloudfront.net/styles1100px/UFC69BRR.jpg,,0.0,TRUE,InStock,1.26,,UFC69BRR075,,,,Size,DROP_DOWN,75,Color,DROP_DOWN,Brown,,,,,,,,,,,,,Fit,<p>R</p>,Length,<p>59</p>,Width,<p>44</p>,Height,<p>33</p>,Box Quantity,<p>10</p>,Inner Pack Quantity,<p>1</p>,Country Of Origin,<p>CN</p>,Standards,<ul><li>ASTM F2413-18 EH</li></ul>,,,,
UFC69,Variant,,"Protective composite toecap Puncture resistant composite midsole Wide fitting Full grain nubuck leather Comfort PU footbed Quarter mesh lined Slip, fuel and oil resistant rubber outsole Heat resistant outsole",https://d11ak7fd9ypfb7.cloudfront.net/styles1100px/UFC69BRR.jpg,,0.0,TRUE,InStock,1.3,,UFC69BRR080,,,,Size,DROP_DOWN,80,Color,DROP_DOWN,Brown,,,,,,,,,,,,,Fit,<p>R</p>,Length,<p>59</p>,Width,<p>44</p>,Height,<p>33</p>,Box Quantity,<p>10</p>,Inner Pack Quantity,<p>1</p>,Country Of Origin,<p>CN</p>,Standards,<ul><li>ASTM F2413-18 EH</li></ul>,,,,
UFC69,Variant,,"Protective composite toecap Puncture resistant composite midsole Wide fitting Full grain nubuck leather Comfort PU footbed Quarter mesh lined Slip, fuel and oil resistant rubber outsole Heat resistant outsole",https://d11ak7fd9ypfb7.cloudfront.net/styles1100px/UFC69BRR.jpg,,0.0,TRUE,InStock,1.38,,UFC69BRR090,,,,Size,DROP_DOWN,90,Color,DROP_DOWN,Brown,,,,,,,,,,,,,Fit,<p>R</p>,Length,<p>62</p>,Width,<p>44</p>,Height,<p>36</p>,Box Quantity,<p>10</p>,Inner Pack Quantity,<p>1</p>,Country Of Origin,<p>CN</p>,Standards,<ul><li>ASTM F2413-18 EH</li></ul>,,,,
UFC69,Variant,,"Protective composite toecap Puncture resistant composite midsole Wide fitting Full grain nubuck leather Comfort PU footbed Quarter mesh lined Slip, fuel and oil resistant rubber outsole Heat resistant outsole",https://d11ak7fd9ypfb7.cloudfront.net/styles1100px/UFC69BRR.jpg,,0.0,TRUE,InStock,1.43,,UFC69BRR100,,,,Size,DROP_DOWN,100,Color,DROP_DOWN,Brown,,,,,,,,,,,,,Fit,<p>R</p>,Length,<p>62</p>,Width,<p>44</p>,Height,<p>36</p>,Box Quantity,<p>10</p>,Inner Pack Quantity,<p>1</p>,Country Of Origin,<p>CN</p>,Standards,<ul><li>ASTM F2413-18 EH</li></ul>,,,,
UFC69,Variant,,"Protective composite toecap Puncture resistant composite midsole Wide fitting Full grain nubuck leather Comfort PU footbed Quarter mesh lined Slip, fuel and oil resistant rubber outsole Heat resistant outsole",https://d11ak7fd9ypfb7.cloudfront.net/styles1100px/UFC69BRR.jpg,,0.0,TRUE,InStock,1.49,,UFC69BRR110,,,,Size,DROP_DOWN,110,Color,DROP_DOWN,Brown,,,,,,,,,,,,,Fit,<p>R</p>,Length,<p>62</p>,Width,<p>44</p>,Height,<p>36</p>,Box Quantity,<p>10</p>,Inner Pack Quantity,<p>1</p>,Country Of Origin,<p>CN</p>,Standards,<ul><li>ASTM F2413-18 EH</li></ul>,,,,
UFC69,Variant,,"Protective composite toecap Puncture resistant composite midsole Wide fitting Full grain nubuck leather Comfort PU footbed Quarter mesh lined Slip, fuel and oil resistant rubber outsole Heat resistant outsole",https://d11ak7fd9ypfb7.cloudfront.net/styles1100px/UFC69BRR.jpg,,0.0,TRUE,InStock,1.5,,UFC69BRR115,,,,Size,DROP_DOWN,115,Color,DROP_DOWN,Brown,,,,,,,,,,,,,Fit,<p>R</p>,Length,<p>62</p>,Width,<p>44</p>,Height,<p>36</p>,Box Quantity,<p>10</p>,Inner Pack Quantity,<p>1</p>,Country Of Origin,<p>CN</p>,Standards,<ul><li>ASTM F2413-18 EH</li></ul>,,,,
UFC69,Variant,,"Protective composite toecap Puncture resistant composite midsole Wide fitting Full grain nubuck leather Comfort PU footbed Quarter mesh lined Slip, fuel and oil resistant rubber outsole Heat resistant outsole",https://d11ak7fd9ypfb7.cloudfront.net/styles1100px/UFC69BRR.jpg,,0.0,TRUE,InStock,1.55,,UFC69BRR120,,,,Size,DROP_DOWN,120,Color,DROP_DOWN,Brown,,,,,,,,,,,,,Fit,<p>R</p>,Length,<p>62</p>,Width,<p>44</p>,Height,<p>36</p>,Box Quantity,<p>10</p>,Inner Pack Quantity,<p>1</p>,Country Of Origin,<p>CN</p>,Standards,<ul><li>ASTM F2413-18 EH</li></ul>,,,,
UFC69,Variant,,"Protective composite toecap Puncture resistant composite midsole Wide fitting Full grain nubuck leather Comfort PU footbed Quarter mesh lined Slip, fuel and oil resistant rubber outsole Heat resistant outsole",https://d11ak7fd9ypfb7.cloudfront.net/styles1100px/UFC69BRR.jpg,,0.0,TRUE,InStock,1.6,,UFC69BRR130,,,,Size,DROP_DOWN,130,Color,DROP_DOWN,Brown,,,,,,,,,,,,,Fit,<p>R</p>,Length,<p>62</p>,Width,<p>44</p>,Height,<p>36</p>,Box Quantity,<p>10</p>,Inner Pack Quantity,<p>1</p>,Country Of Origin,<p>CN</p>,Standards,<ul><li>ASTM F2413-18 EH</li></ul>,,,,
UFC69,Variant,,"Protective composite toecap Puncture resistant composite midsole Wide fitting Full grain nubuck leather Comfort PU footbed Quarter mesh lined Slip, fuel and oil resistant rubber outsole Heat resistant outsole",https://d11ak7fd9ypfb7.cloudfront.net/styles1100px/UFC69BRR.jpg,,0.0,TRUE,InStock,1.64,,UFC69BRR140,,,,Size,DROP_DOWN,140,Color,DROP_DOWN,Brown,,,,,,,,,,,,,Fit,<p>R</p>,Length,<p>62</p>,Width,<p>44</p>,Height,<p>36</p>,Box Quantity,<p>10</p>,Inner Pack Quantity,<p>1</p>,Country Of Origin,<p>CN</p>,Standards,<ul><li>ASTM F2413-18 EH</li></ul>,,,,
UFR21,Product,UFR21 - Super Light Weight FR Antistatic Coverall,This coverall is perfect for the extra warm weather demands of the offshore industry. Constructed with a lighter weight highly innovative flame-resistant twill fabric.,https://d11ak7fd9ypfb7.cloudfront.net/styles1100px/UFR21NAR.jpg,107.8,0.0,TRUE,InStock,1.38,,UFR21NAR4XL,,,,Size,DROP_DOWN,S;M;L;XL;XXL;XXXL;4XL,Color,DROP_DOWN,Navy;Orange,,,,,,,,,,,,,Fit,<p>R</p>,Length,<p>43</p>,Width,<p>28</p>,Height,<p>58</p>,Box Quantity,<p>18</p>,Inner Pack Quantity,<p>1</p>,Country Of Origin,<p>BD</p>,Standards,<ul><li>ASTM F1506-10a</li><li>NFPA® 70E</li><li>ASTM F1959/F1959M-12   ATPV 8.2 CAL/CM<sup>2</sup> (HAF 75.5%)</li></ul>,,,,
UFR21,Variant,,This coverall is perfect for the extra warm weather demands of the offshore industry. Constructed with a lighter weight highly innovative flame-resistant twill fabric.,https://d11ak7fd9ypfb7.cloudfront.net/styles1100px/UFR21NAR.jpg,,0.0,TRUE,InStock,1.38,,UFR21NAR4XL,,,,Size,DROP_DOWN,4XL,Color,DROP_DOWN,Navy,,,,,,,,,,,,,Fit,<p>R</p>,Length,<p>43</p>,Width,<p>28</p>,Height,<p>58</p>,Box Quantity,<p>18</p>,Inner Pack Quantity,<p>1</p>,Country Of Origin,<p>BD</p>,Standards,<ul><li>ASTM F1506-10a</li><li>NFPA® 70E</li><li>ASTM F1959/F1959M-12   ATPV 8.2 CAL/CM<sup>2</sup> (HAF 75.5%)</li></ul>,,,,
UFR21,Variant,,This coverall is perfect for the extra warm weather demands of the offshore industry. Constructed with a lighter weight highly innovative flame-resistant twill fabric.,https://d11ak7fd9ypfb7.cloudfront.net/styles1100px/UFR21NAR.jpg,,0.0,TRUE,InStock,1.28,,UFR21NARL,,,,Size,DROP_DOWN,L,Color,DROP_DOWN,Navy,,,,,,,,,,,,,Fit,<p>R</p>,Length,<p>43</p>,Width,<p>28</p>,Height,<p>58</p>,Box Quantity,<p>18</p>,Inner Pack Quantity,<p>1</p>,Country Of Origin,<p>BD</p>,Standards,<ul><li>ASTM F1506-10a</li><li>NFPA® 70E</li><li>ASTM F1959/F1959M-12   ATPV 8.2 CAL/CM<sup>2</sup> (HAF 75.5%)</li></ul>,,,,
UFR21,Variant,,This coverall is perfect for the extra warm weather demands of the offshore industry. Constructed with a lighter weight highly innovative flame-resistant twill fabric.,https://d11ak7fd9ypfb7.cloudfront.net/styles1100px/UFR21NAR.jpg,,0.0,TRUE,InStock,1.25,,UFR21NARM,,,,Size,DROP_DOWN,M,Color,DROP_DOWN,Navy,,,,,,,,,,,,,Fit,<p>R</p>,Length,<p>43</p>,Width,<p>28</p>,Height,<p>58</p>,Box Quantity,<p>18</p>,Inner Pack Quantity,<p>1</p>,Country Of Origin,<p>BD</p>,Standards,<ul><li>ASTM F1506-10a</li><li>NFPA® 70E</li><li>ASTM F1959/F1959M-12   ATPV 8.2 CAL/CM<sup>2</sup> (HAF 75.5%)</li></ul>,,,,
UFR21,Variant,,This coverall is perfect for the extra warm weather demands of the offshore industry. Constructed with a lighter weight highly innovative flame-resistant twill fabric.,https://d11ak7fd9ypfb7.cloudfront.net/styles1100px/UFR21NAR.jpg,,0.0,TRUE,InStock,1.22,,UFR21NARS,,,,Size,DROP_DOWN,S,Color,DROP_DOWN,Navy,,,,,,,,,,,,,Fit,<p>R</p>,Length,<p>43</p>,Width,<p>28</p>,Height,<p>58</p>,Box Quantity,<p>18</p>,Inner Pack Quantity,<p>1</p>,Country Of Origin,<p>BD</p>,Standards,<ul><li>ASTM F1506-10a</li><li>NFPA® 70E</li><li>ASTM F1959/F1959M-12   ATPV 8.2 CAL/CM<sup>2</sup> (HAF 75.5%)</li></ul>,,,,
UFR21,Variant,,This coverall is perfect for the extra warm weather demands of the offshore industry. Constructed with a lighter weight highly innovative flame-resistant twill fabric.,https://d11ak7fd9ypfb7.cloudfront.net/styles1100px/UFR21NAR.jpg,,0.0,TRUE,InStock,1.31,,UFR21NARXL,,,,Size,DROP_DOWN,XL,Color,DROP_DOWN,Navy,,,,,,,,,,,,,Fit,<p>R</p>,Length,<p>43</p>,Width,<p>28</p>,Height,<p>58</p>,Box Quantity,<p>18</p>,Inner Pack Quantity,<p>1</p>,Country Of Origin,<p>BD</p>,Standards,<ul><li>ASTM F1506-10a</li><li>NFPA® 70E</li><li>ASTM F1959/F1959M-12   ATPV 8.2 CAL/CM<sup>2</sup> (HAF 75.5%)</li></ul>,,,,
UFR21,Variant,,This coverall is perfect for the extra warm weather demands of the offshore industry. Constructed with a lighter weight highly innovative flame-resistant twill fabric.,https://d11ak7fd9ypfb7.cloudfront.net/styles1100px/UFR21NAR.jpg,,0.0,TRUE,InStock,1.33,,UFR21NARXXL,,,,Size,DROP_DOWN,XXL,Color,DROP_DOWN,Navy,,,,,,,,,,,,,Fit,<p>R</p>,Length,<p>43</p>,Width,<p>28</p>,Height,<p>58</p>,Box Quantity,<p>18</p>,Inner Pack Quantity,<p>1</p>,Country Of Origin,<p>BD</p>,Standards,<ul><li>ASTM F1506-10a</li><li>NFPA® 70E</li><li>ASTM F1959/F1959M-12   ATPV 8.2 CAL/CM<sup>2</sup> (HAF 75.5%)</li></ul>,,,,
UFR21,Variant,,This coverall is perfect for the extra warm weather demands of the offshore industry. Constructed with a lighter weight highly innovative flame-resistant twill fabric.,https://d11ak7fd9ypfb7.cloudfront.net/styles1100px/UFR21NAR.jpg,,0.0,TRUE,InStock,1.35,,UFR21NARXXXL,,,,Size,DROP_DOWN,XXXL,Color,DROP_DOWN,Navy,,,,,,,,,,,,,Fit,<p>R</p>,Length,<p>43</p>,Width,<p>28</p>,Height,<p>58</p>,Box Quantity,<p>18</p>,Inner Pack Quantity,<p>1</p>,Country Of Origin,<p>BD</p>,Standards,<ul><li>ASTM F1506-10a</li><li>NFPA® 70E</li><li>ASTM F1959/F1959M-12   ATPV 8.2 CAL/CM<sup>2</sup> (HAF 75.5%)</li></ul>,,,,
UFR21,Variant,,This coverall is perfect for the extra warm weather demands of the offshore industry. Constructed with a lighter weight highly innovative flame-resistant twill fabric.,https://d11ak7fd9ypfb7.cloudfront.net/styles1100px/UFR21ORR.jpg,,0.0,TRUE,InStock,1.28,,UFR21ORRL,,,,Size,DROP_DOWN,L,Color,DROP_DOWN,Orange,,,,,,,,,,,,,Fit,<p>R</p>,Length,<p>43</p>,Width,<p>28</p>,Height,<p>58</p>,Box Quantity,<p>18</p>,Inner Pack Quantity,<p>1</p>,Country Of Origin,<p>BD</p>,Standards,<ul><li>ASTM F1506-10a</li><li>NFPA® 70E</li><li>ASTM F1959/F1959M-12   ATPV 8.2 CAL/CM<sup>2</sup> (HAF 75.5%)</li></ul>,,,,
UFR21,Variant,,This coverall is perfect for the extra warm weather demands of the offshore industry. Constructed with a lighter weight highly innovative flame-resistant twill fabric.,https://d11ak7fd9ypfb7.cloudfront.net/styles1100px/UFR21ORR.jpg,,0.0,TRUE,InStock,1.25,,UFR21ORRM,,,,Size,DROP_DOWN,M,Color,DROP_DOWN,Orange,,,,,,,,,,,,,Fit,<p>R</p>,Length,<p>43</p>,Width,<p>28</p>,Height,<p>58</p>,Box Quantity,<p>18</p>,Inner Pack Quantity,<p>1</p>,Country Of Origin,<p>BD</p>,Standards,<ul><li>ASTM F1506-10a</li><li>NFPA® 70E</li><li>ASTM F1959/F1959M-12   ATPV 8.2 CAL/CM<sup>2</sup> (HAF 75.5%)</li></ul>,,,,
UFR21,Variant,,This coverall is perfect for the extra warm weather demands of the offshore industry. Constructed with a lighter weight highly innovative flame-resistant twill fabric.,https://d11ak7fd9ypfb7.cloudfront.net/styles1100px/UFR21ORR.jpg,,0.0,TRUE,InStock,1.31,,UFR21ORRXL,,,,Size,DROP_DOWN,XL,Color,DROP_DOWN,Orange,,,,,,,,,,,,,Fit,<p>R</p>,Length,<p>43</p>,Width,<p>28</p>,Height,<p>58</p>,Box Quantity,<p>18</p>,Inner Pack Quantity,<p>1</p>,Country Of Origin,<p>BD</p>,Standards,<ul><li>ASTM F1506-10a</li><li>NFPA® 70E</li><li>ASTM F1959/F1959M-12   ATPV 8.2 CAL/CM<sup>2</sup> (HAF 75.5%)</li></ul>,,,,
UFR21,Variant,,This coverall is perfect for the extra warm weather demands of the offshore industry. Constructed with a lighter weight highly innovative flame-resistant twill fabric.,https://d11ak7fd9ypfb7.cloudfront.net/styles1100px/UFR21ORR.jpg,,0.0,TRUE,InStock,1.33,,UFR21ORRXXL,,,,Size,DROP_DOWN,XXL,Color,DROP_DOWN,Orange,,,,,,,,,,,,,Fit,<p>R</p>,Length,<p>43</p>,Width,<p>28</p>,Height,<p>58</p>,Box Quantity,<p>18</p>,Inner Pack Quantity,<p>1</p>,Country Of Origin,<p>BD</p>,Standards,<ul><li>ASTM F1506-10a</li><li>NFPA® 70E</li><li>ASTM F1959/F1959M-12   ATPV 8.2 CAL/CM<sup>2</sup> (HAF 75.5%)</li></ul>,,,,
UFR21,Variant,,This coverall is perfect for the extra warm weather demands of the offshore industry. Constructed with a lighter weight highly innovative flame-resistant twill fabric.,https://d11ak7fd9ypfb7.cloudfront.net/styles1100px/UFR21ORR.jpg,,0.0,TRUE,InStock,1.35,,UFR21ORRXXXL,,,,Size,DROP_DOWN,XXXL,Color,DROP_DOWN,Orange,,,,,,,,,,,,,Fit,<p>R</p>,Length,<p>43</p>,Width,<p>28</p>,Height,<p>58</p>,Box Quantity,<p>18</p>,Inner Pack Quantity,<p>1</p>,Country Of Origin,<p>BD</p>,Standards,<ul><li>ASTM F1506-10a</li><li>NFPA® 70E</li><li>ASTM F1959/F1959M-12   ATPV 8.2 CAL/CM<sup>2</sup> (HAF 75.5%)</li></ul>,,,,
UFR23,Product,UFR23 - NFPA 2112 Woven Vest,"This vest features 2"" wide silver reflective strips, one around the body and one over each shoulder in a 'H' configuration. Lightweight and comfortable, this NFPA certified vest is perfect for working in warm temperatures worn over other ARC rated clothing.",https://d11ak7fd9ypfb7.cloudfront.net/styles1100px/UFR23YER.jpg,71.5,0.0,TRUE,InStock,0.999,,UFR23YER4XL,,,,Size,DROP_DOWN,M;L;XL;XXL;XXXL;4XL;5XL,Color,DROP_DOWN,Yellow,,,,,,,,,,,,,Fit,<p>R</p>,Length,<p>50</p>,Width,<p>38</p>,Height,<p>45</p>,Box Quantity,<p>60</p>,Inner Pack Quantity,<p>1</p>,Country Of Origin,<p>CN</p>,Standards,<ul><li>ANSI/ISEA 107 TYPE R CLASS 2</li><li>NFPA® 2112</li><li>NFPA® 70E</li><li>ASTM F1506-10a</li><li>ASTM F1959/F1959M-12   ATPV 9 CAL/CM2 (HAF 75.6%)</li></ul>,,,,
UFR23,Variant,,"This vest features 2"" wide silver reflective strips, one around the body and one over each shoulder in a 'H' configuration. Lightweight and comfortable, this NFPA certified vest is perfect for working in warm temperatures worn over other ARC rated clothing.",https://d11ak7fd9ypfb7.cloudfront.net/styles1100px/UFR23YER.jpg,,0.0,TRUE,InStock,0.999,,UFR23YER4XL,,,,Size,DROP_DOWN,4XL,Color,DROP_DOWN,Yellow,,,,,,,,,,,,,Fit,<p>R</p>,Length,<p>50</p>,Width,<p>38</p>,Height,<p>45</p>,Box Quantity,<p>60</p>,Inner Pack Quantity,<p>1</p>,Country Of Origin,<p>CN</p>,Standards,<ul><li>ANSI/ISEA 107 TYPE R CLASS 2</li><li>NFPA® 2112</li><li>NFPA® 70E</li><li>ASTM F1506-10a</li><li>ASTM F1959/F1959M-12   ATPV 9 CAL/CM2 (HAF 75.6%)</li></ul>,,,,
UFR23,Variant,,"This vest features 2"" wide silver reflective strips, one around the body and one over each shoulder in a 'H' configuration. Lightweight and comfortable, this NFPA certified vest is perfect for working in warm temperatures worn over other ARC rated clothing.",https://d11ak7fd9ypfb7.cloudfront.net/styles1100px/UFR23YER.jpg,,0.0,TRUE,InStock,0.999,,UFR23YER5XL,,,,Size,DROP_DOWN,5XL,Color,DROP_DOWN,Yellow,,,,,,,,,,,,,Fit,<p>R</p>,Length,<p>50</p>,Width,<p>38</p>,Height,<p>45</p>,Box Quantity,<p>60</p>,Inner Pack Quantity,<p>1</p>,Country Of Origin,<p>CN</p>,Standards,<ul><li>ANSI/ISEA 107 TYPE R CLASS 2</li><li>NFPA® 2112</li><li>NFPA® 70E</li><li>ASTM F1506-10a</li><li>ASTM F1959/F1959M-12   ATPV 9 CAL/CM2 (HAF 75.6%)</li></ul>,,,,
UFR23,Variant,,"This vest features 2"" wide silver reflective strips, one around the body and one over each shoulder in a 'H' configuration. Lightweight and comfortable, this NFPA certified vest is perfect for working in warm temperatures worn over other ARC rated clothing.",https://d11ak7fd9ypfb7.cloudfront.net/styles1100px/UFR23YER.jpg,,0.0,TRUE,InStock,0.999,,UFR23YERL,,,,Size,DROP_DOWN,L,Color,DROP_DOWN,Yellow,,,,,,,,,,,,,Fit,<p>R</p>,Length,<p>50</p>,Width,<p>38</p>,Height,<p>45</p>,Box Quantity,<p>60</p>,Inner Pack Quantity,<p>1</p>,Country Of Origin,<p>CN</p>,Standards,<ul><li>ANSI/ISEA 107 TYPE R CLASS 2</li><li>NFPA® 2112</li><li>NFPA® 70E</li><li>ASTM F1506-10a</li><li>ASTM F1959/F1959M-12   ATPV 9 CAL/CM2 (HAF 75.6%)</li></ul>,,,,
UFR23,Variant,,"This vest features 2"" wide silver reflective strips, one around the body and one over each shoulder in a 'H' configuration. Lightweight and comfortable, this NFPA certified vest is perfect for working in warm temperatures worn over other ARC rated clothing.",https://d11ak7fd9ypfb7.cloudfront.net/styles1100px/UFR23YER.jpg,,0.0,TRUE,InStock,0.999,,UFR23YERM,,,,Size,DROP_DOWN,M,Color,DROP_DOWN,Yellow,,,,,,,,,,,,,Fit,<p>R</p>,Length,<p>50</p>,Width,<p>38</p>,Height,<p>45</p>,Box Quantity,<p>60</p>,Inner Pack Quantity,<p>1</p>,Country Of Origin,<p>CN</p>,Standards,<ul><li>ANSI/ISEA 107 TYPE R CLASS 2</li><li>NFPA® 2112</li><li>NFPA® 70E</li><li>ASTM F1506-10a</li><li>ASTM F1959/F1959M-12   ATPV 9 CAL/CM2 (HAF 75.6%)</li></ul>,,,,
UFR23,Variant,,"This vest features 2"" wide silver reflective strips, one around the body and one over each shoulder in a 'H' configuration. Lightweight and comfortable, this NFPA certified vest is perfect for working in warm temperatures worn over other ARC rated clothing.",https://d11ak7fd9ypfb7.cloudfront.net/styles1100px/UFR23YER.jpg,,0.0,TRUE,InStock,0.999,,UFR23YERXL,,,,Size,DROP_DOWN,XL,Color,DROP_DOWN,Yellow,,,,,,,,,,,,,Fit,<p>R</p>,Length,<p>50</p>,Width,<p>38</p>,Height,<p>45</p>,Box Quantity,<p>60</p>,Inner Pack Quantity,<p>1</p>,Country Of Origin,<p>CN</p>,Standards,<ul><li>ANSI/ISEA 107 TYPE R CLASS 2</li><li>NFPA® 2112</li><li>NFPA® 70E</li><li>ASTM F1506-10a</li><li>ASTM F1959/F1959M-12   ATPV 9 CAL/CM2 (HAF 75.6%)</li></ul>,,,,
UFR23,Variant,,"This vest features 2"" wide silver reflective strips, one around the body and one over each shoulder in a 'H' configuration. Lightweight and comfortable, this NFPA certified vest is perfect for working in warm temperatures worn over other ARC rated clothing.",https://d11ak7fd9ypfb7.cloudfront.net/styles1100px/UFR23YER.jpg,,0.0,TRUE,InStock,0.999,,UFR23YERXXL,,,,Size,DROP_DOWN,XXL,Color,DROP_DOWN,Yellow,,,,,,,,,,,,,Fit,<p>R</p>,Length,<p>50</p>,Width,<p>38</p>,Height,<p>45</p>,Box Quantity,<p>60</p>,Inner Pack Quantity,<p>1</p>,Country Of Origin,<p>CN</p>,Standards,<ul><li>ANSI/ISEA 107 TYPE R CLASS 2</li><li>NFPA® 2112</li><li>NFPA® 70E</li><li>ASTM F1506-10a</li><li>ASTM F1959/F1959M-12   ATPV 9 CAL/CM2 (HAF 75.6%)</li></ul>,,,,
UFR23,Variant,,"This vest features 2"" wide silver reflective strips, one around the body and one over each shoulder in a 'H' configuration. Lightweight and comfortable, this NFPA certified vest is perfect for working in warm temperatures worn over other ARC rated clothing.",https://d11ak7fd9ypfb7.cloudfront.net/styles1100px/UFR23YER.jpg,,0.0,TRUE,InStock,0.999,,UFR23YERXXXL,,,,Size,DROP_DOWN,XXXL,Color,DROP_DOWN,Yellow,,,,,,,,,,,,,Fit,<p>R</p>,Length,<p>50</p>,Width,<p>38</p>,Height,<p>45</p>,Box Quantity,<p>60</p>,Inner Pack Quantity,<p>1</p>,Country Of Origin,<p>CN</p>,Standards,<ul><li>ANSI/ISEA 107 TYPE R CLASS 2</li><li>NFPA® 2112</li><li>NFPA® 70E</li><li>ASTM F1506-10a</li><li>ASTM F1959/F1959M-12   ATPV 9 CAL/CM2 (HAF 75.6%)</li></ul>,,,,
UFR24,Product,UFR24 - Class 3 FR Mesh Vest,"Portwest Class 3 FR safety vest offers not only the Arc flash protection properties required by ASTM F1506, but also the certified background and reflective material properties required by ANSI 107. This vest is designed for workers who may potentially be exposed to momentary electrical arc and related thermal hazards.",https://d11ak7fd9ypfb7.cloudfront.net/styles1100px/UFR24YER.jpg,74.4,0.0,TRUE,InStock,0.999,,UFR24YER4XL,,,,Size,DROP_DOWN,M;L;XL;XXL;XXXL;4XL;5XL,Color,DROP_DOWN,Yellow,,,,,,,,,,,,,Fit,<p>R</p>,Length,<p>55</p>,Width,<p>36</p>,Height,<p>60</p>,Box Quantity,<p>48</p>,Inner Pack Quantity,<p>1</p>,Country Of Origin,<p>CN</p>,Standards,<ul><li>ASTM F1506-10a</li><li>ANSI/ISEA 107 TYPE R CLASS 3</li><li>NFPA® 70E</li><li>ASTM F1959/F1959M-12   ATPV 5.1 CAL/CM2 (HAF 69%)</li></ul>,,,,
UFR24,Variant,,"Portwest Class 3 FR safety vest offers not only the Arc flash protection properties required by ASTM F1506, but also the certified background and reflective material properties required by ANSI 107. This vest is designed for workers who may potentially be exposed to momentary electrical arc and related thermal hazards.",https://d11ak7fd9ypfb7.cloudfront.net/styles1100px/UFR24YER.jpg,,0.0,TRUE,InStock,0.999,,UFR24YER4XL,,,,Size,DROP_DOWN,4XL,Color,DROP_DOWN,Yellow,,,,,,,,,,,,,Fit,<p>R</p>,Length,<p>55</p>,Width,<p>36</p>,Height,<p>60</p>,Box Quantity,<p>48</p>,Inner Pack Quantity,<p>1</p>,Country Of Origin,<p>CN</p>,Standards,<ul><li>ASTM F1506-10a</li><li>ANSI/ISEA 107 TYPE R CLASS 3</li><li>NFPA® 70E</li><li>ASTM F1959/F1959M-12   ATPV 5.1 CAL/CM2 (HAF 69%)</li></ul>,,,,
UFR24,Variant,,"Portwest Class 3 FR safety vest offers not only the Arc flash protection properties required by ASTM F1506, but also the certified background and reflective material properties required by ANSI 107. This vest is designed for workers who may potentially be exposed to momentary electrical arc and related thermal hazards.",https://d11ak7fd9ypfb7.cloudfront.net/styles1100px/UFR24YER.jpg,,0.0,TRUE,InStock,0.999,,UFR24YER5XL,,,,Size,DROP_DOWN,5XL,Color,DROP_DOWN,Yellow,,,,,,,,,,,,,Fit,<p>R</p>,Length,<p>55</p>,Width,<p>36</p>,Height,<p>60</p>,Box Quantity,<p>48</p>,Inner Pack Quantity,<p>1</p>,Country Of Origin,<p>CN</p>,Standards,<ul><li>ASTM F1506-10a</li><li>ANSI/ISEA 107 TYPE R CLASS 3</li><li>NFPA® 70E</li><li>ASTM F1959/F1959M-12   ATPV 5.1 CAL/CM2 (HAF 69%)</li></ul>,,,,
UFR24,Variant,,"Portwest Class 3 FR safety vest offers not only the Arc flash protection properties required by ASTM F1506, but also the certified background and reflective material properties required by ANSI 107. This vest is designed for workers who may potentially be exposed to momentary electrical arc and related thermal hazards.",https://d11ak7fd9ypfb7.cloudfront.net/styles1100px/UFR24YER.jpg,,0.0,TRUE,InStock,0.999,,UFR24YERL,,,,Size,DROP_DOWN,L,Color,DROP_DOWN,Yellow,,,,,,,,,,,,,Fit,<p>R</p>,Length,<p>55</p>,Width,<p>36</p>,Height,<p>60</p>,Box Quantity,<p>48</p>,Inner Pack Quantity,<p>1</p>,Country Of Origin,<p>CN</p>,Standards,<ul><li>ASTM F1506-10a</li><li>ANSI/ISEA 107 TYPE R CLASS 3</li><li>NFPA® 70E</li><li>ASTM F1959/F1959M-12   ATPV 5.1 CAL/CM2 (HAF 69%)</li></ul>,,,,
UFR24,Variant,,"Portwest Class 3 FR safety vest offers not only the Arc flash protection properties required by ASTM F1506, but also the certified background and reflective material properties required by ANSI 107. This vest is designed for workers who may potentially be exposed to momentary electrical arc and related thermal hazards.",https://d11ak7fd9ypfb7.cloudfront.net/styles1100px/UFR24YER.jpg,,0.0,TRUE,InStock,0.999,,UFR24YERM,,,,Size,DROP_DOWN,M,Color,DROP_DOWN,Yellow,,,,,,,,,,,,,Fit,<p>R</p>,Length,<p>55</p>,Width,<p>36</p>,Height,<p>60</p>,Box Quantity,<p>48</p>,Inner Pack Quantity,<p>1</p>,Country Of Origin,<p>CN</p>,Standards,<ul><li>ASTM F1506-10a</li><li>ANSI/ISEA 107 TYPE R CLASS 3</li><li>NFPA® 70E</li><li>ASTM F1959/F1959M-12   ATPV 5.1 CAL/CM2 (HAF 69%)</li></ul>,,,,
UFR24,Variant,,"Portwest Class 3 FR safety vest offers not only the Arc flash protection properties required by ASTM F1506, but also the certified background and reflective material properties required by ANSI 107. This vest is designed for workers who may potentially be exposed to momentary electrical arc and related thermal hazards.",https://d11ak7fd9ypfb7.cloudfront.net/styles1100px/UFR24YER.jpg,,0.0,TRUE,InStock,0.999,,UFR24YERXL,,,,Size,DROP_DOWN,XL,Color,DROP_DOWN,Yellow,,,,,,,,,,,,,Fit,<p>R</p>,Length,<p>55</p>,Width,<p>36</p>,Height,<p>60</p>,Box Quantity,<p>48</p>,Inner Pack Quantity,<p>1</p>,Country Of Origin,<p>CN</p>,Standards,<ul><li>ASTM F1506-10a</li><li>ANSI/ISEA 107 TYPE R CLASS 3</li><li>NFPA® 70E</li><li>ASTM F1959/F1959M-12   ATPV 5.1 CAL/CM2 (HAF 69%)</li></ul>,,,,
UFR24,Variant,,"Portwest Class 3 FR safety vest offers not only the Arc flash protection properties required by ASTM F1506, but also the certified background and reflective material properties required by ANSI 107. This vest is designed for workers who may potentially be exposed to momentary electrical arc and related thermal hazards.",https://d11ak7fd9ypfb7.cloudfront.net/styles1100px/UFR24YER.jpg,,0.0,TRUE,InStock,0.999,,UFR24YERXXL,,,,Size,DROP_DOWN,XXL,Color,DROP_DOWN,Yellow,,,,,,,,,,,,,Fit,<p>R</p>,Length,<p>55</p>,Width,<p>36</p>,Height,<p>60</p>,Box Quantity,<p>48</p>,Inner Pack Quantity,<p>1</p>,Country Of Origin,<p>CN</p>,Standards,<ul><li>ASTM F1506-10a</li><li>ANSI/ISEA 107 TYPE R CLASS 3</li><li>NFPA® 70E</li><li>ASTM F1959/F1959M-12   ATPV 5.1 CAL/CM2 (HAF 69%)</li></ul>,,,,
UFR24,Variant,,"Portwest Class 3 FR safety vest offers not only the Arc flash protection properties required by ASTM F1506, but also the certified background and reflective material properties required by ANSI 107. This vest is designed for workers who may potentially be exposed to momentary electrical arc and related thermal hazards.",https://d11ak7fd9ypfb7.cloudfront.net/styles1100px/UFR24YER.jpg,,0.0,TRUE,InStock,0.999,,UFR24YERXXXL,,,,Size,DROP_DOWN,XXXL,Color,DROP_DOWN,Yellow,,,,,,,,,,,,,Fit,<p>R</p>,Length,<p>55</p>,Width,<p>36</p>,Height,<p>60</p>,Box Quantity,<p>48</p>,Inner Pack Quantity,<p>1</p>,Country Of Origin,<p>CN</p>,Standards,<ul><li>ASTM F1506-10a</li><li>ANSI/ISEA 107 TYPE R CLASS 3</li><li>NFPA® 70E</li><li>ASTM F1959/F1959M-12   ATPV 5.1 CAL/CM2 (HAF 69%)</li></ul>,,,,
UFR48,Product,UFR48 - FR Duck Quilt Lined Jacket,"Made from FR duck fabric with a light FR quilted lining, this jacket brings both style and warmth to your work wear. Compliant to NFPA 70E with a protection level of CAT 4, it offers protection from both electric arc hazards as well as cooler temperatures, ensuring the wearer stay safe, warm and compliant.",https://d11ak7fd9ypfb7.cloudfront.net/styles1100px/UFR48BRR.jpg,154.5,0.0,TRUE,InStock,0.999,,UFR48BRR4XL,,,,Size,DROP_DOWN,S;M;L;XL;XXL;XXXL;4XL;5XL,Color,DROP_DOWN,Brown,,,,,,,,,,,,,Fit,<p>R</p>,Length,<p>65</p>,Width,<p>45</p>,Height,<p>33</p>,Box Quantity,<p>10</p>,Inner Pack Quantity,<p>1</p>,Country Of Origin,<p>CN</p>,Standards,<ul><li>NFPA® 2112</li><li>NFPA® 70E</li><li>ASTM F1506-10a    None</li><li>ASTM F1959/F1959M-14e1   ATPV 45 CAL/CM2 (HAF 94.2%)</li></ul>,,,,
UFR48,Variant,,"Made from FR duck fabric with a light FR quilted lining, this jacket brings both style and warmth to your work wear. Compliant to NFPA 70E with a protection level of CAT 4, it offers protection from both electric arc hazards as well as cooler temperatures, ensuring the wearer stay safe, warm and compliant.",https://d11ak7fd9ypfb7.cloudfront.net/styles1100px/UFR48BRR.jpg,,0.0,TRUE,InStock,0.999,,UFR48BRR4XL,,,,Size,DROP_DOWN,4XL,Color,DROP_DOWN,Brown,,,,,,,,,,,,,Fit,<p>R</p>,Length,<p>65</p>,Width,<p>45</p>,Height,<p>33</p>,Box Quantity,<p>10</p>,Inner Pack Quantity,<p>1</p>,Country Of Origin,<p>CN</p>,Standards,<ul><li>NFPA® 2112</li><li>NFPA® 70E</li><li>ASTM F1506-10a    None</li><li>ASTM F1959/F1959M-14e1   ATPV 45 CAL/CM2 (HAF 94.2%)</li></ul>,,,,
UFR48,Variant,,"Made from FR duck fabric with a light FR quilted lining, this jacket brings both style and warmth to your work wear. Compliant to NFPA 70E with a protection level of CAT 4, it offers protection from both electric arc hazards as well as cooler temperatures, ensuring the wearer stay safe, warm and compliant.",https://d11ak7fd9ypfb7.cloudfront.net/styles1100px/UFR48BRR.jpg,,0.0,TRUE,InStock,0.999,,UFR48BRR5XL,,,,Size,DROP_DOWN,5XL,Color,DROP_DOWN,Brown,,,,,,,,,,,,,Fit,<p>R</p>,Length,<p>65</p>,Width,<p>45</p>,Height,<p>33</p>,Box Quantity,<p>10</p>,Inner Pack Quantity,<p>1</p>,Country Of Origin,<p>CN</p>,Standards,<ul><li>NFPA® 2112</li><li>NFPA® 70E</li><li>ASTM F1506-10a    None</li><li>ASTM F1959/F1959M-14e1   ATPV 45 CAL/CM2 (HAF 94.2%)</li></ul>,,,,
UFR48,Variant,,"Made from FR duck fabric with a light FR quilted lining, this jacket brings both style and warmth to your work wear. Compliant to NFPA 70E with a protection level of CAT 4, it offers protection from both electric arc hazards as well as cooler temperatures, ensuring the wearer stay safe, warm and compliant.",https://d11ak7fd9ypfb7.cloudfront.net/styles1100px/UFR48BRR.jpg,,0.0,TRUE,InStock,0.999,,UFR48BRRL,,,,Size,DROP_DOWN,L,Color,DROP_DOWN,Brown,,,,,,,,,,,,,Fit,<p>R</p>,Length,<p>65</p>,Width,<p>45</p>,Height,<p>33</p>,Box Quantity,<p>10</p>,Inner Pack Quantity,<p>1</p>,Country Of Origin,<p>CN</p>,Standards,<ul><li>NFPA® 2112</li><li>NFPA® 70E</li><li>ASTM F1506-10a    None</li><li>ASTM F1959/F1959M-14e1   ATPV 45 CAL/CM2 (HAF 94.2%)</li></ul>,,,,
UFR48,Variant,,"Made from FR duck fabric with a light FR quilted lining, this jacket brings both style and warmth to your work wear. Compliant to NFPA 70E with a protection level of CAT 4, it offers protection from both electric arc hazards as well as cooler temperatures, ensuring the wearer stay safe, warm and compliant.",https://d11ak7fd9ypfb7.cloudfront.net/styles1100px/UFR48BRR.jpg,,0.0,TRUE,InStock,0.999,,UFR48BRRM,,,,Size,DROP_DOWN,M,Color,DROP_DOWN,Brown,,,,,,,,,,,,,Fit,<p>R</p>,Length,<p>65</p>,Width,<p>45</p>,Height,<p>33</p>,Box Quantity,<p>10</p>,Inner Pack Quantity,<p>1</p>,Country Of Origin,<p>CN</p>,Standards,<ul><li>NFPA® 2112</li><li>NFPA® 70E</li><li>ASTM F1506-10a    None</li><li>ASTM F1959/F1959M-14e1   ATPV 45 CAL/CM2 (HAF 94.2%)</li></ul>,,,,
UFR48,Variant,,"Made from FR duck fabric with a light FR quilted lining, this jacket brings both style and warmth to your work wear. Compliant to NFPA 70E with a protection level of CAT 4, it offers protection from both electric arc hazards as well as cooler temperatures, ensuring the wearer stay safe, warm and compliant.",https://d11ak7fd9ypfb7.cloudfront.net/styles1100px/UFR48BRR.jpg,,0.0,TRUE,InStock,0.999,,UFR48BRRS,,,,Size,DROP_DOWN,S,Color,DROP_DOWN,Brown,,,,,,,,,,,,,Fit,<p>R</p>,Length,<p>65</p>,Width,<p>45</p>,Height,<p>33</p>,Box Quantity,<p>10</p>,Inner Pack Quantity,<p>1</p>,Country Of Origin,<p>CN</p>,Standards,<ul><li>NFPA® 2112</li><li>NFPA® 70E</li><li>ASTM F1506-10a    None</li><li>ASTM F1959/F1959M-14e1   ATPV 45 CAL/CM2 (HAF 94.2%)</li></ul>,,,,
UFR48,Variant,,"Made from FR duck fabric with a light FR quilted lining, this jacket brings both style and warmth to your work wear. Compliant to NFPA 70E with a protection level of CAT 4, it offers protection from both electric arc hazards as well as cooler temperatures, ensuring the wearer stay safe, warm and compliant.",https://d11ak7fd9ypfb7.cloudfront.net/styles1100px/UFR48BRR.jpg,,0.0,TRUE,InStock,0.999,,UFR48BRRXL,,,,Size,DROP_DOWN,XL,Color,DROP_DOWN,Brown,,,,,,,,,,,,,Fit,<p>R</p>,Length,<p>65</p>,Width,<p>45</p>,Height,<p>33</p>,Box Quantity,<p>10</p>,Inner Pack Quantity,<p>1</p>,Country Of Origin,<p>CN</p>,Standards,<ul><li>NFPA® 2112</li><li>NFPA® 70E</li><li>ASTM F1506-10a    None</li><li>ASTM F1959/F1959M-14e1   ATPV 45 CAL/CM2 (HAF 94.2%)</li></ul>,,,,
UFR48,Variant,,"Made from FR duck fabric with a light FR quilted lining, this jacket brings both style and warmth to your work wear. Compliant to NFPA 70E with a protection level of CAT 4, it offers protection from both electric arc hazards as well as cooler temperatures, ensuring the wearer stay safe, warm and compliant.",https://d11ak7fd9ypfb7.cloudfront.net/styles1100px/UFR48BRR.jpg,,0.0,TRUE,InStock,0.999,,UFR48BRRXXL,,,,Size,DROP_DOWN,XXL,Color,DROP_DOWN,Brown,,,,,,,,,,,,,Fit,<p>R</p>,Length,<p>65</p>,Width,<p>45</p>,Height,<p>33</p>,Box Quantity,<p>10</p>,Inner Pack Quantity,<p>1</p>,Country Of Origin,<p>CN</p>,Standards,<ul><li>NFPA® 2112</li><li>NFPA® 70E</li><li>ASTM F1506-10a    None</li><li>ASTM F1959/F1959M-14e1   ATPV 45 CAL/CM2 (HAF 94.2%)</li></ul>,,,,
UFR48,Variant,,"Made from FR duck fabric with a light FR quilted lining, this jacket brings both style and warmth to your work wear. Compliant to NFPA 70E with a protection level of CAT 4, it offers protection from both electric arc hazards as well as cooler temperatures, ensuring the wearer stay safe, warm and compliant.",https://d11ak7fd9ypfb7.cloudfront.net/styles1100px/UFR48BRR.jpg,,0.0,TRUE,InStock,0.999,,UFR48BRRXXXL,,,,Size,DROP_DOWN,XXXL,Color,DROP_DOWN,Brown,,,,,,,,,,,,,Fit,<p>R</p>,Length,<p>65</p>,Width,<p>45</p>,Height,<p>33</p>,Box Quantity,<p>10</p>,Inner Pack Quantity,<p>1</p>,Country Of Origin,<p>CN</p>,Standards,<ul><li>NFPA® 2112</li><li>NFPA® 70E</li><li>ASTM F1506-10a    None</li><li>ASTM F1959/F1959M-14e1   ATPV 45 CAL/CM2 (HAF 94.2%)</li></ul>,,,,
UFR49,Product,UFR49 - FR Duck Quilt Lined Bib Overall,"Providing Cat 4 protection from arc flash and flash fire to help keep you protected on the job, these insulated FR bibs are constructed with durability and warmth in mind. The bib features back pockets for optimal storage, tool and utility pockets, adjustable straps for a personal fit, and ankle-to-thigh zippers on the legs to accommodate work boots.",https://d11ak7fd9ypfb7.cloudfront.net/styles1100px/UFR49BRR.jpg,182.0,0.0,TRUE,InStock,0.999,,UFR49BRR4XL,,,,Size,DROP_DOWN,S;M;L;XL;XXL;XXXL;4XL;5XL,Color,DROP_DOWN,Brown,,,,,,,,,,,,,Fit,<p>R</p>,Length,<p>65</p>,Width,<p>45</p>,Height,<p>33</p>,Box Quantity,<p>15</p>,Inner Pack Quantity,<p>1</p>,Country Of Origin,<p>CN</p>,Standards,<ul><li>ASTM F1506-10a</li><li>NFPA® 2112</li><li>NFPA® 70E</li><li>ASTM F1959/F1959M-14e1   ATPV 45 CAL/CM2 (HAF 94.2%)</li></ul>,,,,
UFR49,Variant,,"Providing Cat 4 protection from arc flash and flash fire to help keep you protected on the job, these insulated FR bibs are constructed with durability and warmth in mind. The bib features back pockets for optimal storage, tool and utility pockets, adjustable straps for a personal fit, and ankle-to-thigh zippers on the legs to accommodate work boots.",https://d11ak7fd9ypfb7.cloudfront.net/styles1100px/UFR49BRR.jpg,,0.0,TRUE,InStock,0.999,,UFR49BRR4XL,,,,Size,DROP_DOWN,4XL,Color,DROP_DOWN,Brown,,,,,,,,,,,,,Fit,<p>R</p>,Length,<p>65</p>,Width,<p>45</p>,Height,<p>33</p>,Box Quantity,<p>15</p>,Inner Pack Quantity,<p>1</p>,Country Of Origin,<p>CN</p>,Standards,<ul><li>ASTM F1506-10a</li><li>NFPA® 2112</li><li>NFPA® 70E</li><li>ASTM F1959/F1959M-14e1   ATPV 45 CAL/CM2 (HAF 94.2%)</li></ul>,,,,
UFR49,Variant,,"Providing Cat 4 protection from arc flash and flash fire to help keep you protected on the job, these insulated FR bibs are constructed with durability and warmth in mind. The bib features back pockets for optimal storage, tool and utility pockets, adjustable straps for a personal fit, and ankle-to-thigh zippers on the legs to accommodate work boots.",https://d11ak7fd9ypfb7.cloudfront.net/styles1100px/UFR49BRR.jpg,,0.0,TRUE,InStock,0.999,,UFR49BRR5XL,,,,Size,DROP_DOWN,5XL,Color,DROP_DOWN,Brown,,,,,,,,,,,,,Fit,<p>R</p>,Length,<p>65</p>,Width,<p>45</p>,Height,<p>33</p>,Box Quantity,<p>15</p>,Inner Pack Quantity,<p>1</p>,Country Of Origin,<p>CN</p>,Standards,<ul><li>ASTM F1506-10a</li><li>NFPA® 2112</li><li>NFPA® 70E</li><li>ASTM F1959/F1959M-14e1   ATPV 45 CAL/CM2 (HAF 94.2%)</li></ul>,,,,
UFR49,Variant,,"Providing Cat 4 protection from arc flash and flash fire to help keep you protected on the job, these insulated FR bibs are constructed with durability and warmth in mind. The bib features back pockets for optimal storage, tool and utility pockets, adjustable straps for a personal fit, and ankle-to-thigh zippers on the legs to accommodate work boots.",https://d11ak7fd9ypfb7.cloudfront.net/styles1100px/UFR49BRR.jpg,,0.0,TRUE,InStock,0.999,,UFR49BRRL,,,,Size,DROP_DOWN,L,Color,DROP_DOWN,Brown,,,,,,,,,,,,,Fit,<p>R</p>,Length,<p>65</p>,Width,<p>45</p>,Height,<p>33</p>,Box Quantity,<p>15</p>,Inner Pack Quantity,<p>1</p>,Country Of Origin,<p>CN</p>,Standards,<ul><li>ASTM F1506-10a</li><li>NFPA® 2112</li><li>NFPA® 70E</li><li>ASTM F1959/F1959M-14e1   ATPV 45 CAL/CM2 (HAF 94.2%)</li></ul>,,,,
UFR49,Variant,,"Providing Cat 4 protection from arc flash and flash fire to help keep you protected on the job, these insulated FR bibs are constructed with durability and warmth in mind. The bib features back pockets for optimal storage, tool and utility pockets, adjustable straps for a personal fit, and ankle-to-thigh zippers on the legs to accommodate work boots.",https://d11ak7fd9ypfb7.cloudfront.net/styles1100px/UFR49BRR.jpg,,0.0,TRUE,InStock,0.999,,UFR49BRRM,,,,Size,DROP_DOWN,M,Color,DROP_DOWN,Brown,,,,,,,,,,,,,Fit,<p>R</p>,Length,<p>65</p>,Width,<p>45</p>,Height,<p>33</p>,Box Quantity,<p>15</p>,Inner Pack Quantity,<p>1</p>,Country Of Origin,<p>CN</p>,Standards,<ul><li>ASTM F1506-10a</li><li>NFPA® 2112</li><li>NFPA® 70E</li><li>ASTM F1959/F1959M-14e1   ATPV 45 CAL/CM2 (HAF 94.2%)</li></ul>,,,,
UFR49,Variant,,"Providing Cat 4 protection from arc flash and flash fire to help keep you protected on the job, these insulated FR bibs are constructed with durability and warmth in mind. The bib features back pockets for optimal storage, tool and utility pockets, adjustable straps for a personal fit, and ankle-to-thigh zippers on the legs to accommodate work boots.",https://d11ak7fd9ypfb7.cloudfront.net/styles1100px/UFR49BRR.jpg,,0.0,TRUE,InStock,0.999,,UFR49BRRS,,,,Size,DROP_DOWN,S,Color,DROP_DOWN,Brown,,,,,,,,,,,,,Fit,<p>R</p>,Length,<p>65</p>,Width,<p>45</p>,Height,<p>33</p>,Box Quantity,<p>15</p>,Inner Pack Quantity,<p>1</p>,Country Of Origin,<p>CN</p>,Standards,<ul><li>ASTM F1506-10a</li><li>NFPA® 2112</li><li>NFPA® 70E</li><li>ASTM F1959/F1959M-14e1   ATPV 45 CAL/CM2 (HAF 94.2%)</li></ul>,,,,
UFR49,Variant,,"Providing Cat 4 protection from arc flash and flash fire to help keep you protected on the job, these insulated FR bibs are constructed with durability and warmth in mind. The bib features back pockets for optimal storage, tool and utility pockets, adjustable straps for a personal fit, and ankle-to-thigh zippers on the legs to accommodate work boots.",https://d11ak7fd9ypfb7.cloudfront.net/styles1100px/UFR49BRR.jpg,,0.0,TRUE,InStock,0.999,,UFR49BRRXL,,,,Size,DROP_DOWN,XL,Color,DROP_DOWN,Brown,,,,,,,,,,,,,Fit,<p>R</p>,Length,<p>65</p>,Width,<p>45</p>,Height,<p>33</p>,Box Quantity,<p>15</p>,Inner Pack Quantity,<p>1</p>,Country Of Origin,<p>CN</p>,Standards,<ul><li>ASTM F1506-10a</li><li>NFPA® 2112</li><li>NFPA® 70E</li><li>ASTM F1959/F1959M-14e1   ATPV 45 CAL/CM2 (HAF 94.2%)</li></ul>,,,,
UFR49,Variant,,"Providing Cat 4 protection from arc flash and flash fire to help keep you protected on the job, these insulated FR bibs are constructed with durability and warmth in mind. The bib features back pockets for optimal storage, tool and utility pockets, adjustable straps for a personal fit, and ankle-to-thigh zippers on the legs to accommodate work boots.",https://d11ak7fd9ypfb7.cloudfront.net/styles1100px/UFR49BRR.jpg,,0.0,TRUE,InStock,0.999,,UFR49BRRXXL,,,,Size,DROP_DOWN,XXL,Color,DROP_DOWN,Brown,,,,,,,,,,,,,Fit,<p>R</p>,Length,<p>65</p>,Width,<p>45</p>,Height,<p>33</p>,Box Quantity,<p>15</p>,Inner Pack Quantity,<p>1</p>,Country Of Origin,<p>CN</p>,Standards,<ul><li>ASTM F1506-10a</li><li>NFPA® 2112</li><li>NFPA® 70E</li><li>ASTM F1959/F1959M-14e1   ATPV 45 CAL/CM2 (HAF 94.2%)</li></ul>,,,,
UFR49,Variant,,"Providing Cat 4 protection from arc flash and flash fire to help keep you protected on the job, these insulated FR bibs are constructed with durability and warmth in mind. The bib features back pockets for optimal storage, tool and utility pockets, adjustable straps for a personal fit, and ankle-to-thigh zippers on the legs to accommodate work boots.",https://d11ak7fd9ypfb7.cloudfront.net/styles1100px/UFR49BRR.jpg,,0.0,TRUE,InStock,0.999,,UFR49BRRXXXL,,,,Size,DROP_DOWN,XXXL,Color,DROP_DOWN,Brown,,,,,,,,,,,,,Fit,<p>R</p>,Length,<p>65</p>,Width,<p>45</p>,Height,<p>33</p>,Box Quantity,<p>15</p>,Inner Pack Quantity,<p>1</p>,Country Of Origin,<p>CN</p>,Standards,<ul><li>ASTM F1506-10a</li><li>NFPA® 2112</li><li>NFPA® 70E</li><li>ASTM F1959/F1959M-14e1   ATPV 45 CAL/CM2 (HAF 94.2%)</li></ul>,,,,
UFR81,Product,UFR81 - FR Zipper Front Hooded Sweatshirt,The fibres used in the garment are naturally flame resistant and this will not fade with washing. This comfortable hooded sweatshirt offers protection against electric arc. The handy pouch pockets at the front of the garment provide hand warming and ample storage.,https://d11ak7fd9ypfb7.cloudfront.net/styles1100px/UFR81NAR.jpg,111.4,0.0,TRUE,InStock,0.81,,UFR81NAR4XL,,,,Size,DROP_DOWN,M;L;XL;XXL;XXXL;4XL;5XL;6XL,Color,DROP_DOWN,Navy,,,,,,,,,,,,,Fit,<p>R</p>,Length,<p>65</p>,Width,<p>45</p>,Height,<p>43</p>,Box Quantity,<p>24</p>,Inner Pack Quantity,<p>1</p>,Country Of Origin,<p>BD</p>,Standards,<ul><li>EN ISO 11612   A1 B1 C1 F1</li><li>EN 1149 -5</li><li>IEC 61482-2 IEC 61482-1-2 Class 1</li><li>ASTM F1959/F1959M-12   ATPV 16 CAL/CM<sup>2</sup> (HAF 86%)</li></ul>,,,,
UFR81,Variant,,The fibres used in the garment are naturally flame resistant and this will not fade with washing. This comfortable hooded sweatshirt offers protection against electric arc. The handy pouch pockets at the front of the garment provide hand warming and ample storage.,https://d11ak7fd9ypfb7.cloudfront.net/styles1100px/UFR81NAR.jpg,,0.0,TRUE,InStock,0.81,,UFR81NAR4XL,,,,Size,DROP_DOWN,4XL,Color,DROP_DOWN,Navy,,,,,,,,,,,,,Fit,<p>R</p>,Length,<p>65</p>,Width,<p>45</p>,Height,<p>43</p>,Box Quantity,<p>24</p>,Inner Pack Quantity,<p>1</p>,Country Of Origin,<p>BD</p>,Standards,<ul><li>EN ISO 11612   A1 B1 C1 F1</li><li>EN 1149 -5</li><li>IEC 61482-2 IEC 61482-1-2 Class 1</li><li>ASTM F1959/F1959M-12   ATPV 16 CAL/CM<sup>2</sup> (HAF 86%)</li></ul>,,,,
UFR81,Variant,,The fibres used in the garment are naturally flame resistant and this will not fade with washing. This comfortable hooded sweatshirt offers protection against electric arc. The handy pouch pockets at the front of the garment provide hand warming and ample storage.,https://d11ak7fd9ypfb7.cloudfront.net/styles1100px/UFR81NAR.jpg,,0.0,TRUE,InStock,0.88,,UFR81NAR5XL,,,,Size,DROP_DOWN,5XL,Color,DROP_DOWN,Navy,,,,,,,,,,,,,Fit,<p>R</p>,Length,<p>65</p>,Width,<p>45</p>,Height,<p>43</p>,Box Quantity,<p>24</p>,Inner Pack Quantity,<p>1</p>,Country Of Origin,<p>BD</p>,Standards,<ul><li>EN ISO 11612   A1 B1 C1 F1</li><li>EN 1149 -5</li><li>IEC 61482-2 IEC 61482-1-2 Class 1</li><li>ASTM F1959/F1959M-12   ATPV 16 CAL/CM<sup>2</sup> (HAF 86%)</li></ul>,,,,
UFR81,Variant,,The fibres used in the garment are naturally flame resistant and this will not fade with washing. This comfortable hooded sweatshirt offers protection against electric arc. The handy pouch pockets at the front of the garment provide hand warming and ample storage.,https://d11ak7fd9ypfb7.cloudfront.net/styles1100px/UFR81NAR.jpg,,0.0,TRUE,InStock,0.91,,UFR81NAR6XL,,,,Size,DROP_DOWN,6XL,Color,DROP_DOWN,Navy,,,,,,,,,,,,,Fit,<p>R</p>,Length,<p>65</p>,Width,<p>45</p>,Height,<p>43</p>,Box Quantity,<p>24</p>,Inner Pack Quantity,<p>1</p>,Country Of Origin,<p>BD</p>,Standards,<ul><li>EN ISO 11612   A1 B1 C1 F1</li><li>EN 1149 -5</li><li>IEC 61482-2 IEC 61482-1-2 Class 1</li><li>ASTM F1959/F1959M-12   ATPV 16 CAL/CM<sup>2</sup> (HAF 86%)</li></ul>,,,,
UFR81,Variant,,The fibres used in the garment are naturally flame resistant and this will not fade with washing. This comfortable hooded sweatshirt offers protection against electric arc. The handy pouch pockets at the front of the garment provide hand warming and ample storage.,https://d11ak7fd9ypfb7.cloudfront.net/styles1100px/UFR81NAR.jpg,,0.0,TRUE,InStock,0.7,,UFR81NARL,,,,Size,DROP_DOWN,L,Color,DROP_DOWN,Navy,,,,,,,,,,,,,Fit,<p>R</p>,Length,<p>65</p>,Width,<p>45</p>,Height,<p>43</p>,Box Quantity,<p>24</p>,Inner Pack Quantity,<p>1</p>,Country Of Origin,<p>BD</p>,Standards,<ul><li>EN ISO 11612   A1 B1 C1 F1</li><li>EN 1149 -5</li><li>IEC 61482-2 IEC 61482-1-2 Class 1</li><li>ASTM F1959/F1959M-12   ATPV 16 CAL/CM<sup>2</sup> (HAF 86%)</li></ul>,,,,
UFR81,Variant,,The fibres used in the garment are naturally flame resistant and this will not fade with washing. This comfortable hooded sweatshirt offers protection against electric arc. The handy pouch pockets at the front of the garment provide hand warming and ample storage.,https://d11ak7fd9ypfb7.cloudfront.net/styles1100px/UFR81NAR.jpg,,0.0,TRUE,InStock,0.65,,UFR81NARM,,,,Size,DROP_DOWN,M,Color,DROP_DOWN,Navy,,,,,,,,,,,,,Fit,<p>R</p>,Length,<p>65</p>,Width,<p>45</p>,Height,<p>43</p>,Box Quantity,<p>24</p>,Inner Pack Quantity,<p>1</p>,Country Of Origin,<p>BD</p>,Standards,<ul><li>EN ISO 11612   A1 B1 C1 F1</li><li>EN 1149 -5</li><li>IEC 61482-2 IEC 61482-1-2 Class 1</li><li>ASTM F1959/F1959M-12   ATPV 16 CAL/CM<sup>2</sup> (HAF 86%)</li></ul>,,,,
UFR81,Variant,,The fibres used in the garment are naturally flame resistant and this will not fade with washing. This comfortable hooded sweatshirt offers protection against electric arc. The handy pouch pockets at the front of the garment provide hand warming and ample storage.,https://d11ak7fd9ypfb7.cloudfront.net/styles1100px/UFR81NAR.jpg,,0.0,TRUE,InStock,0.73,,UFR81NARXL,,,,Size,DROP_DOWN,XL,Color,DROP_DOWN,Navy,,,,,,,,,,,,,Fit,<p>R</p>,Length,<p>65</p>,Width,<p>45</p>,Height,<p>43</p>,Box Quantity,<p>24</p>,Inner Pack Quantity,<p>1</p>,Country Of Origin,<p>BD</p>,Standards,<ul><li>EN ISO 11612   A1 B1 C1 F1</li><li>EN 1149 -5</li><li>IEC 61482-2 IEC 61482-1-2 Class 1</li><li>ASTM F1959/F1959M-12   ATPV 16 CAL/CM<sup>2</sup> (HAF 86%)</li></ul>,,,,
UFR81,Variant,,The fibres used in the garment are naturally flame resistant and this will not fade with washing. This comfortable hooded sweatshirt offers protection against electric arc. The handy pouch pockets at the front of the garment provide hand warming and ample storage.,https://d11ak7fd9ypfb7.cloudfront.net/styles1100px/UFR81NAR.jpg,,0.0,TRUE,InStock,0.75,,UFR81NARXXL,,,,Size,DROP_DOWN,XXL,Color,DROP_DOWN,Navy,,,,,,,,,,,,,Fit,<p>R</p>,Length,<p>65</p>,Width,<p>45</p>,Height,<p>43</p>,Box Quantity,<p>24</p>,Inner Pack Quantity,<p>1</p>,Country Of Origin,<p>BD</p>,Standards,<ul><li>EN ISO 11612   A1 B1 C1 F1</li><li>EN 1149 -5</li><li>IEC 61482-2 IEC 61482-1-2 Class 1</li><li>ASTM F1959/F1959M-12   ATPV 16 CAL/CM<sup>2</sup> (HAF 86%)</li></ul>,,,,
UFR81,Variant,,The fibres used in the garment are naturally flame resistant and this will not fade with washing. This comfortable hooded sweatshirt offers protection against electric arc. The handy pouch pockets at the front of the garment provide hand warming and ample storage.,https://d11ak7fd9ypfb7.cloudfront.net/styles1100px/UFR81NAR.jpg,,0.0,TRUE,InStock,0.78,,UFR81NARXXXL,,,,Size,DROP_DOWN,XXXL,Color,DROP_DOWN,Navy,,,,,,,,,,,,,Fit,<p>R</p>,Length,<p>65</p>,Width,<p>45</p>,Height,<p>43</p>,Box Quantity,<p>24</p>,Inner Pack Quantity,<p>1</p>,Country Of Origin,<p>BD</p>,Standards,<ul><li>EN ISO 11612   A1 B1 C1 F1</li><li>EN 1149 -5</li><li>IEC 61482-2 IEC 61482-1-2 Class 1</li><li>ASTM F1959/F1959M-12   ATPV 16 CAL/CM<sup>2</sup> (HAF 86%)</li></ul>,,,,
UFR87,Product,UFR87 - Bizflame 88/12 Classic FR Coverall,"This durable coverall offers guaranteed flame resistance for the life of garment. Suitable for a range of end uses, this item provides protection against radiant and convective heat. Ample storage options are available with a selection of practical pockets.",https://d11ak7fd9ypfb7.cloudfront.net/styles1100px/UFR87GRR.jpg,83.0,0.0,TRUE,InStock,0.999,,UFR87GRRL,,,,Size,DROP_DOWN,S;M;L;XL;XXL;XXXL;4XL;5XL;6XL,Color,DROP_DOWN,Grey;Navy;Khaki,,,,,,,,,,,,,Fit,<p>R</p>,Length,<p>43</p>,Width,<p>28</p>,Height,<p>50</p>,Box Quantity,<p>15</p>,Inner Pack Quantity,<p>1</p>,Country Of Origin,<p>BD</p>,Standards,<ul><li>ASTM F1506-10a</li><li>ASTM F1959/F1959M-12   ATPV 8.2 CAL/CM2 (HAF 69.1%)</li><li>NFPA® 2112</li><li>NFPA® 70E</li></ul>,,,,
UFR87,Variant,,"This durable coverall offers guaranteed flame resistance for the life of garment. Suitable for a range of end uses, this item provides protection against radiant and convective heat. Ample storage options are available with a selection of practical pockets.",https://d11ak7fd9ypfb7.cloudfront.net/styles1100px/UFR87GRR.jpg,,0.0,TRUE,InStock,0.999,,UFR87GRRL,,,,Size,DROP_DOWN,L,Color,DROP_DOWN,Grey,,,,,,,,,,,,,Fit,<p>R</p>,Length,<p>43</p>,Width,<p>28</p>,Height,<p>50</p>,Box Quantity,<p>15</p>,Inner Pack Quantity,<p>1</p>,Country Of Origin,<p>BD</p>,Standards,<ul><li>ASTM F1506-10a</li><li>ASTM F1959/F1959M-12   ATPV 8.2 CAL/CM2 (HAF 69.1%)</li><li>NFPA® 2112</li><li>NFPA® 70E</li></ul>,,,,
UFR87,Variant,,"This durable coverall offers guaranteed flame resistance for the life of garment. Suitable for a range of end uses, this item provides protection against radiant and convective heat. Ample storage options are available with a selection of practical pockets.",https://d11ak7fd9ypfb7.cloudfront.net/styles1100px/UFR87GRR.jpg,,0.0,TRUE,InStock,0.999,,UFR87GRRM,,,,Size,DROP_DOWN,M,Color,DROP_DOWN,Grey,,,,,,,,,,,,,Fit,<p>R</p>,Length,<p>43</p>,Width,<p>28</p>,Height,<p>50</p>,Box Quantity,<p>15</p>,Inner Pack Quantity,<p>1</p>,Country Of Origin,<p>BD</p>,Standards,<ul><li>ASTM F1506-10a</li><li>ASTM F1959/F1959M-12   ATPV 8.2 CAL/CM2 (HAF 69.1%)</li><li>NFPA® 2112</li><li>NFPA® 70E</li></ul>,,,,
UFR87,Variant,,"This durable coverall offers guaranteed flame resistance for the life of garment. Suitable for a range of end uses, this item provides protection against radiant and convective heat. Ample storage options are available with a selection of practical pockets.",https://d11ak7fd9ypfb7.cloudfront.net/styles1100px/UFR87GRR.jpg,,0.0,TRUE,InStock,0.999,,UFR87GRRS,,,,Size,DROP_DOWN,S,Color,DROP_DOWN,Grey,,,,,,,,,,,,,Fit,<p>R</p>,Length,<p>43</p>,Width,<p>28</p>,Height,<p>50</p>,Box Quantity,<p>15</p>,Inner Pack Quantity,<p>1</p>,Country Of Origin,<p>BD</p>,Standards,<ul><li>ASTM F1506-10a</li><li>ASTM F1959/F1959M-12   ATPV 8.2 CAL/CM2 (HAF 69.1%)</li><li>NFPA® 2112</li><li>NFPA® 70E</li></ul>,,,,
UFR87,Variant,,"This durable coverall offers guaranteed flame resistance for the life of garment. Suitable for a range of end uses, this item provides protection against radiant and convective heat. Ample storage options are available with a selection of practical pockets.",https://d11ak7fd9ypfb7.cloudfront.net/styles1100px/UFR87GRR.jpg,,0.0,TRUE,InStock,0.999,,UFR87GRRXL,,,,Size,DROP_DOWN,XL,Color,DROP_DOWN,Grey,,,,,,,,,,,,,Fit,<p>R</p>,Length,<p>43</p>,Width,<p>28</p>,Height,<p>50</p>,Box Quantity,<p>15</p>,Inner Pack Quantity,<p>1</p>,Country Of Origin,<p>BD</p>,Standards,<ul><li>ASTM F1506-10a</li><li>ASTM F1959/F1959M-12   ATPV 8.2 CAL/CM2 (HAF 69.1%)</li><li>NFPA® 2112</li><li>NFPA® 70E</li></ul>,,,,
UFR87,Variant,,"This durable coverall offers guaranteed flame resistance for the life of garment. Suitable for a range of end uses, this item provides protection against radiant and convective heat. Ample storage options are available with a selection of practical pockets.",https://d11ak7fd9ypfb7.cloudfront.net/styles1100px/UFR87GRR.jpg,,0.0,TRUE,InStock,0.999,,UFR87GRRXXL,,,,Size,DROP_DOWN,XXL,Color,DROP_DOWN,Grey,,,,,,,,,,,,,Fit,<p>R</p>,Length,<p>43</p>,Width,<p>28</p>,Height,<p>50</p>,Box Quantity,<p>15</p>,Inner Pack Quantity,<p>1</p>,Country Of Origin,<p>BD</p>,Standards,<ul><li>ASTM F1506-10a</li><li>ASTM F1959/F1959M-12   ATPV 8.2 CAL/CM2 (HAF 69.1%)</li><li>NFPA® 2112</li><li>NFPA® 70E</li></ul>,,,,
UFR87,Variant,,"This durable coverall offers guaranteed flame resistance for the life of garment. Suitable for a range of end uses, this item provides protection against radiant and convective heat. Ample storage options are available with a selection of practical pockets.",https://d11ak7fd9ypfb7.cloudfront.net/styles1100px/UFR87GRR.jpg,,0.0,TRUE,InStock,0.999,,UFR87GRRXXXL,,,,Size,DROP_DOWN,XXXL,Color,DROP_DOWN,Grey,,,,,,,,,,,,,Fit,<p>R</p>,Length,<p>43</p>,Width,<p>28</p>,Height,<p>50</p>,Box Quantity,<p>15</p>,Inner Pack Quantity,<p>1</p>,Country Of Origin,<p>BD</p>,Standards,<ul><li>ASTM F1506-10a</li><li>ASTM F1959/F1959M-12   ATPV 8.2 CAL/CM2 (HAF 69.1%)</li><li>NFPA® 2112</li><li>NFPA® 70E</li></ul>,,,,
UFR87,Variant,,"This durable coverall offers guaranteed flame resistance for the life of garment. Suitable for a range of end uses, this item provides protection against radiant and convective heat. Ample storage options are available with a selection of practical pockets.",https://d11ak7fd9ypfb7.cloudfront.net/styles1100px/UFR87KHR.jpg,,0.0,TRUE,InStock,0.999,,UFR87KHRL,,,,Size,DROP_DOWN,L,Color,DROP_DOWN,Khaki,,,,,,,,,,,,,Fit,<p>R</p>,Length,<p>43</p>,Width,<p>28</p>,Height,<p>50</p>,Box Quantity,<p>15</p>,Inner Pack Quantity,<p>1</p>,Country Of Origin,<p>BD</p>,Standards,<ul><li>ASTM F1506-10a</li><li>ASTM F1959/F1959M-12   ATPV 8.2 CAL/CM2 (HAF 69.1%)</li><li>NFPA® 2112</li><li>NFPA® 70E</li></ul>,,,,
UFR87,Variant,,"This durable coverall offers guaranteed flame resistance for the life of garment. Suitable for a range of end uses, this item provides protection against radiant and convective heat. Ample storage options are available with a selection of practical pockets.",https://d11ak7fd9ypfb7.cloudfront.net/styles1100px/UFR87KHR.jpg,,0.0,TRUE,InStock,0.999,,UFR87KHRM,,,,Size,DROP_DOWN,M,Color,DROP_DOWN,Khaki,,,,,,,,,,,,,Fit,<p>R</p>,Length,<p>43</p>,Width,<p>28</p>,Height,<p>50</p>,Box Quantity,<p>15</p>,Inner Pack Quantity,<p>1</p>,Country Of Origin,<p>BD</p>,Standards,<ul><li>ASTM F1506-10a</li><li>ASTM F1959/F1959M-12   ATPV 8.2 CAL/CM2 (HAF 69.1%)</li><li>NFPA® 2112</li><li>NFPA® 70E</li></ul>,,,,
UFR87,Variant,,"This durable coverall offers guaranteed flame resistance for the life of garment. Suitable for a range of end uses, this item provides protection against radiant and convective heat. Ample storage options are available with a selection of practical pockets.",https://d11ak7fd9ypfb7.cloudfront.net/styles1100px/UFR87KHR.jpg,,0.0,TRUE,InStock,0.999,,UFR87KHRS,,,,Size,DROP_DOWN,S,Color,DROP_DOWN,Khaki,,,,,,,,,,,,,Fit,<p>R</p>,Length,<p>43</p>,Width,<p>28</p>,Height,<p>50</p>,Box Quantity,<p>15</p>,Inner Pack Quantity,<p>1</p>,Country Of Origin,<p>BD</p>,Standards,<ul><li>ASTM F1506-10a</li><li>ASTM F1959/F1959M-12   ATPV 8.2 CAL/CM2 (HAF 69.1%)</li><li>NFPA® 2112</li><li>NFPA® 70E</li></ul>,,,,
UFR87,Variant,,"This durable coverall offers guaranteed flame resistance for the life of garment. Suitable for a range of end uses, this item provides protection against radiant and convective heat. Ample storage options are available with a selection of practical pockets.",https://d11ak7fd9ypfb7.cloudfront.net/styles1100px/UFR87KHR.jpg,,0.0,TRUE,InStock,0.999,,UFR87KHRXL,,,,Size,DROP_DOWN,XL,Color,DROP_DOWN,Khaki,,,,,,,,,,,,,Fit,<p>R</p>,Length,<p>43</p>,Width,<p>28</p>,Height,<p>50</p>,Box Quantity,<p>15</p>,Inner Pack Quantity,<p>1</p>,Country Of Origin,<p>BD</p>,Standards,<ul><li>ASTM F1506-10a</li><li>ASTM F1959/F1959M-12   ATPV 8.2 CAL/CM2 (HAF 69.1%)</li><li>NFPA® 2112</li><li>NFPA® 70E</li></ul>,,,,
UFR87,Variant,,"This durable coverall offers guaranteed flame resistance for the life of garment. Suitable for a range of end uses, this item provides protection against radiant and convective heat. Ample storage options are available with a selection of practical pockets.",https://d11ak7fd9ypfb7.cloudfront.net/styles1100px/UFR87KHR.jpg,,0.0,TRUE,InStock,0.999,,UFR87KHRXXL,,,,Size,DROP_DOWN,XXL,Color,DROP_DOWN,Khaki,,,,,,,,,,,,,Fit,<p>R</p>,Length,<p>43</p>,Width,<p>28</p>,Height,<p>50</p>,Box Quantity,<p>15</p>,Inner Pack Quantity,<p>1</p>,Country Of Origin,<p>BD</p>,Standards,<ul><li>ASTM F1506-10a</li><li>ASTM F1959/F1959M-12   ATPV 8.2 CAL/CM2 (HAF 69.1%)</li><li>NFPA® 2112</li><li>NFPA® 70E</li></ul>,,,,
UFR87,Variant,,"This durable coverall offers guaranteed flame resistance for the life of garment. Suitable for a range of end uses, this item provides protection against radiant and convective heat. Ample storage options are available with a selection of practical pockets.",https://d11ak7fd9ypfb7.cloudfront.net/styles1100px/UFR87KHR.jpg,,0.0,TRUE,InStock,0.999,,UFR87KHRXXXL,,,,Size,DROP_DOWN,XXXL,Color,DROP_DOWN,Khaki,,,,,,,,,,,,,Fit,<p>R</p>,Length,<p>43</p>,Width,<p>28</p>,Height,<p>50</p>,Box Quantity,<p>15</p>,Inner Pack Quantity,<p>1</p>,Country Of Origin,<p>BD</p>,Standards,<ul><li>ASTM F1506-10a</li><li>ASTM F1959/F1959M-12   ATPV 8.2 CAL/CM2 (HAF 69.1%)</li><li>NFPA® 2112</li><li>NFPA® 70E</li></ul>,,,,
UFR87,Variant,,"This durable coverall offers guaranteed flame resistance for the life of garment. Suitable for a range of end uses, this item provides protection against radiant and convective heat. Ample storage options are available with a selection of practical pockets.",https://d11ak7fd9ypfb7.cloudfront.net/styles1100px/UFR87NAR.jpg,,0.0,TRUE,InStock,0.999,,UFR87NAR4XL,,,,Size,DROP_DOWN,4XL,Color,DROP_DOWN,Navy,,,,,,,,,,,,,Fit,<p>R</p>,Length,<p>43</p>,Width,<p>28</p>,Height,<p>50</p>,Box Quantity,<p>15</p>,Inner Pack Quantity,<p>1</p>,Country Of Origin,<p>BD</p>,Standards,<ul><li>ASTM F1506-10a</li><li>ASTM F1959/F1959M-12   ATPV 8.2 CAL/CM2 (HAF 69.1%)</li><li>NFPA® 2112</li><li>NFPA® 70E</li></ul>,,,,
UFR87,Variant,,"This durable coverall offers guaranteed flame resistance for the life of garment. Suitable for a range of end uses, this item provides protection against radiant and convective heat. Ample storage options are available with a selection of practical pockets.",https://d11ak7fd9ypfb7.cloudfront.net/styles1100px/UFR87NAR.jpg,,0.0,TRUE,InStock,0.999,,UFR87NAR5XL,,,,Size,DROP_DOWN,5XL,Color,DROP_DOWN,Navy,,,,,,,,,,,,,Fit,<p>R</p>,Length,<p>43</p>,Width,<p>28</p>,Height,<p>50</p>,Box Quantity,<p>15</p>,Inner Pack Quantity,<p>1</p>,Country Of Origin,<p>BD</p>,Standards,<ul><li>ASTM F1506-10a</li><li>ASTM F1959/F1959M-12   ATPV 8.2 CAL/CM2 (HAF 69.1%)</li><li>NFPA® 2112</li><li>NFPA® 70E</li></ul>,,,,
UFR87,Variant,,"This durable coverall offers guaranteed flame resistance for the life of garment. Suitable for a range of end uses, this item provides protection against radiant and convective heat. Ample storage options are available with a selection of practical pockets.",https://d11ak7fd9ypfb7.cloudfront.net/styles1100px/UFR87NAR.jpg,,0.0,TRUE,InStock,0.999,,UFR87NAR6XL,,,,Size,DROP_DOWN,6XL,Color,DROP_DOWN,Navy,,,,,,,,,,,,,Fit,<p>R</p>,Length,<p>43</p>,Width,<p>28</p>,Height,<p>50</p>,Box Quantity,<p>15</p>,Inner Pack Quantity,<p>1</p>,Country Of Origin,<p>BD</p>,Standards,<ul><li>ASTM F1506-10a</li><li>ASTM F1959/F1959M-12   ATPV 8.2 CAL/CM2 (HAF 69.1%)</li><li>NFPA® 2112</li><li>NFPA® 70E</li></ul>,,,,
UFR87,Variant,,"This durable coverall offers guaranteed flame resistance for the life of garment. Suitable for a range of end uses, this item provides protection against radiant and convective heat. Ample storage options are available with a selection of practical pockets.",https://d11ak7fd9ypfb7.cloudfront.net/styles1100px/UFR87NAR.jpg,,0.0,TRUE,InStock,0.999,,UFR87NARL,,,,Size,DROP_DOWN,L,Color,DROP_DOWN,Navy,,,,,,,,,,,,,Fit,<p>R</p>,Length,<p>43</p>,Width,<p>28</p>,Height,<p>50</p>,Box Quantity,<p>15</p>,Inner Pack Quantity,<p>1</p>,Country Of Origin,<p>BD</p>,Standards,<ul><li>ASTM F1506-10a</li><li>ASTM F1959/F1959M-12   ATPV 8.2 CAL/CM2 (HAF 69.1%)</li><li>NFPA® 2112</li><li>NFPA® 70E</li></ul>,,,,
UFR87,Variant,,"This durable coverall offers guaranteed flame resistance for the life of garment. Suitable for a range of end uses, this item provides protection against radiant and convective heat. Ample storage options are available with a selection of practical pockets.",https://d11ak7fd9ypfb7.cloudfront.net/styles1100px/UFR87NAR.jpg,,0.0,TRUE,InStock,0.999,,UFR87NARM,,,,Size,DROP_DOWN,M,Color,DROP_DOWN,Navy,,,,,,,,,,,,,Fit,<p>R</p>,Length,<p>43</p>,Width,<p>28</p>,Height,<p>50</p>,Box Quantity,<p>15</p>,Inner Pack Quantity,<p>1</p>,Country Of Origin,<p>BD</p>,Standards,<ul><li>ASTM F1506-10a</li><li>ASTM F1959/F1959M-12   ATPV 8.2 CAL/CM2 (HAF 69.1%)</li><li>NFPA® 2112</li><li>NFPA® 70E</li></ul>,,,,
UFR87,Variant,,"This durable coverall offers guaranteed flame resistance for the life of garment. Suitable for a range of end uses, this item provides protection against radiant and convective heat. Ample storage options are available with a selection of practical pockets.",https://d11ak7fd9ypfb7.cloudfront.net/styles1100px/UFR87NAR.jpg,,0.0,TRUE,InStock,0.999,,UFR87NARS,,,,Size,DROP_DOWN,S,Color,DROP_DOWN,Navy,,,,,,,,,,,,,Fit,<p>R</p>,Length,<p>43</p>,Width,<p>28</p>,Height,<p>50</p>,Box Quantity,<p>15</p>,Inner Pack Quantity,<p>1</p>,Country Of Origin,<p>BD</p>,Standards,<ul><li>ASTM F1506-10a</li><li>ASTM F1959/F1959M-12   ATPV 8.2 CAL/CM2 (HAF 69.1%)</li><li>NFPA® 2112</li><li>NFPA® 70E</li></ul>,,,,
UFR87,Variant,,"This durable coverall offers guaranteed flame resistance for the life of garment. Suitable for a range of end uses, this item provides protection against radiant and convective heat. Ample storage options are available with a selection of practical pockets.",https://d11ak7fd9ypfb7.cloudfront.net/styles1100px/UFR87NAR.jpg,,0.0,TRUE,InStock,0.999,,UFR87NARXL,,,,Size,DROP_DOWN,XL,Color,DROP_DOWN,Navy,,,,,,,,,,,,,Fit,<p>R</p>,Length,<p>43</p>,Width,<p>28</p>,Height,<p>50</p>,Box Quantity,<p>15</p>,Inner Pack Quantity,<p>1</p>,Country Of Origin,<p>BD</p>,Standards,<ul><li>ASTM F1506-10a</li><li>ASTM F1959/F1959M-12   ATPV 8.2 CAL/CM2 (HAF 69.1%)</li><li>NFPA® 2112</li><li>NFPA® 70E</li></ul>,,,,
UFR87,Variant,,"This durable coverall offers guaranteed flame resistance for the life of garment. Suitable for a range of end uses, this item provides protection against radiant and convective heat. Ample storage options are available with a selection of practical pockets.",https://d11ak7fd9ypfb7.cloudfront.net/styles1100px/UFR87NAR.jpg,,0.0,TRUE,InStock,0.999,,UFR87NARXXL,,,,Size,DROP_DOWN,XXL,Color,DROP_DOWN,Navy,,,,,,,,,,,,,Fit,<p>R</p>,Length,<p>43</p>,Width,<p>28</p>,Height,<p>50</p>,Box Quantity,<p>15</p>,Inner Pack Quantity,<p>1</p>,Country Of Origin,<p>BD</p>,Standards,<ul><li>ASTM F1506-10a</li><li>ASTM F1959/F1959M-12   ATPV 8.2 CAL/CM2 (HAF 69.1%)</li><li>NFPA® 2112</li><li>NFPA® 70E</li></ul>,,,,
UFR87,Variant,,"This durable coverall offers guaranteed flame resistance for the life of garment. Suitable for a range of end uses, this item provides protection against radiant and convective heat. Ample storage options are available with a selection of practical pockets.",https://d11ak7fd9ypfb7.cloudfront.net/styles1100px/UFR87NAR.jpg,,0.0,TRUE,InStock,0.999,,UFR87NARXXXL,,,,Size,DROP_DOWN,XXXL,Color,DROP_DOWN,Navy,,,,,,,,,,,,,Fit,<p>R</p>,Length,<p>43</p>,Width,<p>28</p>,Height,<p>50</p>,Box Quantity,<p>15</p>,Inner Pack Quantity,<p>1</p>,Country Of Origin,<p>BD</p>,Standards,<ul><li>ASTM F1506-10a</li><li>ASTM F1959/F1959M-12   ATPV 8.2 CAL/CM2 (HAF 69.1%)</li><li>NFPA® 2112</li><li>NFPA® 70E</li></ul>,,,,
UFR88,Product,UFR88 - Bizflame 88/12 FR Coverall ,"This durable coverall offers guaranteed flame resistance for the life of garment. Suitable for a range of end uses, this item provides protection against radiant and convective heat. Ample storage options are available with a selection of practical pockets.",https://d11ak7fd9ypfb7.cloudfront.net/styles1100px/UFR88NAR.jpg,119.5,0.0,TRUE,InStock,0.999,,UFR88NARL,,,,Size,DROP_DOWN,M;L;XL;XXL;XXXL,Color,DROP_DOWN,Navy,,,,,,,,,,,,,Fit,<p>R</p>,Length,<p>43</p>,Width,<p>28</p>,Height,<p>50</p>,Box Quantity,<p>15</p>,Inner Pack Quantity,<p>1</p>,Country Of Origin,<p>BD</p>,Standards,<p></p>,,,,
UFR88,Variant,,"This durable coverall offers guaranteed flame resistance for the life of garment. Suitable for a range of end uses, this item provides protection against radiant and convective heat. Ample storage options are available with a selection of practical pockets.",https://d11ak7fd9ypfb7.cloudfront.net/styles1100px/UFR88NAR.jpg,,0.0,TRUE,InStock,0.999,,UFR88NARL,,,,Size,DROP_DOWN,L,Color,DROP_DOWN,Navy,,,,,,,,,,,,,Fit,<p>R</p>,Length,<p>43</p>,Width,<p>28</p>,Height,<p>50</p>,Box Quantity,<p>15</p>,Inner Pack Quantity,<p>1</p>,Country Of Origin,<p>BD</p>,Standards,<p></p>,,,,
UFR88,Variant,,"This durable coverall offers guaranteed flame resistance for the life of garment. Suitable for a range of end uses, this item provides protection against radiant and convective heat. Ample storage options are available with a selection of practical pockets.",https://d11ak7fd9ypfb7.cloudfront.net/styles1100px/UFR88NAR.jpg,,0.0,TRUE,InStock,0.999,,UFR88NARM,,,,Size,DROP_DOWN,M,Color,DROP_DOWN,Navy,,,,,,,,,,,,,Fit,<p>R</p>,Length,<p>43</p>,Width,<p>28</p>,Height,<p>50</p>,Box Quantity,<p>15</p>,Inner Pack Quantity,<p>1</p>,Country Of Origin,<p>BD</p>,Standards,<p></p>,,,,
UFR88,Variant,,"This durable coverall offers guaranteed flame resistance for the life of garment. Suitable for a range of end uses, this item provides protection against radiant and convective heat. Ample storage options are available with a selection of practical pockets.",https://d11ak7fd9ypfb7.cloudfront.net/styles1100px/UFR88NAR.jpg,,0.0,TRUE,InStock,0.999,,UFR88NARXL,,,,Size,DROP_DOWN,XL,Color,DROP_DOWN,Navy,,,,,,,,,,,,,Fit,<p>R</p>,Length,<p>43</p>,Width,<p>28</p>,Height,<p>50</p>,Box Quantity,<p>15</p>,Inner Pack Quantity,<p>1</p>,Country Of Origin,<p>BD</p>,Standards,<p></p>,,,,
UFR88,Variant,,"This durable coverall offers guaranteed flame resistance for the life of garment. Suitable for a range of end uses, this item provides protection against radiant and convective heat. Ample storage options are available with a selection of practical pockets.",https://d11ak7fd9ypfb7.cloudfront.net/styles1100px/UFR88NAR.jpg,,0.0,TRUE,InStock,0.999,,UFR88NARXXL,,,,Size,DROP_DOWN,XXL,Color,DROP_DOWN,Navy,,,,,,,,,,,,,Fit,<p>R</p>,Length,<p>43</p>,Width,<p>28</p>,Height,<p>50</p>,Box Quantity,<p>15</p>,Inner Pack Quantity,<p>1</p>,Country Of Origin,<p>BD</p>,Standards,<p></p>,,,,
UFR88,Variant,,"This durable coverall offers guaranteed flame resistance for the life of garment. Suitable for a range of end uses, this item provides protection against radiant and convective heat. Ample storage options are available with a selection of practical pockets.",https://d11ak7fd9ypfb7.cloudfront.net/styles1100px/UFR88NAR.jpg,,0.0,TRUE,InStock,0.999,,UFR88NARXXXL,,,,Size,DROP_DOWN,XXXL,Color,DROP_DOWN,Navy,,,,,,,,,,,,,Fit,<p>R</p>,Length,<p>43</p>,Width,<p>28</p>,Height,<p>50</p>,Box Quantity,<p>15</p>,Inner Pack Quantity,<p>1</p>,Country Of Origin,<p>BD</p>,Standards,<p></p>,,,,
UFR97,Product,UFR97 - Bizflame 88/12 FR Plaid Shirt ,This plaid shirt is made from Portwest Bizflame 88/12 fabric and delivers the perfect balance of comfort and protection.,https://d11ak7fd9ypfb7.cloudfront.net/styles1100px/UFR97KHR.jpg,56.5,0.0,TRUE,InStock,0.777,,UFR97KHR4XL,,,,Size,DROP_DOWN,S;M;L;XL;XXL;XXXL;4XL;5XL,Color,DROP_DOWN,Navy;White;Khaki,,,,,,,,,,,,,Fit,<p>R</p>,Length,<p>65</p>,Width,<p>40</p>,Height,<p>28</p>,Box Quantity,<p>24</p>,Inner Pack Quantity,<p>1</p>,Country Of Origin,<p>BD</p>,Standards,<ul><li>NFPA® 70E</li><li>NFPA® 2112</li><li>ASTM F1506-10a</li><li>ASTM F1959/F1959M-12   ATPV 11 CAL/CM2 (HAF 79.2%)</li></ul>,,,,
UFR97,Variant,,This plaid shirt is made from Portwest Bizflame 88/12 fabric and delivers the perfect balance of comfort and protection.,https://d11ak7fd9ypfb7.cloudfront.net/styles1100px/UFR97KHR.jpg,,0.0,TRUE,InStock,0.777,,UFR97KHR4XL,,,,Size,DROP_DOWN,4XL,Color,DROP_DOWN,Khaki,,,,,,,,,,,,,Fit,<p>R</p>,Length,<p>65</p>,Width,<p>40</p>,Height,<p>28</p>,Box Quantity,<p>24</p>,Inner Pack Quantity,<p>1</p>,Country Of Origin,<p>BD</p>,Standards,<ul><li>NFPA® 70E</li><li>NFPA® 2112</li><li>ASTM F1506-10a</li><li>ASTM F1959/F1959M-12   ATPV 11 CAL/CM2 (HAF 79.2%)</li></ul>,,,,
UFR97,Variant,,This plaid shirt is made from Portwest Bizflame 88/12 fabric and delivers the perfect balance of comfort and protection.,https://d11ak7fd9ypfb7.cloudfront.net/styles1100px/UFR97KHR.jpg,,0.0,TRUE,InStock,0.811,,UFR97KHR5XL,,,,Size,DROP_DOWN,5XL,Color,DROP_DOWN,Khaki,,,,,,,,,,,,,Fit,<p>R</p>,Length,<p>65</p>,Width,<p>40</p>,Height,<p>28</p>,Box Quantity,<p>24</p>,Inner Pack Quantity,<p>1</p>,Country Of Origin,<p>BD</p>,Standards,<ul><li>NFPA® 70E</li><li>NFPA® 2112</li><li>ASTM F1506-10a</li><li>ASTM F1959/F1959M-12   ATPV 11 CAL/CM2 (HAF 79.2%)</li></ul>,,,,
UFR97,Variant,,This plaid shirt is made from Portwest Bizflame 88/12 fabric and delivers the perfect balance of comfort and protection.,https://d11ak7fd9ypfb7.cloudfront.net/styles1100px/UFR97KHR.jpg,,0.0,TRUE,InStock,0.663,,UFR97KHRL,,,,Size,DROP_DOWN,L,Color,DROP_DOWN,Khaki,,,,,,,,,,,,,Fit,<p>R</p>,Length,<p>65</p>,Width,<p>40</p>,Height,<p>28</p>,Box Quantity,<p>24</p>,Inner Pack Quantity,<p>1</p>,Country Of Origin,<p>BD</p>,Standards,<ul><li>NFPA® 70E</li><li>NFPA® 2112</li><li>ASTM F1506-10a</li><li>ASTM F1959/F1959M-12   ATPV 11 CAL/CM2 (HAF 79.2%)</li></ul>,,,,
UFR97,Variant,,This plaid shirt is made from Portwest Bizflame 88/12 fabric and delivers the perfect balance of comfort and protection.,https://d11ak7fd9ypfb7.cloudfront.net/styles1100px/UFR97KHR.jpg,,0.0,TRUE,InStock,0.645,,UFR97KHRM,,,,Size,DROP_DOWN,M,Color,DROP_DOWN,Khaki,,,,,,,,,,,,,Fit,<p>R</p>,Length,<p>65</p>,Width,<p>40</p>,Height,<p>28</p>,Box Quantity,<p>24</p>,Inner Pack Quantity,<p>1</p>,Country Of Origin,<p>BD</p>,Standards,<ul><li>NFPA® 70E</li><li>NFPA® 2112</li><li>ASTM F1506-10a</li><li>ASTM F1959/F1959M-12   ATPV 11 CAL/CM2 (HAF 79.2%)</li></ul>,,,,
UFR97,Variant,,This plaid shirt is made from Portwest Bizflame 88/12 fabric and delivers the perfect balance of comfort and protection.,https://d11ak7fd9ypfb7.cloudfront.net/styles1100px/UFR97KHR.jpg,,0.0,TRUE,InStock,0.623,,UFR97KHRS,,,,Size,DROP_DOWN,S,Color,DROP_DOWN,Khaki,,,,,,,,,,,,,Fit,<p>R</p>,Length,<p>65</p>,Width,<p>40</p>,Height,<p>28</p>,Box Quantity,<p>24</p>,Inner Pack Quantity,<p>1</p>,Country Of Origin,<p>BD</p>,Standards,<ul><li>NFPA® 70E</li><li>NFPA® 2112</li><li>ASTM F1506-10a</li><li>ASTM F1959/F1959M-12   ATPV 11 CAL/CM2 (HAF 79.2%)</li></ul>,,,,
UFR97,Variant,,This plaid shirt is made from Portwest Bizflame 88/12 fabric and delivers the perfect balance of comfort and protection.,https://d11ak7fd9ypfb7.cloudfront.net/styles1100px/UFR97KHR.jpg,,0.0,TRUE,InStock,0.707,,UFR97KHRXL,,,,Size,DROP_DOWN,XL,Color,DROP_DOWN,Khaki,,,,,,,,,,,,,Fit,<p>R</p>,Length,<p>65</p>,Width,<p>40</p>,Height,<p>28</p>,Box Quantity,<p>24</p>,Inner Pack Quantity,<p>1</p>,Country Of Origin,<p>BD</p>,Standards,<ul><li>NFPA® 70E</li><li>NFPA® 2112</li><li>ASTM F1506-10a</li><li>ASTM F1959/F1959M-12   ATPV 11 CAL/CM2 (HAF 79.2%)</li></ul>,,,,
UFR97,Variant,,This plaid shirt is made from Portwest Bizflame 88/12 fabric and delivers the perfect balance of comfort and protection.,https://d11ak7fd9ypfb7.cloudfront.net/styles1100px/UFR97KHR.jpg,,0.0,TRUE,InStock,0.737,,UFR97KHRXXL,,,,Size,DROP_DOWN,XXL,Color,DROP_DOWN,Khaki,,,,,,,,,,,,,Fit,<p>R</p>,Length,<p>65</p>,Width,<p>40</p>,Height,<p>28</p>,Box Quantity,<p>24</p>,Inner Pack Quantity,<p>1</p>,Country Of Origin,<p>BD</p>,Standards,<ul><li>NFPA® 70E</li><li>NFPA® 2112</li><li>ASTM F1506-10a</li><li>ASTM F1959/F1959M-12   ATPV 11 CAL/CM2 (HAF 79.2%)</li></ul>,,,,
UFR97,Variant,,This plaid shirt is made from Portwest Bizflame 88/12 fabric and delivers the perfect balance of comfort and protection.,https://d11ak7fd9ypfb7.cloudfront.net/styles1100px/UFR97KHR.jpg,,0.0,TRUE,InStock,0.775,,UFR97KHRXXXL,,,,Size,DROP_DOWN,XXXL,Color,DROP_DOWN,Khaki,,,,,,,,,,,,,Fit,<p>R</p>,Length,<p>65</p>,Width,<p>40</p>,Height,<p>28</p>,Box Quantity,<p>24</p>,Inner Pack Quantity,<p>1</p>,Country Of Origin,<p>BD</p>,Standards,<ul><li>NFPA® 70E</li><li>NFPA® 2112</li><li>ASTM F1506-10a</li><li>ASTM F1959/F1959M-12   ATPV 11 CAL/CM2 (HAF 79.2%)</li></ul>,,,,
UFR97,Variant,,This plaid shirt is made from Portwest Bizflame 88/12 fabric and delivers the perfect balance of comfort and protection.,https://d11ak7fd9ypfb7.cloudfront.net/styles1100px/UFR97NAR.jpg,,0.0,TRUE,InStock,0.777,,UFR97NAR4XL,,,,Size,DROP_DOWN,4XL,Color,DROP_DOWN,Navy,,,,,,,,,,,,,Fit,<p>R</p>,Length,<p>65</p>,Width,<p>40</p>,Height,<p>28</p>,Box Quantity,<p>24</p>,Inner Pack Quantity,<p>1</p>,Country Of Origin,<p>BD</p>,Standards,<ul><li>NFPA® 70E</li><li>NFPA® 2112</li><li>ASTM F1506-10a</li><li>ASTM F1959/F1959M-12   ATPV 11 CAL/CM2 (HAF 79.2%)</li></ul>,,,,
UFR97,Variant,,This plaid shirt is made from Portwest Bizflame 88/12 fabric and delivers the perfect balance of comfort and protection.,https://d11ak7fd9ypfb7.cloudfront.net/styles1100px/UFR97NAR.jpg,,0.0,TRUE,InStock,0.811,,UFR97NAR5XL,,,,Size,DROP_DOWN,5XL,Color,DROP_DOWN,Navy,,,,,,,,,,,,,Fit,<p>R</p>,Length,<p>65</p>,Width,<p>40</p>,Height,<p>28</p>,Box Quantity,<p>24</p>,Inner Pack Quantity,<p>1</p>,Country Of Origin,<p>BD</p>,Standards,<ul><li>NFPA® 70E</li><li>NFPA® 2112</li><li>ASTM F1506-10a</li><li>ASTM F1959/F1959M-12   ATPV 11 CAL/CM2 (HAF 79.2%)</li></ul>,,,,
UFR97,Variant,,This plaid shirt is made from Portwest Bizflame 88/12 fabric and delivers the perfect balance of comfort and protection.,https://d11ak7fd9ypfb7.cloudfront.net/styles1100px/UFR97NAR.jpg,,0.0,TRUE,InStock,0.663,,UFR97NARL,,,,Size,DROP_DOWN,L,Color,DROP_DOWN,Navy,,,,,,,,,,,,,Fit,<p>R</p>,Length,<p>65</p>,Width,<p>40</p>,Height,<p>28</p>,Box Quantity,<p>24</p>,Inner Pack Quantity,<p>1</p>,Country Of Origin,<p>BD</p>,Standards,<ul><li>NFPA® 70E</li><li>NFPA® 2112</li><li>ASTM F1506-10a</li><li>ASTM F1959/F1959M-12   ATPV 11 CAL/CM2 (HAF 79.2%)</li></ul>,,,,
UFR97,Variant,,This plaid shirt is made from Portwest Bizflame 88/12 fabric and delivers the perfect balance of comfort and protection.,https://d11ak7fd9ypfb7.cloudfront.net/styles1100px/UFR97NAR.jpg,,0.0,TRUE,InStock,0.645,,UFR97NARM,,,,Size,DROP_DOWN,M,Color,DROP_DOWN,Navy,,,,,,,,,,,,,Fit,<p>R</p>,Length,<p>65</p>,Width,<p>40</p>,Height,<p>28</p>,Box Quantity,<p>24</p>,Inner Pack Quantity,<p>1</p>,Country Of Origin,<p>BD</p>,Standards,<ul><li>NFPA® 70E</li><li>NFPA® 2112</li><li>ASTM F1506-10a</li><li>ASTM F1959/F1959M-12   ATPV 11 CAL/CM2 (HAF 79.2%)</li></ul>,,,,
UFR97,Variant,,This plaid shirt is made from Portwest Bizflame 88/12 fabric and delivers the perfect balance of comfort and protection.,https://d11ak7fd9ypfb7.cloudfront.net/styles1100px/UFR97NAR.jpg,,0.0,TRUE,InStock,0.623,,UFR97NARS,,,,Size,DROP_DOWN,S,Color,DROP_DOWN,Navy,,,,,,,,,,,,,Fit,<p>R</p>,Length,<p>65</p>,Width,<p>40</p>,Height,<p>28</p>,Box Quantity,<p>24</p>,Inner Pack Quantity,<p>1</p>,Country Of Origin,<p>BD</p>,Standards,<ul><li>NFPA® 70E</li><li>NFPA® 2112</li><li>ASTM F1506-10a</li><li>ASTM F1959/F1959M-12   ATPV 11 CAL/CM2 (HAF 79.2%)</li></ul>,,,,
UFR97,Variant,,This plaid shirt is made from Portwest Bizflame 88/12 fabric and delivers the perfect balance of comfort and protection.,https://d11ak7fd9ypfb7.cloudfront.net/styles1100px/UFR97NAR.jpg,,0.0,TRUE,InStock,0.707,,UFR97NARXL,,,,Size,DROP_DOWN,XL,Color,DROP_DOWN,Navy,,,,,,,,,,,,,Fit,<p>R</p>,Length,<p>65</p>,Width,<p>40</p>,Height,<p>28</p>,Box Quantity,<p>24</p>,Inner Pack Quantity,<p>1</p>,Country Of Origin,<p>BD</p>,Standards,<ul><li>NFPA® 70E</li><li>NFPA® 2112</li><li>ASTM F1506-10a</li><li>ASTM F1959/F1959M-12   ATPV 11 CAL/CM2 (HAF 79.2%)</li></ul>,,,,
UFR97,Variant,,This plaid shirt is made from Portwest Bizflame 88/12 fabric and delivers the perfect balance of comfort and protection.,https://d11ak7fd9ypfb7.cloudfront.net/styles1100px/UFR97NAR.jpg,,0.0,TRUE,InStock,0.737,,UFR97NARXXL,,,,Size,DROP_DOWN,XXL,Color,DROP_DOWN,Navy,,,,,,,,,,,,,Fit,<p>R</p>,Length,<p>65</p>,Width,<p>40</p>,Height,<p>28</p>,Box Quantity,<p>24</p>,Inner Pack Quantity,<p>1</p>,Country Of Origin,<p>BD</p>,Standards,<ul><li>NFPA® 70E</li><li>NFPA® 2112</li><li>ASTM F1506-10a</li><li>ASTM F1959/F1959M-12   ATPV 11 CAL/CM2 (HAF 79.2%)</li></ul>,,,,
UFR97,Variant,,This plaid shirt is made from Portwest Bizflame 88/12 fabric and delivers the perfect balance of comfort and protection.,https://d11ak7fd9ypfb7.cloudfront.net/styles1100px/UFR97NAR.jpg,,0.0,TRUE,InStock,0.775,,UFR97NARXXXL,,,,Size,DROP_DOWN,XXXL,Color,DROP_DOWN,Navy,,,,,,,,,,,,,Fit,<p>R</p>,Length,<p>65</p>,Width,<p>40</p>,Height,<p>28</p>,Box Quantity,<p>24</p>,Inner Pack Quantity,<p>1</p>,Country Of Origin,<p>BD</p>,Standards,<ul><li>NFPA® 70E</li><li>NFPA® 2112</li><li>ASTM F1506-10a</li><li>ASTM F1959/F1959M-12   ATPV 11 CAL/CM2 (HAF 79.2%)</li></ul>,,,,
UFR97,Variant,,This plaid shirt is made from Portwest Bizflame 88/12 fabric and delivers the perfect balance of comfort and protection.,https://d11ak7fd9ypfb7.cloudfront.net/styles1100px/UFR97WHR.jpg,,0.0,TRUE,InStock,0.777,,UFR97WHR4XL,,,,Size,DROP_DOWN,4XL,Color,DROP_DOWN,White,,,,,,,,,,,,,Fit,<p>R</p>,Length,<p>65</p>,Width,<p>40</p>,Height,<p>28</p>,Box Quantity,<p>24</p>,Inner Pack Quantity,<p>1</p>,Country Of Origin,<p>BD</p>,Standards,<ul><li>NFPA® 70E</li><li>NFPA® 2112</li><li>ASTM F1506-10a</li><li>ASTM F1959/F1959M-12   ATPV 11 CAL/CM2 (HAF 79.2%)</li></ul>,,,,
UFR97,Variant,,This plaid shirt is made from Portwest Bizflame 88/12 fabric and delivers the perfect balance of comfort and protection.,https://d11ak7fd9ypfb7.cloudfront.net/styles1100px/UFR97WHR.jpg,,0.0,TRUE,InStock,0.811,,UFR97WHR5XL,,,,Size,DROP_DOWN,5XL,Color,DROP_DOWN,White,,,,,,,,,,,,,Fit,<p>R</p>,Length,<p>65</p>,Width,<p>40</p>,Height,<p>28</p>,Box Quantity,<p>24</p>,Inner Pack Quantity,<p>1</p>,Country Of Origin,<p>BD</p>,Standards,<ul><li>NFPA® 70E</li><li>NFPA® 2112</li><li>ASTM F1506-10a</li><li>ASTM F1959/F1959M-12   ATPV 11 CAL/CM2 (HAF 79.2%)</li></ul>,,,,
UFR97,Variant,,This plaid shirt is made from Portwest Bizflame 88/12 fabric and delivers the perfect balance of comfort and protection.,https://d11ak7fd9ypfb7.cloudfront.net/styles1100px/UFR97WHR.jpg,,0.0,TRUE,InStock,0.663,,UFR97WHRL,,,,Size,DROP_DOWN,L,Color,DROP_DOWN,White,,,,,,,,,,,,,Fit,<p>R</p>,Length,<p>65</p>,Width,<p>40</p>,Height,<p>28</p>,Box Quantity,<p>24</p>,Inner Pack Quantity,<p>1</p>,Country Of Origin,<p>BD</p>,Standards,<ul><li>NFPA® 70E</li><li>NFPA® 2112</li><li>ASTM F1506-10a</li><li>ASTM F1959/F1959M-12   ATPV 11 CAL/CM2 (HAF 79.2%)</li></ul>,,,,
UFR97,Variant,,This plaid shirt is made from Portwest Bizflame 88/12 fabric and delivers the perfect balance of comfort and protection.,https://d11ak7fd9ypfb7.cloudfront.net/styles1100px/UFR97WHR.jpg,,0.0,TRUE,InStock,0.645,,UFR97WHRM,,,,Size,DROP_DOWN,M,Color,DROP_DOWN,White,,,,,,,,,,,,,Fit,<p>R</p>,Length,<p>65</p>,Width,<p>40</p>,Height,<p>28</p>,Box Quantity,<p>24</p>,Inner Pack Quantity,<p>1</p>,Country Of Origin,<p>BD</p>,Standards,<ul><li>NFPA® 70E</li><li>NFPA® 2112</li><li>ASTM F1506-10a</li><li>ASTM F1959/F1959M-12   ATPV 11 CAL/CM2 (HAF 79.2%)</li></ul>,,,,
UFR97,Variant,,This plaid shirt is made from Portwest Bizflame 88/12 fabric and delivers the perfect balance of comfort and protection.,https://d11ak7fd9ypfb7.cloudfront.net/styles1100px/UFR97WHR.jpg,,0.0,TRUE,InStock,0.623,,UFR97WHRS,,,,Size,DROP_DOWN,S,Color,DROP_DOWN,White,,,,,,,,,,,,,Fit,<p>R</p>,Length,<p>65</p>,Width,<p>40</p>,Height,<p>28</p>,Box Quantity,<p>24</p>,Inner Pack Quantity,<p>1</p>,Country Of Origin,<p>BD</p>,Standards,<ul><li>NFPA® 70E</li><li>NFPA® 2112</li><li>ASTM F1506-10a</li><li>ASTM F1959/F1959M-12   ATPV 11 CAL/CM2 (HAF 79.2%)</li></ul>,,,,
UFR97,Variant,,This plaid shirt is made from Portwest Bizflame 88/12 fabric and delivers the perfect balance of comfort and protection.,https://d11ak7fd9ypfb7.cloudfront.net/styles1100px/UFR97WHR.jpg,,0.0,TRUE,InStock,0.707,,UFR97WHRXL,,,,Size,DROP_DOWN,XL,Color,DROP_DOWN,White,,,,,,,,,,,,,Fit,<p>R</p>,Length,<p>65</p>,Width,<p>40</p>,Height,<p>28</p>,Box Quantity,<p>24</p>,Inner Pack Quantity,<p>1</p>,Country Of Origin,<p>BD</p>,Standards,<ul><li>NFPA® 70E</li><li>NFPA® 2112</li><li>ASTM F1506-10a</li><li>ASTM F1959/F1959M-12   ATPV 11 CAL/CM2 (HAF 79.2%)</li></ul>,,,,
UFR97,Variant,,This plaid shirt is made from Portwest Bizflame 88/12 fabric and delivers the perfect balance of comfort and protection.,https://d11ak7fd9ypfb7.cloudfront.net/styles1100px/UFR97WHR.jpg,,0.0,TRUE,InStock,0.737,,UFR97WHRXXL,,,,Size,DROP_DOWN,XXL,Color,DROP_DOWN,White,,,,,,,,,,,,,Fit,<p>R</p>,Length,<p>65</p>,Width,<p>40</p>,Height,<p>28</p>,Box Quantity,<p>24</p>,Inner Pack Quantity,<p>1</p>,Country Of Origin,<p>BD</p>,Standards,<ul><li>NFPA® 70E</li><li>NFPA® 2112</li><li>ASTM F1506-10a</li><li>ASTM F1959/F1959M-12   ATPV 11 CAL/CM2 (HAF 79.2%)</li></ul>,,,,
UFR97,Variant,,This plaid shirt is made from Portwest Bizflame 88/12 fabric and delivers the perfect balance of comfort and protection.,https://d11ak7fd9ypfb7.cloudfront.net/styles1100px/UFR97WHR.jpg,,0.0,TRUE,InStock,0.775,,UFR97WHRXXXL,,,,Size,DROP_DOWN,XXXL,Color,DROP_DOWN,White,,,,,,,,,,,,,Fit,<p>R</p>,Length,<p>65</p>,Width,<p>40</p>,Height,<p>28</p>,Box Quantity,<p>24</p>,Inner Pack Quantity,<p>1</p>,Country Of Origin,<p>BD</p>,Standards,<ul><li>NFPA® 70E</li><li>NFPA® 2112</li><li>ASTM F1506-10a</li><li>ASTM F1959/F1959M-12   ATPV 11 CAL/CM2 (HAF 79.2%)</li></ul>,,,,
UFT69,Product,UFT69 - Steelite Ohio Safety Boot EH,"Protective steel toecap Puncture resistant steel midsole Full grain tumbled brown leather Direct injected dual density construction Lightweight PU cushioned midsole Slip, fuel and oil resistant rubber outsole Waterproof membrane Heat resistant outsole",https://d11ak7fd9ypfb7.cloudfront.net/styles1100px/UFT69BRR.jpg,106.4,0.0,TRUE,InStock,0.999,,UFT69BRR39,,,,Size,DROP_DOWN,39;40;41;42;43;44;45;46;47;48,Color,DROP_DOWN,Brown,,,,,,,,,,,,,Fit,<p>R</p>,Length,<p>65</p>,Width,<p>57</p>,Height,<p>35</p>,Box Quantity,<p>10</p>,Inner Pack Quantity,<p>1</p>,Country Of Origin,<p>CN</p>,Standards,<ul><li>ASTM F2413-18 EH</li></ul>,,,,
UFT69,Variant,,"Protective steel toecap Puncture resistant steel midsole Full grain tumbled brown leather Direct injected dual density construction Lightweight PU cushioned midsole Slip, fuel and oil resistant rubber outsole Waterproof membrane Heat resistant outsole",https://d11ak7fd9ypfb7.cloudfront.net/styles1100px/UFT69BRR.jpg,,0.0,TRUE,InStock,0.999,,UFT69BRR39,,,,Size,DROP_DOWN,39,Color,DROP_DOWN,Brown,,,,,,,,,,,,,Fit,<p>R</p>,Length,<p>65</p>,Width,<p>57</p>,Height,<p>35</p>,Box Quantity,<p>10</p>,Inner Pack Quantity,<p>1</p>,Country Of Origin,<p>CN</p>,Standards,<ul><li>ASTM F2413-18 EH</li></ul>,,,,
UFT69,Variant,,"Protective steel toecap Puncture resistant steel midsole Full grain tumbled brown leather Direct injected dual density construction Lightweight PU cushioned midsole Slip, fuel and oil resistant rubber outsole Waterproof membrane Heat resistant outsole",https://d11ak7fd9ypfb7.cloudfront.net/styles1100px/UFT69BRR.jpg,,0.0,TRUE,InStock,0.999,,UFT69BRR40,,,,Size,DROP_DOWN,40,Color,DROP_DOWN,Brown,,,,,,,,,,,,,Fit,<p>R</p>,Length,<p>65</p>,Width,<p>57</p>,Height,<p>35</p>,Box Quantity,<p>10</p>,Inner Pack Quantity,<p>1</p>,Country Of Origin,<p>CN</p>,Standards,<ul><li>ASTM F2413-18 EH</li></ul>,,,,
UFT69,Variant,,"Protective steel toecap Puncture resistant steel midsole Full grain tumbled brown leather Direct injected dual density construction Lightweight PU cushioned midsole Slip, fuel and oil resistant rubber outsole Waterproof membrane Heat resistant outsole",https://d11ak7fd9ypfb7.cloudfront.net/styles1100px/UFT69BRR.jpg,,0.0,TRUE,InStock,0.999,,UFT69BRR41,,,,Size,DROP_DOWN,41,Color,DROP_DOWN,Brown,,,,,,,,,,,,,Fit,<p>R</p>,Length,<p>65</p>,Width,<p>57</p>,Height,<p>35</p>,Box Quantity,<p>10</p>,Inner Pack Quantity,<p>1</p>,Country Of Origin,<p>CN</p>,Standards,<ul><li>ASTM F2413-18 EH</li></ul>,,,,
UFT69,Variant,,"Protective steel toecap Puncture resistant steel midsole Full grain tumbled brown leather Direct injected dual density construction Lightweight PU cushioned midsole Slip, fuel and oil resistant rubber outsole Waterproof membrane Heat resistant outsole",https://d11ak7fd9ypfb7.cloudfront.net/styles1100px/UFT69BRR.jpg,,0.0,TRUE,InStock,0.999,,UFT69BRR42,,,,Size,DROP_DOWN,42,Color,DROP_DOWN,Brown,,,,,,,,,,,,,Fit,<p>R</p>,Length,<p>65</p>,Width,<p>57</p>,Height,<p>35</p>,Box Quantity,<p>10</p>,Inner Pack Quantity,<p>1</p>,Country Of Origin,<p>CN</p>,Standards,<ul><li>ASTM F2413-18 EH</li></ul>,,,,
UFT69,Variant,,"Protective steel toecap Puncture resistant steel midsole Full grain tumbled brown leather Direct injected dual density construction Lightweight PU cushioned midsole Slip, fuel and oil resistant rubber outsole Waterproof membrane Heat resistant outsole",https://d11ak7fd9ypfb7.cloudfront.net/styles1100px/UFT69BRR.jpg,,0.0,TRUE,InStock,0.999,,UFT69BRR43,,,,Size,DROP_DOWN,43,Color,DROP_DOWN,Brown,,,,,,,,,,,,,Fit,<p>R</p>,Length,<p>65</p>,Width,<p>57</p>,Height,<p>35</p>,Box Quantity,<p>10</p>,Inner Pack Quantity,<p>1</p>,Country Of Origin,<p>CN</p>,Standards,<ul><li>ASTM F2413-18 EH</li></ul>,,,,
UFT69,Variant,,"Protective steel toecap Puncture resistant steel midsole Full grain tumbled brown leather Direct injected dual density construction Lightweight PU cushioned midsole Slip, fuel and oil resistant rubber outsole Waterproof membrane Heat resistant outsole",https://d11ak7fd9ypfb7.cloudfront.net/styles1100px/UFT69BRR.jpg,,0.0,TRUE,InStock,0.999,,UFT69BRR44,,,,Size,DROP_DOWN,44,Color,DROP_DOWN,Brown,,,,,,,,,,,,,Fit,<p>R</p>,Length,<p>67</p>,Width,<p>57</p>,Height,<p>39</p>,Box Quantity,<p>10</p>,Inner Pack Quantity,<p>1</p>,Country Of Origin,<p>CN</p>,Standards,<ul><li>ASTM F2413-18 EH</li></ul>,,,,
UFT69,Variant,,"Protective steel toecap Puncture resistant steel midsole Full grain tumbled brown leather Direct injected dual density construction Lightweight PU cushioned midsole Slip, fuel and oil resistant rubber outsole Waterproof membrane Heat resistant outsole",https://d11ak7fd9ypfb7.cloudfront.net/styles1100px/UFT69BRR.jpg,,0.0,TRUE,InStock,0.999,,UFT69BRR45,,,,Size,DROP_DOWN,45,Color,DROP_DOWN,Brown,,,,,,,,,,,,,Fit,<p>R</p>,Length,<p>67</p>,Width,<p>57</p>,Height,<p>39</p>,Box Quantity,<p>10</p>,Inner Pack Quantity,<p>1</p>,Country Of Origin,<p>CN</p>,Standards,<ul><li>ASTM F2413-18 EH</li></ul>,,,,
UFT69,Variant,,"Protective steel toecap Puncture resistant steel midsole Full grain tumbled brown leather Direct injected dual density construction Lightweight PU cushioned midsole Slip, fuel and oil resistant rubber outsole Waterproof membrane Heat resistant outsole",https://d11ak7fd9ypfb7.cloudfront.net/styles1100px/UFT69BRR.jpg,,0.0,TRUE,InStock,0.999,,UFT69BRR46,,,,Size,DROP_DOWN,46,Color,DROP_DOWN,Brown,,,,,,,,,,,,,Fit,<p>R</p>,Length,<p>67</p>,Width,<p>57</p>,Height,<p>39</p>,Box Quantity,<p>10</p>,Inner Pack Quantity,<p>1</p>,Country Of Origin,<p>CN</p>,Standards,<ul><li>ASTM F2413-18 EH</li></ul>,,,,
UFT69,Variant,,"Protective steel toecap Puncture resistant steel midsole Full grain tumbled brown leather Direct injected dual density construction Lightweight PU cushioned midsole Slip, fuel and oil resistant rubber outsole Waterproof membrane Heat resistant outsole",https://d11ak7fd9ypfb7.cloudfront.net/styles1100px/UFT69BRR.jpg,,0.0,TRUE,InStock,0.999,,UFT69BRR47,,,,Size,DROP_DOWN,47,Color,DROP_DOWN,Brown,,,,,,,,,,,,,Fit,<p>R</p>,Length,<p>67</p>,Width,<p>57</p>,Height,<p>39</p>,Box Quantity,<p>10</p>,Inner Pack Quantity,<p>1</p>,Country Of Origin,<p>CN</p>,Standards,<ul><li>ASTM F2413-18 EH</li></ul>,,,,
UFT69,Variant,,"Protective steel toecap Puncture resistant steel midsole Full grain tumbled brown leather Direct injected dual density construction Lightweight PU cushioned midsole Slip, fuel and oil resistant rubber outsole Waterproof membrane Heat resistant outsole",https://d11ak7fd9ypfb7.cloudfront.net/styles1100px/UFT69BRR.jpg,,0.0,TRUE,InStock,0.999,,UFT69BRR48,,,,Size,DROP_DOWN,48,Color,DROP_DOWN,Brown,,,,,,,,,,,,,Fit,<p>R</p>,Length,<p>67</p>,Width,<p>57</p>,Height,<p>39</p>,Box Quantity,<p>10</p>,Inner Pack Quantity,<p>1</p>,Country Of Origin,<p>CN</p>,Standards,<ul><li>ASTM F2413-18 EH</li></ul>,,,,
UH400,Product,UH400 - ,,https://d11ak7fd9ypfb7.cloudfront.net/styles1100px/UH400YER.jpg,35.9,0.0,TRUE,InStock,0.999,,UH400YER4XL,,,,Size,DROP_DOWN,S;M;L;XL;XXL;XXXL;4XL;5XL,Color,DROP_DOWN,Yellow,,,,,,,,,,,,,Fit,<p>R</p>,Length,<p>43</p>,Width,<p>28</p>,Height,<p>40</p>,Box Quantity,<p>24</p>,Inner Pack Quantity,<p>1</p>,Country Of Origin,<p>MM</p>,Standards,<p></p>,,,,
UH400,Variant,,,https://d11ak7fd9ypfb7.cloudfront.net/styles1100px/UH400YER.jpg,,0.0,TRUE,InStock,0.999,,UH400YER4XL,,,,Size,DROP_DOWN,4XL,Color,DROP_DOWN,Yellow,,,,,,,,,,,,,Fit,<p>R</p>,Length,<p>43</p>,Width,<p>28</p>,Height,<p>40</p>,Box Quantity,<p>24</p>,Inner Pack Quantity,<p>1</p>,Country Of Origin,<p>MM</p>,Standards,<p></p>,,,,
UH400,Variant,,,https://d11ak7fd9ypfb7.cloudfront.net/styles1100px/UH400YER.jpg,,0.0,TRUE,InStock,0.999,,UH400YER5XL,,,,Size,DROP_DOWN,5XL,Color,DROP_DOWN,Yellow,,,,,,,,,,,,,Fit,<p>R</p>,Length,<p>43</p>,Width,<p>28</p>,Height,<p>40</p>,Box Quantity,<p>24</p>,Inner Pack Quantity,<p>1</p>,Country Of Origin,<p>MM</p>,Standards,<p></p>,,,,
UH400,Variant,,,https://d11ak7fd9ypfb7.cloudfront.net/styles1100px/UH400YER.jpg,,0.0,TRUE,InStock,0.999,,UH400YERL,,,,Size,DROP_DOWN,L,Color,DROP_DOWN,Yellow,,,,,,,,,,,,,Fit,<p>R</p>,Length,<p>43</p>,Width,<p>28</p>,Height,<p>40</p>,Box Quantity,<p>24</p>,Inner Pack Quantity,<p>1</p>,Country Of Origin,<p>MM</p>,Standards,<p></p>,,,,
UH400,Variant,,,https://d11ak7fd9ypfb7.cloudfront.net/styles1100px/UH400YER.jpg,,0.0,TRUE,InStock,0.999,,UH400YERM,,,,Size,DROP_DOWN,M,Color,DROP_DOWN,Yellow,,,,,,,,,,,,,Fit,<p>R</p>,Length,<p>43</p>,Width,<p>28</p>,Height,<p>40</p>,Box Quantity,<p>24</p>,Inner Pack Quantity,<p>1</p>,Country Of Origin,<p>MM</p>,Standards,<p></p>,,,,
UH400,Variant,,,https://d11ak7fd9ypfb7.cloudfront.net/styles1100px/UH400YER.jpg,,0.0,TRUE,InStock,0.999,,UH400YERS,,,,Size,DROP_DOWN,S,Color,DROP_DOWN,Yellow,,,,,,,,,,,,,Fit,<p>R</p>,Length,<p>43</p>,Width,<p>28</p>,Height,<p>40</p>,Box Quantity,<p>24</p>,Inner Pack Quantity,<p>1</p>,Country Of Origin,<p>MM</p>,Standards,<p></p>,,,,
UH400,Variant,,,https://d11ak7fd9ypfb7.cloudfront.net/styles1100px/UH400YER.jpg,,0.0,TRUE,InStock,0.999,,UH400YERXL,,,,Size,DROP_DOWN,XL,Color,DROP_DOWN,Yellow,,,,,,,,,,,,,Fit,<p>R</p>,Length,<p>43</p>,Width,<p>28</p>,Height,<p>40</p>,Box Quantity,<p>24</p>,Inner Pack Quantity,<p>1</p>,Country Of Origin,<p>MM</p>,Standards,<p></p>,,,,
UH400,Variant,,,https://d11ak7fd9ypfb7.cloudfront.net/styles1100px/UH400YER.jpg,,0.0,TRUE,InStock,0.999,,UH400YERXXL,,,,Size,DROP_DOWN,XXL,Color,DROP_DOWN,Yellow,,,,,,,,,,,,,Fit,<p>R</p>,Length,<p>43</p>,Width,<p>28</p>,Height,<p>40</p>,Box Quantity,<p>24</p>,Inner Pack Quantity,<p>1</p>,Country Of Origin,<p>MM</p>,Standards,<p></p>,,,,
UH400,Variant,,,https://d11ak7fd9ypfb7.cloudfront.net/styles1100px/UH400YER.jpg,,0.0,TRUE,InStock,0.999,,UH400YERXXXL,,,,Size,DROP_DOWN,XXXL,Color,DROP_DOWN,Yellow,,,,,,,,,,,,,Fit,<p>R</p>,Length,<p>43</p>,Width,<p>28</p>,Height,<p>40</p>,Box Quantity,<p>24</p>,Inner Pack Quantity,<p>1</p>,Country Of Origin,<p>MM</p>,Standards,<p></p>,,,,
UH440,Product,UH440 - Hi-Vis Rain Jacket,"Designed to keep the wearer visible, safe and dry in foul weather conditions, the H440 is extremely practical and waterproof. It offers exceptional value for money and can be perfectly matched with the H441 Hi-Vis Rain Pants. This garment can be easily rolled up and stored when not in use.",https://d11ak7fd9ypfb7.cloudfront.net/styles1100px/UH440ORR.jpg,33.6,0.0,TRUE,InStock,0.88,,UH440ORR4XL,,,,Size,DROP_DOWN,XS;S;M;L;XL;XXL;XXXL;4XL;5XL;6XL;7XL;8XL,Color,DROP_DOWN,Yellow;Orange,,,,,,,,,,,,,Fit,<p>R</p>,Length,<p>43</p>,Width,<p>28</p>,Height,<p>40</p>,Box Quantity,<p>24</p>,Inner Pack Quantity,<p>1</p>,Country Of Origin,<p>MM</p>,Standards,<p></p>,,,,
UH440,Variant,,"Designed to keep the wearer visible, safe and dry in foul weather conditions, the H440 is extremely practical and waterproof. It offers exceptional value for money and can be perfectly matched with the H441 Hi-Vis Rain Pants. This garment can be easily rolled up and stored when not in use.",https://d11ak7fd9ypfb7.cloudfront.net/styles1100px/UH440ORR.jpg,,0.0,TRUE,InStock,0.88,,UH440ORR4XL,,,,Size,DROP_DOWN,4XL,Color,DROP_DOWN,Orange,,,,,,,,,,,,,Fit,<p>R</p>,Length,<p>43</p>,Width,<p>28</p>,Height,<p>40</p>,Box Quantity,<p>24</p>,Inner Pack Quantity,<p>1</p>,Country Of Origin,<p>MM</p>,Standards,<p></p>,,,,
UH440,Variant,,"Designed to keep the wearer visible, safe and dry in foul weather conditions, the H440 is extremely practical and waterproof. It offers exceptional value for money and can be perfectly matched with the H441 Hi-Vis Rain Pants. This garment can be easily rolled up and stored when not in use.",https://d11ak7fd9ypfb7.cloudfront.net/styles1100px/UH440ORR.jpg,,0.0,TRUE,InStock,0.9,,UH440ORR5XL,,,,Size,DROP_DOWN,5XL,Color,DROP_DOWN,Orange,,,,,,,,,,,,,Fit,<p>R</p>,Length,<p>43</p>,Width,<p>28</p>,Height,<p>40</p>,Box Quantity,<p>24</p>,Inner Pack Quantity,<p>1</p>,Country Of Origin,<p>MM</p>,Standards,<p></p>,,,,
UH440,Variant,,"Designed to keep the wearer visible, safe and dry in foul weather conditions, the H440 is extremely practical and waterproof. It offers exceptional value for money and can be perfectly matched with the H441 Hi-Vis Rain Pants. This garment can be easily rolled up and stored when not in use.",https://d11ak7fd9ypfb7.cloudfront.net/styles1100px/UH440ORR.jpg,,0.0,TRUE,InStock,0.8,,UH440ORRL,,,,Size,DROP_DOWN,L,Color,DROP_DOWN,Orange,,,,,,,,,,,,,Fit,<p>R</p>,Length,<p>43</p>,Width,<p>28</p>,Height,<p>40</p>,Box Quantity,<p>24</p>,Inner Pack Quantity,<p>1</p>,Country Of Origin,<p>MM</p>,Standards,<p></p>,,,,
UH440,Variant,,"Designed to keep the wearer visible, safe and dry in foul weather conditions, the H440 is extremely practical and waterproof. It offers exceptional value for money and can be perfectly matched with the H441 Hi-Vis Rain Pants. This garment can be easily rolled up and stored when not in use.",https://d11ak7fd9ypfb7.cloudfront.net/styles1100px/UH440ORR.jpg,,0.0,TRUE,InStock,0.78,,UH440ORRM,,,,Size,DROP_DOWN,M,Color,DROP_DOWN,Orange,,,,,,,,,,,,,Fit,<p>R</p>,Length,<p>43</p>,Width,<p>28</p>,Height,<p>40</p>,Box Quantity,<p>24</p>,Inner Pack Quantity,<p>1</p>,Country Of Origin,<p>MM</p>,Standards,<p></p>,,,,
UH440,Variant,,"Designed to keep the wearer visible, safe and dry in foul weather conditions, the H440 is extremely practical and waterproof. It offers exceptional value for money and can be perfectly matched with the H441 Hi-Vis Rain Pants. This garment can be easily rolled up and stored when not in use.",https://d11ak7fd9ypfb7.cloudfront.net/styles1100px/UH440ORR.jpg,,0.0,TRUE,InStock,0.76,,UH440ORRS,,,,Size,DROP_DOWN,S,Color,DROP_DOWN,Orange,,,,,,,,,,,,,Fit,<p>R</p>,Length,<p>43</p>,Width,<p>28</p>,Height,<p>40</p>,Box Quantity,<p>24</p>,Inner Pack Quantity,<p>1</p>,Country Of Origin,<p>MM</p>,Standards,<p></p>,,,,
UH440,Variant,,"Designed to keep the wearer visible, safe and dry in foul weather conditions, the H440 is extremely practical and waterproof. It offers exceptional value for money and can be perfectly matched with the H441 Hi-Vis Rain Pants. This garment can be easily rolled up and stored when not in use.",https://d11ak7fd9ypfb7.cloudfront.net/styles1100px/UH440ORR.jpg,,0.0,TRUE,InStock,0.82,,UH440ORRXL,,,,Size,DROP_DOWN,XL,Color,DROP_DOWN,Orange,,,,,,,,,,,,,Fit,<p>R</p>,Length,<p>43</p>,Width,<p>28</p>,Height,<p>40</p>,Box Quantity,<p>24</p>,Inner Pack Quantity,<p>1</p>,Country Of Origin,<p>MM</p>,Standards,<p></p>,,,,
UH440,Variant,,"Designed to keep the wearer visible, safe and dry in foul weather conditions, the H440 is extremely practical and waterproof. It offers exceptional value for money and can be perfectly matched with the H441 Hi-Vis Rain Pants. This garment can be easily rolled up and stored when not in use.",https://d11ak7fd9ypfb7.cloudfront.net/styles1100px/UH440ORR.jpg,,0.0,TRUE,InStock,0.84,,UH440ORRXXL,,,,Size,DROP_DOWN,XXL,Color,DROP_DOWN,Orange,,,,,,,,,,,,,Fit,<p>R</p>,Length,<p>43</p>,Width,<p>28</p>,Height,<p>40</p>,Box Quantity,<p>24</p>,Inner Pack Quantity,<p>1</p>,Country Of Origin,<p>MM</p>,Standards,<p></p>,,,,
UH440,Variant,,"Designed to keep the wearer visible, safe and dry in foul weather conditions, the H440 is extremely practical and waterproof. It offers exceptional value for money and can be perfectly matched with the H441 Hi-Vis Rain Pants. This garment can be easily rolled up and stored when not in use.",https://d11ak7fd9ypfb7.cloudfront.net/styles1100px/UH440ORR.jpg,,0.0,TRUE,InStock,0.86,,UH440ORRXXXL,,,,Size,DROP_DOWN,XXXL,Color,DROP_DOWN,Orange,,,,,,,,,,,,,Fit,<p>R</p>,Length,<p>43</p>,Width,<p>28</p>,Height,<p>40</p>,Box Quantity,<p>24</p>,Inner Pack Quantity,<p>1</p>,Country Of Origin,<p>MM</p>,Standards,<p></p>,,,,
UH440,Variant,,"Designed to keep the wearer visible, safe and dry in foul weather conditions, the H440 is extremely practical and waterproof. It offers exceptional value for money and can be perfectly matched with the H441 Hi-Vis Rain Pants. This garment can be easily rolled up and stored when not in use.",https://d11ak7fd9ypfb7.cloudfront.net/styles1100px/UH440YER.jpg,,0.0,TRUE,InStock,0.88,,UH440YER4XL,,,,Size,DROP_DOWN,4XL,Color,DROP_DOWN,Yellow,,,,,,,,,,,,,Fit,<p>R</p>,Length,<p>43</p>,Width,<p>28</p>,Height,<p>40</p>,Box Quantity,<p>24</p>,Inner Pack Quantity,<p>1</p>,Country Of Origin,<p>MM</p>,Standards,<p></p>,,,,
UH440,Variant,,"Designed to keep the wearer visible, safe and dry in foul weather conditions, the H440 is extremely practical and waterproof. It offers exceptional value for money and can be perfectly matched with the H441 Hi-Vis Rain Pants. This garment can be easily rolled up and stored when not in use.",https://d11ak7fd9ypfb7.cloudfront.net/styles1100px/UH440YER.jpg,,0.0,TRUE,InStock,0.9,,UH440YER5XL,,,,Size,DROP_DOWN,5XL,Color,DROP_DOWN,Yellow,,,,,,,,,,,,,Fit,<p>R</p>,Length,<p>43</p>,Width,<p>28</p>,Height,<p>40</p>,Box Quantity,<p>24</p>,Inner Pack Quantity,<p>1</p>,Country Of Origin,<p>MM</p>,Standards,<p></p>,,,,
UH440,Variant,,"Designed to keep the wearer visible, safe and dry in foul weather conditions, the H440 is extremely practical and waterproof. It offers exceptional value for money and can be perfectly matched with the H441 Hi-Vis Rain Pants. This garment can be easily rolled up and stored when not in use.",https://d11ak7fd9ypfb7.cloudfront.net/styles1100px/UH440YER.jpg,,0.0,TRUE,InStock,0.92,,UH440YER6XL,,,,Size,DROP_DOWN,6XL,Color,DROP_DOWN,Yellow,,,,,,,,,,,,,Fit,<p>R</p>,Length,<p>43</p>,Width,<p>28</p>,Height,<p>40</p>,Box Quantity,<p>24</p>,Inner Pack Quantity,<p>1</p>,Country Of Origin,<p>MM</p>,Standards,<p></p>,,,,
UH440,Variant,,"Designed to keep the wearer visible, safe and dry in foul weather conditions, the H440 is extremely practical and waterproof. It offers exceptional value for money and can be perfectly matched with the H441 Hi-Vis Rain Pants. This garment can be easily rolled up and stored when not in use.",https://d11ak7fd9ypfb7.cloudfront.net/styles1100px/UH440YER.jpg,,0.0,TRUE,InStock,0.94,,UH440YER7XL,,,,Size,DROP_DOWN,7XL,Color,DROP_DOWN,Yellow,,,,,,,,,,,,,Fit,<p>R</p>,Length,<p>43</p>,Width,<p>28</p>,Height,<p>40</p>,Box Quantity,<p>24</p>,Inner Pack Quantity,<p>1</p>,Country Of Origin,<p>MM</p>,Standards,<p></p>,,,,
UH440,Variant,,"Designed to keep the wearer visible, safe and dry in foul weather conditions, the H440 is extremely practical and waterproof. It offers exceptional value for money and can be perfectly matched with the H441 Hi-Vis Rain Pants. This garment can be easily rolled up and stored when not in use.",https://d11ak7fd9ypfb7.cloudfront.net/styles1100px/UH440YER.jpg,,0.0,TRUE,InStock,0.96,,UH440YER8XL,,,,Size,DROP_DOWN,8XL,Color,DROP_DOWN,Yellow,,,,,,,,,,,,,Fit,<p>R</p>,Length,<p>43</p>,Width,<p>28</p>,Height,<p>40</p>,Box Quantity,<p>24</p>,Inner Pack Quantity,<p>1</p>,Country Of Origin,<p>MM</p>,Standards,<p></p>,,,,
UH440,Variant,,"Designed to keep the wearer visible, safe and dry in foul weather conditions, the H440 is extremely practical and waterproof. It offers exceptional value for money and can be perfectly matched with the H441 Hi-Vis Rain Pants. This garment can be easily rolled up and stored when not in use.",https://d11ak7fd9ypfb7.cloudfront.net/styles1100px/UH440YER.jpg,,0.0,TRUE,InStock,0.8,,UH440YERL,,,,Size,DROP_DOWN,L,Color,DROP_DOWN,Yellow,,,,,,,,,,,,,Fit,<p>R</p>,Length,<p>43</p>,Width,<p>28</p>,Height,<p>40</p>,Box Quantity,<p>24</p>,Inner Pack Quantity,<p>1</p>,Country Of Origin,<p>MM</p>,Standards,<p></p>,,,,
UH440,Variant,,"Designed to keep the wearer visible, safe and dry in foul weather conditions, the H440 is extremely practical and waterproof. It offers exceptional value for money and can be perfectly matched with the H441 Hi-Vis Rain Pants. This garment can be easily rolled up and stored when not in use.",https://d11ak7fd9ypfb7.cloudfront.net/styles1100px/UH440YER.jpg,,0.0,TRUE,InStock,0.78,,UH440YERM,,,,Size,DROP_DOWN,M,Color,DROP_DOWN,Yellow,,,,,,,,,,,,,Fit,<p>R</p>,Length,<p>43</p>,Width,<p>28</p>,Height,<p>40</p>,Box Quantity,<p>24</p>,Inner Pack Quantity,<p>1</p>,Country Of Origin,<p>MM</p>,Standards,<p></p>,,,,
UH440,Variant,,"Designed to keep the wearer visible, safe and dry in foul weather conditions, the H440 is extremely practical and waterproof. It offers exceptional value for money and can be perfectly matched with the H441 Hi-Vis Rain Pants. This garment can be easily rolled up and stored when not in use.",https://d11ak7fd9ypfb7.cloudfront.net/styles1100px/UH440YER.jpg,,0.0,TRUE,InStock,0.76,,UH440YERS,,,,Size,DROP_DOWN,S,Color,DROP_DOWN,Yellow,,,,,,,,,,,,,Fit,<p>R</p>,Length,<p>43</p>,Width,<p>28</p>,Height,<p>40</p>,Box Quantity,<p>24</p>,Inner Pack Quantity,<p>1</p>,Country Of Origin,<p>MM</p>,Standards,<p></p>,,,,
UH440,Variant,,"Designed to keep the wearer visible, safe and dry in foul weather conditions, the H440 is extremely practical and waterproof. It offers exceptional value for money and can be perfectly matched with the H441 Hi-Vis Rain Pants. This garment can be easily rolled up and stored when not in use.",https://d11ak7fd9ypfb7.cloudfront.net/styles1100px/UH440YER.jpg,,0.0,TRUE,InStock,0.82,,UH440YERXL,,,,Size,DROP_DOWN,XL,Color,DROP_DOWN,Yellow,,,,,,,,,,,,,Fit,<p>R</p>,Length,<p>43</p>,Width,<p>28</p>,Height,<p>40</p>,Box Quantity,<p>24</p>,Inner Pack Quantity,<p>1</p>,Country Of Origin,<p>MM</p>,Standards,<p></p>,,,,
UH440,Variant,,"Designed to keep the wearer visible, safe and dry in foul weather conditions, the H440 is extremely practical and waterproof. It offers exceptional value for money and can be perfectly matched with the H441 Hi-Vis Rain Pants. This garment can be easily rolled up and stored when not in use.",https://d11ak7fd9ypfb7.cloudfront.net/styles1100px/UH440YER.jpg,,0.0,TRUE,InStock,0.74,,UH440YERXS,,,,Size,DROP_DOWN,XS,Color,DROP_DOWN,Yellow,,,,,,,,,,,,,Fit,<p>R</p>,Length,<p>43</p>,Width,<p>28</p>,Height,<p>40</p>,Box Quantity,<p>24</p>,Inner Pack Quantity,<p>1</p>,Country Of Origin,<p>MM</p>,Standards,<p></p>,,,,
UH440,Variant,,"Designed to keep the wearer visible, safe and dry in foul weather conditions, the H440 is extremely practical and waterproof. It offers exceptional value for money and can be perfectly matched with the H441 Hi-Vis Rain Pants. This garment can be easily rolled up and stored when not in use.",https://d11ak7fd9ypfb7.cloudfront.net/styles1100px/UH440YER.jpg,,0.0,TRUE,InStock,0.84,,UH440YERXXL,,,,Size,DROP_DOWN,XXL,Color,DROP_DOWN,Yellow,,,,,,,,,,,,,Fit,<p>R</p>,Length,<p>43</p>,Width,<p>28</p>,Height,<p>40</p>,Box Quantity,<p>24</p>,Inner Pack Quantity,<p>1</p>,Country Of Origin,<p>MM</p>,Standards,<p></p>,,,,
UH440,Variant,,"Designed to keep the wearer visible, safe and dry in foul weather conditions, the H440 is extremely practical and waterproof. It offers exceptional value for money and can be perfectly matched with the H441 Hi-Vis Rain Pants. This garment can be easily rolled up and stored when not in use.",https://d11ak7fd9ypfb7.cloudfront.net/styles1100px/UH440YER.jpg,,0.0,TRUE,InStock,0.86,,UH440YERXXXL,,,,Size,DROP_DOWN,XXXL,Color,DROP_DOWN,Yellow,,,,,,,,,,,,,Fit,<p>R</p>,Length,<p>43</p>,Width,<p>28</p>,Height,<p>40</p>,Box Quantity,<p>24</p>,Inner Pack Quantity,<p>1</p>,Country Of Origin,<p>MM</p>,Standards,<p></p>,,,,
UH443,Product,UH443 - Hi-Vis Classic Contrast Rain Jacket,"Designed to keep the wearer visible, safe and dry in foul weather conditions. This lightweight stylish two tone jacket features a pack away hood for easy access, large pockets for ample storage and vented back yoke and eyelets for ventilation.",https://d11ak7fd9ypfb7.cloudfront.net/styles1100px/UH443YBR.jpg,34.0,0.0,TRUE,InStock,0.89,,UH443YBR4XL,,,,Size,DROP_DOWN,XS;S;M;L;XL;XXL;XXXL;4XL;5XL;6XL;7XL,Color,DROP_DOWN,Yellow/Black,,,,,,,,,,,,,Fit,<p>R</p>,Length,<p>43</p>,Width,<p>28</p>,Height,<p>43</p>,Box Quantity,<p>24</p>,Inner Pack Quantity,<p>1</p>,Country Of Origin,<p>MM</p>,Standards,<p></p>,,,,
UH443,Variant,,"Designed to keep the wearer visible, safe and dry in foul weather conditions. This lightweight stylish two tone jacket features a pack away hood for easy access, large pockets for ample storage and vented back yoke and eyelets for ventilation.",https://d11ak7fd9ypfb7.cloudfront.net/styles1100px/UH443YBR.jpg,,0.0,TRUE,InStock,0.89,,UH443YBR4XL,,,,Size,DROP_DOWN,4XL,Color,DROP_DOWN,Yellow/Black,,,,,,,,,,,,,Fit,<p>R</p>,Length,<p>43</p>,Width,<p>28</p>,Height,<p>43</p>,Box Quantity,<p>24</p>,Inner Pack Quantity,<p>1</p>,Country Of Origin,<p>MM</p>,Standards,<p></p>,,,,
UH443,Variant,,"Designed to keep the wearer visible, safe and dry in foul weather conditions. This lightweight stylish two tone jacket features a pack away hood for easy access, large pockets for ample storage and vented back yoke and eyelets for ventilation.",https://d11ak7fd9ypfb7.cloudfront.net/styles1100px/UH443YBR.jpg,,0.0,TRUE,InStock,0.92,,UH443YBR5XL,,,,Size,DROP_DOWN,5XL,Color,DROP_DOWN,Yellow/Black,,,,,,,,,,,,,Fit,<p>R</p>,Length,<p>43</p>,Width,<p>28</p>,Height,<p>43</p>,Box Quantity,<p>24</p>,Inner Pack Quantity,<p>1</p>,Country Of Origin,<p>MM</p>,Standards,<p></p>,,,,
UH443,Variant,,"Designed to keep the wearer visible, safe and dry in foul weather conditions. This lightweight stylish two tone jacket features a pack away hood for easy access, large pockets for ample storage and vented back yoke and eyelets for ventilation.",https://d11ak7fd9ypfb7.cloudfront.net/styles1100px/UH443YBR.jpg,,0.0,TRUE,InStock,0.95,,UH443YBR6XL,,,,Size,DROP_DOWN,6XL,Color,DROP_DOWN,Yellow/Black,,,,,,,,,,,,,Fit,<p>R</p>,Length,<p>43</p>,Width,<p>28</p>,Height,<p>43</p>,Box Quantity,<p>24</p>,Inner Pack Quantity,<p>1</p>,Country Of Origin,<p>MM</p>,Standards,<p></p>,,,,
UH443,Variant,,"Designed to keep the wearer visible, safe and dry in foul weather conditions. This lightweight stylish two tone jacket features a pack away hood for easy access, large pockets for ample storage and vented back yoke and eyelets for ventilation.",https://d11ak7fd9ypfb7.cloudfront.net/styles1100px/UH443YBR.jpg,,0.0,TRUE,InStock,0.98,,UH443YBR7XL,,,,Size,DROP_DOWN,7XL,Color,DROP_DOWN,Yellow/Black,,,,,,,,,,,,,Fit,<p>R</p>,Length,<p>43</p>,Width,<p>28</p>,Height,<p>43</p>,Box Quantity,<p>24</p>,Inner Pack Quantity,<p>1</p>,Country Of Origin,<p>MM</p>,Standards,<p></p>,,,,
UH443,Variant,,"Designed to keep the wearer visible, safe and dry in foul weather conditions. This lightweight stylish two tone jacket features a pack away hood for easy access, large pockets for ample storage and vented back yoke and eyelets for ventilation.",https://d11ak7fd9ypfb7.cloudfront.net/styles1100px/UH443YBR.jpg,,0.0,TRUE,InStock,0.8,,UH443YBRL,,,,Size,DROP_DOWN,L,Color,DROP_DOWN,Yellow/Black,,,,,,,,,,,,,Fit,<p>R</p>,Length,<p>43</p>,Width,<p>28</p>,Height,<p>43</p>,Box Quantity,<p>24</p>,Inner Pack Quantity,<p>1</p>,Country Of Origin,<p>MM</p>,Standards,<p></p>,,,,
UH443,Variant,,"Designed to keep the wearer visible, safe and dry in foul weather conditions. This lightweight stylish two tone jacket features a pack away hood for easy access, large pockets for ample storage and vented back yoke and eyelets for ventilation.",https://d11ak7fd9ypfb7.cloudfront.net/styles1100px/UH443YBR.jpg,,0.0,TRUE,InStock,0.78,,UH443YBRM,,,,Size,DROP_DOWN,M,Color,DROP_DOWN,Yellow/Black,,,,,,,,,,,,,Fit,<p>R</p>,Length,<p>43</p>,Width,<p>28</p>,Height,<p>43</p>,Box Quantity,<p>24</p>,Inner Pack Quantity,<p>1</p>,Country Of Origin,<p>MM</p>,Standards,<p></p>,,,,
UH443,Variant,,"Designed to keep the wearer visible, safe and dry in foul weather conditions. This lightweight stylish two tone jacket features a pack away hood for easy access, large pockets for ample storage and vented back yoke and eyelets for ventilation.",https://d11ak7fd9ypfb7.cloudfront.net/styles1100px/UH443YBR.jpg,,0.0,TRUE,InStock,0.76,,UH443YBRS,,,,Size,DROP_DOWN,S,Color,DROP_DOWN,Yellow/Black,,,,,,,,,,,,,Fit,<p>R</p>,Length,<p>43</p>,Width,<p>28</p>,Height,<p>43</p>,Box Quantity,<p>24</p>,Inner Pack Quantity,<p>1</p>,Country Of Origin,<p>MM</p>,Standards,<p></p>,,,,
UH443,Variant,,"Designed to keep the wearer visible, safe and dry in foul weather conditions. This lightweight stylish two tone jacket features a pack away hood for easy access, large pockets for ample storage and vented back yoke and eyelets for ventilation.",https://d11ak7fd9ypfb7.cloudfront.net/styles1100px/UH443YBR.jpg,,0.0,TRUE,InStock,0.82,,UH443YBRXL,,,,Size,DROP_DOWN,XL,Color,DROP_DOWN,Yellow/Black,,,,,,,,,,,,,Fit,<p>R</p>,Length,<p>43</p>,Width,<p>28</p>,Height,<p>43</p>,Box Quantity,<p>24</p>,Inner Pack Quantity,<p>1</p>,Country Of Origin,<p>MM</p>,Standards,<p></p>,,,,
UH443,Variant,,"Designed to keep the wearer visible, safe and dry in foul weather conditions. This lightweight stylish two tone jacket features a pack away hood for easy access, large pockets for ample storage and vented back yoke and eyelets for ventilation.",https://d11ak7fd9ypfb7.cloudfront.net/styles1100px/UH443YBR.jpg,,0.0,TRUE,InStock,0.74,,UH443YBRXS,,,,Size,DROP_DOWN,XS,Color,DROP_DOWN,Yellow/Black,,,,,,,,,,,,,Fit,<p>R</p>,Length,<p>43</p>,Width,<p>28</p>,Height,<p>43</p>,Box Quantity,<p>24</p>,Inner Pack Quantity,<p>1</p>,Country Of Origin,<p>MM</p>,Standards,<p></p>,,,,
UH443,Variant,,"Designed to keep the wearer visible, safe and dry in foul weather conditions. This lightweight stylish two tone jacket features a pack away hood for easy access, large pockets for ample storage and vented back yoke and eyelets for ventilation.",https://d11ak7fd9ypfb7.cloudfront.net/styles1100px/UH443YBR.jpg,,0.0,TRUE,InStock,0.84,,UH443YBRXXL,,,,Size,DROP_DOWN,XXL,Color,DROP_DOWN,Yellow/Black,,,,,,,,,,,,,Fit,<p>R</p>,Length,<p>43</p>,Width,<p>28</p>,Height,<p>43</p>,Box Quantity,<p>24</p>,Inner Pack Quantity,<p>1</p>,Country Of Origin,<p>MM</p>,Standards,<p></p>,,,,
UH443,Variant,,"Designed to keep the wearer visible, safe and dry in foul weather conditions. This lightweight stylish two tone jacket features a pack away hood for easy access, large pockets for ample storage and vented back yoke and eyelets for ventilation.",https://d11ak7fd9ypfb7.cloudfront.net/styles1100px/UH443YBR.jpg,,0.0,TRUE,InStock,0.86,,UH443YBRXXXL,,,,Size,DROP_DOWN,XXXL,Color,DROP_DOWN,Yellow/Black,,,,,,,,,,,,,Fit,<p>R</p>,Length,<p>43</p>,Width,<p>28</p>,Height,<p>43</p>,Box Quantity,<p>24</p>,Inner Pack Quantity,<p>1</p>,Country Of Origin,<p>MM</p>,Standards,<p></p>,,,,
UH445,Product,"UH445 - Hi-Vis Classic Rain Coat 48""","Cleverly designed with an extra long length of 48"", this coat ensures total protection in adverse weather conditions and offers exceptional value for money. This lightweight coat features a pack-away hood, snap and zipper storm flap, large pockets for ample storage, a mic tab and a badge holder.",https://d11ak7fd9ypfb7.cloudfront.net/styles1100px/UH445ORR.jpg,43.9,0.0,TRUE,InStock,0.999,,UH445ORR4XL,,,,Size,DROP_DOWN,XS;S;M;L;XL;XXL;XXXL;4XL;5XL;6XL;7XL;8XL,Color,DROP_DOWN,Yellow;Orange,,,,,,,,,,,,,Fit,<p>R</p>,Length,<p>43</p>,Width,<p>28</p>,Height,<p>38</p>,Box Quantity,<p>18</p>,Inner Pack Quantity,<p>1</p>,Country Of Origin,<p>MM</p>,Standards,<ul><li>ANSI/ISEA 107 TYPE R CLASS 3</li><li>EN ISO 20471 Class 3</li><li>EN 343:2019 Class 3:1 X  WP 5000mm</li></ul>,,,,
UH445,Variant,,"Cleverly designed with an extra long length of 48"", this coat ensures total protection in adverse weather conditions and offers exceptional value for money. This lightweight coat features a pack-away hood, snap and zipper storm flap, large pockets for ample storage, a mic tab and a badge holder.",https://d11ak7fd9ypfb7.cloudfront.net/styles1100px/UH445ORR.jpg,,0.0,TRUE,InStock,0.999,,UH445ORR4XL,,,,Size,DROP_DOWN,4XL,Color,DROP_DOWN,Orange,,,,,,,,,,,,,Fit,<p>R</p>,Length,<p>43</p>,Width,<p>28</p>,Height,<p>38</p>,Box Quantity,<p>18</p>,Inner Pack Quantity,<p>1</p>,Country Of Origin,<p>MM</p>,Standards,<ul><li>ANSI/ISEA 107 TYPE R CLASS 3</li><li>EN ISO 20471 Class 3</li><li>EN 343:2019 Class 3:1 X  WP 5000mm</li></ul>,,,,
UH445,Variant,,"Cleverly designed with an extra long length of 48"", this coat ensures total protection in adverse weather conditions and offers exceptional value for money. This lightweight coat features a pack-away hood, snap and zipper storm flap, large pockets for ample storage, a mic tab and a badge holder.",https://d11ak7fd9ypfb7.cloudfront.net/styles1100px/UH445ORR.jpg,,0.0,TRUE,InStock,0.999,,UH445ORRL,,,,Size,DROP_DOWN,L,Color,DROP_DOWN,Orange,,,,,,,,,,,,,Fit,<p>R</p>,Length,<p>43</p>,Width,<p>28</p>,Height,<p>38</p>,Box Quantity,<p>18</p>,Inner Pack Quantity,<p>1</p>,Country Of Origin,<p>MM</p>,Standards,<ul><li>ANSI/ISEA 107 TYPE R CLASS 3</li><li>EN ISO 20471 Class 3</li><li>EN 343:2019 Class 3:1 X  WP 5000mm</li></ul>,,,,
UH445,Variant,,"Cleverly designed with an extra long length of 48"", this coat ensures total protection in adverse weather conditions and offers exceptional value for money. This lightweight coat features a pack-away hood, snap and zipper storm flap, large pockets for ample storage, a mic tab and a badge holder.",https://d11ak7fd9ypfb7.cloudfront.net/styles1100px/UH445ORR.jpg,,0.0,TRUE,InStock,0.999,,UH445ORRM,,,,Size,DROP_DOWN,M,Color,DROP_DOWN,Orange,,,,,,,,,,,,,Fit,<p>R</p>,Length,<p>43</p>,Width,<p>28</p>,Height,<p>38</p>,Box Quantity,<p>18</p>,Inner Pack Quantity,<p>1</p>,Country Of Origin,<p>MM</p>,Standards,<ul><li>ANSI/ISEA 107 TYPE R CLASS 3</li><li>EN ISO 20471 Class 3</li><li>EN 343:2019 Class 3:1 X  WP 5000mm</li></ul>,,,,
UH445,Variant,,"Cleverly designed with an extra long length of 48"", this coat ensures total protection in adverse weather conditions and offers exceptional value for money. This lightweight coat features a pack-away hood, snap and zipper storm flap, large pockets for ample storage, a mic tab and a badge holder.",https://d11ak7fd9ypfb7.cloudfront.net/styles1100px/UH445ORR.jpg,,0.0,TRUE,InStock,0.999,,UH445ORRS,,,,Size,DROP_DOWN,S,Color,DROP_DOWN,Orange,,,,,,,,,,,,,Fit,<p>R</p>,Length,<p>43</p>,Width,<p>28</p>,Height,<p>38</p>,Box Quantity,<p>18</p>,Inner Pack Quantity,<p>1</p>,Country Of Origin,<p>MM</p>,Standards,<ul><li>ANSI/ISEA 107 TYPE R CLASS 3</li><li>EN ISO 20471 Class 3</li><li>EN 343:2019 Class 3:1 X  WP 5000mm</li></ul>,,,,
UH445,Variant,,"Cleverly designed with an extra long length of 48"", this coat ensures total protection in adverse weather conditions and offers exceptional value for money. This lightweight coat features a pack-away hood, snap and zipper storm flap, large pockets for ample storage, a mic tab and a badge holder.",https://d11ak7fd9ypfb7.cloudfront.net/styles1100px/UH445ORR.jpg,,0.0,TRUE,InStock,0.999,,UH445ORRXL,,,,Size,DROP_DOWN,XL,Color,DROP_DOWN,Orange,,,,,,,,,,,,,Fit,<p>R</p>,Length,<p>43</p>,Width,<p>28</p>,Height,<p>38</p>,Box Quantity,<p>18</p>,Inner Pack Quantity,<p>1</p>,Country Of Origin,<p>MM</p>,Standards,<ul><li>ANSI/ISEA 107 TYPE R CLASS 3</li><li>EN ISO 20471 Class 3</li><li>EN 343:2019 Class 3:1 X  WP 5000mm</li></ul>,,,,
UH445,Variant,,"Cleverly designed with an extra long length of 48"", this coat ensures total protection in adverse weather conditions and offers exceptional value for money. This lightweight coat features a pack-away hood, snap and zipper storm flap, large pockets for ample storage, a mic tab and a badge holder.",https://d11ak7fd9ypfb7.cloudfront.net/styles1100px/UH445ORR.jpg,,0.0,TRUE,InStock,0.999,,UH445ORRXXL,,,,Size,DROP_DOWN,XXL,Color,DROP_DOWN,Orange,,,,,,,,,,,,,Fit,<p>R</p>,Length,<p>43</p>,Width,<p>28</p>,Height,<p>38</p>,Box Quantity,<p>18</p>,Inner Pack Quantity,<p>1</p>,Country Of Origin,<p>MM</p>,Standards,<ul><li>ANSI/ISEA 107 TYPE R CLASS 3</li><li>EN ISO 20471 Class 3</li><li>EN 343:2019 Class 3:1 X  WP 5000mm</li></ul>,,,,
UH445,Variant,,"Cleverly designed with an extra long length of 48"", this coat ensures total protection in adverse weather conditions and offers exceptional value for money. This lightweight coat features a pack-away hood, snap and zipper storm flap, large pockets for ample storage, a mic tab and a badge holder.",https://d11ak7fd9ypfb7.cloudfront.net/styles1100px/UH445ORR.jpg,,0.0,TRUE,InStock,0.999,,UH445ORRXXXL,,,,Size,DROP_DOWN,XXXL,Color,DROP_DOWN,Orange,,,,,,,,,,,,,Fit,<p>R</p>,Length,<p>43</p>,Width,<p>28</p>,Height,<p>38</p>,Box Quantity,<p>18</p>,Inner Pack Quantity,<p>1</p>,Country Of Origin,<p>MM</p>,Standards,<ul><li>ANSI/ISEA 107 TYPE R CLASS 3</li><li>EN ISO 20471 Class 3</li><li>EN 343:2019 Class 3:1 X  WP 5000mm</li></ul>,,,,
UH445,Variant,,"Cleverly designed with an extra long length of 48"", this coat ensures total protection in adverse weather conditions and offers exceptional value for money. This lightweight coat features a pack-away hood, snap and zipper storm flap, large pockets for ample storage, a mic tab and a badge holder.",https://d11ak7fd9ypfb7.cloudfront.net/styles1100px/UH445YER.jpg,,0.0,TRUE,InStock,0.999,,UH445YER4XL,,,,Size,DROP_DOWN,4XL,Color,DROP_DOWN,Yellow,,,,,,,,,,,,,Fit,<p>R</p>,Length,<p>43</p>,Width,<p>28</p>,Height,<p>38</p>,Box Quantity,<p>18</p>,Inner Pack Quantity,<p>1</p>,Country Of Origin,<p>MM</p>,Standards,<ul><li>ANSI/ISEA 107 TYPE R CLASS 3</li><li>EN ISO 20471 Class 3</li><li>EN 343:2019 Class 3:1 X  WP 5000mm</li></ul>,,,,
UH445,Variant,,"Cleverly designed with an extra long length of 48"", this coat ensures total protection in adverse weather conditions and offers exceptional value for money. This lightweight coat features a pack-away hood, snap and zipper storm flap, large pockets for ample storage, a mic tab and a badge holder.",https://d11ak7fd9ypfb7.cloudfront.net/styles1100px/UH445YER.jpg,,0.0,TRUE,InStock,0.999,,UH445YER5XL,,,,Size,DROP_DOWN,5XL,Color,DROP_DOWN,Yellow,,,,,,,,,,,,,Fit,<p>R</p>,Length,<p>43</p>,Width,<p>28</p>,Height,<p>38</p>,Box Quantity,<p>18</p>,Inner Pack Quantity,<p>1</p>,Country Of Origin,<p>MM</p>,Standards,<ul><li>ANSI/ISEA 107 TYPE R CLASS 3</li><li>EN ISO 20471 Class 3</li><li>EN 343:2019 Class 3:1 X  WP 5000mm</li></ul>,,,,
UH445,Variant,,"Cleverly designed with an extra long length of 48"", this coat ensures total protection in adverse weather conditions and offers exceptional value for money. This lightweight coat features a pack-away hood, snap and zipper storm flap, large pockets for ample storage, a mic tab and a badge holder.",https://d11ak7fd9ypfb7.cloudfront.net/styles1100px/UH445YER.jpg,,0.0,TRUE,InStock,0.999,,UH445YER6XL,,,,Size,DROP_DOWN,6XL,Color,DROP_DOWN,Yellow,,,,,,,,,,,,,Fit,<p>R</p>,Length,<p>43</p>,Width,<p>28</p>,Height,<p>38</p>,Box Quantity,<p>18</p>,Inner Pack Quantity,<p>1</p>,Country Of Origin,<p>MM</p>,Standards,<ul><li>ANSI/ISEA 107 TYPE R CLASS 3</li><li>EN ISO 20471 Class 3</li><li>EN 343:2019 Class 3:1 X  WP 5000mm</li></ul>,,,,
UH445,Variant,,"Cleverly designed with an extra long length of 48"", this coat ensures total protection in adverse weather conditions and offers exceptional value for money. This lightweight coat features a pack-away hood, snap and zipper storm flap, large pockets for ample storage, a mic tab and a badge holder.",https://d11ak7fd9ypfb7.cloudfront.net/styles1100px/UH445YER.jpg,,0.0,TRUE,InStock,0.999,,UH445YER7XL,,,,Size,DROP_DOWN,7XL,Color,DROP_DOWN,Yellow,,,,,,,,,,,,,Fit,<p>R</p>,Length,<p>43</p>,Width,<p>28</p>,Height,<p>38</p>,Box Quantity,<p>18</p>,Inner Pack Quantity,<p>1</p>,Country Of Origin,<p>MM</p>,Standards,<ul><li>ANSI/ISEA 107 TYPE R CLASS 3</li><li>EN ISO 20471 Class 3</li><li>EN 343:2019 Class 3:1 X  WP 5000mm</li></ul>,,,,
UH445,Variant,,"Cleverly designed with an extra long length of 48"", this coat ensures total protection in adverse weather conditions and offers exceptional value for money. This lightweight coat features a pack-away hood, snap and zipper storm flap, large pockets for ample storage, a mic tab and a badge holder.",https://d11ak7fd9ypfb7.cloudfront.net/styles1100px/UH445YER.jpg,,0.0,TRUE,InStock,0.999,,UH445YER8XL,,,,Size,DROP_DOWN,8XL,Color,DROP_DOWN,Yellow,,,,,,,,,,,,,Fit,<p>R</p>,Length,<p>43</p>,Width,<p>28</p>,Height,<p>38</p>,Box Quantity,<p>18</p>,Inner Pack Quantity,<p>1</p>,Country Of Origin,<p>MM</p>,Standards,<ul><li>ANSI/ISEA 107 TYPE R CLASS 3</li><li>EN ISO 20471 Class 3</li><li>EN 343:2019 Class 3:1 X  WP 5000mm</li></ul>,,,,
UH445,Variant,,"Cleverly designed with an extra long length of 48"", this coat ensures total protection in adverse weather conditions and offers exceptional value for money. This lightweight coat features a pack-away hood, snap and zipper storm flap, large pockets for ample storage, a mic tab and a badge holder.",https://d11ak7fd9ypfb7.cloudfront.net/styles1100px/UH445YER.jpg,,0.0,TRUE,InStock,0.999,,UH445YERL,,,,Size,DROP_DOWN,L,Color,DROP_DOWN,Yellow,,,,,,,,,,,,,Fit,<p>R</p>,Length,<p>43</p>,Width,<p>28</p>,Height,<p>38</p>,Box Quantity,<p>18</p>,Inner Pack Quantity,<p>1</p>,Country Of Origin,<p>MM</p>,Standards,<ul><li>ANSI/ISEA 107 TYPE R CLASS 3</li><li>EN ISO 20471 Class 3</li><li>EN 343:2019 Class 3:1 X  WP 5000mm</li></ul>,,,,
UH445,Variant,,"Cleverly designed with an extra long length of 48"", this coat ensures total protection in adverse weather conditions and offers exceptional value for money. This lightweight coat features a pack-away hood, snap and zipper storm flap, large pockets for ample storage, a mic tab and a badge holder.",https://d11ak7fd9ypfb7.cloudfront.net/styles1100px/UH445YER.jpg,,0.0,TRUE,InStock,0.999,,UH445YERM,,,,Size,DROP_DOWN,M,Color,DROP_DOWN,Yellow,,,,,,,,,,,,,Fit,<p>R</p>,Length,<p>43</p>,Width,<p>28</p>,Height,<p>38</p>,Box Quantity,<p>18</p>,Inner Pack Quantity,<p>1</p>,Country Of Origin,<p>MM</p>,Standards,<ul><li>ANSI/ISEA 107 TYPE R CLASS 3</li><li>EN ISO 20471 Class 3</li><li>EN 343:2019 Class 3:1 X  WP 5000mm</li></ul>,,,,
UH445,Variant,,"Cleverly designed with an extra long length of 48"", this coat ensures total protection in adverse weather conditions and offers exceptional value for money. This lightweight coat features a pack-away hood, snap and zipper storm flap, large pockets for ample storage, a mic tab and a badge holder.",https://d11ak7fd9ypfb7.cloudfront.net/styles1100px/UH445YER.jpg,,0.0,TRUE,InStock,0.999,,UH445YERS,,,,Size,DROP_DOWN,S,Color,DROP_DOWN,Yellow,,,,,,,,,,,,,Fit,<p>R</p>,Length,<p>43</p>,Width,<p>28</p>,Height,<p>38</p>,Box Quantity,<p>18</p>,Inner Pack Quantity,<p>1</p>,Country Of Origin,<p>MM</p>,Standards,<ul><li>ANSI/ISEA 107 TYPE R CLASS 3</li><li>EN ISO 20471 Class 3</li><li>EN 343:2019 Class 3:1 X  WP 5000mm</li></ul>,,,,
UH445,Variant,,"Cleverly designed with an extra long length of 48"", this coat ensures total protection in adverse weather conditions and offers exceptional value for money. This lightweight coat features a pack-away hood, snap and zipper storm flap, large pockets for ample storage, a mic tab and a badge holder.",https://d11ak7fd9ypfb7.cloudfront.net/styles1100px/UH445YER.jpg,,0.0,TRUE,InStock,0.999,,UH445YERXL,,,,Size,DROP_DOWN,XL,Color,DROP_DOWN,Yellow,,,,,,,,,,,,,Fit,<p>R</p>,Length,<p>43</p>,Width,<p>28</p>,Height,<p>38</p>,Box Quantity,<p>18</p>,Inner Pack Quantity,<p>1</p>,Country Of Origin,<p>MM</p>,Standards,<ul><li>ANSI/ISEA 107 TYPE R CLASS 3</li><li>EN ISO 20471 Class 3</li><li>EN 343:2019 Class 3:1 X  WP 5000mm</li></ul>,,,,
UH445,Variant,,"Cleverly designed with an extra long length of 48"", this coat ensures total protection in adverse weather conditions and offers exceptional value for money. This lightweight coat features a pack-away hood, snap and zipper storm flap, large pockets for ample storage, a mic tab and a badge holder.",https://d11ak7fd9ypfb7.cloudfront.net/styles1100px/UH445YER.jpg,,0.0,TRUE,InStock,0.999,,UH445YERXS,,,,Size,DROP_DOWN,XS,Color,DROP_DOWN,Yellow,,,,,,,,,,,,,Fit,<p>R</p>,Length,<p>43</p>,Width,<p>28</p>,Height,<p>38</p>,Box Quantity,<p>18</p>,Inner Pack Quantity,<p>1</p>,Country Of Origin,<p>MM</p>,Standards,<ul><li>ANSI/ISEA 107 TYPE R CLASS 3</li><li>EN ISO 20471 Class 3</li><li>EN 343:2019 Class 3:1 X  WP 5000mm</li></ul>,,,,
UH445,Variant,,"Cleverly designed with an extra long length of 48"", this coat ensures total protection in adverse weather conditions and offers exceptional value for money. This lightweight coat features a pack-away hood, snap and zipper storm flap, large pockets for ample storage, a mic tab and a badge holder.",https://d11ak7fd9ypfb7.cloudfront.net/styles1100px/UH445YER.jpg,,0.0,TRUE,InStock,0.999,,UH445YERXXL,,,,Size,DROP_DOWN,XXL,Color,DROP_DOWN,Yellow,,,,,,,,,,,,,Fit,<p>R</p>,Length,<p>43</p>,Width,<p>28</p>,Height,<p>38</p>,Box Quantity,<p>18</p>,Inner Pack Quantity,<p>1</p>,Country Of Origin,<p>MM</p>,Standards,<ul><li>ANSI/ISEA 107 TYPE R CLASS 3</li><li>EN ISO 20471 Class 3</li><li>EN 343:2019 Class 3:1 X  WP 5000mm</li></ul>,,,,
UH445,Variant,,"Cleverly designed with an extra long length of 48"", this coat ensures total protection in adverse weather conditions and offers exceptional value for money. This lightweight coat features a pack-away hood, snap and zipper storm flap, large pockets for ample storage, a mic tab and a badge holder.",https://d11ak7fd9ypfb7.cloudfront.net/styles1100px/UH445YER.jpg,,0.0,TRUE,InStock,0.999,,UH445YERXXXL,,,,Size,DROP_DOWN,XXXL,Color,DROP_DOWN,Yellow,,,,,,,,,,,,,Fit,<p>R</p>,Length,<p>43</p>,Width,<p>28</p>,Height,<p>38</p>,Box Quantity,<p>18</p>,Inner Pack Quantity,<p>1</p>,Country Of Origin,<p>MM</p>,Standards,<ul><li>ANSI/ISEA 107 TYPE R CLASS 3</li><li>EN ISO 20471 Class 3</li><li>EN 343:2019 Class 3:1 X  WP 5000mm</li></ul>,,,,
UH446,Product,"UH446 - Hi-Vis Contrast Rain Coat 48""","Designed with an extra long length of 48"" to keep the wearer visible, safe and dry in foul weather conditions. This lightweight stylish two tone jacket features a pack-away hood for easy access, large pockets for ample storage and vented back yoke and eyelets for ventilation.",https://d11ak7fd9ypfb7.cloudfront.net/styles1100px/UH446YBR.jpg,45.5,0.0,TRUE,InStock,0.999,,UH446YBR4XL,,,,Size,DROP_DOWN,S;M;L;XL;XXL;XXXL;4XL;5XL,Color,DROP_DOWN,Yellow/Black,,,,,,,,,,,,,Fit,<p>R</p>,Length,<p>43</p>,Width,<p>28</p>,Height,<p>43</p>,Box Quantity,<p>18</p>,Inner Pack Quantity,<p>1</p>,Country Of Origin,<p>MM</p>,Standards,<ul><li>ANSI/ISEA 107 TYPE R CLASS 3</li><li>EN 343:2019 Class 3:1 X  WP 5000MM</li></ul>,,,,
UH446,Variant,,"Designed with an extra long length of 48"" to keep the wearer visible, safe and dry in foul weather conditions. This lightweight stylish two tone jacket features a pack-away hood for easy access, large pockets for ample storage and vented back yoke and eyelets for ventilation.",https://d11ak7fd9ypfb7.cloudfront.net/styles1100px/UH446YBR.jpg,,0.0,TRUE,InStock,0.999,,UH446YBR4XL,,,,Size,DROP_DOWN,4XL,Color,DROP_DOWN,Yellow/Black,,,,,,,,,,,,,Fit,<p>R</p>,Length,<p>43</p>,Width,<p>28</p>,Height,<p>43</p>,Box Quantity,<p>18</p>,Inner Pack Quantity,<p>1</p>,Country Of Origin,<p>MM</p>,Standards,<ul><li>ANSI/ISEA 107 TYPE R CLASS 3</li><li>EN 343:2019 Class 3:1 X  WP 5000MM</li></ul>,,,,
UH446,Variant,,"Designed with an extra long length of 48"" to keep the wearer visible, safe and dry in foul weather conditions. This lightweight stylish two tone jacket features a pack-away hood for easy access, large pockets for ample storage and vented back yoke and eyelets for ventilation.",https://d11ak7fd9ypfb7.cloudfront.net/styles1100px/UH446YBR.jpg,,0.0,TRUE,InStock,0.999,,UH446YBR5XL,,,,Size,DROP_DOWN,5XL,Color,DROP_DOWN,Yellow/Black,,,,,,,,,,,,,Fit,<p>R</p>,Length,<p>43</p>,Width,<p>28</p>,Height,<p>43</p>,Box Quantity,<p>18</p>,Inner Pack Quantity,<p>1</p>,Country Of Origin,<p>MM</p>,Standards,<ul><li>ANSI/ISEA 107 TYPE R CLASS 3</li><li>EN 343:2019 Class 3:1 X  WP 5000MM</li></ul>,,,,
UH446,Variant,,"Designed with an extra long length of 48"" to keep the wearer visible, safe and dry in foul weather conditions. This lightweight stylish two tone jacket features a pack-away hood for easy access, large pockets for ample storage and vented back yoke and eyelets for ventilation.",https://d11ak7fd9ypfb7.cloudfront.net/styles1100px/UH446YBR.jpg,,0.0,TRUE,InStock,0.999,,UH446YBRL,,,,Size,DROP_DOWN,L,Color,DROP_DOWN,Yellow/Black,,,,,,,,,,,,,Fit,<p>R</p>,Length,<p>43</p>,Width,<p>28</p>,Height,<p>43</p>,Box Quantity,<p>18</p>,Inner Pack Quantity,<p>1</p>,Country Of Origin,<p>MM</p>,Standards,<ul><li>ANSI/ISEA 107 TYPE R CLASS 3</li><li>EN 343:2019 Class 3:1 X  WP 5000MM</li></ul>,,,,
UH446,Variant,,"Designed with an extra long length of 48"" to keep the wearer visible, safe and dry in foul weather conditions. This lightweight stylish two tone jacket features a pack-away hood for easy access, large pockets for ample storage and vented back yoke and eyelets for ventilation.",https://d11ak7fd9ypfb7.cloudfront.net/styles1100px/UH446YBR.jpg,,0.0,TRUE,InStock,0.999,,UH446YBRM,,,,Size,DROP_DOWN,M,Color,DROP_DOWN,Yellow/Black,,,,,,,,,,,,,Fit,<p>R</p>,Length,<p>43</p>,Width,<p>28</p>,Height,<p>43</p>,Box Quantity,<p>18</p>,Inner Pack Quantity,<p>1</p>,Country Of Origin,<p>MM</p>,Standards,<ul><li>ANSI/ISEA 107 TYPE R CLASS 3</li><li>EN 343:2019 Class 3:1 X  WP 5000MM</li></ul>,,,,
UH446,Variant,,"Designed with an extra long length of 48"" to keep the wearer visible, safe and dry in foul weather conditions. This lightweight stylish two tone jacket features a pack-away hood for easy access, large pockets for ample storage and vented back yoke and eyelets for ventilation.",https://d11ak7fd9ypfb7.cloudfront.net/styles1100px/UH446YBR.jpg,,0.0,TRUE,InStock,0.999,,UH446YBRS,,,,Size,DROP_DOWN,S,Color,DROP_DOWN,Yellow/Black,,,,,,,,,,,,,Fit,<p>R</p>,Length,<p>43</p>,Width,<p>28</p>,Height,<p>43</p>,Box Quantity,<p>18</p>,Inner Pack Quantity,<p>1</p>,Country Of Origin,<p>MM</p>,Standards,<ul><li>ANSI/ISEA 107 TYPE R CLASS 3</li><li>EN 343:2019 Class 3:1 X  WP 5000MM</li></ul>,,,,
UH446,Variant,,"Designed with an extra long length of 48"" to keep the wearer visible, safe and dry in foul weather conditions. This lightweight stylish two tone jacket features a pack-away hood for easy access, large pockets for ample storage and vented back yoke and eyelets for ventilation.",https://d11ak7fd9ypfb7.cloudfront.net/styles1100px/UH446YBR.jpg,,0.0,TRUE,InStock,0.999,,UH446YBRXL,,,,Size,DROP_DOWN,XL,Color,DROP_DOWN,Yellow/Black,,,,,,,,,,,,,Fit,<p>R</p>,Length,<p>43</p>,Width,<p>28</p>,Height,<p>43</p>,Box Quantity,<p>18</p>,Inner Pack Quantity,<p>1</p>,Country Of Origin,<p>MM</p>,Standards,<ul><li>ANSI/ISEA 107 TYPE R CLASS 3</li><li>EN 343:2019 Class 3:1 X  WP 5000MM</li></ul>,,,,
UH446,Variant,,"Designed with an extra long length of 48"" to keep the wearer visible, safe and dry in foul weather conditions. This lightweight stylish two tone jacket features a pack-away hood for easy access, large pockets for ample storage and vented back yoke and eyelets for ventilation.",https://d11ak7fd9ypfb7.cloudfront.net/styles1100px/UH446YBR.jpg,,0.0,TRUE,InStock,0.999,,UH446YBRXXL,,,,Size,DROP_DOWN,XXL,Color,DROP_DOWN,Yellow/Black,,,,,,,,,,,,,Fit,<p>R</p>,Length,<p>43</p>,Width,<p>28</p>,Height,<p>43</p>,Box Quantity,<p>18</p>,Inner Pack Quantity,<p>1</p>,Country Of Origin,<p>MM</p>,Standards,<ul><li>ANSI/ISEA 107 TYPE R CLASS 3</li><li>EN 343:2019 Class 3:1 X  WP 5000MM</li></ul>,,,,
UH446,Variant,,"Designed with an extra long length of 48"" to keep the wearer visible, safe and dry in foul weather conditions. This lightweight stylish two tone jacket features a pack-away hood for easy access, large pockets for ample storage and vented back yoke and eyelets for ventilation.",https://d11ak7fd9ypfb7.cloudfront.net/styles1100px/UH446YBR.jpg,,0.0,TRUE,InStock,0.999,,UH446YBRXXXL,,,,Size,DROP_DOWN,XXXL,Color,DROP_DOWN,Yellow/Black,,,,,,,,,,,,,Fit,<p>R</p>,Length,<p>43</p>,Width,<p>28</p>,Height,<p>43</p>,Box Quantity,<p>18</p>,Inner Pack Quantity,<p>1</p>,Country Of Origin,<p>MM</p>,Standards,<ul><li>ANSI/ISEA 107 TYPE R CLASS 3</li><li>EN 343:2019 Class 3:1 X  WP 5000MM</li></ul>,,,,
UH447,Product,"UH447 - Hi-Vis Reversible Rain Coat 48""","The cleverly designed reversible coat ensures total protection in adverse weather conditions when worn either way with the extra long length of 48"". The Hi-Vis side of the garment provides added visibility and safety for the wearer when needed. This rain coat boasts a multitude of useful features including a detachable hood, double storm flap with snap closure, cell phone pocket and mic tabs.",https://d11ak7fd9ypfb7.cloudfront.net/styles1100px/UH447YBR.jpg,98.5,0.0,TRUE,InStock,0.999,,UH447YBR4XL,,,,Size,DROP_DOWN,XS;S;M;L;XL;XXL;XXXL;4XL;5XL,Color,DROP_DOWN,Yellow/Black,,,,,,,,,,,,,Fit,<p>R</p>,Length,<p>65</p>,Width,<p>45</p>,Height,<p>36</p>,Box Quantity,<p>12</p>,Inner Pack Quantity,<p>1</p>,Country Of Origin,<p>CN</p>,Standards,<ul><li>ANSI/ISEA 107 TYPE R CLASS 3</li><li>EN 343:2019 Class 3:1 X  15000MM</li><li>ANSI/ISEA 107 TYPE P CLASS 3</li></ul>,,,,
UH447,Variant,,"The cleverly designed reversible coat ensures total protection in adverse weather conditions when worn either way with the extra long length of 48"". The Hi-Vis side of the garment provides added visibility and safety for the wearer when needed. This rain coat boasts a multitude of useful features including a detachable hood, double storm flap with snap closure, cell phone pocket and mic tabs.",https://d11ak7fd9ypfb7.cloudfront.net/styles1100px/UH447YBR.jpg,,0.0,TRUE,InStock,0.999,,UH447YBR4XL,,,,Size,DROP_DOWN,4XL,Color,DROP_DOWN,Yellow/Black,,,,,,,,,,,,,Fit,<p>R</p>,Length,<p>65</p>,Width,<p>45</p>,Height,<p>36</p>,Box Quantity,<p>12</p>,Inner Pack Quantity,<p>1</p>,Country Of Origin,<p>CN</p>,Standards,<ul><li>ANSI/ISEA 107 TYPE R CLASS 3</li><li>EN 343:2019 Class 3:1 X  15000MM</li><li>ANSI/ISEA 107 TYPE P CLASS 3</li></ul>,,,,
UH447,Variant,,"The cleverly designed reversible coat ensures total protection in adverse weather conditions when worn either way with the extra long length of 48"". The Hi-Vis side of the garment provides added visibility and safety for the wearer when needed. This rain coat boasts a multitude of useful features including a detachable hood, double storm flap with snap closure, cell phone pocket and mic tabs.",https://d11ak7fd9ypfb7.cloudfront.net/styles1100px/UH447YBR.jpg,,0.0,TRUE,InStock,0.999,,UH447YBR5XL,,,,Size,DROP_DOWN,5XL,Color,DROP_DOWN,Yellow/Black,,,,,,,,,,,,,Fit,<p>R</p>,Length,<p>65</p>,Width,<p>45</p>,Height,<p>36</p>,Box Quantity,<p>12</p>,Inner Pack Quantity,<p>1</p>,Country Of Origin,<p>CN</p>,Standards,<ul><li>ANSI/ISEA 107 TYPE R CLASS 3</li><li>EN 343:2019 Class 3:1 X  15000MM</li><li>ANSI/ISEA 107 TYPE P CLASS 3</li></ul>,,,,
UH447,Variant,,"The cleverly designed reversible coat ensures total protection in adverse weather conditions when worn either way with the extra long length of 48"". The Hi-Vis side of the garment provides added visibility and safety for the wearer when needed. This rain coat boasts a multitude of useful features including a detachable hood, double storm flap with snap closure, cell phone pocket and mic tabs.",https://d11ak7fd9ypfb7.cloudfront.net/styles1100px/UH447YBR.jpg,,0.0,TRUE,InStock,0.999,,UH447YBRL,,,,Size,DROP_DOWN,L,Color,DROP_DOWN,Yellow/Black,,,,,,,,,,,,,Fit,<p>R</p>,Length,<p>65</p>,Width,<p>45</p>,Height,<p>36</p>,Box Quantity,<p>12</p>,Inner Pack Quantity,<p>1</p>,Country Of Origin,<p>CN</p>,Standards,<ul><li>ANSI/ISEA 107 TYPE R CLASS 3</li><li>EN 343:2019 Class 3:1 X  15000MM</li><li>ANSI/ISEA 107 TYPE P CLASS 3</li></ul>,,,,
UH447,Variant,,"The cleverly designed reversible coat ensures total protection in adverse weather conditions when worn either way with the extra long length of 48"". The Hi-Vis side of the garment provides added visibility and safety for the wearer when needed. This rain coat boasts a multitude of useful features including a detachable hood, double storm flap with snap closure, cell phone pocket and mic tabs.",https://d11ak7fd9ypfb7.cloudfront.net/styles1100px/UH447YBR.jpg,,0.0,TRUE,InStock,0.999,,UH447YBRM,,,,Size,DROP_DOWN,M,Color,DROP_DOWN,Yellow/Black,,,,,,,,,,,,,Fit,<p>R</p>,Length,<p>65</p>,Width,<p>45</p>,Height,<p>36</p>,Box Quantity,<p>12</p>,Inner Pack Quantity,<p>1</p>,Country Of Origin,<p>CN</p>,Standards,<ul><li>ANSI/ISEA 107 TYPE R CLASS 3</li><li>EN 343:2019 Class 3:1 X  15000MM</li><li>ANSI/ISEA 107 TYPE P CLASS 3</li></ul>,,,,
UH447,Variant,,"The cleverly designed reversible coat ensures total protection in adverse weather conditions when worn either way with the extra long length of 48"". The Hi-Vis side of the garment provides added visibility and safety for the wearer when needed. This rain coat boasts a multitude of useful features including a detachable hood, double storm flap with snap closure, cell phone pocket and mic tabs.",https://d11ak7fd9ypfb7.cloudfront.net/styles1100px/UH447YBR.jpg,,0.0,TRUE,InStock,0.999,,UH447YBRS,,,,Size,DROP_DOWN,S,Color,DROP_DOWN,Yellow/Black,,,,,,,,,,,,,Fit,<p>R</p>,Length,<p>65</p>,Width,<p>45</p>,Height,<p>36</p>,Box Quantity,<p>12</p>,Inner Pack Quantity,<p>1</p>,Country Of Origin,<p>CN</p>,Standards,<ul><li>ANSI/ISEA 107 TYPE R CLASS 3</li><li>EN 343:2019 Class 3:1 X  15000MM</li><li>ANSI/ISEA 107 TYPE P CLASS 3</li></ul>,,,,
UH447,Variant,,"The cleverly designed reversible coat ensures total protection in adverse weather conditions when worn either way with the extra long length of 48"". The Hi-Vis side of the garment provides added visibility and safety for the wearer when needed. This rain coat boasts a multitude of useful features including a detachable hood, double storm flap with snap closure, cell phone pocket and mic tabs.",https://d11ak7fd9ypfb7.cloudfront.net/styles1100px/UH447YBR.jpg,,0.0,TRUE,InStock,0.999,,UH447YBRXL,,,,Size,DROP_DOWN,XL,Color,DROP_DOWN,Yellow/Black,,,,,,,,,,,,,Fit,<p>R</p>,Length,<p>65</p>,Width,<p>45</p>,Height,<p>36</p>,Box Quantity,<p>12</p>,Inner Pack Quantity,<p>1</p>,Country Of Origin,<p>CN</p>,Standards,<ul><li>ANSI/ISEA 107 TYPE R CLASS 3</li><li>EN 343:2019 Class 3:1 X  15000MM</li><li>ANSI/ISEA 107 TYPE P CLASS 3</li></ul>,,,,
UH447,Variant,,"The cleverly designed reversible coat ensures total protection in adverse weather conditions when worn either way with the extra long length of 48"". The Hi-Vis side of the garment provides added visibility and safety for the wearer when needed. This rain coat boasts a multitude of useful features including a detachable hood, double storm flap with snap closure, cell phone pocket and mic tabs.",https://d11ak7fd9ypfb7.cloudfront.net/styles1100px/UH447YBR.jpg,,0.0,TRUE,InStock,0.999,,UH447YBRXS,,,,Size,DROP_DOWN,XS,Color,DROP_DOWN,Yellow/Black,,,,,,,,,,,,,Fit,<p>R</p>,Length,<p>65</p>,Width,<p>45</p>,Height,<p>36</p>,Box Quantity,<p>12</p>,Inner Pack Quantity,<p>1</p>,Country Of Origin,<p>CN</p>,Standards,<ul><li>ANSI/ISEA 107 TYPE R CLASS 3</li><li>EN 343:2019 Class 3:1 X  15000MM</li><li>ANSI/ISEA 107 TYPE P CLASS 3</li></ul>,,,,
UH447,Variant,,"The cleverly designed reversible coat ensures total protection in adverse weather conditions when worn either way with the extra long length of 48"". The Hi-Vis side of the garment provides added visibility and safety for the wearer when needed. This rain coat boasts a multitude of useful features including a detachable hood, double storm flap with snap closure, cell phone pocket and mic tabs.",https://d11ak7fd9ypfb7.cloudfront.net/styles1100px/UH447YBR.jpg,,0.0,TRUE,InStock,0.999,,UH447YBRXXL,,,,Size,DROP_DOWN,XXL,Color,DROP_DOWN,Yellow/Black,,,,,,,,,,,,,Fit,<p>R</p>,Length,<p>65</p>,Width,<p>45</p>,Height,<p>36</p>,Box Quantity,<p>12</p>,Inner Pack Quantity,<p>1</p>,Country Of Origin,<p>CN</p>,Standards,<ul><li>ANSI/ISEA 107 TYPE R CLASS 3</li><li>EN 343:2019 Class 3:1 X  15000MM</li><li>ANSI/ISEA 107 TYPE P CLASS 3</li></ul>,,,,
UH447,Variant,,"The cleverly designed reversible coat ensures total protection in adverse weather conditions when worn either way with the extra long length of 48"". The Hi-Vis side of the garment provides added visibility and safety for the wearer when needed. This rain coat boasts a multitude of useful features including a detachable hood, double storm flap with snap closure, cell phone pocket and mic tabs.",https://d11ak7fd9ypfb7.cloudfront.net/styles1100px/UH447YBR.jpg,,0.0,TRUE,InStock,0.999,,UH447YBRXXXL,,,,Size,DROP_DOWN,XXXL,Color,DROP_DOWN,Yellow/Black,,,,,,,,,,,,,Fit,<p>R</p>,Length,<p>65</p>,Width,<p>45</p>,Height,<p>36</p>,Box Quantity,<p>12</p>,Inner Pack Quantity,<p>1</p>,Country Of Origin,<p>CN</p>,Standards,<ul><li>ANSI/ISEA 107 TYPE R CLASS 3</li><li>EN 343:2019 Class 3:1 X  15000MM</li><li>ANSI/ISEA 107 TYPE P CLASS 3</li></ul>,,,,
UH449,Product,UH449 - Hi-Vis Reversible Bomber Jacket,"This cleverly designed reversible bomber jacket makes it highly adaptable to both work and leisure. The Hi-Vis side of the garment provides added visibility and safety for the wearer when needed. Other features include a detachable hood, storm flap with zipper and concealed snap closure, mic tabs and side access zippers to weapon holster.",https://d11ak7fd9ypfb7.cloudfront.net/styles1100px/UH449YBR.jpg,111.0,0.0,TRUE,InStock,0.999,,UH449YBR4XL,,,,Size,DROP_DOWN,XS;S;M;L;XL;XXL;XXXL;4XL;5XL,Color,DROP_DOWN,Yellow/Black,,,,,,,,,,,,,Fit,<p>R</p>,Length,<p>65</p>,Width,<p>40</p>,Height,<p>43</p>,Box Quantity,<p>12</p>,Inner Pack Quantity,<p>1</p>,Country Of Origin,<p>CN</p>,Standards,<ul><li>ANSI/ISEA 107 TYPE R CLASS 3</li><li>EN 343:2019 Class 3:1 X  WP 15000mm</li><li>ANSI/ISEA 107 TYPE P CLASS 3</li></ul>,,,,
UH449,Variant,,"This cleverly designed reversible bomber jacket makes it highly adaptable to both work and leisure. The Hi-Vis side of the garment provides added visibility and safety for the wearer when needed. Other features include a detachable hood, storm flap with zipper and concealed snap closure, mic tabs and side access zippers to weapon holster.",https://d11ak7fd9ypfb7.cloudfront.net/styles1100px/UH449YBR.jpg,,0.0,TRUE,InStock,0.999,,UH449YBR4XL,,,,Size,DROP_DOWN,4XL,Color,DROP_DOWN,Yellow/Black,,,,,,,,,,,,,Fit,<p>R</p>,Length,<p>65</p>,Width,<p>40</p>,Height,<p>43</p>,Box Quantity,<p>12</p>,Inner Pack Quantity,<p>1</p>,Country Of Origin,<p>CN</p>,Standards,<ul><li>ANSI/ISEA 107 TYPE R CLASS 3</li><li>EN 343:2019 Class 3:1 X  WP 15000mm</li><li>ANSI/ISEA 107 TYPE P CLASS 3</li></ul>,,,,
UH449,Variant,,"This cleverly designed reversible bomber jacket makes it highly adaptable to both work and leisure. The Hi-Vis side of the garment provides added visibility and safety for the wearer when needed. Other features include a detachable hood, storm flap with zipper and concealed snap closure, mic tabs and side access zippers to weapon holster.",https://d11ak7fd9ypfb7.cloudfront.net/styles1100px/UH449YBR.jpg,,0.0,TRUE,InStock,0.999,,UH449YBR5XL,,,,Size,DROP_DOWN,5XL,Color,DROP_DOWN,Yellow/Black,,,,,,,,,,,,,Fit,<p>R</p>,Length,<p>65</p>,Width,<p>40</p>,Height,<p>43</p>,Box Quantity,<p>12</p>,Inner Pack Quantity,<p>1</p>,Country Of Origin,<p>CN</p>,Standards,<ul><li>ANSI/ISEA 107 TYPE R CLASS 3</li><li>EN 343:2019 Class 3:1 X  WP 15000mm</li><li>ANSI/ISEA 107 TYPE P CLASS 3</li></ul>,,,,
UH449,Variant,,"This cleverly designed reversible bomber jacket makes it highly adaptable to both work and leisure. The Hi-Vis side of the garment provides added visibility and safety for the wearer when needed. Other features include a detachable hood, storm flap with zipper and concealed snap closure, mic tabs and side access zippers to weapon holster.",https://d11ak7fd9ypfb7.cloudfront.net/styles1100px/UH449YBR.jpg,,0.0,TRUE,InStock,0.999,,UH449YBRL,,,,Size,DROP_DOWN,L,Color,DROP_DOWN,Yellow/Black,,,,,,,,,,,,,Fit,<p>R</p>,Length,<p>65</p>,Width,<p>40</p>,Height,<p>43</p>,Box Quantity,<p>12</p>,Inner Pack Quantity,<p>1</p>,Country Of Origin,<p>CN</p>,Standards,<ul><li>ANSI/ISEA 107 TYPE R CLASS 3</li><li>EN 343:2019 Class 3:1 X  WP 15000mm</li><li>ANSI/ISEA 107 TYPE P CLASS 3</li></ul>,,,,
UH449,Variant,,"This cleverly designed reversible bomber jacket makes it highly adaptable to both work and leisure. The Hi-Vis side of the garment provides added visibility and safety for the wearer when needed. Other features include a detachable hood, storm flap with zipper and concealed snap closure, mic tabs and side access zippers to weapon holster.",https://d11ak7fd9ypfb7.cloudfront.net/styles1100px/UH449YBR.jpg,,0.0,TRUE,InStock,0.999,,UH449YBRM,,,,Size,DROP_DOWN,M,Color,DROP_DOWN,Yellow/Black,,,,,,,,,,,,,Fit,<p>R</p>,Length,<p>65</p>,Width,<p>40</p>,Height,<p>43</p>,Box Quantity,<p>12</p>,Inner Pack Quantity,<p>1</p>,Country Of Origin,<p>CN</p>,Standards,<ul><li>ANSI/ISEA 107 TYPE R CLASS 3</li><li>EN 343:2019 Class 3:1 X  WP 15000mm</li><li>ANSI/ISEA 107 TYPE P CLASS 3</li></ul>,,,,
UH449,Variant,,"This cleverly designed reversible bomber jacket makes it highly adaptable to both work and leisure. The Hi-Vis side of the garment provides added visibility and safety for the wearer when needed. Other features include a detachable hood, storm flap with zipper and concealed snap closure, mic tabs and side access zippers to weapon holster.",https://d11ak7fd9ypfb7.cloudfront.net/styles1100px/UH449YBR.jpg,,0.0,TRUE,InStock,0.999,,UH449YBRS,,,,Size,DROP_DOWN,S,Color,DROP_DOWN,Yellow/Black,,,,,,,,,,,,,Fit,<p>R</p>,Length,<p>65</p>,Width,<p>40</p>,Height,<p>43</p>,Box Quantity,<p>12</p>,Inner Pack Quantity,<p>1</p>,Country Of Origin,<p>CN</p>,Standards,<ul><li>ANSI/ISEA 107 TYPE R CLASS 3</li><li>EN 343:2019 Class 3:1 X  WP 15000mm</li><li>ANSI/ISEA 107 TYPE P CLASS 3</li></ul>,,,,
UH449,Variant,,"This cleverly designed reversible bomber jacket makes it highly adaptable to both work and leisure. The Hi-Vis side of the garment provides added visibility and safety for the wearer when needed. Other features include a detachable hood, storm flap with zipper and concealed snap closure, mic tabs and side access zippers to weapon holster.",https://d11ak7fd9ypfb7.cloudfront.net/styles1100px/UH449YBR.jpg,,0.0,TRUE,InStock,0.999,,UH449YBRXL,,,,Size,DROP_DOWN,XL,Color,DROP_DOWN,Yellow/Black,,,,,,,,,,,,,Fit,<p>R</p>,Length,<p>65</p>,Width,<p>40</p>,Height,<p>43</p>,Box Quantity,<p>12</p>,Inner Pack Quantity,<p>1</p>,Country Of Origin,<p>CN</p>,Standards,<ul><li>ANSI/ISEA 107 TYPE R CLASS 3</li><li>EN 343:2019 Class 3:1 X  WP 15000mm</li><li>ANSI/ISEA 107 TYPE P CLASS 3</li></ul>,,,,
UH449,Variant,,"This cleverly designed reversible bomber jacket makes it highly adaptable to both work and leisure. The Hi-Vis side of the garment provides added visibility and safety for the wearer when needed. Other features include a detachable hood, storm flap with zipper and concealed snap closure, mic tabs and side access zippers to weapon holster.",https://d11ak7fd9ypfb7.cloudfront.net/styles1100px/UH449YBR.jpg,,0.0,TRUE,InStock,0.999,,UH449YBRXS,,,,Size,DROP_DOWN,XS,Color,DROP_DOWN,Yellow/Black,,,,,,,,,,,,,Fit,<p>R</p>,Length,<p>65</p>,Width,<p>40</p>,Height,<p>43</p>,Box Quantity,<p>12</p>,Inner Pack Quantity,<p>1</p>,Country Of Origin,<p>CN</p>,Standards,<ul><li>ANSI/ISEA 107 TYPE R CLASS 3</li><li>EN 343:2019 Class 3:1 X  WP 15000mm</li><li>ANSI/ISEA 107 TYPE P CLASS 3</li></ul>,,,,
UH449,Variant,,"This cleverly designed reversible bomber jacket makes it highly adaptable to both work and leisure. The Hi-Vis side of the garment provides added visibility and safety for the wearer when needed. Other features include a detachable hood, storm flap with zipper and concealed snap closure, mic tabs and side access zippers to weapon holster.",https://d11ak7fd9ypfb7.cloudfront.net/styles1100px/UH449YBR.jpg,,0.0,TRUE,InStock,0.999,,UH449YBRXXL,,,,Size,DROP_DOWN,XXL,Color,DROP_DOWN,Yellow/Black,,,,,,,,,,,,,Fit,<p>R</p>,Length,<p>65</p>,Width,<p>40</p>,Height,<p>43</p>,Box Quantity,<p>12</p>,Inner Pack Quantity,<p>1</p>,Country Of Origin,<p>CN</p>,Standards,<ul><li>ANSI/ISEA 107 TYPE R CLASS 3</li><li>EN 343:2019 Class 3:1 X  WP 15000mm</li><li>ANSI/ISEA 107 TYPE P CLASS 3</li></ul>,,,,
UH449,Variant,,"This cleverly designed reversible bomber jacket makes it highly adaptable to both work and leisure. The Hi-Vis side of the garment provides added visibility and safety for the wearer when needed. Other features include a detachable hood, storm flap with zipper and concealed snap closure, mic tabs and side access zippers to weapon holster.",https://d11ak7fd9ypfb7.cloudfront.net/styles1100px/UH449YBR.jpg,,0.0,TRUE,InStock,0.999,,UH449YBRXXXL,,,,Size,DROP_DOWN,XXXL,Color,DROP_DOWN,Yellow/Black,,,,,,,,,,,,,Fit,<p>R</p>,Length,<p>65</p>,Width,<p>40</p>,Height,<p>43</p>,Box Quantity,<p>12</p>,Inner Pack Quantity,<p>1</p>,Country Of Origin,<p>CN</p>,Standards,<ul><li>ANSI/ISEA 107 TYPE R CLASS 3</li><li>EN 343:2019 Class 3:1 X  WP 15000mm</li><li>ANSI/ISEA 107 TYPE P CLASS 3</li></ul>,,,,
UKS32,Product,UKS32 - Pewter Jacket,"Jacket with front full zipper closure. Lightly insulated sleeves and 2 front pouch pockets. 1 sleeve pocket, 1 internal Print access for garment customization",https://d11ak7fd9ypfb7.cloudfront.net/styles1100px/UKS32BKR.jpg,77.5,0.0,TRUE,InStock,1.33,,UKS32BKRL,,,,Size,DROP_DOWN,M;L;XL,Color,DROP_DOWN,Black,,,,,,,,,,,,,Fit,<p>R</p>,Length,<p>65</p>,Width,<p>40</p>,Height,<p>33</p>,Box Quantity,<p>12</p>,Inner Pack Quantity,<p>1</p>,Country Of Origin,<p>CN</p>,Standards,<p></p>,,,,
UKS32,Variant,,"Jacket with front full zipper closure. Lightly insulated sleeves and 2 front pouch pockets. 1 sleeve pocket, 1 internal Print access for garment customization",https://d11ak7fd9ypfb7.cloudfront.net/styles1100px/UKS32BKR.jpg,,0.0,TRUE,InStock,1.33,,UKS32BKRL,,,,Size,DROP_DOWN,L,Color,DROP_DOWN,Black,,,,,,,,,,,,,Fit,<p>R</p>,Length,<p>65</p>,Width,<p>40</p>,Height,<p>33</p>,Box Quantity,<p>12</p>,Inner Pack Quantity,<p>1</p>,Country Of Origin,<p>CN</p>,Standards,<p></p>,,,,
UKS32,Variant,,"Jacket with front full zipper closure. Lightly insulated sleeves and 2 front pouch pockets. 1 sleeve pocket, 1 internal Print access for garment customization",https://d11ak7fd9ypfb7.cloudfront.net/styles1100px/UKS32BKR.jpg,,0.0,TRUE,InStock,1.31,,UKS32BKRM,,,,Size,DROP_DOWN,M,Color,DROP_DOWN,Black,,,,,,,,,,,,,Fit,<p>R</p>,Length,<p>65</p>,Width,<p>40</p>,Height,<p>33</p>,Box Quantity,<p>12</p>,Inner Pack Quantity,<p>1</p>,Country Of Origin,<p>CN</p>,Standards,<p></p>,,,,
UKS32,Variant,,"Jacket with front full zipper closure. Lightly insulated sleeves and 2 front pouch pockets. 1 sleeve pocket, 1 internal Print access for garment customization",https://d11ak7fd9ypfb7.cloudfront.net/styles1100px/UKS32BKR.jpg,,0.0,TRUE,InStock,1.35,,UKS32BKRXL,,,,Size,DROP_DOWN,XL,Color,DROP_DOWN,Black,,,,,,,,,,,,,Fit,<p>R</p>,Length,<p>65</p>,Width,<p>40</p>,Height,<p>33</p>,Box Quantity,<p>12</p>,Inner Pack Quantity,<p>1</p>,Country Of Origin,<p>CN</p>,Standards,<p></p>,,,,
UMV21,Product,UMV21 - ARC Rated FR Mesh Vest,"Intended for situations requiring high visibility and FR hazards, these Arc flash-protective garments meet NFPA 70E standards to protect workers from arc flash burns. Tested to meet and surpass the required EN and US Standards, the Modaflame™ Knit range is strong, durable, and highly innovative.",https://d11ak7fd9ypfb7.cloudfront.net/styles1100px/UMV21YER.jpg,43.9,0.0,TRUE,InStock,0.999,,UMV21YER4XL,,,,Size,DROP_DOWN,M;L;XL;XXL;XXXL;4XL;5XL;6XL,Color,DROP_DOWN,Yellow,,,,,,,,,,,,,Fit,<p>R</p>,Length,<p>43</p>,Width,<p>28</p>,Height,<p>40</p>,Box Quantity,<p>48</p>,Inner Pack Quantity,<p>1</p>,Country Of Origin,<p>CN</p>,Standards,<ul><li>ASTM F1506-10a</li><li>NFPA® 70E</li><li>ANSI/ISEA 107 TYPE R CLASS 2</li><li>ASTM F1959/F1959M-12   ATPV 5.1 CAL/CM2 (HAF 69%)</li></ul>,,,,
UMV21,Variant,,"Intended for situations requiring high visibility and FR hazards, these Arc flash-protective garments meet NFPA 70E standards to protect workers from arc flash burns. Tested to meet and surpass the required EN and US Standards, the Modaflame™ Knit range is strong, durable, and highly innovative.",https://d11ak7fd9ypfb7.cloudfront.net/styles1100px/UMV21YER.jpg,,0.0,TRUE,InStock,0.999,,UMV21YER4XL,,,,Size,DROP_DOWN,4XL,Color,DROP_DOWN,Yellow,,,,,,,,,,,,,Fit,<p>R</p>,Length,<p>43</p>,Width,<p>28</p>,Height,<p>40</p>,Box Quantity,<p>48</p>,Inner Pack Quantity,<p>1</p>,Country Of Origin,<p>CN</p>,Standards,<ul><li>ASTM F1506-10a</li><li>NFPA® 70E</li><li>ANSI/ISEA 107 TYPE R CLASS 2</li><li>ASTM F1959/F1959M-12   ATPV 5.1 CAL/CM2 (HAF 69%)</li></ul>,,,,
UMV21,Variant,,"Intended for situations requiring high visibility and FR hazards, these Arc flash-protective garments meet NFPA 70E standards to protect workers from arc flash burns. Tested to meet and surpass the required EN and US Standards, the Modaflame™ Knit range is strong, durable, and highly innovative.",https://d11ak7fd9ypfb7.cloudfront.net/styles1100px/UMV21YER.jpg,,0.0,TRUE,InStock,0.999,,UMV21YER5XL,,,,Size,DROP_DOWN,5XL,Color,DROP_DOWN,Yellow,,,,,,,,,,,,,Fit,<p>R</p>,Length,<p>43</p>,Width,<p>28</p>,Height,<p>40</p>,Box Quantity,<p>48</p>,Inner Pack Quantity,<p>1</p>,Country Of Origin,<p>CN</p>,Standards,<ul><li>ASTM F1506-10a</li><li>NFPA® 70E</li><li>ANSI/ISEA 107 TYPE R CLASS 2</li><li>ASTM F1959/F1959M-12   ATPV 5.1 CAL/CM2 (HAF 69%)</li></ul>,,,,
UMV21,Variant,,"Intended for situations requiring high visibility and FR hazards, these Arc flash-protective garments meet NFPA 70E standards to protect workers from arc flash burns. Tested to meet and surpass the required EN and US Standards, the Modaflame™ Knit range is strong, durable, and highly innovative.",https://d11ak7fd9ypfb7.cloudfront.net/styles1100px/UMV21YER.jpg,,0.0,TRUE,InStock,0.999,,UMV21YER6XL,,,,Size,DROP_DOWN,6XL,Color,DROP_DOWN,Yellow,,,,,,,,,,,,,Fit,<p>R</p>,Length,<p>43</p>,Width,<p>28</p>,Height,<p>40</p>,Box Quantity,<p>48</p>,Inner Pack Quantity,<p>1</p>,Country Of Origin,<p>CN</p>,Standards,<ul><li>ASTM F1506-10a</li><li>NFPA® 70E</li><li>ANSI/ISEA 107 TYPE R CLASS 2</li><li>ASTM F1959/F1959M-12   ATPV 5.1 CAL/CM2 (HAF 69%)</li></ul>,,,,
UMV21,Variant,,"Intended for situations requiring high visibility and FR hazards, these Arc flash-protective garments meet NFPA 70E standards to protect workers from arc flash burns. Tested to meet and surpass the required EN and US Standards, the Modaflame™ Knit range is strong, durable, and highly innovative.",https://d11ak7fd9ypfb7.cloudfront.net/styles1100px/UMV21YER.jpg,,0.0,TRUE,InStock,0.999,,UMV21YERL,,,,Size,DROP_DOWN,L,Color,DROP_DOWN,Yellow,,,,,,,,,,,,,Fit,<p>R</p>,Length,<p>43</p>,Width,<p>28</p>,Height,<p>40</p>,Box Quantity,<p>48</p>,Inner Pack Quantity,<p>1</p>,Country Of Origin,<p>CN</p>,Standards,<ul><li>ASTM F1506-10a</li><li>NFPA® 70E</li><li>ANSI/ISEA 107 TYPE R CLASS 2</li><li>ASTM F1959/F1959M-12   ATPV 5.1 CAL/CM2 (HAF 69%)</li></ul>,,,,
UMV21,Variant,,"Intended for situations requiring high visibility and FR hazards, these Arc flash-protective garments meet NFPA 70E standards to protect workers from arc flash burns. Tested to meet and surpass the required EN and US Standards, the Modaflame™ Knit range is strong, durable, and highly innovative.",https://d11ak7fd9ypfb7.cloudfront.net/styles1100px/UMV21YER.jpg,,0.0,TRUE,InStock,0.999,,UMV21YERM,,,,Size,DROP_DOWN,M,Color,DROP_DOWN,Yellow,,,,,,,,,,,,,Fit,<p>R</p>,Length,<p>43</p>,Width,<p>28</p>,Height,<p>40</p>,Box Quantity,<p>48</p>,Inner Pack Quantity,<p>1</p>,Country Of Origin,<p>CN</p>,Standards,<ul><li>ASTM F1506-10a</li><li>NFPA® 70E</li><li>ANSI/ISEA 107 TYPE R CLASS 2</li><li>ASTM F1959/F1959M-12   ATPV 5.1 CAL/CM2 (HAF 69%)</li></ul>,,,,
UMV21,Variant,,"Intended for situations requiring high visibility and FR hazards, these Arc flash-protective garments meet NFPA 70E standards to protect workers from arc flash burns. Tested to meet and surpass the required EN and US Standards, the Modaflame™ Knit range is strong, durable, and highly innovative.",https://d11ak7fd9ypfb7.cloudfront.net/styles1100px/UMV21YER.jpg,,0.0,TRUE,InStock,0.999,,UMV21YERXL,,,,Size,DROP_DOWN,XL,Color,DROP_DOWN,Yellow,,,,,,,,,,,,,Fit,<p>R</p>,Length,<p>43</p>,Width,<p>28</p>,Height,<p>40</p>,Box Quantity,<p>48</p>,Inner Pack Quantity,<p>1</p>,Country Of Origin,<p>CN</p>,Standards,<ul><li>ASTM F1506-10a</li><li>NFPA® 70E</li><li>ANSI/ISEA 107 TYPE R CLASS 2</li><li>ASTM F1959/F1959M-12   ATPV 5.1 CAL/CM2 (HAF 69%)</li></ul>,,,,
UMV21,Variant,,"Intended for situations requiring high visibility and FR hazards, these Arc flash-protective garments meet NFPA 70E standards to protect workers from arc flash burns. Tested to meet and surpass the required EN and US Standards, the Modaflame™ Knit range is strong, durable, and highly innovative.",https://d11ak7fd9ypfb7.cloudfront.net/styles1100px/UMV21YER.jpg,,0.0,TRUE,InStock,0.999,,UMV21YERXXL,,,,Size,DROP_DOWN,XXL,Color,DROP_DOWN,Yellow,,,,,,,,,,,,,Fit,<p>R</p>,Length,<p>43</p>,Width,<p>28</p>,Height,<p>40</p>,Box Quantity,<p>48</p>,Inner Pack Quantity,<p>1</p>,Country Of Origin,<p>CN</p>,Standards,<ul><li>ASTM F1506-10a</li><li>NFPA® 70E</li><li>ANSI/ISEA 107 TYPE R CLASS 2</li><li>ASTM F1959/F1959M-12   ATPV 5.1 CAL/CM2 (HAF 69%)</li></ul>,,,,
UMV21,Variant,,"Intended for situations requiring high visibility and FR hazards, these Arc flash-protective garments meet NFPA 70E standards to protect workers from arc flash burns. Tested to meet and surpass the required EN and US Standards, the Modaflame™ Knit range is strong, durable, and highly innovative.",https://d11ak7fd9ypfb7.cloudfront.net/styles1100px/UMV21YER.jpg,,0.0,TRUE,InStock,0.999,,UMV21YERXXXL,,,,Size,DROP_DOWN,XXXL,Color,DROP_DOWN,Yellow,,,,,,,,,,,,,Fit,<p>R</p>,Length,<p>43</p>,Width,<p>28</p>,Height,<p>40</p>,Box Quantity,<p>48</p>,Inner Pack Quantity,<p>1</p>,Country Of Origin,<p>CN</p>,Standards,<ul><li>ASTM F1506-10a</li><li>NFPA® 70E</li><li>ANSI/ISEA 107 TYPE R CLASS 2</li><li>ASTM F1959/F1959M-12   ATPV 5.1 CAL/CM2 (HAF 69%)</li></ul>,,,,
UPJ10,Product,UPJ10 - ,,https://d11ak7fd9ypfb7.cloudfront.net/styles1100px/UPJ10BKR.jpg,0.0,0.0,TRUE,InStock,1.65,,UPJ10BKRL,,,,Size,DROP_DOWN,S;M;L;XL;XXL;XXXL,Color,DROP_DOWN,Navy;Black,,,,,,,,,,,,,Fit,<p>R</p>,Length,<p>65</p>,Width,<p>40</p>,Height,<p>33</p>,Box Quantity,<p>8</p>,Inner Pack Quantity,<p>1</p>,Country Of Origin,<p></p>,Standards,<p></p>,,,,
UPJ10,Variant,,,https://d11ak7fd9ypfb7.cloudfront.net/styles1100px/UPJ10BKR.jpg,,0.0,TRUE,InStock,1.65,,UPJ10BKRL,,,,Size,DROP_DOWN,L,Color,DROP_DOWN,Black,,,,,,,,,,,,,Fit,<p>R</p>,Length,<p>65</p>,Width,<p>40</p>,Height,<p>33</p>,Box Quantity,<p>8</p>,Inner Pack Quantity,<p>1</p>,Country Of Origin,<p></p>,Standards,<p></p>,,,,
UPJ10,Variant,,,https://d11ak7fd9ypfb7.cloudfront.net/styles1100px/UPJ10BKR.jpg,,0.0,TRUE,InStock,1.69,,UPJ10BKRXL,,,,Size,DROP_DOWN,XL,Color,DROP_DOWN,Black,,,,,,,,,,,,,Fit,<p>R</p>,Length,<p>65</p>,Width,<p>40</p>,Height,<p>33</p>,Box Quantity,<p>8</p>,Inner Pack Quantity,<p>1</p>,Country Of Origin,<p></p>,Standards,<p></p>,,,,
UPJ10,Variant,,,https://d11ak7fd9ypfb7.cloudfront.net/styles1100px/UPJ10BKR.jpg,,0.0,TRUE,InStock,1.76,,UPJ10BKRXXL,,,,Size,DROP_DOWN,XXL,Color,DROP_DOWN,Black,,,,,,,,,,,,,Fit,<p>R</p>,Length,<p>65</p>,Width,<p>40</p>,Height,<p>33</p>,Box Quantity,<p>8</p>,Inner Pack Quantity,<p>1</p>,Country Of Origin,<p></p>,Standards,<p></p>,,,,
UPJ10,Variant,,,https://d11ak7fd9ypfb7.cloudfront.net/styles1100px/UPJ10BKR.jpg,,0.0,TRUE,InStock,1.8,,UPJ10BKRXXXL,,,,Size,DROP_DOWN,XXXL,Color,DROP_DOWN,Black,,,,,,,,,,,,,Fit,<p>R</p>,Length,<p>65</p>,Width,<p>40</p>,Height,<p>33</p>,Box Quantity,<p>8</p>,Inner Pack Quantity,<p>1</p>,Country Of Origin,<p></p>,Standards,<p></p>,,,,
UPJ10,Variant,,,https://d11ak7fd9ypfb7.cloudfront.net/styles1100px/UPJ10NAR.jpg,,0.0,TRUE,InStock,1.65,,UPJ10NARL,,,,Size,DROP_DOWN,L,Color,DROP_DOWN,Navy,,,,,,,,,,,,,Fit,<p>R</p>,Length,<p>65</p>,Width,<p>40</p>,Height,<p>33</p>,Box Quantity,<p>8</p>,Inner Pack Quantity,<p>1</p>,Country Of Origin,<p></p>,Standards,<p></p>,,,,
UPJ10,Variant,,,https://d11ak7fd9ypfb7.cloudfront.net/styles1100px/UPJ10NAR.jpg,,0.0,TRUE,InStock,1.61,,UPJ10NARM,,,,Size,DROP_DOWN,M,Color,DROP_DOWN,Navy,,,,,,,,,,,,,Fit,<p>R</p>,Length,<p>65</p>,Width,<p>40</p>,Height,<p>33</p>,Box Quantity,<p>8</p>,Inner Pack Quantity,<p>1</p>,Country Of Origin,<p></p>,Standards,<p></p>,,,,
UPJ10,Variant,,,https://d11ak7fd9ypfb7.cloudfront.net/styles1100px/UPJ10NAR.jpg,,0.0,TRUE,InStock,1.47,,UPJ10NARS,,,,Size,DROP_DOWN,S,Color,DROP_DOWN,Navy,,,,,,,,,,,,,Fit,<p>R</p>,Length,<p>65</p>,Width,<p>40</p>,Height,<p>33</p>,Box Quantity,<p>8</p>,Inner Pack Quantity,<p>1</p>,Country Of Origin,<p></p>,Standards,<p></p>,,,,
UPJ10,Variant,,,https://d11ak7fd9ypfb7.cloudfront.net/styles1100px/UPJ10NAR.jpg,,0.0,TRUE,InStock,1.69,,UPJ10NARXL,,,,Size,DROP_DOWN,XL,Color,DROP_DOWN,Navy,,,,,,,,,,,,,Fit,<p>R</p>,Length,<p>65</p>,Width,<p>40</p>,Height,<p>33</p>,Box Quantity,<p>8</p>,Inner Pack Quantity,<p>1</p>,Country Of Origin,<p></p>,Standards,<p></p>,,,,
UPJ10,Variant,,,https://d11ak7fd9ypfb7.cloudfront.net/styles1100px/UPJ10NAR.jpg,,0.0,TRUE,InStock,1.76,,UPJ10NARXXL,,,,Size,DROP_DOWN,XXL,Color,DROP_DOWN,Navy,,,,,,,,,,,,,Fit,<p>R</p>,Length,<p>65</p>,Width,<p>40</p>,Height,<p>33</p>,Box Quantity,<p>8</p>,Inner Pack Quantity,<p>1</p>,Country Of Origin,<p></p>,Standards,<p></p>,,,,
UPJ10,Variant,,,https://d11ak7fd9ypfb7.cloudfront.net/styles1100px/UPJ10NAR.jpg,,0.0,TRUE,InStock,1.7,,UPJ10NARXXXL,,,,Size,DROP_DOWN,XXXL,Color,DROP_DOWN,Navy,,,,,,,,,,,,,Fit,<p>R</p>,Length,<p>65</p>,Width,<p>40</p>,Height,<p>33</p>,Box Quantity,<p>8</p>,Inner Pack Quantity,<p>1</p>,Country Of Origin,<p></p>,Standards,<p></p>,,,,
UPJ50,Product,UPJ50 - ,,https://d11ak7fd9ypfb7.cloudfront.net/styles1100px/UPJ50ONR.jpg,77.0,0.0,TRUE,InStock,1.61,,UPJ50ONRM,,,,Size,DROP_DOWN,S;M;L;XL;XXL;XXXL;4XL,Color,DROP_DOWN,Yellow/Navy;Orange/Navy,,,,,,,,,,,,,Fit,<p>R</p>,Length,<p>65</p>,Width,<p>40</p>,Height,<p>33</p>,Box Quantity,<p>12</p>,Inner Pack Quantity,<p>1</p>,Country Of Origin,<p></p>,Standards,<p></p>,,,,
UPJ50,Variant,,,https://d11ak7fd9ypfb7.cloudfront.net/styles1100px/UPJ50ONR.jpg,,0.0,TRUE,InStock,1.61,,UPJ50ONRM,,,,Size,DROP_DOWN,M,Color,DROP_DOWN,Orange/Navy,,,,,,,,,,,,,Fit,<p>R</p>,Length,<p>65</p>,Width,<p>40</p>,Height,<p>33</p>,Box Quantity,<p>12</p>,Inner Pack Quantity,<p>1</p>,Country Of Origin,<p></p>,Standards,<p></p>,,,,
UPJ50,Variant,,,https://d11ak7fd9ypfb7.cloudfront.net/styles1100px/UPJ50YNR.jpg,,0.0,TRUE,InStock,1.89,,UPJ50YNR4XL,,,,Size,DROP_DOWN,4XL,Color,DROP_DOWN,Yellow/Navy,,,,,,,,,,,,,Fit,<p>R</p>,Length,<p>65</p>,Width,<p>40</p>,Height,<p>33</p>,Box Quantity,<p>12</p>,Inner Pack Quantity,<p>1</p>,Country Of Origin,<p>BD</p>,Standards,<p></p>,,,,
UPJ50,Variant,,,https://d11ak7fd9ypfb7.cloudfront.net/styles1100px/UPJ50YNR.jpg,,0.0,TRUE,InStock,1.65,,UPJ50YNRL,,,,Size,DROP_DOWN,L,Color,DROP_DOWN,Yellow/Navy,,,,,,,,,,,,,Fit,<p>R</p>,Length,<p>65</p>,Width,<p>40</p>,Height,<p>33</p>,Box Quantity,<p>12</p>,Inner Pack Quantity,<p>1</p>,Country Of Origin,<p>BD</p>,Standards,<p></p>,,,,
UPJ50,Variant,,,https://d11ak7fd9ypfb7.cloudfront.net/styles1100px/UPJ50YNR.jpg,,0.0,TRUE,InStock,1.61,,UPJ50YNRM,,,,Size,DROP_DOWN,M,Color,DROP_DOWN,Yellow/Navy,,,,,,,,,,,,,Fit,<p>R</p>,Length,<p>65</p>,Width,<p>40</p>,Height,<p>33</p>,Box Quantity,<p>12</p>,Inner Pack Quantity,<p>1</p>,Country Of Origin,<p>BD</p>,Standards,<p></p>,,,,
UPJ50,Variant,,,https://d11ak7fd9ypfb7.cloudfront.net/styles1100px/UPJ50YNR.jpg,,0.0,TRUE,InStock,1.47,,UPJ50YNRS,,,,Size,DROP_DOWN,S,Color,DROP_DOWN,Yellow/Navy,,,,,,,,,,,,,Fit,<p>R</p>,Length,<p>65</p>,Width,<p>40</p>,Height,<p>33</p>,Box Quantity,<p>12</p>,Inner Pack Quantity,<p>1</p>,Country Of Origin,<p>BD</p>,Standards,<p></p>,,,,
UPJ50,Variant,,,https://d11ak7fd9ypfb7.cloudfront.net/styles1100px/UPJ50YNR.jpg,,0.0,TRUE,InStock,1.69,,UPJ50YNRXL,,,,Size,DROP_DOWN,XL,Color,DROP_DOWN,Yellow/Navy,,,,,,,,,,,,,Fit,<p>R</p>,Length,<p>65</p>,Width,<p>40</p>,Height,<p>33</p>,Box Quantity,<p>12</p>,Inner Pack Quantity,<p>1</p>,Country Of Origin,<p>BD</p>,Standards,<p></p>,,,,
UPJ50,Variant,,,https://d11ak7fd9ypfb7.cloudfront.net/styles1100px/UPJ50YNR.jpg,,0.0,TRUE,InStock,1.76,,UPJ50YNRXXL,,,,Size,DROP_DOWN,XXL,Color,DROP_DOWN,Yellow/Navy,,,,,,,,,,,,,Fit,<p>R</p>,Length,<p>65</p>,Width,<p>40</p>,Height,<p>33</p>,Box Quantity,<p>12</p>,Inner Pack Quantity,<p>1</p>,Country Of Origin,<p>BD</p>,Standards,<p></p>,,,,
UPJ50,Variant,,,https://d11ak7fd9ypfb7.cloudfront.net/styles1100px/UPJ50YNR.jpg,,0.0,TRUE,InStock,1.8,,UPJ50YNRXXXL,,,,Size,DROP_DOWN,XXXL,Color,DROP_DOWN,Yellow/Navy,,,,,,,,,,,,,Fit,<p>R</p>,Length,<p>65</p>,Width,<p>40</p>,Height,<p>33</p>,Box Quantity,<p>12</p>,Inner Pack Quantity,<p>1</p>,Country Of Origin,<p>BD</p>,Standards,<p></p>,,,,
URT27,Product,URT27 - ,,https://d11ak7fd9ypfb7.cloudfront.net/styles1100px/URT27ORR.jpg,0.0,0.0,TRUE,InStock,2.06,,URT27ORRL,,,,Size,DROP_DOWN,M;L;XL;XXL;XXXL,Color,DROP_DOWN,Orange,,,,,,,,,,,,,Fit,<p>R</p>,Length,<p>65</p>,Width,<p>45</p>,Height,<p>25</p>,Box Quantity,<p>5</p>,Inner Pack Quantity,<p>1</p>,Country Of Origin,<p></p>,Standards,<p></p>,,,,
URT27,Variant,,,https://d11ak7fd9ypfb7.cloudfront.net/styles1100px/URT27ORR.jpg,,0.0,TRUE,InStock,2.06,,URT27ORRL,,,,Size,DROP_DOWN,L,Color,DROP_DOWN,Orange,,,,,,,,,,,,,Fit,<p>R</p>,Length,<p>65</p>,Width,<p>45</p>,Height,<p>25</p>,Box Quantity,<p>5</p>,Inner Pack Quantity,<p>1</p>,Country Of Origin,<p></p>,Standards,<p></p>,,,,
URT27,Variant,,,https://d11ak7fd9ypfb7.cloudfront.net/styles1100px/URT27ORR.jpg,,0.0,TRUE,InStock,1.96,,URT27ORRM,,,,Size,DROP_DOWN,M,Color,DROP_DOWN,Orange,,,,,,,,,,,,,Fit,<p>R</p>,Length,<p>65</p>,Width,<p>45</p>,Height,<p>25</p>,Box Quantity,<p>5</p>,Inner Pack Quantity,<p>1</p>,Country Of Origin,<p></p>,Standards,<p></p>,,,,
URT27,Variant,,,https://d11ak7fd9ypfb7.cloudfront.net/styles1100px/URT27ORR.jpg,,0.0,TRUE,InStock,2.16,,URT27ORRXL,,,,Size,DROP_DOWN,XL,Color,DROP_DOWN,Orange,,,,,,,,,,,,,Fit,<p>R</p>,Length,<p>65</p>,Width,<p>45</p>,Height,<p>25</p>,Box Quantity,<p>5</p>,Inner Pack Quantity,<p>1</p>,Country Of Origin,<p></p>,Standards,<p></p>,,,,
URT27,Variant,,,https://d11ak7fd9ypfb7.cloudfront.net/styles1100px/URT27ORR.jpg,,0.0,TRUE,InStock,2.26,,URT27ORRXXL,,,,Size,DROP_DOWN,XXL,Color,DROP_DOWN,Orange,,,,,,,,,,,,,Fit,<p>R</p>,Length,<p>65</p>,Width,<p>45</p>,Height,<p>25</p>,Box Quantity,<p>5</p>,Inner Pack Quantity,<p>1</p>,Country Of Origin,<p></p>,Standards,<p></p>,,,,
URT27,Variant,,,https://d11ak7fd9ypfb7.cloudfront.net/styles1100px/URT27ORR.jpg,,0.0,TRUE,InStock,2.36,,URT27ORRXXXL,,,,Size,DROP_DOWN,XXXL,Color,DROP_DOWN,Orange,,,,,,,,,,,,,Fit,<p>R</p>,Length,<p>65</p>,Width,<p>45</p>,Height,<p>25</p>,Box Quantity,<p>5</p>,Inner Pack Quantity,<p>1</p>,Country Of Origin,<p></p>,Standards,<p></p>,,,,
URT30,Product,URT30 - Hi-Vis Traffic Jacket,"Certified to the Railroad Industry Standard RIS 3279-TOM, this jacket meets the stringent safety requirements the standard requires. Features include waterproof sealed seams and multiple storage pockets.",https://d11ak7fd9ypfb7.cloudfront.net/styles1100px/URT30ORR.jpg,56.5,0.0,TRUE,InStock,1.24,,URT30ORR4XL,,,,Size,DROP_DOWN,S;M;L;XL;XXL;XXXL;4XL;5XL,Color,DROP_DOWN,Orange,,,,,,,,,,,,,Fit,<p>R</p>,Length,<p>65</p>,Width,<p>45</p>,Height,<p>28</p>,Box Quantity,<p>12</p>,Inner Pack Quantity,<p>1</p>,Country Of Origin,<p>MM</p>,Standards,<p></p>,,,,
URT30,Variant,,"Certified to the Railroad Industry Standard RIS 3279-TOM, this jacket meets the stringent safety requirements the standard requires. Features include waterproof sealed seams and multiple storage pockets.",https://d11ak7fd9ypfb7.cloudfront.net/styles1100px/URT30ORR.jpg,,0.0,TRUE,InStock,1.24,,URT30ORR4XL,,,,Size,DROP_DOWN,4XL,Color,DROP_DOWN,Orange,,,,,,,,,,,,,Fit,<p>R</p>,Length,<p>65</p>,Width,<p>45</p>,Height,<p>28</p>,Box Quantity,<p>12</p>,Inner Pack Quantity,<p>1</p>,Country Of Origin,<p>MM</p>,Standards,<p></p>,,,,
URT30,Variant,,"Certified to the Railroad Industry Standard RIS 3279-TOM, this jacket meets the stringent safety requirements the standard requires. Features include waterproof sealed seams and multiple storage pockets.",https://d11ak7fd9ypfb7.cloudfront.net/styles1100px/URT30ORR.jpg,,0.0,TRUE,InStock,1.28,,URT30ORR5XL,,,,Size,DROP_DOWN,5XL,Color,DROP_DOWN,Orange,,,,,,,,,,,,,Fit,<p>R</p>,Length,<p>65</p>,Width,<p>45</p>,Height,<p>28</p>,Box Quantity,<p>12</p>,Inner Pack Quantity,<p>1</p>,Country Of Origin,<p>MM</p>,Standards,<p></p>,,,,
URT30,Variant,,"Certified to the Railroad Industry Standard RIS 3279-TOM, this jacket meets the stringent safety requirements the standard requires. Features include waterproof sealed seams and multiple storage pockets.",https://d11ak7fd9ypfb7.cloudfront.net/styles1100px/URT30ORR.jpg,,0.0,TRUE,InStock,1.08,,URT30ORRL,,,,Size,DROP_DOWN,L,Color,DROP_DOWN,Orange,,,,,,,,,,,,,Fit,<p>R</p>,Length,<p>65</p>,Width,<p>45</p>,Height,<p>28</p>,Box Quantity,<p>12</p>,Inner Pack Quantity,<p>1</p>,Country Of Origin,<p>MM</p>,Standards,<p></p>,,,,
URT30,Variant,,"Certified to the Railroad Industry Standard RIS 3279-TOM, this jacket meets the stringent safety requirements the standard requires. Features include waterproof sealed seams and multiple storage pockets.",https://d11ak7fd9ypfb7.cloudfront.net/styles1100px/URT30ORR.jpg,,0.0,TRUE,InStock,1.04,,URT30ORRM,,,,Size,DROP_DOWN,M,Color,DROP_DOWN,Orange,,,,,,,,,,,,,Fit,<p>R</p>,Length,<p>65</p>,Width,<p>45</p>,Height,<p>28</p>,Box Quantity,<p>12</p>,Inner Pack Quantity,<p>1</p>,Country Of Origin,<p>MM</p>,Standards,<p></p>,,,,
URT30,Variant,,"Certified to the Railroad Industry Standard RIS 3279-TOM, this jacket meets the stringent safety requirements the standard requires. Features include waterproof sealed seams and multiple storage pockets.",https://d11ak7fd9ypfb7.cloudfront.net/styles1100px/URT30ORR.jpg,,0.0,TRUE,InStock,1,,URT30ORRS,,,,Size,DROP_DOWN,S,Color,DROP_DOWN,Orange,,,,,,,,,,,,,Fit,<p>R</p>,Length,<p>65</p>,Width,<p>45</p>,Height,<p>28</p>,Box Quantity,<p>12</p>,Inner Pack Quantity,<p>1</p>,Country Of Origin,<p>MM</p>,Standards,<p></p>,,,,
URT30,Variant,,"Certified to the Railroad Industry Standard RIS 3279-TOM, this jacket meets the stringent safety requirements the standard requires. Features include waterproof sealed seams and multiple storage pockets.",https://d11ak7fd9ypfb7.cloudfront.net/styles1100px/URT30ORR.jpg,,0.0,TRUE,InStock,1.12,,URT30ORRXL,,,,Size,DROP_DOWN,XL,Color,DROP_DOWN,Orange,,,,,,,,,,,,,Fit,<p>R</p>,Length,<p>65</p>,Width,<p>45</p>,Height,<p>28</p>,Box Quantity,<p>12</p>,Inner Pack Quantity,<p>1</p>,Country Of Origin,<p>MM</p>,Standards,<p></p>,,,,
URT30,Variant,,"Certified to the Railroad Industry Standard RIS 3279-TOM, this jacket meets the stringent safety requirements the standard requires. Features include waterproof sealed seams and multiple storage pockets.",https://d11ak7fd9ypfb7.cloudfront.net/styles1100px/URT30ORR.jpg,,0.0,TRUE,InStock,1.16,,URT30ORRXXL,,,,Size,DROP_DOWN,XXL,Color,DROP_DOWN,Orange,,,,,,,,,,,,,Fit,<p>R</p>,Length,<p>65</p>,Width,<p>45</p>,Height,<p>28</p>,Box Quantity,<p>12</p>,Inner Pack Quantity,<p>1</p>,Country Of Origin,<p>MM</p>,Standards,<p></p>,,,,
URT30,Variant,,"Certified to the Railroad Industry Standard RIS 3279-TOM, this jacket meets the stringent safety requirements the standard requires. Features include waterproof sealed seams and multiple storage pockets.",https://d11ak7fd9ypfb7.cloudfront.net/styles1100px/URT30ORR.jpg,,0.0,TRUE,InStock,1.2,,URT30ORRXXXL,,,,Size,DROP_DOWN,XXXL,Color,DROP_DOWN,Orange,,,,,,,,,,,,,Fit,<p>R</p>,Length,<p>65</p>,Width,<p>45</p>,Height,<p>28</p>,Box Quantity,<p>12</p>,Inner Pack Quantity,<p>1</p>,Country Of Origin,<p>MM</p>,Standards,<p></p>,,,,
URT32,Product,URT32 - Hi-Vis Bomber Jacket RIS,"Completely padded and lined, the URT32 offers great freedom of movement and is combined with all our usual safety and weatherproofing functions. Fully certified to RIS 3279 for use on railroads or similar environments.",https://d11ak7fd9ypfb7.cloudfront.net/styles1100px/URT32ORR.jpg,61.5,0.0,TRUE,InStock,1.11,,URT32ORR4XL,,,,Size,DROP_DOWN,S;M;L;XL;XXL;XXXL;4XL;5XL,Color,DROP_DOWN,Orange,,,,,,,,,,,,,Fit,<p>R</p>,Length,<p>65</p>,Width,<p>40</p>,Height,<p>30</p>,Box Quantity,<p>12</p>,Inner Pack Quantity,<p>1</p>,Country Of Origin,<p>MM</p>,Standards,<p></p>,,,,
URT32,Variant,,"Completely padded and lined, the URT32 offers great freedom of movement and is combined with all our usual safety and weatherproofing functions. Fully certified to RIS 3279 for use on railroads or similar environments.",https://d11ak7fd9ypfb7.cloudfront.net/styles1100px/URT32ORR.jpg,,0.0,TRUE,InStock,1.11,,URT32ORR4XL,,,,Size,DROP_DOWN,4XL,Color,DROP_DOWN,Orange,,,,,,,,,,,,,Fit,<p>R</p>,Length,<p>65</p>,Width,<p>40</p>,Height,<p>30</p>,Box Quantity,<p>12</p>,Inner Pack Quantity,<p>1</p>,Country Of Origin,<p>MM</p>,Standards,<p></p>,,,,
URT32,Variant,,"Completely padded and lined, the URT32 offers great freedom of movement and is combined with all our usual safety and weatherproofing functions. Fully certified to RIS 3279 for use on railroads or similar environments.",https://d11ak7fd9ypfb7.cloudfront.net/styles1100px/URT32ORR.jpg,,0.0,TRUE,InStock,1.14,,URT32ORR5XL,,,,Size,DROP_DOWN,5XL,Color,DROP_DOWN,Orange,,,,,,,,,,,,,Fit,<p>R</p>,Length,<p>65</p>,Width,<p>40</p>,Height,<p>30</p>,Box Quantity,<p>12</p>,Inner Pack Quantity,<p>1</p>,Country Of Origin,<p>MM</p>,Standards,<p></p>,,,,
URT32,Variant,,"Completely padded and lined, the URT32 offers great freedom of movement and is combined with all our usual safety and weatherproofing functions. Fully certified to RIS 3279 for use on railroads or similar environments.",https://d11ak7fd9ypfb7.cloudfront.net/styles1100px/URT32ORR.jpg,,0.0,TRUE,InStock,0.99,,URT32ORRL,,,,Size,DROP_DOWN,L,Color,DROP_DOWN,Orange,,,,,,,,,,,,,Fit,<p>R</p>,Length,<p>65</p>,Width,<p>40</p>,Height,<p>30</p>,Box Quantity,<p>12</p>,Inner Pack Quantity,<p>1</p>,Country Of Origin,<p>MM</p>,Standards,<p></p>,,,,
URT32,Variant,,"Completely padded and lined, the URT32 offers great freedom of movement and is combined with all our usual safety and weatherproofing functions. Fully certified to RIS 3279 for use on railroads or similar environments.",https://d11ak7fd9ypfb7.cloudfront.net/styles1100px/URT32ORR.jpg,,0.0,TRUE,InStock,0.96,,URT32ORRM,,,,Size,DROP_DOWN,M,Color,DROP_DOWN,Orange,,,,,,,,,,,,,Fit,<p>R</p>,Length,<p>65</p>,Width,<p>40</p>,Height,<p>30</p>,Box Quantity,<p>12</p>,Inner Pack Quantity,<p>1</p>,Country Of Origin,<p>MM</p>,Standards,<p></p>,,,,
URT32,Variant,,"Completely padded and lined, the URT32 offers great freedom of movement and is combined with all our usual safety and weatherproofing functions. Fully certified to RIS 3279 for use on railroads or similar environments.",https://d11ak7fd9ypfb7.cloudfront.net/styles1100px/URT32ORR.jpg,,0.0,TRUE,InStock,0.93,,URT32ORRS,,,,Size,DROP_DOWN,S,Color,DROP_DOWN,Orange,,,,,,,,,,,,,Fit,<p>R</p>,Length,<p>65</p>,Width,<p>40</p>,Height,<p>30</p>,Box Quantity,<p>12</p>,Inner Pack Quantity,<p>1</p>,Country Of Origin,<p>MM</p>,Standards,<p></p>,,,,
URT32,Variant,,"Completely padded and lined, the URT32 offers great freedom of movement and is combined with all our usual safety and weatherproofing functions. Fully certified to RIS 3279 for use on railroads or similar environments.",https://d11ak7fd9ypfb7.cloudfront.net/styles1100px/URT32ORR.jpg,,0.0,TRUE,InStock,1.02,,URT32ORRXL,,,,Size,DROP_DOWN,XL,Color,DROP_DOWN,Orange,,,,,,,,,,,,,Fit,<p>R</p>,Length,<p>65</p>,Width,<p>40</p>,Height,<p>30</p>,Box Quantity,<p>12</p>,Inner Pack Quantity,<p>1</p>,Country Of Origin,<p>MM</p>,Standards,<p></p>,,,,
URT32,Variant,,"Completely padded and lined, the URT32 offers great freedom of movement and is combined with all our usual safety and weatherproofing functions. Fully certified to RIS 3279 for use on railroads or similar environments.",https://d11ak7fd9ypfb7.cloudfront.net/styles1100px/URT32ORR.jpg,,0.0,TRUE,InStock,1.05,,URT32ORRXXL,,,,Size,DROP_DOWN,XXL,Color,DROP_DOWN,Orange,,,,,,,,,,,,,Fit,<p>R</p>,Length,<p>65</p>,Width,<p>40</p>,Height,<p>30</p>,Box Quantity,<p>12</p>,Inner Pack Quantity,<p>1</p>,Country Of Origin,<p>MM</p>,Standards,<p></p>,,,,
URT32,Variant,,"Completely padded and lined, the URT32 offers great freedom of movement and is combined with all our usual safety and weatherproofing functions. Fully certified to RIS 3279 for use on railroads or similar environments.",https://d11ak7fd9ypfb7.cloudfront.net/styles1100px/URT32ORR.jpg,,0.0,TRUE,InStock,1.08,,URT32ORRXXXL,,,,Size,DROP_DOWN,XXXL,Color,DROP_DOWN,Orange,,,,,,,,,,,,,Fit,<p>R</p>,Length,<p>65</p>,Width,<p>40</p>,Height,<p>30</p>,Box Quantity,<p>12</p>,Inner Pack Quantity,<p>1</p>,Country Of Origin,<p>MM</p>,Standards,<p></p>,,,,
US160,Product,US160 - Hi-Vis Lite Traffic Jacket,"Offering high quality at an unbeatable price, the US160 includes features such as a zipper front with Hook and Loop storm flap, jetted hip pockets and snap adjustable cuffs.",https://d11ak7fd9ypfb7.cloudfront.net/styles1100px/US160ORR.jpg,43.9,0.0,TRUE,InStock,0.84,,US160ORRL,,,,Size,DROP_DOWN,S;M;L;XL;XXL;XXXL;4XL;5XL;6XL,Color,DROP_DOWN,Yellow;Orange,,,,,,,,,,,,,Fit,<p>R</p>,Length,<p>43</p>,Width,<p>28</p>,Height,<p>48</p>,Box Quantity,<p>24</p>,Inner Pack Quantity,<p>1</p>,Country Of Origin,<p>MM</p>,Standards,<p></p>,,,,
US160,Variant,,"Offering high quality at an unbeatable price, the US160 includes features such as a zipper front with Hook and Loop storm flap, jetted hip pockets and snap adjustable cuffs.",https://d11ak7fd9ypfb7.cloudfront.net/styles1100px/US160ORR.jpg,,0.0,TRUE,InStock,0.84,,US160ORRL,,,,Size,DROP_DOWN,L,Color,DROP_DOWN,Orange,,,,,,,,,,,,,Fit,<p>R</p>,Length,<p>43</p>,Width,<p>28</p>,Height,<p>48</p>,Box Quantity,<p>24</p>,Inner Pack Quantity,<p>1</p>,Country Of Origin,<p>MM</p>,Standards,<p></p>,,,,
US160,Variant,,"Offering high quality at an unbeatable price, the US160 includes features such as a zipper front with Hook and Loop storm flap, jetted hip pockets and snap adjustable cuffs.",https://d11ak7fd9ypfb7.cloudfront.net/styles1100px/US160ORR.jpg,,0.0,TRUE,InStock,0.82,,US160ORRM,,,,Size,DROP_DOWN,M,Color,DROP_DOWN,Orange,,,,,,,,,,,,,Fit,<p>R</p>,Length,<p>43</p>,Width,<p>28</p>,Height,<p>48</p>,Box Quantity,<p>24</p>,Inner Pack Quantity,<p>1</p>,Country Of Origin,<p>MM</p>,Standards,<p></p>,,,,
US160,Variant,,"Offering high quality at an unbeatable price, the US160 includes features such as a zipper front with Hook and Loop storm flap, jetted hip pockets and snap adjustable cuffs.",https://d11ak7fd9ypfb7.cloudfront.net/styles1100px/US160YER.jpg,,0.0,TRUE,InStock,0.94,,US160YER4XL,,,,Size,DROP_DOWN,4XL,Color,DROP_DOWN,Yellow,,,,,,,,,,,,,Fit,<p>R</p>,Length,<p>43</p>,Width,<p>28</p>,Height,<p>48</p>,Box Quantity,<p>24</p>,Inner Pack Quantity,<p>1</p>,Country Of Origin,<p>MM</p>,Standards,<p></p>,,,,
US160,Variant,,"Offering high quality at an unbeatable price, the US160 includes features such as a zipper front with Hook and Loop storm flap, jetted hip pockets and snap adjustable cuffs.",https://d11ak7fd9ypfb7.cloudfront.net/styles1100px/US160YER.jpg,,0.0,TRUE,InStock,0.98,,US160YER5XL,,,,Size,DROP_DOWN,5XL,Color,DROP_DOWN,Yellow,,,,,,,,,,,,,Fit,<p>R</p>,Length,<p>43</p>,Width,<p>28</p>,Height,<p>48</p>,Box Quantity,<p>24</p>,Inner Pack Quantity,<p>1</p>,Country Of Origin,<p>MM</p>,Standards,<p></p>,,,,
US160,Variant,,"Offering high quality at an unbeatable price, the US160 includes features such as a zipper front with Hook and Loop storm flap, jetted hip pockets and snap adjustable cuffs.",https://d11ak7fd9ypfb7.cloudfront.net/styles1100px/US160YER.jpg,,0.0,TRUE,InStock,1,,US160YER6XL,,,,Size,DROP_DOWN,6XL,Color,DROP_DOWN,Yellow,,,,,,,,,,,,,Fit,<p>R</p>,Length,<p>43</p>,Width,<p>28</p>,Height,<p>48</p>,Box Quantity,<p>24</p>,Inner Pack Quantity,<p>1</p>,Country Of Origin,<p>MM</p>,Standards,<p></p>,,,,
US160,Variant,,"Offering high quality at an unbeatable price, the US160 includes features such as a zipper front with Hook and Loop storm flap, jetted hip pockets and snap adjustable cuffs.",https://d11ak7fd9ypfb7.cloudfront.net/styles1100px/US160YER.jpg,,0.0,TRUE,InStock,0.84,,US160YERL,,,,Size,DROP_DOWN,L,Color,DROP_DOWN,Yellow,,,,,,,,,,,,,Fit,<p>R</p>,Length,<p>43</p>,Width,<p>28</p>,Height,<p>48</p>,Box Quantity,<p>24</p>,Inner Pack Quantity,<p>1</p>,Country Of Origin,<p>MM</p>,Standards,<p></p>,,,,
US160,Variant,,"Offering high quality at an unbeatable price, the US160 includes features such as a zipper front with Hook and Loop storm flap, jetted hip pockets and snap adjustable cuffs.",https://d11ak7fd9ypfb7.cloudfront.net/styles1100px/US160YER.jpg,,0.0,TRUE,InStock,0.82,,US160YERM,,,,Size,DROP_DOWN,M,Color,DROP_DOWN,Yellow,,,,,,,,,,,,,Fit,<p>R</p>,Length,<p>43</p>,Width,<p>28</p>,Height,<p>48</p>,Box Quantity,<p>24</p>,Inner Pack Quantity,<p>1</p>,Country Of Origin,<p>MM</p>,Standards,<p></p>,,,,
US160,Variant,,"Offering high quality at an unbeatable price, the US160 includes features such as a zipper front with Hook and Loop storm flap, jetted hip pockets and snap adjustable cuffs.",https://d11ak7fd9ypfb7.cloudfront.net/styles1100px/US160YER.jpg,,0.0,TRUE,InStock,0.8,,US160YERS,,,,Size,DROP_DOWN,S,Color,DROP_DOWN,Yellow,,,,,,,,,,,,,Fit,<p>R</p>,Length,<p>43</p>,Width,<p>28</p>,Height,<p>48</p>,Box Quantity,<p>24</p>,Inner Pack Quantity,<p>1</p>,Country Of Origin,<p>MM</p>,Standards,<p></p>,,,,
US160,Variant,,"Offering high quality at an unbeatable price, the US160 includes features such as a zipper front with Hook and Loop storm flap, jetted hip pockets and snap adjustable cuffs.",https://d11ak7fd9ypfb7.cloudfront.net/styles1100px/US160YER.jpg,,0.0,TRUE,InStock,0.86,,US160YERXL,,,,Size,DROP_DOWN,XL,Color,DROP_DOWN,Yellow,,,,,,,,,,,,,Fit,<p>R</p>,Length,<p>43</p>,Width,<p>28</p>,Height,<p>48</p>,Box Quantity,<p>24</p>,Inner Pack Quantity,<p>1</p>,Country Of Origin,<p>MM</p>,Standards,<p></p>,,,,
US160,Variant,,"Offering high quality at an unbeatable price, the US160 includes features such as a zipper front with Hook and Loop storm flap, jetted hip pockets and snap adjustable cuffs.",https://d11ak7fd9ypfb7.cloudfront.net/styles1100px/US160YER.jpg,,0.0,TRUE,InStock,0.88,,US160YERXXL,,,,Size,DROP_DOWN,XXL,Color,DROP_DOWN,Yellow,,,,,,,,,,,,,Fit,<p>R</p>,Length,<p>43</p>,Width,<p>28</p>,Height,<p>48</p>,Box Quantity,<p>24</p>,Inner Pack Quantity,<p>1</p>,Country Of Origin,<p>MM</p>,Standards,<p></p>,,,,
US160,Variant,,"Offering high quality at an unbeatable price, the US160 includes features such as a zipper front with Hook and Loop storm flap, jetted hip pockets and snap adjustable cuffs.",https://d11ak7fd9ypfb7.cloudfront.net/styles1100px/US160YER.jpg,,0.0,TRUE,InStock,0.9,,US160YERXXXL,,,,Size,DROP_DOWN,XXXL,Color,DROP_DOWN,Yellow,,,,,,,,,,,,,Fit,<p>R</p>,Length,<p>43</p>,Width,<p>28</p>,Height,<p>48</p>,Box Quantity,<p>24</p>,Inner Pack Quantity,<p>1</p>,Country Of Origin,<p>MM</p>,Standards,<p></p>,,,,
US361,Product,US361 - Hi-Vis Contrast Tape Rain Jacket,"This fully certified lightweight jacket offers unrivalled foul weather protection and wearer comfort. Hardwearing, functional and packed full of features including a vented back cape with D-ring opening, pack away hood for easy storing, multiple pockets for ample storage, mic tab and mesh lined for optimum warmth and comfort.",https://d11ak7fd9ypfb7.cloudfront.net/styles1100px/US361YBR.jpg,63.0,0.0,TRUE,InStock,0.999,,US361YBR4XL,,,,Size,DROP_DOWN,S;M;L;XL;XXL;XXXL;4XL;5XL;6XL,Color,DROP_DOWN,Yellow/Black,,,,,,,,,,,,,Fit,<p>R</p>,Length,<p>43</p>,Width,<p>28</p>,Height,<p>55</p>,Box Quantity,<p>24</p>,Inner Pack Quantity,<p>1</p>,Country Of Origin,<p>MM</p>,Standards,<ul><li>ANSI/ISEA 107 TYPE R CLASS 3</li><li>EN 343:2019 Class 3:1 X  WP 15000mm</li></ul>,,,,
US361,Variant,,"This fully certified lightweight jacket offers unrivalled foul weather protection and wearer comfort. Hardwearing, functional and packed full of features including a vented back cape with D-ring opening, pack away hood for easy storing, multiple pockets for ample storage, mic tab and mesh lined for optimum warmth and comfort.",https://d11ak7fd9ypfb7.cloudfront.net/styles1100px/US361YBR.jpg,,0.0,TRUE,InStock,0.999,,US361YBR4XL,,,,Size,DROP_DOWN,4XL,Color,DROP_DOWN,Yellow/Black,,,,,,,,,,,,,Fit,<p>R</p>,Length,<p>43</p>,Width,<p>28</p>,Height,<p>55</p>,Box Quantity,<p>24</p>,Inner Pack Quantity,<p>1</p>,Country Of Origin,<p>MM</p>,Standards,<ul><li>ANSI/ISEA 107 TYPE R CLASS 3</li><li>EN 343:2019 Class 3:1 X  WP 15000mm</li></ul>,,,,
US361,Variant,,"This fully certified lightweight jacket offers unrivalled foul weather protection and wearer comfort. Hardwearing, functional and packed full of features including a vented back cape with D-ring opening, pack away hood for easy storing, multiple pockets for ample storage, mic tab and mesh lined for optimum warmth and comfort.",https://d11ak7fd9ypfb7.cloudfront.net/styles1100px/US361YBR.jpg,,0.0,TRUE,InStock,0.999,,US361YBR5XL,,,,Size,DROP_DOWN,5XL,Color,DROP_DOWN,Yellow/Black,,,,,,,,,,,,,Fit,<p>R</p>,Length,<p>43</p>,Width,<p>28</p>,Height,<p>55</p>,Box Quantity,<p>24</p>,Inner Pack Quantity,<p>1</p>,Country Of Origin,<p>MM</p>,Standards,<ul><li>ANSI/ISEA 107 TYPE R CLASS 3</li><li>EN 343:2019 Class 3:1 X  WP 15000mm</li></ul>,,,,
US361,Variant,,"This fully certified lightweight jacket offers unrivalled foul weather protection and wearer comfort. Hardwearing, functional and packed full of features including a vented back cape with D-ring opening, pack away hood for easy storing, multiple pockets for ample storage, mic tab and mesh lined for optimum warmth and comfort.",https://d11ak7fd9ypfb7.cloudfront.net/styles1100px/US361YBR.jpg,,0.0,TRUE,InStock,0.999,,US361YBR6XL,,,,Size,DROP_DOWN,6XL,Color,DROP_DOWN,Yellow/Black,,,,,,,,,,,,,Fit,<p>R</p>,Length,<p>43</p>,Width,<p>28</p>,Height,<p>55</p>,Box Quantity,<p>24</p>,Inner Pack Quantity,<p>1</p>,Country Of Origin,<p>MM</p>,Standards,<ul><li>ANSI/ISEA 107 TYPE R CLASS 3</li><li>EN 343:2019 Class 3:1 X  WP 15000mm</li></ul>,,,,
US361,Variant,,"This fully certified lightweight jacket offers unrivalled foul weather protection and wearer comfort. Hardwearing, functional and packed full of features including a vented back cape with D-ring opening, pack away hood for easy storing, multiple pockets for ample storage, mic tab and mesh lined for optimum warmth and comfort.",https://d11ak7fd9ypfb7.cloudfront.net/styles1100px/US361YBR.jpg,,0.0,TRUE,InStock,0.999,,US361YBRL,,,,Size,DROP_DOWN,L,Color,DROP_DOWN,Yellow/Black,,,,,,,,,,,,,Fit,<p>R</p>,Length,<p>43</p>,Width,<p>28</p>,Height,<p>55</p>,Box Quantity,<p>24</p>,Inner Pack Quantity,<p>1</p>,Country Of Origin,<p>MM</p>,Standards,<ul><li>ANSI/ISEA 107 TYPE R CLASS 3</li><li>EN 343:2019 Class 3:1 X  WP 15000mm</li></ul>,,,,
US361,Variant,,"This fully certified lightweight jacket offers unrivalled foul weather protection and wearer comfort. Hardwearing, functional and packed full of features including a vented back cape with D-ring opening, pack away hood for easy storing, multiple pockets for ample storage, mic tab and mesh lined for optimum warmth and comfort.",https://d11ak7fd9ypfb7.cloudfront.net/styles1100px/US361YBR.jpg,,0.0,TRUE,InStock,0.999,,US361YBRM,,,,Size,DROP_DOWN,M,Color,DROP_DOWN,Yellow/Black,,,,,,,,,,,,,Fit,<p>R</p>,Length,<p>43</p>,Width,<p>28</p>,Height,<p>55</p>,Box Quantity,<p>24</p>,Inner Pack Quantity,<p>1</p>,Country Of Origin,<p>MM</p>,Standards,<ul><li>ANSI/ISEA 107 TYPE R CLASS 3</li><li>EN 343:2019 Class 3:1 X  WP 15000mm</li></ul>,,,,
US361,Variant,,"This fully certified lightweight jacket offers unrivalled foul weather protection and wearer comfort. Hardwearing, functional and packed full of features including a vented back cape with D-ring opening, pack away hood for easy storing, multiple pockets for ample storage, mic tab and mesh lined for optimum warmth and comfort.",https://d11ak7fd9ypfb7.cloudfront.net/styles1100px/US361YBR.jpg,,0.0,TRUE,InStock,0.999,,US361YBRS,,,,Size,DROP_DOWN,S,Color,DROP_DOWN,Yellow/Black,,,,,,,,,,,,,Fit,<p>R</p>,Length,<p>43</p>,Width,<p>28</p>,Height,<p>55</p>,Box Quantity,<p>24</p>,Inner Pack Quantity,<p>1</p>,Country Of Origin,<p>MM</p>,Standards,<ul><li>ANSI/ISEA 107 TYPE R CLASS 3</li><li>EN 343:2019 Class 3:1 X  WP 15000mm</li></ul>,,,,
US361,Variant,,"This fully certified lightweight jacket offers unrivalled foul weather protection and wearer comfort. Hardwearing, functional and packed full of features including a vented back cape with D-ring opening, pack away hood for easy storing, multiple pockets for ample storage, mic tab and mesh lined for optimum warmth and comfort.",https://d11ak7fd9ypfb7.cloudfront.net/styles1100px/US361YBR.jpg,,0.0,TRUE,InStock,0.999,,US361YBRXL,,,,Size,DROP_DOWN,XL,Color,DROP_DOWN,Yellow/Black,,,,,,,,,,,,,Fit,<p>R</p>,Length,<p>43</p>,Width,<p>28</p>,Height,<p>55</p>,Box Quantity,<p>24</p>,Inner Pack Quantity,<p>1</p>,Country Of Origin,<p>MM</p>,Standards,<ul><li>ANSI/ISEA 107 TYPE R CLASS 3</li><li>EN 343:2019 Class 3:1 X  WP 15000mm</li></ul>,,,,
US361,Variant,,"This fully certified lightweight jacket offers unrivalled foul weather protection and wearer comfort. Hardwearing, functional and packed full of features including a vented back cape with D-ring opening, pack away hood for easy storing, multiple pockets for ample storage, mic tab and mesh lined for optimum warmth and comfort.",https://d11ak7fd9ypfb7.cloudfront.net/styles1100px/US361YBR.jpg,,0.0,TRUE,InStock,0.999,,US361YBRXXL,,,,Size,DROP_DOWN,XXL,Color,DROP_DOWN,Yellow/Black,,,,,,,,,,,,,Fit,<p>R</p>,Length,<p>43</p>,Width,<p>28</p>,Height,<p>55</p>,Box Quantity,<p>24</p>,Inner Pack Quantity,<p>1</p>,Country Of Origin,<p>MM</p>,Standards,<ul><li>ANSI/ISEA 107 TYPE R CLASS 3</li><li>EN 343:2019 Class 3:1 X  WP 15000mm</li></ul>,,,,
US361,Variant,,"This fully certified lightweight jacket offers unrivalled foul weather protection and wearer comfort. Hardwearing, functional and packed full of features including a vented back cape with D-ring opening, pack away hood for easy storing, multiple pockets for ample storage, mic tab and mesh lined for optimum warmth and comfort.",https://d11ak7fd9ypfb7.cloudfront.net/styles1100px/US361YBR.jpg,,0.0,TRUE,InStock,0.999,,US361YBRXXXL,,,,Size,DROP_DOWN,XXXL,Color,DROP_DOWN,Yellow/Black,,,,,,,,,,,,,Fit,<p>R</p>,Length,<p>43</p>,Width,<p>28</p>,Height,<p>55</p>,Box Quantity,<p>24</p>,Inner Pack Quantity,<p>1</p>,Country Of Origin,<p>MM</p>,Standards,<ul><li>ANSI/ISEA 107 TYPE R CLASS 3</li><li>EN 343:2019 Class 3:1 X  WP 15000mm</li></ul>,,,,
US363,Product,US363 - Hi-Vis Two-Tone Bomber Jacket,"Designed for comfort and performance, this classic bomber jacket is suitable for a wide range of end uses. A quilt lining, together with expertly sealed waterproof seams ensure the wearer is kept warm and dry. Practical features include a concealed drawstring hood, cell phone pocket, internal pocket, mic tabs and a contrast lower black panel for protection against dirt. Tested to ASTM F2732, this is the temperature range in which the wearer will feel thermally comfortable wearing this garment with Portwest Winter Pant. Note this is only a guide and depends on other factors such as additional clothing worn, environmental conditions and the activity of the wearer.",https://d11ak7fd9ypfb7.cloudfront.net/styles1100px/US363OBR.jpg,59.9,0.0,TRUE,InStock,0.999,,US363OBR4XL,,,,Size,DROP_DOWN,S;M;L;XL;XXL;XXXL;4XL;5XL;6XL;7XL,Color,DROP_DOWN,Orange/Black;Yellow/Black;Yellow/Black Tall,,,,,,,,,,,,,Fit,<p>R</p>,Length,<p>65</p>,Width,<p>40</p>,Height,<p>47</p>,Box Quantity,<p>12</p>,Inner Pack Quantity,<p>1</p>,Country Of Origin,<p>MM</p>,Standards,<p></p>,,,,
US363,Variant,,"Designed for comfort and performance, this classic bomber jacket is suitable for a wide range of end uses. A quilt lining, together with expertly sealed waterproof seams ensure the wearer is kept warm and dry. Practical features include a concealed drawstring hood, cell phone pocket, internal pocket, mic tabs and a contrast lower black panel for protection against dirt. Tested to ASTM F2732, this is the temperature range in which the wearer will feel thermally comfortable wearing this garment with Portwest Winter Pant. Note this is only a guide and depends on other factors such as additional clothing worn, environmental conditions and the activity of the wearer.",https://d11ak7fd9ypfb7.cloudfront.net/styles1100px/US363OBR.jpg,,0.0,TRUE,InStock,0.999,,US363OBR4XL,,,,Size,DROP_DOWN,4XL,Color,DROP_DOWN,Orange/Black,,,,,,,,,,,,,Fit,<p>R</p>,Length,<p>65</p>,Width,<p>40</p>,Height,<p>47</p>,Box Quantity,<p>12</p>,Inner Pack Quantity,<p>1</p>,Country Of Origin,<p>MM</p>,Standards,<p></p>,,,,
US363,Variant,,"Designed for comfort and performance, this classic bomber jacket is suitable for a wide range of end uses. A quilt lining, together with expertly sealed waterproof seams ensure the wearer is kept warm and dry. Practical features include a concealed drawstring hood, cell phone pocket, internal pocket, mic tabs and a contrast lower black panel for protection against dirt. Tested to ASTM F2732, this is the temperature range in which the wearer will feel thermally comfortable wearing this garment with Portwest Winter Pant. Note this is only a guide and depends on other factors such as additional clothing worn, environmental conditions and the activity of the wearer.",https://d11ak7fd9ypfb7.cloudfront.net/styles1100px/US363OBR.jpg,,0.0,TRUE,InStock,0.999,,US363OBR5XL,,,,Size,DROP_DOWN,5XL,Color,DROP_DOWN,Orange/Black,,,,,,,,,,,,,Fit,<p>R</p>,Length,<p>65</p>,Width,<p>40</p>,Height,<p>47</p>,Box Quantity,<p>12</p>,Inner Pack Quantity,<p>1</p>,Country Of Origin,<p>MM</p>,Standards,<p></p>,,,,
US363,Variant,,"Designed for comfort and performance, this classic bomber jacket is suitable for a wide range of end uses. A quilt lining, together with expertly sealed waterproof seams ensure the wearer is kept warm and dry. Practical features include a concealed drawstring hood, cell phone pocket, internal pocket, mic tabs and a contrast lower black panel for protection against dirt. Tested to ASTM F2732, this is the temperature range in which the wearer will feel thermally comfortable wearing this garment with Portwest Winter Pant. Note this is only a guide and depends on other factors such as additional clothing worn, environmental conditions and the activity of the wearer.",https://d11ak7fd9ypfb7.cloudfront.net/styles1100px/US363OBR.jpg,,0.0,TRUE,InStock,0.999,,US363OBRL,,,,Size,DROP_DOWN,L,Color,DROP_DOWN,Orange/Black,,,,,,,,,,,,,Fit,<p>R</p>,Length,<p>65</p>,Width,<p>40</p>,Height,<p>47</p>,Box Quantity,<p>12</p>,Inner Pack Quantity,<p>1</p>,Country Of Origin,<p>MM</p>,Standards,<p></p>,,,,
US363,Variant,,"Designed for comfort and performance, this classic bomber jacket is suitable for a wide range of end uses. A quilt lining, together with expertly sealed waterproof seams ensure the wearer is kept warm and dry. Practical features include a concealed drawstring hood, cell phone pocket, internal pocket, mic tabs and a contrast lower black panel for protection against dirt. Tested to ASTM F2732, this is the temperature range in which the wearer will feel thermally comfortable wearing this garment with Portwest Winter Pant. Note this is only a guide and depends on other factors such as additional clothing worn, environmental conditions and the activity of the wearer.",https://d11ak7fd9ypfb7.cloudfront.net/styles1100px/US363OBR.jpg,,0.0,TRUE,InStock,0.999,,US363OBRM,,,,Size,DROP_DOWN,M,Color,DROP_DOWN,Orange/Black,,,,,,,,,,,,,Fit,<p>R</p>,Length,<p>65</p>,Width,<p>40</p>,Height,<p>47</p>,Box Quantity,<p>12</p>,Inner Pack Quantity,<p>1</p>,Country Of Origin,<p>MM</p>,Standards,<p></p>,,,,
US363,Variant,,"Designed for comfort and performance, this classic bomber jacket is suitable for a wide range of end uses. A quilt lining, together with expertly sealed waterproof seams ensure the wearer is kept warm and dry. Practical features include a concealed drawstring hood, cell phone pocket, internal pocket, mic tabs and a contrast lower black panel for protection against dirt. Tested to ASTM F2732, this is the temperature range in which the wearer will feel thermally comfortable wearing this garment with Portwest Winter Pant. Note this is only a guide and depends on other factors such as additional clothing worn, environmental conditions and the activity of the wearer.",https://d11ak7fd9ypfb7.cloudfront.net/styles1100px/US363OBR.jpg,,0.0,TRUE,InStock,0.999,,US363OBRS,,,,Size,DROP_DOWN,S,Color,DROP_DOWN,Orange/Black,,,,,,,,,,,,,Fit,<p>R</p>,Length,<p>65</p>,Width,<p>40</p>,Height,<p>47</p>,Box Quantity,<p>12</p>,Inner Pack Quantity,<p>1</p>,Country Of Origin,<p>MM</p>,Standards,<p></p>,,,,
US363,Variant,,"Designed for comfort and performance, this classic bomber jacket is suitable for a wide range of end uses. A quilt lining, together with expertly sealed waterproof seams ensure the wearer is kept warm and dry. Practical features include a concealed drawstring hood, cell phone pocket, internal pocket, mic tabs and a contrast lower black panel for protection against dirt. Tested to ASTM F2732, this is the temperature range in which the wearer will feel thermally comfortable wearing this garment with Portwest Winter Pant. Note this is only a guide and depends on other factors such as additional clothing worn, environmental conditions and the activity of the wearer.",https://d11ak7fd9ypfb7.cloudfront.net/styles1100px/US363OBR.jpg,,0.0,TRUE,InStock,0.999,,US363OBRXL,,,,Size,DROP_DOWN,XL,Color,DROP_DOWN,Orange/Black,,,,,,,,,,,,,Fit,<p>R</p>,Length,<p>65</p>,Width,<p>40</p>,Height,<p>47</p>,Box Quantity,<p>12</p>,Inner Pack Quantity,<p>1</p>,Country Of Origin,<p>MM</p>,Standards,<p></p>,,,,
US363,Variant,,"Designed for comfort and performance, this classic bomber jacket is suitable for a wide range of end uses. A quilt lining, together with expertly sealed waterproof seams ensure the wearer is kept warm and dry. Practical features include a concealed drawstring hood, cell phone pocket, internal pocket, mic tabs and a contrast lower black panel for protection against dirt. Tested to ASTM F2732, this is the temperature range in which the wearer will feel thermally comfortable wearing this garment with Portwest Winter Pant. Note this is only a guide and depends on other factors such as additional clothing worn, environmental conditions and the activity of the wearer.",https://d11ak7fd9ypfb7.cloudfront.net/styles1100px/US363OBR.jpg,,0.0,TRUE,InStock,0.999,,US363OBRXXL,,,,Size,DROP_DOWN,XXL,Color,DROP_DOWN,Orange/Black,,,,,,,,,,,,,Fit,<p>R</p>,Length,<p>65</p>,Width,<p>40</p>,Height,<p>47</p>,Box Quantity,<p>12</p>,Inner Pack Quantity,<p>1</p>,Country Of Origin,<p>MM</p>,Standards,<p></p>,,,,
US363,Variant,,"Designed for comfort and performance, this classic bomber jacket is suitable for a wide range of end uses. A quilt lining, together with expertly sealed waterproof seams ensure the wearer is kept warm and dry. Practical features include a concealed drawstring hood, cell phone pocket, internal pocket, mic tabs and a contrast lower black panel for protection against dirt. Tested to ASTM F2732, this is the temperature range in which the wearer will feel thermally comfortable wearing this garment with Portwest Winter Pant. Note this is only a guide and depends on other factors such as additional clothing worn, environmental conditions and the activity of the wearer.",https://d11ak7fd9ypfb7.cloudfront.net/styles1100px/US363OBR.jpg,,0.0,TRUE,InStock,0.999,,US363OBRXXXL,,,,Size,DROP_DOWN,XXXL,Color,DROP_DOWN,Orange/Black,,,,,,,,,,,,,Fit,<p>R</p>,Length,<p>65</p>,Width,<p>40</p>,Height,<p>47</p>,Box Quantity,<p>12</p>,Inner Pack Quantity,<p>1</p>,Country Of Origin,<p>MM</p>,Standards,<p></p>,,,,
US363,Variant,,"Designed for comfort and performance, this classic bomber jacket is suitable for a wide range of end uses. A quilt lining, together with expertly sealed waterproof seams ensure the wearer is kept warm and dry. Practical features include a concealed drawstring hood, cell phone pocket, internal pocket, mic tabs and a contrast lower black panel for protection against dirt. Tested to ASTM F2732, this is the temperature range in which the wearer will feel thermally comfortable wearing this garment with Portwest Winter Pant. Note this is only a guide and depends on other factors such as additional clothing worn, environmental conditions and the activity of the wearer.",https://d11ak7fd9ypfb7.cloudfront.net/styles1100px/US363YBR.jpg,,0.0,TRUE,InStock,0.999,,US363YBR4XL,,,,Size,DROP_DOWN,4XL,Color,DROP_DOWN,Yellow/Black,,,,,,,,,,,,,Fit,<p>R</p>,Length,<p>65</p>,Width,<p>40</p>,Height,<p>47</p>,Box Quantity,<p>12</p>,Inner Pack Quantity,<p>1</p>,Country Of Origin,<p>MM</p>,Standards,<p></p>,,,,
US363,Variant,,"Designed for comfort and performance, this classic bomber jacket is suitable for a wide range of end uses. A quilt lining, together with expertly sealed waterproof seams ensure the wearer is kept warm and dry. Practical features include a concealed drawstring hood, cell phone pocket, internal pocket, mic tabs and a contrast lower black panel for protection against dirt. Tested to ASTM F2732, this is the temperature range in which the wearer will feel thermally comfortable wearing this garment with Portwest Winter Pant. Note this is only a guide and depends on other factors such as additional clothing worn, environmental conditions and the activity of the wearer.",https://d11ak7fd9ypfb7.cloudfront.net/styles1100px/US363YBR.jpg,,0.0,TRUE,InStock,0.999,,US363YBR5XL,,,,Size,DROP_DOWN,5XL,Color,DROP_DOWN,Yellow/Black,,,,,,,,,,,,,Fit,<p>R</p>,Length,<p>65</p>,Width,<p>40</p>,Height,<p>47</p>,Box Quantity,<p>12</p>,Inner Pack Quantity,<p>1</p>,Country Of Origin,<p>MM</p>,Standards,<p></p>,,,,
US363,Variant,,"Designed for comfort and performance, this classic bomber jacket is suitable for a wide range of end uses. A quilt lining, together with expertly sealed waterproof seams ensure the wearer is kept warm and dry. Practical features include a concealed drawstring hood, cell phone pocket, internal pocket, mic tabs and a contrast lower black panel for protection against dirt. Tested to ASTM F2732, this is the temperature range in which the wearer will feel thermally comfortable wearing this garment with Portwest Winter Pant. Note this is only a guide and depends on other factors such as additional clothing worn, environmental conditions and the activity of the wearer.",https://d11ak7fd9ypfb7.cloudfront.net/styles1100px/US363YBR.jpg,,0.0,TRUE,InStock,0.999,,US363YBR6XL,,,,Size,DROP_DOWN,6XL,Color,DROP_DOWN,Yellow/Black,,,,,,,,,,,,,Fit,<p>R</p>,Length,<p>65</p>,Width,<p>40</p>,Height,<p>47</p>,Box Quantity,<p>12</p>,Inner Pack Quantity,<p>1</p>,Country Of Origin,<p>MM</p>,Standards,<p></p>,,,,
US363,Variant,,"Designed for comfort and performance, this classic bomber jacket is suitable for a wide range of end uses. A quilt lining, together with expertly sealed waterproof seams ensure the wearer is kept warm and dry. Practical features include a concealed drawstring hood, cell phone pocket, internal pocket, mic tabs and a contrast lower black panel for protection against dirt. Tested to ASTM F2732, this is the temperature range in which the wearer will feel thermally comfortable wearing this garment with Portwest Winter Pant. Note this is only a guide and depends on other factors such as additional clothing worn, environmental conditions and the activity of the wearer.",https://d11ak7fd9ypfb7.cloudfront.net/styles1100px/US363YBR.jpg,,0.0,TRUE,InStock,0.999,,US363YBR7XL,,,,Size,DROP_DOWN,7XL,Color,DROP_DOWN,Yellow/Black,,,,,,,,,,,,,Fit,<p>R</p>,Length,<p>65</p>,Width,<p>40</p>,Height,<p>47</p>,Box Quantity,<p>12</p>,Inner Pack Quantity,<p>1</p>,Country Of Origin,<p>MM</p>,Standards,<p></p>,,,,
US363,Variant,,"Designed for comfort and performance, this classic bomber jacket is suitable for a wide range of end uses. A quilt lining, together with expertly sealed waterproof seams ensure the wearer is kept warm and dry. Practical features include a concealed drawstring hood, cell phone pocket, internal pocket, mic tabs and a contrast lower black panel for protection against dirt. Tested to ASTM F2732, this is the temperature range in which the wearer will feel thermally comfortable wearing this garment with Portwest Winter Pant. Note this is only a guide and depends on other factors such as additional clothing worn, environmental conditions and the activity of the wearer.",https://d11ak7fd9ypfb7.cloudfront.net/styles1100px/US363YBR.jpg,,0.0,TRUE,InStock,0.999,,US363YBRL,,,,Size,DROP_DOWN,L,Color,DROP_DOWN,Yellow/Black,,,,,,,,,,,,,Fit,<p>R</p>,Length,<p>65</p>,Width,<p>40</p>,Height,<p>47</p>,Box Quantity,<p>12</p>,Inner Pack Quantity,<p>1</p>,Country Of Origin,<p>MM</p>,Standards,<p></p>,,,,
US363,Variant,,"Designed for comfort and performance, this classic bomber jacket is suitable for a wide range of end uses. A quilt lining, together with expertly sealed waterproof seams ensure the wearer is kept warm and dry. Practical features include a concealed drawstring hood, cell phone pocket, internal pocket, mic tabs and a contrast lower black panel for protection against dirt. Tested to ASTM F2732, this is the temperature range in which the wearer will feel thermally comfortable wearing this garment with Portwest Winter Pant. Note this is only a guide and depends on other factors such as additional clothing worn, environmental conditions and the activity of the wearer.",https://d11ak7fd9ypfb7.cloudfront.net/styles1100px/US363YBR.jpg,,0.0,TRUE,InStock,0.999,,US363YBRM,,,,Size,DROP_DOWN,M,Color,DROP_DOWN,Yellow/Black,,,,,,,,,,,,,Fit,<p>R</p>,Length,<p>65</p>,Width,<p>40</p>,Height,<p>47</p>,Box Quantity,<p>12</p>,Inner Pack Quantity,<p>1</p>,Country Of Origin,<p>MM</p>,Standards,<p></p>,,,,
US363,Variant,,"Designed for comfort and performance, this classic bomber jacket is suitable for a wide range of end uses. A quilt lining, together with expertly sealed waterproof seams ensure the wearer is kept warm and dry. Practical features include a concealed drawstring hood, cell phone pocket, internal pocket, mic tabs and a contrast lower black panel for protection against dirt. Tested to ASTM F2732, this is the temperature range in which the wearer will feel thermally comfortable wearing this garment with Portwest Winter Pant. Note this is only a guide and depends on other factors such as additional clothing worn, environmental conditions and the activity of the wearer.",https://d11ak7fd9ypfb7.cloudfront.net/styles1100px/US363YBR.jpg,,0.0,TRUE,InStock,0.999,,US363YBRS,,,,Size,DROP_DOWN,S,Color,DROP_DOWN,Yellow/Black,,,,,,,,,,,,,Fit,<p>R</p>,Length,<p>65</p>,Width,<p>40</p>,Height,<p>47</p>,Box Quantity,<p>12</p>,Inner Pack Quantity,<p>1</p>,Country Of Origin,<p>MM</p>,Standards,<p></p>,,,,
US363,Variant,,"Designed for comfort and performance, this classic bomber jacket is suitable for a wide range of end uses. A quilt lining, together with expertly sealed waterproof seams ensure the wearer is kept warm and dry. Practical features include a concealed drawstring hood, cell phone pocket, internal pocket, mic tabs and a contrast lower black panel for protection against dirt. Tested to ASTM F2732, this is the temperature range in which the wearer will feel thermally comfortable wearing this garment with Portwest Winter Pant. Note this is only a guide and depends on other factors such as additional clothing worn, environmental conditions and the activity of the wearer.",https://d11ak7fd9ypfb7.cloudfront.net/styles1100px/US363YBR.jpg,,0.0,TRUE,InStock,0.999,,US363YBRXL,,,,Size,DROP_DOWN,XL,Color,DROP_DOWN,Yellow/Black,,,,,,,,,,,,,Fit,<p>R</p>,Length,<p>65</p>,Width,<p>40</p>,Height,<p>47</p>,Box Quantity,<p>12</p>,Inner Pack Quantity,<p>1</p>,Country Of Origin,<p>MM</p>,Standards,<p></p>,,,,
US363,Variant,,"Designed for comfort and performance, this classic bomber jacket is suitable for a wide range of end uses. A quilt lining, together with expertly sealed waterproof seams ensure the wearer is kept warm and dry. Practical features include a concealed drawstring hood, cell phone pocket, internal pocket, mic tabs and a contrast lower black panel for protection against dirt. Tested to ASTM F2732, this is the temperature range in which the wearer will feel thermally comfortable wearing this garment with Portwest Winter Pant. Note this is only a guide and depends on other factors such as additional clothing worn, environmental conditions and the activity of the wearer.",https://d11ak7fd9ypfb7.cloudfront.net/styles1100px/US363YBR.jpg,,0.0,TRUE,InStock,0.999,,US363YBRXXL,,,,Size,DROP_DOWN,XXL,Color,DROP_DOWN,Yellow/Black,,,,,,,,,,,,,Fit,<p>R</p>,Length,<p>65</p>,Width,<p>40</p>,Height,<p>47</p>,Box Quantity,<p>12</p>,Inner Pack Quantity,<p>1</p>,Country Of Origin,<p>MM</p>,Standards,<p></p>,,,,
US363,Variant,,"Designed for comfort and performance, this classic bomber jacket is suitable for a wide range of end uses. A quilt lining, together with expertly sealed waterproof seams ensure the wearer is kept warm and dry. Practical features include a concealed drawstring hood, cell phone pocket, internal pocket, mic tabs and a contrast lower black panel for protection against dirt. Tested to ASTM F2732, this is the temperature range in which the wearer will feel thermally comfortable wearing this garment with Portwest Winter Pant. Note this is only a guide and depends on other factors such as additional clothing worn, environmental conditions and the activity of the wearer.",https://d11ak7fd9ypfb7.cloudfront.net/styles1100px/US363YBR.jpg,,0.0,TRUE,InStock,0.999,,US363YBRXXXL,,,,Size,DROP_DOWN,XXXL,Color,DROP_DOWN,Yellow/Black,,,,,,,,,,,,,Fit,<p>R</p>,Length,<p>65</p>,Width,<p>40</p>,Height,<p>47</p>,Box Quantity,<p>12</p>,Inner Pack Quantity,<p>1</p>,Country Of Origin,<p>MM</p>,Standards,<p></p>,,,,
US363,Variant,,"Designed for comfort and performance, this classic bomber jacket is suitable for a wide range of end uses. A quilt lining, together with expertly sealed waterproof seams ensure the wearer is kept warm and dry. Practical features include a concealed drawstring hood, cell phone pocket, internal pocket, mic tabs and a contrast lower black panel for protection against dirt. Tested to ASTM F2732, this is the temperature range in which the wearer will feel thermally comfortable wearing this garment with Portwest Winter Pant. Note this is only a guide and depends on other factors such as additional clothing worn, environmental conditions and the activity of the wearer.",https://d11ak7fd9ypfb7.cloudfront.net/styles1100px/US363YBT.jpg,,0.0,TRUE,InStock,0.999,,US363YBTL,,,,Size,DROP_DOWN,L,Color,DROP_DOWN,Yellow/Black Tall,,,,,,,,,,,,,Fit,<p>T</p>,Length,<p>65</p>,Width,<p>40</p>,Height,<p>47</p>,Box Quantity,<p>12</p>,Inner Pack Quantity,<p>1</p>,Country Of Origin,<p>MM</p>,Standards,<p></p>,,,,
US363,Variant,,"Designed for comfort and performance, this classic bomber jacket is suitable for a wide range of end uses. A quilt lining, together with expertly sealed waterproof seams ensure the wearer is kept warm and dry. Practical features include a concealed drawstring hood, cell phone pocket, internal pocket, mic tabs and a contrast lower black panel for protection against dirt. Tested to ASTM F2732, this is the temperature range in which the wearer will feel thermally comfortable wearing this garment with Portwest Winter Pant. Note this is only a guide and depends on other factors such as additional clothing worn, environmental conditions and the activity of the wearer.",https://d11ak7fd9ypfb7.cloudfront.net/styles1100px/US363YBT.jpg,,0.0,TRUE,InStock,0.999,,US363YBTXL,,,,Size,DROP_DOWN,XL,Color,DROP_DOWN,Yellow/Black Tall,,,,,,,,,,,,,Fit,<p>T</p>,Length,<p>65</p>,Width,<p>40</p>,Height,<p>47</p>,Box Quantity,<p>12</p>,Inner Pack Quantity,<p>1</p>,Country Of Origin,<p>MM</p>,Standards,<p></p>,,,,
US363,Variant,,"Designed for comfort and performance, this classic bomber jacket is suitable for a wide range of end uses. A quilt lining, together with expertly sealed waterproof seams ensure the wearer is kept warm and dry. Practical features include a concealed drawstring hood, cell phone pocket, internal pocket, mic tabs and a contrast lower black panel for protection against dirt. Tested to ASTM F2732, this is the temperature range in which the wearer will feel thermally comfortable wearing this garment with Portwest Winter Pant. Note this is only a guide and depends on other factors such as additional clothing worn, environmental conditions and the activity of the wearer.",https://d11ak7fd9ypfb7.cloudfront.net/styles1100px/US363YBT.jpg,,0.0,TRUE,InStock,0.999,,US363YBTXXL,,,,Size,DROP_DOWN,XXL,Color,DROP_DOWN,Yellow/Black Tall,,,,,,,,,,,,,Fit,<p>T</p>,Length,<p>65</p>,Width,<p>40</p>,Height,<p>47</p>,Box Quantity,<p>12</p>,Inner Pack Quantity,<p>1</p>,Country Of Origin,<p>MM</p>,Standards,<p></p>,,,,
US363,Variant,,"Designed for comfort and performance, this classic bomber jacket is suitable for a wide range of end uses. A quilt lining, together with expertly sealed waterproof seams ensure the wearer is kept warm and dry. Practical features include a concealed drawstring hood, cell phone pocket, internal pocket, mic tabs and a contrast lower black panel for protection against dirt. Tested to ASTM F2732, this is the temperature range in which the wearer will feel thermally comfortable wearing this garment with Portwest Winter Pant. Note this is only a guide and depends on other factors such as additional clothing worn, environmental conditions and the activity of the wearer.",https://d11ak7fd9ypfb7.cloudfront.net/styles1100px/US363YBT.jpg,,0.0,TRUE,InStock,0.999,,US363YBTXXXL,,,,Size,DROP_DOWN,XXXL,Color,DROP_DOWN,Yellow/Black Tall,,,,,,,,,,,,,Fit,<p>T</p>,Length,<p>65</p>,Width,<p>40</p>,Height,<p>47</p>,Box Quantity,<p>12</p>,Inner Pack Quantity,<p>1</p>,Country Of Origin,<p>MM</p>,Standards,<p></p>,,,,
US364,Product,US364 - Hi-Vis Premium 2-in-1 Bomber,This contemporary two-tone 2-in-1 jacket offers great versatility and is adaptable to all weather conditions. The garment has a zip out fleece lining with fleece sleeves and an elasticated waistband for maximum warmth and comfort. Numerous outer and interior pockets afford excellent personal security. The contrast lower black panel ensures that the garment stays clean for longer.,https://d11ak7fd9ypfb7.cloudfront.net/styles1100px/US364YBR.jpg,77.5,0.0,TRUE,InStock,0.999,,US364YBR4XL,,,,Size,DROP_DOWN,S;M;L;XL;XXL;XXXL;4XL;5XL;6XL;7XL,Color,DROP_DOWN,Yellow/Black,,,,,,,,,,,,,Fit,<p>R</p>,Length,<p>65</p>,Width,<p>40</p>,Height,<p>54</p>,Box Quantity,<p>12</p>,Inner Pack Quantity,<p>1</p>,Country Of Origin,<p>BD</p>,Standards,<ul><li>EN ISO 20471 Class 3</li></ul>,,,,
US364,Variant,,This contemporary two-tone 2-in-1 jacket offers great versatility and is adaptable to all weather conditions. The garment has a zip out fleece lining with fleece sleeves and an elasticated waistband for maximum warmth and comfort. Numerous outer and interior pockets afford excellent personal security. The contrast lower black panel ensures that the garment stays clean for longer.,https://d11ak7fd9ypfb7.cloudfront.net/styles1100px/US364YBR.jpg,,0.0,TRUE,InStock,0.999,,US364YBR4XL,,,,Size,DROP_DOWN,4XL,Color,DROP_DOWN,Yellow/Black,,,,,,,,,,,,,Fit,<p>R</p>,Length,<p>65</p>,Width,<p>40</p>,Height,<p>54</p>,Box Quantity,<p>12</p>,Inner Pack Quantity,<p>1</p>,Country Of Origin,<p>BD</p>,Standards,<ul><li>EN ISO 20471 Class 3</li></ul>,,,,
US364,Variant,,This contemporary two-tone 2-in-1 jacket offers great versatility and is adaptable to all weather conditions. The garment has a zip out fleece lining with fleece sleeves and an elasticated waistband for maximum warmth and comfort. Numerous outer and interior pockets afford excellent personal security. The contrast lower black panel ensures that the garment stays clean for longer.,https://d11ak7fd9ypfb7.cloudfront.net/styles1100px/US364YBR.jpg,,0.0,TRUE,InStock,0.999,,US364YBR5XL,,,,Size,DROP_DOWN,5XL,Color,DROP_DOWN,Yellow/Black,,,,,,,,,,,,,Fit,<p>R</p>,Length,<p>65</p>,Width,<p>40</p>,Height,<p>54</p>,Box Quantity,<p>12</p>,Inner Pack Quantity,<p>1</p>,Country Of Origin,<p>BD</p>,Standards,<ul><li>EN ISO 20471 Class 3</li></ul>,,,,
US364,Variant,,This contemporary two-tone 2-in-1 jacket offers great versatility and is adaptable to all weather conditions. The garment has a zip out fleece lining with fleece sleeves and an elasticated waistband for maximum warmth and comfort. Numerous outer and interior pockets afford excellent personal security. The contrast lower black panel ensures that the garment stays clean for longer.,https://d11ak7fd9ypfb7.cloudfront.net/styles1100px/US364YBR.jpg,,0.0,TRUE,InStock,0.999,,US364YBR6XL,,,,Size,DROP_DOWN,6XL,Color,DROP_DOWN,Yellow/Black,,,,,,,,,,,,,Fit,<p>R</p>,Length,<p>65</p>,Width,<p>40</p>,Height,<p>54</p>,Box Quantity,<p>12</p>,Inner Pack Quantity,<p>1</p>,Country Of Origin,<p>BD</p>,Standards,<ul><li>EN ISO 20471 Class 3</li></ul>,,,,
US364,Variant,,This contemporary two-tone 2-in-1 jacket offers great versatility and is adaptable to all weather conditions. The garment has a zip out fleece lining with fleece sleeves and an elasticated waistband for maximum warmth and comfort. Numerous outer and interior pockets afford excellent personal security. The contrast lower black panel ensures that the garment stays clean for longer.,https://d11ak7fd9ypfb7.cloudfront.net/styles1100px/US364YBR.jpg,,0.0,TRUE,InStock,0.999,,US364YBR7XL,,,,Size,DROP_DOWN,7XL,Color,DROP_DOWN,Yellow/Black,,,,,,,,,,,,,Fit,<p>R</p>,Length,<p>65</p>,Width,<p>40</p>,Height,<p>54</p>,Box Quantity,<p>12</p>,Inner Pack Quantity,<p>1</p>,Country Of Origin,<p>BD</p>,Standards,<ul><li>EN ISO 20471 Class 3</li></ul>,,,,
US364,Variant,,This contemporary two-tone 2-in-1 jacket offers great versatility and is adaptable to all weather conditions. The garment has a zip out fleece lining with fleece sleeves and an elasticated waistband for maximum warmth and comfort. Numerous outer and interior pockets afford excellent personal security. The contrast lower black panel ensures that the garment stays clean for longer.,https://d11ak7fd9ypfb7.cloudfront.net/styles1100px/US364YBR.jpg,,0.0,TRUE,InStock,0.999,,US364YBRL,,,,Size,DROP_DOWN,L,Color,DROP_DOWN,Yellow/Black,,,,,,,,,,,,,Fit,<p>R</p>,Length,<p>65</p>,Width,<p>40</p>,Height,<p>54</p>,Box Quantity,<p>12</p>,Inner Pack Quantity,<p>1</p>,Country Of Origin,<p>BD</p>,Standards,<ul><li>EN ISO 20471 Class 3</li></ul>,,,,
US364,Variant,,This contemporary two-tone 2-in-1 jacket offers great versatility and is adaptable to all weather conditions. The garment has a zip out fleece lining with fleece sleeves and an elasticated waistband for maximum warmth and comfort. Numerous outer and interior pockets afford excellent personal security. The contrast lower black panel ensures that the garment stays clean for longer.,https://d11ak7fd9ypfb7.cloudfront.net/styles1100px/US364YBR.jpg,,0.0,TRUE,InStock,0.999,,US364YBRM,,,,Size,DROP_DOWN,M,Color,DROP_DOWN,Yellow/Black,,,,,,,,,,,,,Fit,<p>R</p>,Length,<p>65</p>,Width,<p>40</p>,Height,<p>54</p>,Box Quantity,<p>12</p>,Inner Pack Quantity,<p>1</p>,Country Of Origin,<p>BD</p>,Standards,<ul><li>EN ISO 20471 Class 3</li></ul>,,,,
US364,Variant,,This contemporary two-tone 2-in-1 jacket offers great versatility and is adaptable to all weather conditions. The garment has a zip out fleece lining with fleece sleeves and an elasticated waistband for maximum warmth and comfort. Numerous outer and interior pockets afford excellent personal security. The contrast lower black panel ensures that the garment stays clean for longer.,https://d11ak7fd9ypfb7.cloudfront.net/styles1100px/US364YBR.jpg,,0.0,TRUE,InStock,0.999,,US364YBRS,,,,Size,DROP_DOWN,S,Color,DROP_DOWN,Yellow/Black,,,,,,,,,,,,,Fit,<p>R</p>,Length,<p>65</p>,Width,<p>40</p>,Height,<p>54</p>,Box Quantity,<p>12</p>,Inner Pack Quantity,<p>1</p>,Country Of Origin,<p>BD</p>,Standards,<ul><li>EN ISO 20471 Class 3</li></ul>,,,,
US364,Variant,,This contemporary two-tone 2-in-1 jacket offers great versatility and is adaptable to all weather conditions. The garment has a zip out fleece lining with fleece sleeves and an elasticated waistband for maximum warmth and comfort. Numerous outer and interior pockets afford excellent personal security. The contrast lower black panel ensures that the garment stays clean for longer.,https://d11ak7fd9ypfb7.cloudfront.net/styles1100px/US364YBR.jpg,,0.0,TRUE,InStock,0.999,,US364YBRXL,,,,Size,DROP_DOWN,XL,Color,DROP_DOWN,Yellow/Black,,,,,,,,,,,,,Fit,<p>R</p>,Length,<p>65</p>,Width,<p>40</p>,Height,<p>54</p>,Box Quantity,<p>12</p>,Inner Pack Quantity,<p>1</p>,Country Of Origin,<p>BD</p>,Standards,<ul><li>EN ISO 20471 Class 3</li></ul>,,,,
US364,Variant,,This contemporary two-tone 2-in-1 jacket offers great versatility and is adaptable to all weather conditions. The garment has a zip out fleece lining with fleece sleeves and an elasticated waistband for maximum warmth and comfort. Numerous outer and interior pockets afford excellent personal security. The contrast lower black panel ensures that the garment stays clean for longer.,https://d11ak7fd9ypfb7.cloudfront.net/styles1100px/US364YBR.jpg,,0.0,TRUE,InStock,0.999,,US364YBRXXL,,,,Size,DROP_DOWN,XXL,Color,DROP_DOWN,Yellow/Black,,,,,,,,,,,,,Fit,<p>R</p>,Length,<p>65</p>,Width,<p>40</p>,Height,<p>54</p>,Box Quantity,<p>12</p>,Inner Pack Quantity,<p>1</p>,Country Of Origin,<p>BD</p>,Standards,<ul><li>EN ISO 20471 Class 3</li></ul>,,,,
US364,Variant,,This contemporary two-tone 2-in-1 jacket offers great versatility and is adaptable to all weather conditions. The garment has a zip out fleece lining with fleece sleeves and an elasticated waistband for maximum warmth and comfort. Numerous outer and interior pockets afford excellent personal security. The contrast lower black panel ensures that the garment stays clean for longer.,https://d11ak7fd9ypfb7.cloudfront.net/styles1100px/US364YBR.jpg,,0.0,TRUE,InStock,0.999,,US364YBRXXXL,,,,Size,DROP_DOWN,XXXL,Color,DROP_DOWN,Yellow/Black,,,,,,,,,,,,,Fit,<p>R</p>,Length,<p>65</p>,Width,<p>40</p>,Height,<p>54</p>,Box Quantity,<p>12</p>,Inner Pack Quantity,<p>1</p>,Country Of Origin,<p>BD</p>,Standards,<ul><li>EN ISO 20471 Class 3</li></ul>,,,,
US365,Product,US365 - Hi-Vis Premium 3-1 Bomber,"A contemporary 3-in-1 bomber jacket packed full of clever features including a cell phone chest pocket, mic tabs and a contrast lower panel for protection against dirt. Incorporating a detachable zipper sweater, this jacket is adaptable to all weather conditions. This garment is fully waterproof and features a drawstring pack away hood, 7 pockets, adjustable cuffs and a two-way zipper front for easy access.",https://d11ak7fd9ypfb7.cloudfront.net/styles1100px/US365OBR.jpg,83.9,0.0,TRUE,InStock,1.87,,US365OBR4XL,,,,Size,DROP_DOWN,S;M;L;XL;XXL;XXXL;4XL;5XL;6XL;7XL,Color,DROP_DOWN,Orange/Black;Yellow/Black;Yellow/Black Tall,,,,,,,,,,,,,Fit,<p>R</p>,Length,<p>65</p>,Width,<p>40</p>,Height,<p>54</p>,Box Quantity,<p>12</p>,Inner Pack Quantity,<p>1</p>,Country Of Origin,<p>BD</p>,Standards,<p></p>,,,,
US365,Variant,,"A contemporary 3-in-1 bomber jacket packed full of clever features including a cell phone chest pocket, mic tabs and a contrast lower panel for protection against dirt. Incorporating a detachable zipper sweater, this jacket is adaptable to all weather conditions. This garment is fully waterproof and features a drawstring pack away hood, 7 pockets, adjustable cuffs and a two-way zipper front for easy access.",https://d11ak7fd9ypfb7.cloudfront.net/styles1100px/US365OBR.jpg,,0.0,TRUE,InStock,1.87,,US365OBR4XL,,,,Size,DROP_DOWN,4XL,Color,DROP_DOWN,Orange/Black,,,,,,,,,,,,,Fit,<p>R</p>,Length,<p>65</p>,Width,<p>40</p>,Height,<p>54</p>,Box Quantity,<p>12</p>,Inner Pack Quantity,<p>1</p>,Country Of Origin,<p>BD</p>,Standards,<p></p>,,,,
US365,Variant,,"A contemporary 3-in-1 bomber jacket packed full of clever features including a cell phone chest pocket, mic tabs and a contrast lower panel for protection against dirt. Incorporating a detachable zipper sweater, this jacket is adaptable to all weather conditions. This garment is fully waterproof and features a drawstring pack away hood, 7 pockets, adjustable cuffs and a two-way zipper front for easy access.",https://d11ak7fd9ypfb7.cloudfront.net/styles1100px/US365OBR.jpg,,0.0,TRUE,InStock,1.97,,US365OBR5XL,,,,Size,DROP_DOWN,5XL,Color,DROP_DOWN,Orange/Black,,,,,,,,,,,,,Fit,<p>R</p>,Length,<p>65</p>,Width,<p>40</p>,Height,<p>54</p>,Box Quantity,<p>12</p>,Inner Pack Quantity,<p>1</p>,Country Of Origin,<p>BD</p>,Standards,<p></p>,,,,
US365,Variant,,"A contemporary 3-in-1 bomber jacket packed full of clever features including a cell phone chest pocket, mic tabs and a contrast lower panel for protection against dirt. Incorporating a detachable zipper sweater, this jacket is adaptable to all weather conditions. This garment is fully waterproof and features a drawstring pack away hood, 7 pockets, adjustable cuffs and a two-way zipper front for easy access.",https://d11ak7fd9ypfb7.cloudfront.net/styles1100px/US365OBR.jpg,,0.0,TRUE,InStock,1.51,,US365OBRL,,,,Size,DROP_DOWN,L,Color,DROP_DOWN,Orange/Black,,,,,,,,,,,,,Fit,<p>R</p>,Length,<p>65</p>,Width,<p>40</p>,Height,<p>54</p>,Box Quantity,<p>12</p>,Inner Pack Quantity,<p>1</p>,Country Of Origin,<p>BD</p>,Standards,<p></p>,,,,
US365,Variant,,"A contemporary 3-in-1 bomber jacket packed full of clever features including a cell phone chest pocket, mic tabs and a contrast lower panel for protection against dirt. Incorporating a detachable zipper sweater, this jacket is adaptable to all weather conditions. This garment is fully waterproof and features a drawstring pack away hood, 7 pockets, adjustable cuffs and a two-way zipper front for easy access.",https://d11ak7fd9ypfb7.cloudfront.net/styles1100px/US365OBR.jpg,,0.0,TRUE,InStock,1.41,,US365OBRM,,,,Size,DROP_DOWN,M,Color,DROP_DOWN,Orange/Black,,,,,,,,,,,,,Fit,<p>R</p>,Length,<p>65</p>,Width,<p>40</p>,Height,<p>54</p>,Box Quantity,<p>12</p>,Inner Pack Quantity,<p>1</p>,Country Of Origin,<p>BD</p>,Standards,<p></p>,,,,
US365,Variant,,"A contemporary 3-in-1 bomber jacket packed full of clever features including a cell phone chest pocket, mic tabs and a contrast lower panel for protection against dirt. Incorporating a detachable zipper sweater, this jacket is adaptable to all weather conditions. This garment is fully waterproof and features a drawstring pack away hood, 7 pockets, adjustable cuffs and a two-way zipper front for easy access.",https://d11ak7fd9ypfb7.cloudfront.net/styles1100px/US365OBR.jpg,,0.0,TRUE,InStock,1.31,,US365OBRS,,,,Size,DROP_DOWN,S,Color,DROP_DOWN,Orange/Black,,,,,,,,,,,,,Fit,<p>R</p>,Length,<p>65</p>,Width,<p>40</p>,Height,<p>54</p>,Box Quantity,<p>12</p>,Inner Pack Quantity,<p>1</p>,Country Of Origin,<p>BD</p>,Standards,<p></p>,,,,
US365,Variant,,"A contemporary 3-in-1 bomber jacket packed full of clever features including a cell phone chest pocket, mic tabs and a contrast lower panel for protection against dirt. Incorporating a detachable zipper sweater, this jacket is adaptable to all weather conditions. This garment is fully waterproof and features a drawstring pack away hood, 7 pockets, adjustable cuffs and a two-way zipper front for easy access.",https://d11ak7fd9ypfb7.cloudfront.net/styles1100px/US365OBR.jpg,,0.0,TRUE,InStock,1.6,,US365OBRXL,,,,Size,DROP_DOWN,XL,Color,DROP_DOWN,Orange/Black,,,,,,,,,,,,,Fit,<p>R</p>,Length,<p>65</p>,Width,<p>40</p>,Height,<p>54</p>,Box Quantity,<p>12</p>,Inner Pack Quantity,<p>1</p>,Country Of Origin,<p>BD</p>,Standards,<p></p>,,,,
US365,Variant,,"A contemporary 3-in-1 bomber jacket packed full of clever features including a cell phone chest pocket, mic tabs and a contrast lower panel for protection against dirt. Incorporating a detachable zipper sweater, this jacket is adaptable to all weather conditions. This garment is fully waterproof and features a drawstring pack away hood, 7 pockets, adjustable cuffs and a two-way zipper front for easy access.",https://d11ak7fd9ypfb7.cloudfront.net/styles1100px/US365OBR.jpg,,0.0,TRUE,InStock,1.65,,US365OBRXXL,,,,Size,DROP_DOWN,XXL,Color,DROP_DOWN,Orange/Black,,,,,,,,,,,,,Fit,<p>R</p>,Length,<p>65</p>,Width,<p>40</p>,Height,<p>54</p>,Box Quantity,<p>12</p>,Inner Pack Quantity,<p>1</p>,Country Of Origin,<p>BD</p>,Standards,<p></p>,,,,
US365,Variant,,"A contemporary 3-in-1 bomber jacket packed full of clever features including a cell phone chest pocket, mic tabs and a contrast lower panel for protection against dirt. Incorporating a detachable zipper sweater, this jacket is adaptable to all weather conditions. This garment is fully waterproof and features a drawstring pack away hood, 7 pockets, adjustable cuffs and a two-way zipper front for easy access.",https://d11ak7fd9ypfb7.cloudfront.net/styles1100px/US365OBR.jpg,,0.0,TRUE,InStock,1.7,,US365OBRXXXL,,,,Size,DROP_DOWN,XXXL,Color,DROP_DOWN,Orange/Black,,,,,,,,,,,,,Fit,<p>R</p>,Length,<p>65</p>,Width,<p>40</p>,Height,<p>54</p>,Box Quantity,<p>12</p>,Inner Pack Quantity,<p>1</p>,Country Of Origin,<p>BD</p>,Standards,<p></p>,,,,
US365,Variant,,"A contemporary 3-in-1 bomber jacket packed full of clever features including a cell phone chest pocket, mic tabs and a contrast lower panel for protection against dirt. Incorporating a detachable zipper sweater, this jacket is adaptable to all weather conditions. This garment is fully waterproof and features a drawstring pack away hood, 7 pockets, adjustable cuffs and a two-way zipper front for easy access.",https://d11ak7fd9ypfb7.cloudfront.net/styles1100px/US365YBR.jpg,,0.0,TRUE,InStock,1.87,,US365YBR4XL,,,,Size,DROP_DOWN,4XL,Color,DROP_DOWN,Yellow/Black,,,,,,,,,,,,,Fit,<p>R</p>,Length,<p>65</p>,Width,<p>40</p>,Height,<p>54</p>,Box Quantity,<p>12</p>,Inner Pack Quantity,<p>1</p>,Country Of Origin,<p>BD</p>,Standards,<p></p>,,,,
US365,Variant,,"A contemporary 3-in-1 bomber jacket packed full of clever features including a cell phone chest pocket, mic tabs and a contrast lower panel for protection against dirt. Incorporating a detachable zipper sweater, this jacket is adaptable to all weather conditions. This garment is fully waterproof and features a drawstring pack away hood, 7 pockets, adjustable cuffs and a two-way zipper front for easy access.",https://d11ak7fd9ypfb7.cloudfront.net/styles1100px/US365YBR.jpg,,0.0,TRUE,InStock,1.97,,US365YBR5XL,,,,Size,DROP_DOWN,5XL,Color,DROP_DOWN,Yellow/Black,,,,,,,,,,,,,Fit,<p>R</p>,Length,<p>65</p>,Width,<p>40</p>,Height,<p>54</p>,Box Quantity,<p>12</p>,Inner Pack Quantity,<p>1</p>,Country Of Origin,<p>BD</p>,Standards,<p></p>,,,,
US365,Variant,,"A contemporary 3-in-1 bomber jacket packed full of clever features including a cell phone chest pocket, mic tabs and a contrast lower panel for protection against dirt. Incorporating a detachable zipper sweater, this jacket is adaptable to all weather conditions. This garment is fully waterproof and features a drawstring pack away hood, 7 pockets, adjustable cuffs and a two-way zipper front for easy access.",https://d11ak7fd9ypfb7.cloudfront.net/styles1100px/US365YBR.jpg,,0.0,TRUE,InStock,2.07,,US365YBR6XL,,,,Size,DROP_DOWN,6XL,Color,DROP_DOWN,Yellow/Black,,,,,,,,,,,,,Fit,<p>R</p>,Length,<p>65</p>,Width,<p>40</p>,Height,<p>54</p>,Box Quantity,<p>12</p>,Inner Pack Quantity,<p>1</p>,Country Of Origin,<p>BD</p>,Standards,<p></p>,,,,
US365,Variant,,"A contemporary 3-in-1 bomber jacket packed full of clever features including a cell phone chest pocket, mic tabs and a contrast lower panel for protection against dirt. Incorporating a detachable zipper sweater, this jacket is adaptable to all weather conditions. This garment is fully waterproof and features a drawstring pack away hood, 7 pockets, adjustable cuffs and a two-way zipper front for easy access.",https://d11ak7fd9ypfb7.cloudfront.net/styles1100px/US365YBR.jpg,,0.0,TRUE,InStock,2.12,,US365YBR7XL,,,,Size,DROP_DOWN,7XL,Color,DROP_DOWN,Yellow/Black,,,,,,,,,,,,,Fit,<p>R</p>,Length,<p>65</p>,Width,<p>40</p>,Height,<p>54</p>,Box Quantity,<p>12</p>,Inner Pack Quantity,<p>1</p>,Country Of Origin,<p>BD</p>,Standards,<p></p>,,,,
US365,Variant,,"A contemporary 3-in-1 bomber jacket packed full of clever features including a cell phone chest pocket, mic tabs and a contrast lower panel for protection against dirt. Incorporating a detachable zipper sweater, this jacket is adaptable to all weather conditions. This garment is fully waterproof and features a drawstring pack away hood, 7 pockets, adjustable cuffs and a two-way zipper front for easy access.",https://d11ak7fd9ypfb7.cloudfront.net/styles1100px/US365YBR.jpg,,0.0,TRUE,InStock,1.51,,US365YBRL,,,,Size,DROP_DOWN,L,Color,DROP_DOWN,Yellow/Black,,,,,,,,,,,,,Fit,<p>R</p>,Length,<p>65</p>,Width,<p>40</p>,Height,<p>54</p>,Box Quantity,<p>12</p>,Inner Pack Quantity,<p>1</p>,Country Of Origin,<p>BD</p>,Standards,<p></p>,,,,
US365,Variant,,"A contemporary 3-in-1 bomber jacket packed full of clever features including a cell phone chest pocket, mic tabs and a contrast lower panel for protection against dirt. Incorporating a detachable zipper sweater, this jacket is adaptable to all weather conditions. This garment is fully waterproof and features a drawstring pack away hood, 7 pockets, adjustable cuffs and a two-way zipper front for easy access.",https://d11ak7fd9ypfb7.cloudfront.net/styles1100px/US365YBR.jpg,,0.0,TRUE,InStock,1.41,,US365YBRM,,,,Size,DROP_DOWN,M,Color,DROP_DOWN,Yellow/Black,,,,,,,,,,,,,Fit,<p>R</p>,Length,<p>65</p>,Width,<p>40</p>,Height,<p>54</p>,Box Quantity,<p>12</p>,Inner Pack Quantity,<p>1</p>,Country Of Origin,<p>BD</p>,Standards,<p></p>,,,,
US365,Variant,,"A contemporary 3-in-1 bomber jacket packed full of clever features including a cell phone chest pocket, mic tabs and a contrast lower panel for protection against dirt. Incorporating a detachable zipper sweater, this jacket is adaptable to all weather conditions. This garment is fully waterproof and features a drawstring pack away hood, 7 pockets, adjustable cuffs and a two-way zipper front for easy access.",https://d11ak7fd9ypfb7.cloudfront.net/styles1100px/US365YBR.jpg,,0.0,TRUE,InStock,1.31,,US365YBRS,,,,Size,DROP_DOWN,S,Color,DROP_DOWN,Yellow/Black,,,,,,,,,,,,,Fit,<p>R</p>,Length,<p>65</p>,Width,<p>40</p>,Height,<p>54</p>,Box Quantity,<p>12</p>,Inner Pack Quantity,<p>1</p>,Country Of Origin,<p>BD</p>,Standards,<p></p>,,,,
US365,Variant,,"A contemporary 3-in-1 bomber jacket packed full of clever features including a cell phone chest pocket, mic tabs and a contrast lower panel for protection against dirt. Incorporating a detachable zipper sweater, this jacket is adaptable to all weather conditions. This garment is fully waterproof and features a drawstring pack away hood, 7 pockets, adjustable cuffs and a two-way zipper front for easy access.",https://d11ak7fd9ypfb7.cloudfront.net/styles1100px/US365YBR.jpg,,0.0,TRUE,InStock,1.6,,US365YBRXL,,,,Size,DROP_DOWN,XL,Color,DROP_DOWN,Yellow/Black,,,,,,,,,,,,,Fit,<p>R</p>,Length,<p>65</p>,Width,<p>40</p>,Height,<p>54</p>,Box Quantity,<p>12</p>,Inner Pack Quantity,<p>1</p>,Country Of Origin,<p>BD</p>,Standards,<p></p>,,,,
US365,Variant,,"A contemporary 3-in-1 bomber jacket packed full of clever features including a cell phone chest pocket, mic tabs and a contrast lower panel for protection against dirt. Incorporating a detachable zipper sweater, this jacket is adaptable to all weather conditions. This garment is fully waterproof and features a drawstring pack away hood, 7 pockets, adjustable cuffs and a two-way zipper front for easy access.",https://d11ak7fd9ypfb7.cloudfront.net/styles1100px/US365YBR.jpg,,0.0,TRUE,InStock,1.65,,US365YBRXXL,,,,Size,DROP_DOWN,XXL,Color,DROP_DOWN,Yellow/Black,,,,,,,,,,,,,Fit,<p>R</p>,Length,<p>65</p>,Width,<p>40</p>,Height,<p>54</p>,Box Quantity,<p>12</p>,Inner Pack Quantity,<p>1</p>,Country Of Origin,<p>BD</p>,Standards,<p></p>,,,,
US365,Variant,,"A contemporary 3-in-1 bomber jacket packed full of clever features including a cell phone chest pocket, mic tabs and a contrast lower panel for protection against dirt. Incorporating a detachable zipper sweater, this jacket is adaptable to all weather conditions. This garment is fully waterproof and features a drawstring pack away hood, 7 pockets, adjustable cuffs and a two-way zipper front for easy access.",https://d11ak7fd9ypfb7.cloudfront.net/styles1100px/US365YBR.jpg,,0.0,TRUE,InStock,1.7,,US365YBRXXXL,,,,Size,DROP_DOWN,XXXL,Color,DROP_DOWN,Yellow/Black,,,,,,,,,,,,,Fit,<p>R</p>,Length,<p>65</p>,Width,<p>40</p>,Height,<p>54</p>,Box Quantity,<p>12</p>,Inner Pack Quantity,<p>1</p>,Country Of Origin,<p>BD</p>,Standards,<p></p>,,,,
US365,Variant,,"A contemporary 3-in-1 bomber jacket packed full of clever features including a cell phone chest pocket, mic tabs and a contrast lower panel for protection against dirt. Incorporating a detachable zipper sweater, this jacket is adaptable to all weather conditions. This garment is fully waterproof and features a drawstring pack away hood, 7 pockets, adjustable cuffs and a two-way zipper front for easy access.",https://d11ak7fd9ypfb7.cloudfront.net/styles1100px/US365YBT.jpg,,0.0,TRUE,InStock,0.999,,US365YBTL,,,,Size,DROP_DOWN,L,Color,DROP_DOWN,Yellow/Black Tall,,,,,,,,,,,,,Fit,<p>T</p>,Length,<p>65</p>,Width,<p>40</p>,Height,<p>54</p>,Box Quantity,<p>12</p>,Inner Pack Quantity,<p>1</p>,Country Of Origin,<p>BD</p>,Standards,<p></p>,,,,
US365,Variant,,"A contemporary 3-in-1 bomber jacket packed full of clever features including a cell phone chest pocket, mic tabs and a contrast lower panel for protection against dirt. Incorporating a detachable zipper sweater, this jacket is adaptable to all weather conditions. This garment is fully waterproof and features a drawstring pack away hood, 7 pockets, adjustable cuffs and a two-way zipper front for easy access.",https://d11ak7fd9ypfb7.cloudfront.net/styles1100px/US365YBT.jpg,,0.0,TRUE,InStock,0.999,,US365YBTXL,,,,Size,DROP_DOWN,XL,Color,DROP_DOWN,Yellow/Black Tall,,,,,,,,,,,,,Fit,<p>T</p>,Length,<p>65</p>,Width,<p>40</p>,Height,<p>54</p>,Box Quantity,<p>12</p>,Inner Pack Quantity,<p>1</p>,Country Of Origin,<p>BD</p>,Standards,<p></p>,,,,
US365,Variant,,"A contemporary 3-in-1 bomber jacket packed full of clever features including a cell phone chest pocket, mic tabs and a contrast lower panel for protection against dirt. Incorporating a detachable zipper sweater, this jacket is adaptable to all weather conditions. This garment is fully waterproof and features a drawstring pack away hood, 7 pockets, adjustable cuffs and a two-way zipper front for easy access.",https://d11ak7fd9ypfb7.cloudfront.net/styles1100px/US365YBT.jpg,,0.0,TRUE,InStock,0.999,,US365YBTXXL,,,,Size,DROP_DOWN,XXL,Color,DROP_DOWN,Yellow/Black Tall,,,,,,,,,,,,,Fit,<p>T</p>,Length,<p>65</p>,Width,<p>40</p>,Height,<p>54</p>,Box Quantity,<p>12</p>,Inner Pack Quantity,<p>1</p>,Country Of Origin,<p>BD</p>,Standards,<p></p>,,,,
US365,Variant,,"A contemporary 3-in-1 bomber jacket packed full of clever features including a cell phone chest pocket, mic tabs and a contrast lower panel for protection against dirt. Incorporating a detachable zipper sweater, this jacket is adaptable to all weather conditions. This garment is fully waterproof and features a drawstring pack away hood, 7 pockets, adjustable cuffs and a two-way zipper front for easy access.",https://d11ak7fd9ypfb7.cloudfront.net/styles1100px/US365YBT.jpg,,0.0,TRUE,InStock,0.999,,US365YBTXXXL,,,,Size,DROP_DOWN,XXXL,Color,DROP_DOWN,Yellow/Black Tall,,,,,,,,,,,,,Fit,<p>T</p>,Length,<p>65</p>,Width,<p>40</p>,Height,<p>54</p>,Box Quantity,<p>12</p>,Inner Pack Quantity,<p>1</p>,Country Of Origin,<p>BD</p>,Standards,<p></p>,,,,
US366,Product,US366 - Hi-Vis Contrast Rain Jacket,"Lightweight jacket certified to the highest waterproof levels. The jacket offers unrivalled foul weather protection and wearer comfort. Hardwearing, functional and packed full of features including a vented back cape with D-ring opening, pack away hood for easy storing, multiple pockets for ample storage, mic tab and mesh lined for optimum warmth and comfort.",https://d11ak7fd9ypfb7.cloudfront.net/styles1100px/US366OBR.jpg,55.8,0.0,TRUE,InStock,0.999,,US366OBR4XL,,,,Size,DROP_DOWN,S;M;L;XL;XXL;XXXL;4XL;5XL;6XL,Color,DROP_DOWN,Orange/Black;Yellow/Black,,,,,,,,,,,,,Fit,<p>R</p>,Length,<p>65</p>,Width,<p>40</p>,Height,<p>35</p>,Box Quantity,<p>24</p>,Inner Pack Quantity,<p>1</p>,Country Of Origin,<p>BD</p>,Standards,<ul><li>ANSI/ISEA 107 TYPE R CLASS 3</li><li>EN ISO 20471 Class 3</li><li>EN 343 Class 3:1  10000MM</li></ul>,,,,
US366,Variant,,"Lightweight jacket certified to the highest waterproof levels. The jacket offers unrivalled foul weather protection and wearer comfort. Hardwearing, functional and packed full of features including a vented back cape with D-ring opening, pack away hood for easy storing, multiple pockets for ample storage, mic tab and mesh lined for optimum warmth and comfort.",https://d11ak7fd9ypfb7.cloudfront.net/styles1100px/US366OBR.jpg,,0.0,TRUE,InStock,0.999,,US366OBR4XL,,,,Size,DROP_DOWN,4XL,Color,DROP_DOWN,Orange/Black,,,,,,,,,,,,,Fit,<p>R</p>,Length,<p>65</p>,Width,<p>40</p>,Height,<p>35</p>,Box Quantity,<p>24</p>,Inner Pack Quantity,<p>1</p>,Country Of Origin,<p>BD</p>,Standards,<ul><li>ANSI/ISEA 107 TYPE R CLASS 3</li><li>EN ISO 20471 Class 3</li><li>EN 343 Class 3:1  10000MM</li></ul>,,,,
US366,Variant,,"Lightweight jacket certified to the highest waterproof levels. The jacket offers unrivalled foul weather protection and wearer comfort. Hardwearing, functional and packed full of features including a vented back cape with D-ring opening, pack away hood for easy storing, multiple pockets for ample storage, mic tab and mesh lined for optimum warmth and comfort.",https://d11ak7fd9ypfb7.cloudfront.net/styles1100px/US366OBR.jpg,,0.0,TRUE,InStock,0.999,,US366OBR5XL,,,,Size,DROP_DOWN,5XL,Color,DROP_DOWN,Orange/Black,,,,,,,,,,,,,Fit,<p>R</p>,Length,<p>65</p>,Width,<p>40</p>,Height,<p>35</p>,Box Quantity,<p>24</p>,Inner Pack Quantity,<p>1</p>,Country Of Origin,<p>BD</p>,Standards,<ul><li>ANSI/ISEA 107 TYPE R CLASS 3</li><li>EN ISO 20471 Class 3</li><li>EN 343 Class 3:1  10000MM</li></ul>,,,,
US366,Variant,,"Lightweight jacket certified to the highest waterproof levels. The jacket offers unrivalled foul weather protection and wearer comfort. Hardwearing, functional and packed full of features including a vented back cape with D-ring opening, pack away hood for easy storing, multiple pockets for ample storage, mic tab and mesh lined for optimum warmth and comfort.",https://d11ak7fd9ypfb7.cloudfront.net/styles1100px/US366OBR.jpg,,0.0,TRUE,InStock,0.999,,US366OBRL,,,,Size,DROP_DOWN,L,Color,DROP_DOWN,Orange/Black,,,,,,,,,,,,,Fit,<p>R</p>,Length,<p>65</p>,Width,<p>40</p>,Height,<p>35</p>,Box Quantity,<p>24</p>,Inner Pack Quantity,<p>1</p>,Country Of Origin,<p>BD</p>,Standards,<ul><li>ANSI/ISEA 107 TYPE R CLASS 3</li><li>EN ISO 20471 Class 3</li><li>EN 343 Class 3:1  10000MM</li></ul>,,,,
US366,Variant,,"Lightweight jacket certified to the highest waterproof levels. The jacket offers unrivalled foul weather protection and wearer comfort. Hardwearing, functional and packed full of features including a vented back cape with D-ring opening, pack away hood for easy storing, multiple pockets for ample storage, mic tab and mesh lined for optimum warmth and comfort.",https://d11ak7fd9ypfb7.cloudfront.net/styles1100px/US366OBR.jpg,,0.0,TRUE,InStock,0.999,,US366OBRM,,,,Size,DROP_DOWN,M,Color,DROP_DOWN,Orange/Black,,,,,,,,,,,,,Fit,<p>R</p>,Length,<p>65</p>,Width,<p>40</p>,Height,<p>35</p>,Box Quantity,<p>24</p>,Inner Pack Quantity,<p>1</p>,Country Of Origin,<p>BD</p>,Standards,<ul><li>ANSI/ISEA 107 TYPE R CLASS 3</li><li>EN ISO 20471 Class 3</li><li>EN 343 Class 3:1  10000MM</li></ul>,,,,
US366,Variant,,"Lightweight jacket certified to the highest waterproof levels. The jacket offers unrivalled foul weather protection and wearer comfort. Hardwearing, functional and packed full of features including a vented back cape with D-ring opening, pack away hood for easy storing, multiple pockets for ample storage, mic tab and mesh lined for optimum warmth and comfort.",https://d11ak7fd9ypfb7.cloudfront.net/styles1100px/US366OBR.jpg,,0.0,TRUE,InStock,0.999,,US366OBRS,,,,Size,DROP_DOWN,S,Color,DROP_DOWN,Orange/Black,,,,,,,,,,,,,Fit,<p>R</p>,Length,<p>65</p>,Width,<p>40</p>,Height,<p>35</p>,Box Quantity,<p>24</p>,Inner Pack Quantity,<p>1</p>,Country Of Origin,<p>BD</p>,Standards,<ul><li>ANSI/ISEA 107 TYPE R CLASS 3</li><li>EN ISO 20471 Class 3</li><li>EN 343 Class 3:1  10000MM</li></ul>,,,,
US366,Variant,,"Lightweight jacket certified to the highest waterproof levels. The jacket offers unrivalled foul weather protection and wearer comfort. Hardwearing, functional and packed full of features including a vented back cape with D-ring opening, pack away hood for easy storing, multiple pockets for ample storage, mic tab and mesh lined for optimum warmth and comfort.",https://d11ak7fd9ypfb7.cloudfront.net/styles1100px/US366OBR.jpg,,0.0,TRUE,InStock,0.999,,US366OBRXL,,,,Size,DROP_DOWN,XL,Color,DROP_DOWN,Orange/Black,,,,,,,,,,,,,Fit,<p>R</p>,Length,<p>65</p>,Width,<p>40</p>,Height,<p>35</p>,Box Quantity,<p>24</p>,Inner Pack Quantity,<p>1</p>,Country Of Origin,<p>BD</p>,Standards,<ul><li>ANSI/ISEA 107 TYPE R CLASS 3</li><li>EN ISO 20471 Class 3</li><li>EN 343 Class 3:1  10000MM</li></ul>,,,,
US366,Variant,,"Lightweight jacket certified to the highest waterproof levels. The jacket offers unrivalled foul weather protection and wearer comfort. Hardwearing, functional and packed full of features including a vented back cape with D-ring opening, pack away hood for easy storing, multiple pockets for ample storage, mic tab and mesh lined for optimum warmth and comfort.",https://d11ak7fd9ypfb7.cloudfront.net/styles1100px/US366OBR.jpg,,0.0,TRUE,InStock,0.999,,US366OBRXXL,,,,Size,DROP_DOWN,XXL,Color,DROP_DOWN,Orange/Black,,,,,,,,,,,,,Fit,<p>R</p>,Length,<p>65</p>,Width,<p>40</p>,Height,<p>35</p>,Box Quantity,<p>24</p>,Inner Pack Quantity,<p>1</p>,Country Of Origin,<p>BD</p>,Standards,<ul><li>ANSI/ISEA 107 TYPE R CLASS 3</li><li>EN ISO 20471 Class 3</li><li>EN 343 Class 3:1  10000MM</li></ul>,,,,
US366,Variant,,"Lightweight jacket certified to the highest waterproof levels. The jacket offers unrivalled foul weather protection and wearer comfort. Hardwearing, functional and packed full of features including a vented back cape with D-ring opening, pack away hood for easy storing, multiple pockets for ample storage, mic tab and mesh lined for optimum warmth and comfort.",https://d11ak7fd9ypfb7.cloudfront.net/styles1100px/US366OBR.jpg,,0.0,TRUE,InStock,0.999,,US366OBRXXXL,,,,Size,DROP_DOWN,XXXL,Color,DROP_DOWN,Orange/Black,,,,,,,,,,,,,Fit,<p>R</p>,Length,<p>65</p>,Width,<p>40</p>,Height,<p>35</p>,Box Quantity,<p>24</p>,Inner Pack Quantity,<p>1</p>,Country Of Origin,<p>BD</p>,Standards,<ul><li>ANSI/ISEA 107 TYPE R CLASS 3</li><li>EN ISO 20471 Class 3</li><li>EN 343 Class 3:1  10000MM</li></ul>,,,,
US366,Variant,,"Lightweight jacket certified to the highest waterproof levels. The jacket offers unrivalled foul weather protection and wearer comfort. Hardwearing, functional and packed full of features including a vented back cape with D-ring opening, pack away hood for easy storing, multiple pockets for ample storage, mic tab and mesh lined for optimum warmth and comfort.",https://d11ak7fd9ypfb7.cloudfront.net/styles1100px/US366YBR.jpg,,0.0,TRUE,InStock,0.999,,US366YBR4XL,,,,Size,DROP_DOWN,4XL,Color,DROP_DOWN,Yellow/Black,,,,,,,,,,,,,Fit,<p>R</p>,Length,<p>65</p>,Width,<p>40</p>,Height,<p>35</p>,Box Quantity,<p>24</p>,Inner Pack Quantity,<p>1</p>,Country Of Origin,<p>BD</p>,Standards,<ul><li>ANSI/ISEA 107 TYPE R CLASS 3</li><li>EN ISO 20471 Class 3</li><li>EN 343 Class 3:1  10000MM</li></ul>,,,,
US366,Variant,,"Lightweight jacket certified to the highest waterproof levels. The jacket offers unrivalled foul weather protection and wearer comfort. Hardwearing, functional and packed full of features including a vented back cape with D-ring opening, pack away hood for easy storing, multiple pockets for ample storage, mic tab and mesh lined for optimum warmth and comfort.",https://d11ak7fd9ypfb7.cloudfront.net/styles1100px/US366YBR.jpg,,0.0,TRUE,InStock,0.999,,US366YBR5XL,,,,Size,DROP_DOWN,5XL,Color,DROP_DOWN,Yellow/Black,,,,,,,,,,,,,Fit,<p>R</p>,Length,<p>65</p>,Width,<p>40</p>,Height,<p>35</p>,Box Quantity,<p>24</p>,Inner Pack Quantity,<p>1</p>,Country Of Origin,<p>BD</p>,Standards,<ul><li>ANSI/ISEA 107 TYPE R CLASS 3</li><li>EN ISO 20471 Class 3</li><li>EN 343 Class 3:1  10000MM</li></ul>,,,,
US366,Variant,,"Lightweight jacket certified to the highest waterproof levels. The jacket offers unrivalled foul weather protection and wearer comfort. Hardwearing, functional and packed full of features including a vented back cape with D-ring opening, pack away hood for easy storing, multiple pockets for ample storage, mic tab and mesh lined for optimum warmth and comfort.",https://d11ak7fd9ypfb7.cloudfront.net/styles1100px/US366YBR.jpg,,0.0,TRUE,InStock,0.999,,US366YBR6XL,,,,Size,DROP_DOWN,6XL,Color,DROP_DOWN,Yellow/Black,,,,,,,,,,,,,Fit,<p>R</p>,Length,<p>65</p>,Width,<p>40</p>,Height,<p>35</p>,Box Quantity,<p>24</p>,Inner Pack Quantity,<p>1</p>,Country Of Origin,<p>BD</p>,Standards,<ul><li>ANSI/ISEA 107 TYPE R CLASS 3</li><li>EN ISO 20471 Class 3</li><li>EN 343 Class 3:1  10000MM</li></ul>,,,,
US366,Variant,,"Lightweight jacket certified to the highest waterproof levels. The jacket offers unrivalled foul weather protection and wearer comfort. Hardwearing, functional and packed full of features including a vented back cape with D-ring opening, pack away hood for easy storing, multiple pockets for ample storage, mic tab and mesh lined for optimum warmth and comfort.",https://d11ak7fd9ypfb7.cloudfront.net/styles1100px/US366YBR.jpg,,0.0,TRUE,InStock,0.999,,US366YBRL,,,,Size,DROP_DOWN,L,Color,DROP_DOWN,Yellow/Black,,,,,,,,,,,,,Fit,<p>R</p>,Length,<p>65</p>,Width,<p>40</p>,Height,<p>35</p>,Box Quantity,<p>24</p>,Inner Pack Quantity,<p>1</p>,Country Of Origin,<p>BD</p>,Standards,<ul><li>ANSI/ISEA 107 TYPE R CLASS 3</li><li>EN ISO 20471 Class 3</li><li>EN 343 Class 3:1  10000MM</li></ul>,,,,
US366,Variant,,"Lightweight jacket certified to the highest waterproof levels. The jacket offers unrivalled foul weather protection and wearer comfort. Hardwearing, functional and packed full of features including a vented back cape with D-ring opening, pack away hood for easy storing, multiple pockets for ample storage, mic tab and mesh lined for optimum warmth and comfort.",https://d11ak7fd9ypfb7.cloudfront.net/styles1100px/US366YBR.jpg,,0.0,TRUE,InStock,0.999,,US366YBRM,,,,Size,DROP_DOWN,M,Color,DROP_DOWN,Yellow/Black,,,,,,,,,,,,,Fit,<p>R</p>,Length,<p>65</p>,Width,<p>40</p>,Height,<p>35</p>,Box Quantity,<p>24</p>,Inner Pack Quantity,<p>1</p>,Country Of Origin,<p>BD</p>,Standards,<ul><li>ANSI/ISEA 107 TYPE R CLASS 3</li><li>EN ISO 20471 Class 3</li><li>EN 343 Class 3:1  10000MM</li></ul>,,,,
US366,Variant,,"Lightweight jacket certified to the highest waterproof levels. The jacket offers unrivalled foul weather protection and wearer comfort. Hardwearing, functional and packed full of features including a vented back cape with D-ring opening, pack away hood for easy storing, multiple pockets for ample storage, mic tab and mesh lined for optimum warmth and comfort.",https://d11ak7fd9ypfb7.cloudfront.net/styles1100px/US366YBR.jpg,,0.0,TRUE,InStock,0.999,,US366YBRS,,,,Size,DROP_DOWN,S,Color,DROP_DOWN,Yellow/Black,,,,,,,,,,,,,Fit,<p>R</p>,Length,<p>65</p>,Width,<p>40</p>,Height,<p>35</p>,Box Quantity,<p>24</p>,Inner Pack Quantity,<p>1</p>,Country Of Origin,<p>BD</p>,Standards,<ul><li>ANSI/ISEA 107 TYPE R CLASS 3</li><li>EN ISO 20471 Class 3</li><li>EN 343 Class 3:1  10000MM</li></ul>,,,,
US366,Variant,,"Lightweight jacket certified to the highest waterproof levels. The jacket offers unrivalled foul weather protection and wearer comfort. Hardwearing, functional and packed full of features including a vented back cape with D-ring opening, pack away hood for easy storing, multiple pockets for ample storage, mic tab and mesh lined for optimum warmth and comfort.",https://d11ak7fd9ypfb7.cloudfront.net/styles1100px/US366YBR.jpg,,0.0,TRUE,InStock,0.999,,US366YBRXL,,,,Size,DROP_DOWN,XL,Color,DROP_DOWN,Yellow/Black,,,,,,,,,,,,,Fit,<p>R</p>,Length,<p>65</p>,Width,<p>40</p>,Height,<p>35</p>,Box Quantity,<p>24</p>,Inner Pack Quantity,<p>1</p>,Country Of Origin,<p>BD</p>,Standards,<ul><li>ANSI/ISEA 107 TYPE R CLASS 3</li><li>EN ISO 20471 Class 3</li><li>EN 343 Class 3:1  10000MM</li></ul>,,,,
US366,Variant,,"Lightweight jacket certified to the highest waterproof levels. The jacket offers unrivalled foul weather protection and wearer comfort. Hardwearing, functional and packed full of features including a vented back cape with D-ring opening, pack away hood for easy storing, multiple pockets for ample storage, mic tab and mesh lined for optimum warmth and comfort.",https://d11ak7fd9ypfb7.cloudfront.net/styles1100px/US366YBR.jpg,,0.0,TRUE,InStock,0.999,,US366YBRXXL,,,,Size,DROP_DOWN,XXL,Color,DROP_DOWN,Yellow/Black,,,,,,,,,,,,,Fit,<p>R</p>,Length,<p>65</p>,Width,<p>40</p>,Height,<p>35</p>,Box Quantity,<p>24</p>,Inner Pack Quantity,<p>1</p>,Country Of Origin,<p>BD</p>,Standards,<ul><li>ANSI/ISEA 107 TYPE R CLASS 3</li><li>EN ISO 20471 Class 3</li><li>EN 343 Class 3:1  10000MM</li></ul>,,,,
US366,Variant,,"Lightweight jacket certified to the highest waterproof levels. The jacket offers unrivalled foul weather protection and wearer comfort. Hardwearing, functional and packed full of features including a vented back cape with D-ring opening, pack away hood for easy storing, multiple pockets for ample storage, mic tab and mesh lined for optimum warmth and comfort.",https://d11ak7fd9ypfb7.cloudfront.net/styles1100px/US366YBR.jpg,,0.0,TRUE,InStock,0.999,,US366YBRXXXL,,,,Size,DROP_DOWN,XXXL,Color,DROP_DOWN,Yellow/Black,,,,,,,,,,,,,Fit,<p>R</p>,Length,<p>65</p>,Width,<p>40</p>,Height,<p>35</p>,Box Quantity,<p>24</p>,Inner Pack Quantity,<p>1</p>,Country Of Origin,<p>BD</p>,Standards,<ul><li>ANSI/ISEA 107 TYPE R CLASS 3</li><li>EN ISO 20471 Class 3</li><li>EN 343 Class 3:1  10000MM</li></ul>,,,,
US367,Product,US367 - Hi-Vis 2-in-1 Contrast Tape Bomber Jacket,"Be seen in all conditions with this Hi-Vis bomber jacket. This garment sports a zip out fleece lining, detachable fur collar, pack away hood, internal tablet pocket, zipper front and waterproof sealed seams.",https://d11ak7fd9ypfb7.cloudfront.net/styles1100px/US367YBR.jpg,79.0,0.0,TRUE,InStock,0.999,,US367YBR4XL,,,,Size,DROP_DOWN,S;M;L;XL;XXL;XXXL;4XL;5XL;6XL;7XL,Color,DROP_DOWN,Yellow/Black,,,,,,,,,,,,,Fit,<p>R</p>,Length,<p>65</p>,Width,<p>40</p>,Height,<p>47</p>,Box Quantity,<p>12</p>,Inner Pack Quantity,<p>1</p>,Country Of Origin,<p>BD</p>,Standards,<ul><li>ANSI/ISEA 107 TYPE R CLASS 3</li><li>EN ISO 20471 Class 3</li><li>EN 343:2019 Class 3:1 X  WP 15000mm</li></ul>,,,,
US367,Variant,,"Be seen in all conditions with this Hi-Vis bomber jacket. This garment sports a zip out fleece lining, detachable fur collar, pack away hood, internal tablet pocket, zipper front and waterproof sealed seams.",https://d11ak7fd9ypfb7.cloudfront.net/styles1100px/US367YBR.jpg,,0.0,TRUE,InStock,0.999,,US367YBR4XL,,,,Size,DROP_DOWN,4XL,Color,DROP_DOWN,Yellow/Black,,,,,,,,,,,,,Fit,<p>R</p>,Length,<p>65</p>,Width,<p>40</p>,Height,<p>47</p>,Box Quantity,<p>12</p>,Inner Pack Quantity,<p>1</p>,Country Of Origin,<p>BD</p>,Standards,<ul><li>ANSI/ISEA 107 TYPE R CLASS 3</li><li>EN ISO 20471 Class 3</li><li>EN 343:2019 Class 3:1 X  WP 15000mm</li></ul>,,,,
US367,Variant,,"Be seen in all conditions with this Hi-Vis bomber jacket. This garment sports a zip out fleece lining, detachable fur collar, pack away hood, internal tablet pocket, zipper front and waterproof sealed seams.",https://d11ak7fd9ypfb7.cloudfront.net/styles1100px/US367YBR.jpg,,0.0,TRUE,InStock,0.999,,US367YBR5XL,,,,Size,DROP_DOWN,5XL,Color,DROP_DOWN,Yellow/Black,,,,,,,,,,,,,Fit,<p>R</p>,Length,<p>65</p>,Width,<p>40</p>,Height,<p>47</p>,Box Quantity,<p>12</p>,Inner Pack Quantity,<p>1</p>,Country Of Origin,<p>BD</p>,Standards,<ul><li>ANSI/ISEA 107 TYPE R CLASS 3</li><li>EN ISO 20471 Class 3</li><li>EN 343:2019 Class 3:1 X  WP 15000mm</li></ul>,,,,
US367,Variant,,"Be seen in all conditions with this Hi-Vis bomber jacket. This garment sports a zip out fleece lining, detachable fur collar, pack away hood, internal tablet pocket, zipper front and waterproof sealed seams.",https://d11ak7fd9ypfb7.cloudfront.net/styles1100px/US367YBR.jpg,,0.0,TRUE,InStock,0.999,,US367YBR6XL,,,,Size,DROP_DOWN,6XL,Color,DROP_DOWN,Yellow/Black,,,,,,,,,,,,,Fit,<p>R</p>,Length,<p>65</p>,Width,<p>40</p>,Height,<p>47</p>,Box Quantity,<p>12</p>,Inner Pack Quantity,<p>1</p>,Country Of Origin,<p>BD</p>,Standards,<ul><li>ANSI/ISEA 107 TYPE R CLASS 3</li><li>EN ISO 20471 Class 3</li><li>EN 343:2019 Class 3:1 X  WP 15000mm</li></ul>,,,,
US367,Variant,,"Be seen in all conditions with this Hi-Vis bomber jacket. This garment sports a zip out fleece lining, detachable fur collar, pack away hood, internal tablet pocket, zipper front and waterproof sealed seams.",https://d11ak7fd9ypfb7.cloudfront.net/styles1100px/US367YBR.jpg,,0.0,TRUE,InStock,0.999,,US367YBR7XL,,,,Size,DROP_DOWN,7XL,Color,DROP_DOWN,Yellow/Black,,,,,,,,,,,,,Fit,<p>R</p>,Length,<p>65</p>,Width,<p>40</p>,Height,<p>47</p>,Box Quantity,<p>12</p>,Inner Pack Quantity,<p>1</p>,Country Of Origin,<p>BD</p>,Standards,<ul><li>ANSI/ISEA 107 TYPE R CLASS 3</li><li>EN ISO 20471 Class 3</li><li>EN 343:2019 Class 3:1 X  WP 15000mm</li></ul>,,,,
US367,Variant,,"Be seen in all conditions with this Hi-Vis bomber jacket. This garment sports a zip out fleece lining, detachable fur collar, pack away hood, internal tablet pocket, zipper front and waterproof sealed seams.",https://d11ak7fd9ypfb7.cloudfront.net/styles1100px/US367YBR.jpg,,0.0,TRUE,InStock,0.999,,US367YBRL,,,,Size,DROP_DOWN,L,Color,DROP_DOWN,Yellow/Black,,,,,,,,,,,,,Fit,<p>R</p>,Length,<p>65</p>,Width,<p>40</p>,Height,<p>47</p>,Box Quantity,<p>12</p>,Inner Pack Quantity,<p>1</p>,Country Of Origin,<p>BD</p>,Standards,<ul><li>ANSI/ISEA 107 TYPE R CLASS 3</li><li>EN ISO 20471 Class 3</li><li>EN 343:2019 Class 3:1 X  WP 15000mm</li></ul>,,,,
US367,Variant,,"Be seen in all conditions with this Hi-Vis bomber jacket. This garment sports a zip out fleece lining, detachable fur collar, pack away hood, internal tablet pocket, zipper front and waterproof sealed seams.",https://d11ak7fd9ypfb7.cloudfront.net/styles1100px/US367YBR.jpg,,0.0,TRUE,InStock,0.999,,US367YBRM,,,,Size,DROP_DOWN,M,Color,DROP_DOWN,Yellow/Black,,,,,,,,,,,,,Fit,<p>R</p>,Length,<p>65</p>,Width,<p>40</p>,Height,<p>47</p>,Box Quantity,<p>12</p>,Inner Pack Quantity,<p>1</p>,Country Of Origin,<p>BD</p>,Standards,<ul><li>ANSI/ISEA 107 TYPE R CLASS 3</li><li>EN ISO 20471 Class 3</li><li>EN 343:2019 Class 3:1 X  WP 15000mm</li></ul>,,,,
US367,Variant,,"Be seen in all conditions with this Hi-Vis bomber jacket. This garment sports a zip out fleece lining, detachable fur collar, pack away hood, internal tablet pocket, zipper front and waterproof sealed seams.",https://d11ak7fd9ypfb7.cloudfront.net/styles1100px/US367YBR.jpg,,0.0,TRUE,InStock,0.999,,US367YBRS,,,,Size,DROP_DOWN,S,Color,DROP_DOWN,Yellow/Black,,,,,,,,,,,,,Fit,<p>R</p>,Length,<p>65</p>,Width,<p>40</p>,Height,<p>47</p>,Box Quantity,<p>12</p>,Inner Pack Quantity,<p>1</p>,Country Of Origin,<p>BD</p>,Standards,<ul><li>ANSI/ISEA 107 TYPE R CLASS 3</li><li>EN ISO 20471 Class 3</li><li>EN 343:2019 Class 3:1 X  WP 15000mm</li></ul>,,,,
US367,Variant,,"Be seen in all conditions with this Hi-Vis bomber jacket. This garment sports a zip out fleece lining, detachable fur collar, pack away hood, internal tablet pocket, zipper front and waterproof sealed seams.",https://d11ak7fd9ypfb7.cloudfront.net/styles1100px/US367YBR.jpg,,0.0,TRUE,InStock,0.999,,US367YBRXL,,,,Size,DROP_DOWN,XL,Color,DROP_DOWN,Yellow/Black,,,,,,,,,,,,,Fit,<p>R</p>,Length,<p>65</p>,Width,<p>40</p>,Height,<p>47</p>,Box Quantity,<p>12</p>,Inner Pack Quantity,<p>1</p>,Country Of Origin,<p>BD</p>,Standards,<ul><li>ANSI/ISEA 107 TYPE R CLASS 3</li><li>EN ISO 20471 Class 3</li><li>EN 343:2019 Class 3:1 X  WP 15000mm</li></ul>,,,,
US367,Variant,,"Be seen in all conditions with this Hi-Vis bomber jacket. This garment sports a zip out fleece lining, detachable fur collar, pack away hood, internal tablet pocket, zipper front and waterproof sealed seams.",https://d11ak7fd9ypfb7.cloudfront.net/styles1100px/US367YBR.jpg,,0.0,TRUE,InStock,0.999,,US367YBRXXL,,,,Size,DROP_DOWN,XXL,Color,DROP_DOWN,Yellow/Black,,,,,,,,,,,,,Fit,<p>R</p>,Length,<p>65</p>,Width,<p>40</p>,Height,<p>47</p>,Box Quantity,<p>12</p>,Inner Pack Quantity,<p>1</p>,Country Of Origin,<p>BD</p>,Standards,<ul><li>ANSI/ISEA 107 TYPE R CLASS 3</li><li>EN ISO 20471 Class 3</li><li>EN 343:2019 Class 3:1 X  WP 15000mm</li></ul>,,,,
US367,Variant,,"Be seen in all conditions with this Hi-Vis bomber jacket. This garment sports a zip out fleece lining, detachable fur collar, pack away hood, internal tablet pocket, zipper front and waterproof sealed seams.",https://d11ak7fd9ypfb7.cloudfront.net/styles1100px/US367YBR.jpg,,0.0,TRUE,InStock,0.999,,US367YBRXXXL,,,,Size,DROP_DOWN,XXXL,Color,DROP_DOWN,Yellow/Black,,,,,,,,,,,,,Fit,<p>R</p>,Length,<p>65</p>,Width,<p>40</p>,Height,<p>47</p>,Box Quantity,<p>12</p>,Inner Pack Quantity,<p>1</p>,Country Of Origin,<p>BD</p>,Standards,<ul><li>ANSI/ISEA 107 TYPE R CLASS 3</li><li>EN ISO 20471 Class 3</li><li>EN 343:2019 Class 3:1 X  WP 15000mm</li></ul>,,,,
US368,Product,US368 - Hi-Vis Contrast Tape Bomber Jacket,"This fully certified, two-tone bomber style jacket is suitable for a wide range of end uses. The quilted lining provides warmth and comfort whilst the waterproof sealed seams ensure 100% dryness.",https://d11ak7fd9ypfb7.cloudfront.net/styles1100px/US368YBR.jpg,63.1,0.0,TRUE,InStock,0.999,,US368YBR4XL,,,,Size,DROP_DOWN,S;M;L;XL;XXL;XXXL;4XL;5XL;6XL;7XL,Color,DROP_DOWN,Yellow/Black,,,,,,,,,,,,,Fit,<p>R</p>,Length,<p>65</p>,Width,<p>40</p>,Height,<p>47</p>,Box Quantity,<p>12</p>,Inner Pack Quantity,<p>1</p>,Country Of Origin,<p>BD</p>,Standards,<ul><li>ANSI/ISEA 107 TYPE R CLASS 3</li><li>EN ISO 20471 Class 3</li><li>EN 343:2019 Class 3:1 X  WP 15000mm</li></ul>,,,,
US368,Variant,,"This fully certified, two-tone bomber style jacket is suitable for a wide range of end uses. The quilted lining provides warmth and comfort whilst the waterproof sealed seams ensure 100% dryness.",https://d11ak7fd9ypfb7.cloudfront.net/styles1100px/US368YBR.jpg,,0.0,TRUE,InStock,0.999,,US368YBR4XL,,,,Size,DROP_DOWN,4XL,Color,DROP_DOWN,Yellow/Black,,,,,,,,,,,,,Fit,<p>R</p>,Length,<p>65</p>,Width,<p>40</p>,Height,<p>47</p>,Box Quantity,<p>12</p>,Inner Pack Quantity,<p>1</p>,Country Of Origin,<p>BD</p>,Standards,<ul><li>ANSI/ISEA 107 TYPE R CLASS 3</li><li>EN ISO 20471 Class 3</li><li>EN 343:2019 Class 3:1 X  WP 15000mm</li></ul>,,,,
US368,Variant,,"This fully certified, two-tone bomber style jacket is suitable for a wide range of end uses. The quilted lining provides warmth and comfort whilst the waterproof sealed seams ensure 100% dryness.",https://d11ak7fd9ypfb7.cloudfront.net/styles1100px/US368YBR.jpg,,0.0,TRUE,InStock,0.999,,US368YBR5XL,,,,Size,DROP_DOWN,5XL,Color,DROP_DOWN,Yellow/Black,,,,,,,,,,,,,Fit,<p>R</p>,Length,<p>65</p>,Width,<p>40</p>,Height,<p>47</p>,Box Quantity,<p>12</p>,Inner Pack Quantity,<p>1</p>,Country Of Origin,<p>BD</p>,Standards,<ul><li>ANSI/ISEA 107 TYPE R CLASS 3</li><li>EN ISO 20471 Class 3</li><li>EN 343:2019 Class 3:1 X  WP 15000mm</li></ul>,,,,
US368,Variant,,"This fully certified, two-tone bomber style jacket is suitable for a wide range of end uses. The quilted lining provides warmth and comfort whilst the waterproof sealed seams ensure 100% dryness.",https://d11ak7fd9ypfb7.cloudfront.net/styles1100px/US368YBR.jpg,,0.0,TRUE,InStock,0.999,,US368YBR6XL,,,,Size,DROP_DOWN,6XL,Color,DROP_DOWN,Yellow/Black,,,,,,,,,,,,,Fit,<p>R</p>,Length,<p>65</p>,Width,<p>40</p>,Height,<p>47</p>,Box Quantity,<p>12</p>,Inner Pack Quantity,<p>1</p>,Country Of Origin,<p>BD</p>,Standards,<ul><li>ANSI/ISEA 107 TYPE R CLASS 3</li><li>EN ISO 20471 Class 3</li><li>EN 343:2019 Class 3:1 X  WP 15000mm</li></ul>,,,,
US368,Variant,,"This fully certified, two-tone bomber style jacket is suitable for a wide range of end uses. The quilted lining provides warmth and comfort whilst the waterproof sealed seams ensure 100% dryness.",https://d11ak7fd9ypfb7.cloudfront.net/styles1100px/US368YBR.jpg,,0.0,TRUE,InStock,0.999,,US368YBR7XL,,,,Size,DROP_DOWN,7XL,Color,DROP_DOWN,Yellow/Black,,,,,,,,,,,,,Fit,<p>R</p>,Length,<p>65</p>,Width,<p>40</p>,Height,<p>47</p>,Box Quantity,<p>12</p>,Inner Pack Quantity,<p>1</p>,Country Of Origin,<p>BD</p>,Standards,<ul><li>ANSI/ISEA 107 TYPE R CLASS 3</li><li>EN ISO 20471 Class 3</li><li>EN 343:2019 Class 3:1 X  WP 15000mm</li></ul>,,,,
US368,Variant,,"This fully certified, two-tone bomber style jacket is suitable for a wide range of end uses. The quilted lining provides warmth and comfort whilst the waterproof sealed seams ensure 100% dryness.",https://d11ak7fd9ypfb7.cloudfront.net/styles1100px/US368YBR.jpg,,0.0,TRUE,InStock,0.999,,US368YBRL,,,,Size,DROP_DOWN,L,Color,DROP_DOWN,Yellow/Black,,,,,,,,,,,,,Fit,<p>R</p>,Length,<p>65</p>,Width,<p>40</p>,Height,<p>47</p>,Box Quantity,<p>12</p>,Inner Pack Quantity,<p>1</p>,Country Of Origin,<p>BD</p>,Standards,<ul><li>ANSI/ISEA 107 TYPE R CLASS 3</li><li>EN ISO 20471 Class 3</li><li>EN 343:2019 Class 3:1 X  WP 15000mm</li></ul>,,,,
US368,Variant,,"This fully certified, two-tone bomber style jacket is suitable for a wide range of end uses. The quilted lining provides warmth and comfort whilst the waterproof sealed seams ensure 100% dryness.",https://d11ak7fd9ypfb7.cloudfront.net/styles1100px/US368YBR.jpg,,0.0,TRUE,InStock,0.999,,US368YBRM,,,,Size,DROP_DOWN,M,Color,DROP_DOWN,Yellow/Black,,,,,,,,,,,,,Fit,<p>R</p>,Length,<p>65</p>,Width,<p>40</p>,Height,<p>47</p>,Box Quantity,<p>12</p>,Inner Pack Quantity,<p>1</p>,Country Of Origin,<p>BD</p>,Standards,<ul><li>ANSI/ISEA 107 TYPE R CLASS 3</li><li>EN ISO 20471 Class 3</li><li>EN 343:2019 Class 3:1 X  WP 15000mm</li></ul>,,,,
US368,Variant,,"This fully certified, two-tone bomber style jacket is suitable for a wide range of end uses. The quilted lining provides warmth and comfort whilst the waterproof sealed seams ensure 100% dryness.",https://d11ak7fd9ypfb7.cloudfront.net/styles1100px/US368YBR.jpg,,0.0,TRUE,InStock,0.999,,US368YBRS,,,,Size,DROP_DOWN,S,Color,DROP_DOWN,Yellow/Black,,,,,,,,,,,,,Fit,<p>R</p>,Length,<p>65</p>,Width,<p>40</p>,Height,<p>47</p>,Box Quantity,<p>12</p>,Inner Pack Quantity,<p>1</p>,Country Of Origin,<p>BD</p>,Standards,<ul><li>ANSI/ISEA 107 TYPE R CLASS 3</li><li>EN ISO 20471 Class 3</li><li>EN 343:2019 Class 3:1 X  WP 15000mm</li></ul>,,,,
US368,Variant,,"This fully certified, two-tone bomber style jacket is suitable for a wide range of end uses. The quilted lining provides warmth and comfort whilst the waterproof sealed seams ensure 100% dryness.",https://d11ak7fd9ypfb7.cloudfront.net/styles1100px/US368YBR.jpg,,0.0,TRUE,InStock,0.999,,US368YBRXL,,,,Size,DROP_DOWN,XL,Color,DROP_DOWN,Yellow/Black,,,,,,,,,,,,,Fit,<p>R</p>,Length,<p>65</p>,Width,<p>40</p>,Height,<p>47</p>,Box Quantity,<p>12</p>,Inner Pack Quantity,<p>1</p>,Country Of Origin,<p>BD</p>,Standards,<ul><li>ANSI/ISEA 107 TYPE R CLASS 3</li><li>EN ISO 20471 Class 3</li><li>EN 343:2019 Class 3:1 X  WP 15000mm</li></ul>,,,,
US368,Variant,,"This fully certified, two-tone bomber style jacket is suitable for a wide range of end uses. The quilted lining provides warmth and comfort whilst the waterproof sealed seams ensure 100% dryness.",https://d11ak7fd9ypfb7.cloudfront.net/styles1100px/US368YBR.jpg,,0.0,TRUE,InStock,0.999,,US368YBRXXL,,,,Size,DROP_DOWN,XXL,Color,DROP_DOWN,Yellow/Black,,,,,,,,,,,,,Fit,<p>R</p>,Length,<p>65</p>,Width,<p>40</p>,Height,<p>47</p>,Box Quantity,<p>12</p>,Inner Pack Quantity,<p>1</p>,Country Of Origin,<p>BD</p>,Standards,<ul><li>ANSI/ISEA 107 TYPE R CLASS 3</li><li>EN ISO 20471 Class 3</li><li>EN 343:2019 Class 3:1 X  WP 15000mm</li></ul>,,,,
US368,Variant,,"This fully certified, two-tone bomber style jacket is suitable for a wide range of end uses. The quilted lining provides warmth and comfort whilst the waterproof sealed seams ensure 100% dryness.",https://d11ak7fd9ypfb7.cloudfront.net/styles1100px/US368YBR.jpg,,0.0,TRUE,InStock,0.999,,US368YBRXXXL,,,,Size,DROP_DOWN,XXXL,Color,DROP_DOWN,Yellow/Black,,,,,,,,,,,,,Fit,<p>R</p>,Length,<p>65</p>,Width,<p>40</p>,Height,<p>47</p>,Box Quantity,<p>12</p>,Inner Pack Quantity,<p>1</p>,Country Of Origin,<p>BD</p>,Standards,<ul><li>ANSI/ISEA 107 TYPE R CLASS 3</li><li>EN ISO 20471 Class 3</li><li>EN 343:2019 Class 3:1 X  WP 15000mm</li></ul>,,,,
US369,Product,US369 - Hi-Vis Contrast Tape Traffic Jacket,"Designed to keep you warm and dry, this item provides maximum visibility and is suitable for all weather conditions. Features include a cell phone pocket, pack away hood and storm flap with zipper and snap closure.",https://d11ak7fd9ypfb7.cloudfront.net/styles1100px/US369YBR.jpg,69.5,0.0,TRUE,InStock,0.999,,US369YBR4XL,,,,Size,DROP_DOWN,S;M;L;XL;XXL;XXXL;4XL;5XL;6XL,Color,DROP_DOWN,Yellow/Black,,,,,,,,,,,,,Fit,<p>R</p>,Length,<p>65</p>,Width,<p>45</p>,Height,<p>44</p>,Box Quantity,<p>12</p>,Inner Pack Quantity,<p>1</p>,Country Of Origin,<p>MM</p>,Standards,<ul><li>ANSI/ISEA 107 TYPE R CLASS 3</li><li>EN 343:2019 Class 3:1 X  WP 15000MM</li></ul>,,,,
US369,Variant,,"Designed to keep you warm and dry, this item provides maximum visibility and is suitable for all weather conditions. Features include a cell phone pocket, pack away hood and storm flap with zipper and snap closure.",https://d11ak7fd9ypfb7.cloudfront.net/styles1100px/US369YBR.jpg,,0.0,TRUE,InStock,0.999,,US369YBR4XL,,,,Size,DROP_DOWN,4XL,Color,DROP_DOWN,Yellow/Black,,,,,,,,,,,,,Fit,<p>R</p>,Length,<p>65</p>,Width,<p>45</p>,Height,<p>44</p>,Box Quantity,<p>12</p>,Inner Pack Quantity,<p>1</p>,Country Of Origin,<p>MM</p>,Standards,<ul><li>ANSI/ISEA 107 TYPE R CLASS 3</li><li>EN 343:2019 Class 3:1 X  WP 15000MM</li></ul>,,,,
US369,Variant,,"Designed to keep you warm and dry, this item provides maximum visibility and is suitable for all weather conditions. Features include a cell phone pocket, pack away hood and storm flap with zipper and snap closure.",https://d11ak7fd9ypfb7.cloudfront.net/styles1100px/US369YBR.jpg,,0.0,TRUE,InStock,0.999,,US369YBR5XL,,,,Size,DROP_DOWN,5XL,Color,DROP_DOWN,Yellow/Black,,,,,,,,,,,,,Fit,<p>R</p>,Length,<p>65</p>,Width,<p>45</p>,Height,<p>44</p>,Box Quantity,<p>12</p>,Inner Pack Quantity,<p>1</p>,Country Of Origin,<p>MM</p>,Standards,<ul><li>ANSI/ISEA 107 TYPE R CLASS 3</li><li>EN 343:2019 Class 3:1 X  WP 15000MM</li></ul>,,,,
US369,Variant,,"Designed to keep you warm and dry, this item provides maximum visibility and is suitable for all weather conditions. Features include a cell phone pocket, pack away hood and storm flap with zipper and snap closure.",https://d11ak7fd9ypfb7.cloudfront.net/styles1100px/US369YBR.jpg,,0.0,TRUE,InStock,0.999,,US369YBR6XL,,,,Size,DROP_DOWN,6XL,Color,DROP_DOWN,Yellow/Black,,,,,,,,,,,,,Fit,<p>R</p>,Length,<p>65</p>,Width,<p>45</p>,Height,<p>44</p>,Box Quantity,<p>12</p>,Inner Pack Quantity,<p>1</p>,Country Of Origin,<p>MM</p>,Standards,<ul><li>ANSI/ISEA 107 TYPE R CLASS 3</li><li>EN 343:2019 Class 3:1 X  WP 15000MM</li></ul>,,,,
US369,Variant,,"Designed to keep you warm and dry, this item provides maximum visibility and is suitable for all weather conditions. Features include a cell phone pocket, pack away hood and storm flap with zipper and snap closure.",https://d11ak7fd9ypfb7.cloudfront.net/styles1100px/US369YBR.jpg,,0.0,TRUE,InStock,0.999,,US369YBRL,,,,Size,DROP_DOWN,L,Color,DROP_DOWN,Yellow/Black,,,,,,,,,,,,,Fit,<p>R</p>,Length,<p>65</p>,Width,<p>45</p>,Height,<p>40</p>,Box Quantity,<p>12</p>,Inner Pack Quantity,<p>1</p>,Country Of Origin,<p>MM</p>,Standards,<ul><li>ANSI/ISEA 107 TYPE R CLASS 3</li><li>EN 343:2019 Class 3:1 X  WP 15000MM</li></ul>,,,,
US369,Variant,,"Designed to keep you warm and dry, this item provides maximum visibility and is suitable for all weather conditions. Features include a cell phone pocket, pack away hood and storm flap with zipper and snap closure.",https://d11ak7fd9ypfb7.cloudfront.net/styles1100px/US369YBR.jpg,,0.0,TRUE,InStock,0.999,,US369YBRM,,,,Size,DROP_DOWN,M,Color,DROP_DOWN,Yellow/Black,,,,,,,,,,,,,Fit,<p>R</p>,Length,<p>65</p>,Width,<p>45</p>,Height,<p>40</p>,Box Quantity,<p>12</p>,Inner Pack Quantity,<p>1</p>,Country Of Origin,<p>MM</p>,Standards,<ul><li>ANSI/ISEA 107 TYPE R CLASS 3</li><li>EN 343:2019 Class 3:1 X  WP 15000MM</li></ul>,,,,
US369,Variant,,"Designed to keep you warm and dry, this item provides maximum visibility and is suitable for all weather conditions. Features include a cell phone pocket, pack away hood and storm flap with zipper and snap closure.",https://d11ak7fd9ypfb7.cloudfront.net/styles1100px/US369YBR.jpg,,0.0,TRUE,InStock,0.999,,US369YBRS,,,,Size,DROP_DOWN,S,Color,DROP_DOWN,Yellow/Black,,,,,,,,,,,,,Fit,<p>R</p>,Length,<p>65</p>,Width,<p>45</p>,Height,<p>40</p>,Box Quantity,<p>12</p>,Inner Pack Quantity,<p>1</p>,Country Of Origin,<p>MM</p>,Standards,<ul><li>ANSI/ISEA 107 TYPE R CLASS 3</li><li>EN 343:2019 Class 3:1 X  WP 15000MM</li></ul>,,,,
US369,Variant,,"Designed to keep you warm and dry, this item provides maximum visibility and is suitable for all weather conditions. Features include a cell phone pocket, pack away hood and storm flap with zipper and snap closure.",https://d11ak7fd9ypfb7.cloudfront.net/styles1100px/US369YBR.jpg,,0.0,TRUE,InStock,0.999,,US369YBRXL,,,,Size,DROP_DOWN,XL,Color,DROP_DOWN,Yellow/Black,,,,,,,,,,,,,Fit,<p>R</p>,Length,<p>65</p>,Width,<p>45</p>,Height,<p>40</p>,Box Quantity,<p>12</p>,Inner Pack Quantity,<p>1</p>,Country Of Origin,<p>MM</p>,Standards,<ul><li>ANSI/ISEA 107 TYPE R CLASS 3</li><li>EN 343:2019 Class 3:1 X  WP 15000MM</li></ul>,,,,
US369,Variant,,"Designed to keep you warm and dry, this item provides maximum visibility and is suitable for all weather conditions. Features include a cell phone pocket, pack away hood and storm flap with zipper and snap closure.",https://d11ak7fd9ypfb7.cloudfront.net/styles1100px/US369YBR.jpg,,0.0,TRUE,InStock,0.999,,US369YBRXXL,,,,Size,DROP_DOWN,XXL,Color,DROP_DOWN,Yellow/Black,,,,,,,,,,,,,Fit,<p>R</p>,Length,<p>65</p>,Width,<p>45</p>,Height,<p>40</p>,Box Quantity,<p>12</p>,Inner Pack Quantity,<p>1</p>,Country Of Origin,<p>MM</p>,Standards,<ul><li>ANSI/ISEA 107 TYPE R CLASS 3</li><li>EN 343:2019 Class 3:1 X  WP 15000MM</li></ul>,,,,
US369,Variant,,"Designed to keep you warm and dry, this item provides maximum visibility and is suitable for all weather conditions. Features include a cell phone pocket, pack away hood and storm flap with zipper and snap closure.",https://d11ak7fd9ypfb7.cloudfront.net/styles1100px/US369YBR.jpg,,0.0,TRUE,InStock,0.999,,US369YBRXXXL,,,,Size,DROP_DOWN,XXXL,Color,DROP_DOWN,Yellow/Black,,,,,,,,,,,,,Fit,<p>R</p>,Length,<p>65</p>,Width,<p>45</p>,Height,<p>44</p>,Box Quantity,<p>12</p>,Inner Pack Quantity,<p>1</p>,Country Of Origin,<p>MM</p>,Standards,<ul><li>ANSI/ISEA 107 TYPE R CLASS 3</li><li>EN 343:2019 Class 3:1 X  WP 15000MM</li></ul>,,,,
US370,Product,US370 - Atlanta X Back Hi-Vis Vest,"This vest uses lightweight, cooling mesh fabric, with a zipper fastening. It includes 4 external pocket, 2 internal patch pockets and X back tape design to the rear.",https://d11ak7fd9ypfb7.cloudfront.net/styles1100px/US370ORR.jpg,12.2,0.0,TRUE,InStock,0.18,,US370ORR4XL,,,,Size,DROP_DOWN,M;L;XL;XXL;XXXL;4XL;5XL,Color,DROP_DOWN,Yellow;Orange,,,,,,,,,,,,,Fit,<p>R</p>,Length,<p>43</p>,Width,<p>28</p>,Height,<p>52</p>,Box Quantity,<p>60</p>,Inner Pack Quantity,<p>1</p>,Country Of Origin,<p>CN</p>,Standards,<ul><li>PORTWE.A071814K</li><li>ANSI/ISEA 107 TYPE R CLASS 2</li></ul>,,,,
US370,Variant,,"This vest uses lightweight, cooling mesh fabric, with a zipper fastening. It includes 4 external pocket, 2 internal patch pockets and X back tape design to the rear.",https://d11ak7fd9ypfb7.cloudfront.net/styles1100px/US370ORR.jpg,,0.0,TRUE,InStock,0.18,,US370ORR4XL,,,,Size,DROP_DOWN,4XL,Color,DROP_DOWN,Orange,,,,,,,,,,,,,Fit,<p>R</p>,Length,<p>43</p>,Width,<p>28</p>,Height,<p>52</p>,Box Quantity,<p>60</p>,Inner Pack Quantity,<p>1</p>,Country Of Origin,<p>CN</p>,Standards,<ul><li>PORTWE.A071814K</li><li>ANSI/ISEA 107 TYPE R CLASS 2</li></ul>,,,,
US370,Variant,,"This vest uses lightweight, cooling mesh fabric, with a zipper fastening. It includes 4 external pocket, 2 internal patch pockets and X back tape design to the rear.",https://d11ak7fd9ypfb7.cloudfront.net/styles1100px/US370ORR.jpg,,0.0,TRUE,InStock,0.18,,US370ORR5XL,,,,Size,DROP_DOWN,5XL,Color,DROP_DOWN,Orange,,,,,,,,,,,,,Fit,<p>R</p>,Length,<p>43</p>,Width,<p>28</p>,Height,<p>52</p>,Box Quantity,<p>60</p>,Inner Pack Quantity,<p>1</p>,Country Of Origin,<p>CN</p>,Standards,<ul><li>PORTWE.A071814K</li><li>ANSI/ISEA 107 TYPE R CLASS 2</li></ul>,,,,
US370,Variant,,"This vest uses lightweight, cooling mesh fabric, with a zipper fastening. It includes 4 external pocket, 2 internal patch pockets and X back tape design to the rear.",https://d11ak7fd9ypfb7.cloudfront.net/styles1100px/US370ORR.jpg,,0.0,TRUE,InStock,0.18,,US370ORRL,,,,Size,DROP_DOWN,L,Color,DROP_DOWN,Orange,,,,,,,,,,,,,Fit,<p>R</p>,Length,<p>43</p>,Width,<p>28</p>,Height,<p>52</p>,Box Quantity,<p>60</p>,Inner Pack Quantity,<p>1</p>,Country Of Origin,<p>CN</p>,Standards,<ul><li>PORTWE.A071814K</li><li>ANSI/ISEA 107 TYPE R CLASS 2</li></ul>,,,,
US370,Variant,,"This vest uses lightweight, cooling mesh fabric, with a zipper fastening. It includes 4 external pocket, 2 internal patch pockets and X back tape design to the rear.",https://d11ak7fd9ypfb7.cloudfront.net/styles1100px/US370ORR.jpg,,0.0,TRUE,InStock,0.17,,US370ORRM,,,,Size,DROP_DOWN,M,Color,DROP_DOWN,Orange,,,,,,,,,,,,,Fit,<p>R</p>,Length,<p>43</p>,Width,<p>28</p>,Height,<p>52</p>,Box Quantity,<p>60</p>,Inner Pack Quantity,<p>1</p>,Country Of Origin,<p>CN</p>,Standards,<ul><li>PORTWE.A071814K</li><li>ANSI/ISEA 107 TYPE R CLASS 2</li></ul>,,,,
US370,Variant,,"This vest uses lightweight, cooling mesh fabric, with a zipper fastening. It includes 4 external pocket, 2 internal patch pockets and X back tape design to the rear.",https://d11ak7fd9ypfb7.cloudfront.net/styles1100px/US370ORR.jpg,,0.0,TRUE,InStock,0.19,,US370ORRXL,,,,Size,DROP_DOWN,XL,Color,DROP_DOWN,Orange,,,,,,,,,,,,,Fit,<p>R</p>,Length,<p>43</p>,Width,<p>28</p>,Height,<p>52</p>,Box Quantity,<p>60</p>,Inner Pack Quantity,<p>1</p>,Country Of Origin,<p>CN</p>,Standards,<ul><li>PORTWE.A071814K</li><li>ANSI/ISEA 107 TYPE R CLASS 2</li></ul>,,,,
US370,Variant,,"This vest uses lightweight, cooling mesh fabric, with a zipper fastening. It includes 4 external pocket, 2 internal patch pockets and X back tape design to the rear.",https://d11ak7fd9ypfb7.cloudfront.net/styles1100px/US370ORR.jpg,,0.0,TRUE,InStock,0.2,,US370ORRXXL,,,,Size,DROP_DOWN,XXL,Color,DROP_DOWN,Orange,,,,,,,,,,,,,Fit,<p>R</p>,Length,<p>43</p>,Width,<p>28</p>,Height,<p>52</p>,Box Quantity,<p>60</p>,Inner Pack Quantity,<p>1</p>,Country Of Origin,<p>CN</p>,Standards,<ul><li>PORTWE.A071814K</li><li>ANSI/ISEA 107 TYPE R CLASS 2</li></ul>,,,,
US370,Variant,,"This vest uses lightweight, cooling mesh fabric, with a zipper fastening. It includes 4 external pocket, 2 internal patch pockets and X back tape design to the rear.",https://d11ak7fd9ypfb7.cloudfront.net/styles1100px/US370ORR.jpg,,0.0,TRUE,InStock,0.21,,US370ORRXXXL,,,,Size,DROP_DOWN,XXXL,Color,DROP_DOWN,Orange,,,,,,,,,,,,,Fit,<p>R</p>,Length,<p>43</p>,Width,<p>28</p>,Height,<p>52</p>,Box Quantity,<p>60</p>,Inner Pack Quantity,<p>1</p>,Country Of Origin,<p>CN</p>,Standards,<ul><li>PORTWE.A071814K</li><li>ANSI/ISEA 107 TYPE R CLASS 2</li></ul>,,,,
US370,Variant,,"This vest uses lightweight, cooling mesh fabric, with a zipper fastening. It includes 4 external pocket, 2 internal patch pockets and X back tape design to the rear.",https://d11ak7fd9ypfb7.cloudfront.net/styles1100px/US370YER.jpg,,0.0,TRUE,InStock,0.18,,US370YER4XL,,,,Size,DROP_DOWN,4XL,Color,DROP_DOWN,Yellow,,,,,,,,,,,,,Fit,<p>R</p>,Length,<p>43</p>,Width,<p>28</p>,Height,<p>52</p>,Box Quantity,<p>60</p>,Inner Pack Quantity,<p>1</p>,Country Of Origin,<p>CN</p>,Standards,<ul><li>PORTWE.A071814K</li><li>ANSI/ISEA 107 TYPE R CLASS 2</li></ul>,,,,
US370,Variant,,"This vest uses lightweight, cooling mesh fabric, with a zipper fastening. It includes 4 external pocket, 2 internal patch pockets and X back tape design to the rear.",https://d11ak7fd9ypfb7.cloudfront.net/styles1100px/US370YER.jpg,,0.0,TRUE,InStock,0.18,,US370YER5XL,,,,Size,DROP_DOWN,5XL,Color,DROP_DOWN,Yellow,,,,,,,,,,,,,Fit,<p>R</p>,Length,<p>43</p>,Width,<p>28</p>,Height,<p>52</p>,Box Quantity,<p>60</p>,Inner Pack Quantity,<p>1</p>,Country Of Origin,<p>CN</p>,Standards,<ul><li>PORTWE.A071814K</li><li>ANSI/ISEA 107 TYPE R CLASS 2</li></ul>,,,,
US370,Variant,,"This vest uses lightweight, cooling mesh fabric, with a zipper fastening. It includes 4 external pocket, 2 internal patch pockets and X back tape design to the rear.",https://d11ak7fd9ypfb7.cloudfront.net/styles1100px/US370YER.jpg,,0.0,TRUE,InStock,0.18,,US370YERL,,,,Size,DROP_DOWN,L,Color,DROP_DOWN,Yellow,,,,,,,,,,,,,Fit,<p>R</p>,Length,<p>43</p>,Width,<p>28</p>,Height,<p>52</p>,Box Quantity,<p>60</p>,Inner Pack Quantity,<p>1</p>,Country Of Origin,<p>CN</p>,Standards,<ul><li>PORTWE.A071814K</li><li>ANSI/ISEA 107 TYPE R CLASS 2</li></ul>,,,,
US370,Variant,,"This vest uses lightweight, cooling mesh fabric, with a zipper fastening. It includes 4 external pocket, 2 internal patch pockets and X back tape design to the rear.",https://d11ak7fd9ypfb7.cloudfront.net/styles1100px/US370YER.jpg,,0.0,TRUE,InStock,0.17,,US370YERM,,,,Size,DROP_DOWN,M,Color,DROP_DOWN,Yellow,,,,,,,,,,,,,Fit,<p>R</p>,Length,<p>43</p>,Width,<p>28</p>,Height,<p>52</p>,Box Quantity,<p>60</p>,Inner Pack Quantity,<p>1</p>,Country Of Origin,<p>CN</p>,Standards,<ul><li>PORTWE.A071814K</li><li>ANSI/ISEA 107 TYPE R CLASS 2</li></ul>,,,,
US370,Variant,,"This vest uses lightweight, cooling mesh fabric, with a zipper fastening. It includes 4 external pocket, 2 internal patch pockets and X back tape design to the rear.",https://d11ak7fd9ypfb7.cloudfront.net/styles1100px/US370YER.jpg,,0.0,TRUE,InStock,0.19,,US370YERXL,,,,Size,DROP_DOWN,XL,Color,DROP_DOWN,Yellow,,,,,,,,,,,,,Fit,<p>R</p>,Length,<p>43</p>,Width,<p>28</p>,Height,<p>52</p>,Box Quantity,<p>60</p>,Inner Pack Quantity,<p>1</p>,Country Of Origin,<p>CN</p>,Standards,<ul><li>PORTWE.A071814K</li><li>ANSI/ISEA 107 TYPE R CLASS 2</li></ul>,,,,
US370,Variant,,"This vest uses lightweight, cooling mesh fabric, with a zipper fastening. It includes 4 external pocket, 2 internal patch pockets and X back tape design to the rear.",https://d11ak7fd9ypfb7.cloudfront.net/styles1100px/US370YER.jpg,,0.0,TRUE,InStock,0.2,,US370YERXXL,,,,Size,DROP_DOWN,XXL,Color,DROP_DOWN,Yellow,,,,,,,,,,,,,Fit,<p>R</p>,Length,<p>43</p>,Width,<p>28</p>,Height,<p>52</p>,Box Quantity,<p>60</p>,Inner Pack Quantity,<p>1</p>,Country Of Origin,<p>CN</p>,Standards,<ul><li>PORTWE.A071814K</li><li>ANSI/ISEA 107 TYPE R CLASS 2</li></ul>,,,,
US370,Variant,,"This vest uses lightweight, cooling mesh fabric, with a zipper fastening. It includes 4 external pocket, 2 internal patch pockets and X back tape design to the rear.",https://d11ak7fd9ypfb7.cloudfront.net/styles1100px/US370YER.jpg,,0.0,TRUE,InStock,0.21,,US370YERXXXL,,,,Size,DROP_DOWN,XXXL,Color,DROP_DOWN,Yellow,,,,,,,,,,,,,Fit,<p>R</p>,Length,<p>43</p>,Width,<p>28</p>,Height,<p>52</p>,Box Quantity,<p>60</p>,Inner Pack Quantity,<p>1</p>,Country Of Origin,<p>CN</p>,Standards,<ul><li>PORTWE.A071814K</li><li>ANSI/ISEA 107 TYPE R CLASS 2</li></ul>,,,,
US371,Product,US371 - Tulsa Contrast Hi-Vis Mesh Vest,"This vest uses lightweight, cooling mesh fabric, with a zipper fastening. It includes 4 external pockets, 2 internal patch pockets and contrast tape configuration.",https://d11ak7fd9ypfb7.cloudfront.net/styles1100px/US371ORR.jpg,14.2,0.0,TRUE,InStock,0.22,,US371ORRL,,,,Size,DROP_DOWN,S;M;L;XL;XXL;XXXL;4XL;5XL,Color,DROP_DOWN,Yellow;Orange,,,,,,,,,,,,,Fit,<p>R</p>,Length,<p>43</p>,Width,<p>28</p>,Height,<p>60</p>,Box Quantity,<p>60</p>,Inner Pack Quantity,<p>1</p>,Country Of Origin,<p>CN</p>,Standards,<ul><li>PORTWE.A071814L</li><li>ANSI/ISEA 107 TYPE R CLASS 2</li></ul>,,,,
US371,Variant,,"This vest uses lightweight, cooling mesh fabric, with a zipper fastening. It includes 4 external pockets, 2 internal patch pockets and contrast tape configuration.",https://d11ak7fd9ypfb7.cloudfront.net/styles1100px/US371ORR.jpg,,0.0,TRUE,InStock,0.22,,US371ORRL,,,,Size,DROP_DOWN,L,Color,DROP_DOWN,Orange,,,,,,,,,,,,,Fit,<p>R</p>,Length,<p>43</p>,Width,<p>28</p>,Height,<p>60</p>,Box Quantity,<p>60</p>,Inner Pack Quantity,<p>1</p>,Country Of Origin,<p>CN</p>,Standards,<ul><li>PORTWE.A071814L</li><li>ANSI/ISEA 107 TYPE R CLASS 2</li></ul>,,,,
US371,Variant,,"This vest uses lightweight, cooling mesh fabric, with a zipper fastening. It includes 4 external pockets, 2 internal patch pockets and contrast tape configuration.",https://d11ak7fd9ypfb7.cloudfront.net/styles1100px/US371ORR.jpg,,0.0,TRUE,InStock,0.21,,US371ORRM,,,,Size,DROP_DOWN,M,Color,DROP_DOWN,Orange,,,,,,,,,,,,,Fit,<p>R</p>,Length,<p>43</p>,Width,<p>28</p>,Height,<p>60</p>,Box Quantity,<p>60</p>,Inner Pack Quantity,<p>1</p>,Country Of Origin,<p>CN</p>,Standards,<ul><li>PORTWE.A071814L</li><li>ANSI/ISEA 107 TYPE R CLASS 2</li></ul>,,,,
US371,Variant,,"This vest uses lightweight, cooling mesh fabric, with a zipper fastening. It includes 4 external pockets, 2 internal patch pockets and contrast tape configuration.",https://d11ak7fd9ypfb7.cloudfront.net/styles1100px/US371ORR.jpg,,0.0,TRUE,InStock,0.23,,US371ORRXL,,,,Size,DROP_DOWN,XL,Color,DROP_DOWN,Orange,,,,,,,,,,,,,Fit,<p>R</p>,Length,<p>43</p>,Width,<p>28</p>,Height,<p>60</p>,Box Quantity,<p>60</p>,Inner Pack Quantity,<p>1</p>,Country Of Origin,<p>CN</p>,Standards,<ul><li>PORTWE.A071814L</li><li>ANSI/ISEA 107 TYPE R CLASS 2</li></ul>,,,,
US371,Variant,,"This vest uses lightweight, cooling mesh fabric, with a zipper fastening. It includes 4 external pockets, 2 internal patch pockets and contrast tape configuration.",https://d11ak7fd9ypfb7.cloudfront.net/styles1100px/US371ORR.jpg,,0.0,TRUE,InStock,0.24,,US371ORRXXL,,,,Size,DROP_DOWN,XXL,Color,DROP_DOWN,Orange,,,,,,,,,,,,,Fit,<p>R</p>,Length,<p>43</p>,Width,<p>28</p>,Height,<p>60</p>,Box Quantity,<p>60</p>,Inner Pack Quantity,<p>1</p>,Country Of Origin,<p>CN</p>,Standards,<ul><li>PORTWE.A071814L</li><li>ANSI/ISEA 107 TYPE R CLASS 2</li></ul>,,,,
US371,Variant,,"This vest uses lightweight, cooling mesh fabric, with a zipper fastening. It includes 4 external pockets, 2 internal patch pockets and contrast tape configuration.",https://d11ak7fd9ypfb7.cloudfront.net/styles1100px/US371ORR.jpg,,0.0,TRUE,InStock,0.25,,US371ORRXXXL,,,,Size,DROP_DOWN,XXXL,Color,DROP_DOWN,Orange,,,,,,,,,,,,,Fit,<p>R</p>,Length,<p>43</p>,Width,<p>28</p>,Height,<p>60</p>,Box Quantity,<p>60</p>,Inner Pack Quantity,<p>1</p>,Country Of Origin,<p>CN</p>,Standards,<ul><li>PORTWE.A071814L</li><li>ANSI/ISEA 107 TYPE R CLASS 2</li></ul>,,,,
US371,Variant,,"This vest uses lightweight, cooling mesh fabric, with a zipper fastening. It includes 4 external pockets, 2 internal patch pockets and contrast tape configuration.",https://d11ak7fd9ypfb7.cloudfront.net/styles1100px/US371YER.jpg,,0.0,TRUE,InStock,0.26,,US371YER4XL,,,,Size,DROP_DOWN,4XL,Color,DROP_DOWN,Yellow,,,,,,,,,,,,,Fit,<p>R</p>,Length,<p>43</p>,Width,<p>28</p>,Height,<p>60</p>,Box Quantity,<p>60</p>,Inner Pack Quantity,<p>1</p>,Country Of Origin,<p>CN</p>,Standards,<ul><li>PORTWE.A071814L</li><li>ANSI/ISEA 107 TYPE R CLASS 2</li></ul>,,,,
US371,Variant,,"This vest uses lightweight, cooling mesh fabric, with a zipper fastening. It includes 4 external pockets, 2 internal patch pockets and contrast tape configuration.",https://d11ak7fd9ypfb7.cloudfront.net/styles1100px/US371YER.jpg,,0.0,TRUE,InStock,0.27,,US371YER5XL,,,,Size,DROP_DOWN,5XL,Color,DROP_DOWN,Yellow,,,,,,,,,,,,,Fit,<p>R</p>,Length,<p>43</p>,Width,<p>28</p>,Height,<p>60</p>,Box Quantity,<p>60</p>,Inner Pack Quantity,<p>1</p>,Country Of Origin,<p>CN</p>,Standards,<ul><li>PORTWE.A071814L</li><li>ANSI/ISEA 107 TYPE R CLASS 2</li></ul>,,,,
US371,Variant,,"This vest uses lightweight, cooling mesh fabric, with a zipper fastening. It includes 4 external pockets, 2 internal patch pockets and contrast tape configuration.",https://d11ak7fd9ypfb7.cloudfront.net/styles1100px/US371YER.jpg,,0.0,TRUE,InStock,0.22,,US371YERL,,,,Size,DROP_DOWN,L,Color,DROP_DOWN,Yellow,,,,,,,,,,,,,Fit,<p>R</p>,Length,<p>43</p>,Width,<p>28</p>,Height,<p>60</p>,Box Quantity,<p>60</p>,Inner Pack Quantity,<p>1</p>,Country Of Origin,<p>CN</p>,Standards,<ul><li>PORTWE.A071814L</li><li>ANSI/ISEA 107 TYPE R CLASS 2</li></ul>,,,,
US371,Variant,,"This vest uses lightweight, cooling mesh fabric, with a zipper fastening. It includes 4 external pockets, 2 internal patch pockets and contrast tape configuration.",https://d11ak7fd9ypfb7.cloudfront.net/styles1100px/US371YER.jpg,,0.0,TRUE,InStock,0.21,,US371YERM,,,,Size,DROP_DOWN,M,Color,DROP_DOWN,Yellow,,,,,,,,,,,,,Fit,<p>R</p>,Length,<p>43</p>,Width,<p>28</p>,Height,<p>60</p>,Box Quantity,<p>60</p>,Inner Pack Quantity,<p>1</p>,Country Of Origin,<p>CN</p>,Standards,<ul><li>PORTWE.A071814L</li><li>ANSI/ISEA 107 TYPE R CLASS 2</li></ul>,,,,
US371,Variant,,"This vest uses lightweight, cooling mesh fabric, with a zipper fastening. It includes 4 external pockets, 2 internal patch pockets and contrast tape configuration.",https://d11ak7fd9ypfb7.cloudfront.net/styles1100px/US371YER.jpg,,0.0,TRUE,InStock,0.2,,US371YERS,,,,Size,DROP_DOWN,S,Color,DROP_DOWN,Yellow,,,,,,,,,,,,,Fit,<p>R</p>,Length,<p>43</p>,Width,<p>28</p>,Height,<p>60</p>,Box Quantity,<p>60</p>,Inner Pack Quantity,<p>1</p>,Country Of Origin,<p>CN</p>,Standards,<ul><li>PORTWE.A071814L</li><li>ANSI/ISEA 107 TYPE R CLASS 2</li></ul>,,,,
US371,Variant,,"This vest uses lightweight, cooling mesh fabric, with a zipper fastening. It includes 4 external pockets, 2 internal patch pockets and contrast tape configuration.",https://d11ak7fd9ypfb7.cloudfront.net/styles1100px/US371YER.jpg,,0.0,TRUE,InStock,0.23,,US371YERXL,,,,Size,DROP_DOWN,XL,Color,DROP_DOWN,Yellow,,,,,,,,,,,,,Fit,<p>R</p>,Length,<p>43</p>,Width,<p>28</p>,Height,<p>60</p>,Box Quantity,<p>60</p>,Inner Pack Quantity,<p>1</p>,Country Of Origin,<p>CN</p>,Standards,<ul><li>PORTWE.A071814L</li><li>ANSI/ISEA 107 TYPE R CLASS 2</li></ul>,,,,
US371,Variant,,"This vest uses lightweight, cooling mesh fabric, with a zipper fastening. It includes 4 external pockets, 2 internal patch pockets and contrast tape configuration.",https://d11ak7fd9ypfb7.cloudfront.net/styles1100px/US371YER.jpg,,0.0,TRUE,InStock,0.24,,US371YERXXL,,,,Size,DROP_DOWN,XXL,Color,DROP_DOWN,Yellow,,,,,,,,,,,,,Fit,<p>R</p>,Length,<p>43</p>,Width,<p>28</p>,Height,<p>60</p>,Box Quantity,<p>60</p>,Inner Pack Quantity,<p>1</p>,Country Of Origin,<p>CN</p>,Standards,<ul><li>PORTWE.A071814L</li><li>ANSI/ISEA 107 TYPE R CLASS 2</li></ul>,,,,
US371,Variant,,"This vest uses lightweight, cooling mesh fabric, with a zipper fastening. It includes 4 external pockets, 2 internal patch pockets and contrast tape configuration.",https://d11ak7fd9ypfb7.cloudfront.net/styles1100px/US371YER.jpg,,0.0,TRUE,InStock,0.25,,US371YERXXXL,,,,Size,DROP_DOWN,XXXL,Color,DROP_DOWN,Yellow,,,,,,,,,,,,,Fit,<p>R</p>,Length,<p>43</p>,Width,<p>28</p>,Height,<p>60</p>,Box Quantity,<p>60</p>,Inner Pack Quantity,<p>1</p>,Country Of Origin,<p>CN</p>,Standards,<ul><li>PORTWE.A071814L</li><li>ANSI/ISEA 107 TYPE R CLASS 2</li></ul>,,,,
US372,Product,US372 - Jackson Contrast Hi-Vis Vest,"The Jackson Contrast H-Vis Vest uses lightweight, cooling mesh fabric in combination with our jersey fabric for comfort and durablity. With a zipper fastening, it includes 4 external pockets, 2 internal patch pockets and contrast tape configuration.",https://d11ak7fd9ypfb7.cloudfront.net/styles1100px/US372ORR.jpg,15.4,0.0,TRUE,InStock,0.27,,US372ORR4XL,,,,Size,DROP_DOWN,S;M;L;XL;XXL;XXXL;4XL;5XL,Color,DROP_DOWN,Yellow;Orange,,,,,,,,,,,,,Fit,<p>R</p>,Length,<p>43</p>,Width,<p>28</p>,Height,<p>60</p>,Box Quantity,<p>60</p>,Inner Pack Quantity,<p>1</p>,Country Of Origin,<p>CN</p>,Standards,<ul><li>PORTWE.A071814M</li><li>ANSI/ISEA 107 TYPE R CLASS 2</li></ul>,,,,
US372,Variant,,"The Jackson Contrast H-Vis Vest uses lightweight, cooling mesh fabric in combination with our jersey fabric for comfort and durablity. With a zipper fastening, it includes 4 external pockets, 2 internal patch pockets and contrast tape configuration.",https://d11ak7fd9ypfb7.cloudfront.net/styles1100px/US372ORR.jpg,,0.0,TRUE,InStock,0.27,,US372ORR4XL,,,,Size,DROP_DOWN,4XL,Color,DROP_DOWN,Orange,,,,,,,,,,,,,Fit,<p>R</p>,Length,<p>43</p>,Width,<p>28</p>,Height,<p>60</p>,Box Quantity,<p>60</p>,Inner Pack Quantity,<p>1</p>,Country Of Origin,<p>CN</p>,Standards,<ul><li>PORTWE.A071814M</li><li>ANSI/ISEA 107 TYPE R CLASS 2</li></ul>,,,,
US372,Variant,,"The Jackson Contrast H-Vis Vest uses lightweight, cooling mesh fabric in combination with our jersey fabric for comfort and durablity. With a zipper fastening, it includes 4 external pockets, 2 internal patch pockets and contrast tape configuration.",https://d11ak7fd9ypfb7.cloudfront.net/styles1100px/US372ORR.jpg,,0.0,TRUE,InStock,0.28,,US372ORR5XL,,,,Size,DROP_DOWN,5XL,Color,DROP_DOWN,Orange,,,,,,,,,,,,,Fit,<p>R</p>,Length,<p>43</p>,Width,<p>28</p>,Height,<p>60</p>,Box Quantity,<p>60</p>,Inner Pack Quantity,<p>1</p>,Country Of Origin,<p>CN</p>,Standards,<ul><li>PORTWE.A071814M</li><li>ANSI/ISEA 107 TYPE R CLASS 2</li></ul>,,,,
US372,Variant,,"The Jackson Contrast H-Vis Vest uses lightweight, cooling mesh fabric in combination with our jersey fabric for comfort and durablity. With a zipper fastening, it includes 4 external pockets, 2 internal patch pockets and contrast tape configuration.",https://d11ak7fd9ypfb7.cloudfront.net/styles1100px/US372ORR.jpg,,0.0,TRUE,InStock,0.23,,US372ORRL,,,,Size,DROP_DOWN,L,Color,DROP_DOWN,Orange,,,,,,,,,,,,,Fit,<p>R</p>,Length,<p>43</p>,Width,<p>28</p>,Height,<p>60</p>,Box Quantity,<p>60</p>,Inner Pack Quantity,<p>1</p>,Country Of Origin,<p>CN</p>,Standards,<ul><li>PORTWE.A071814M</li><li>ANSI/ISEA 107 TYPE R CLASS 2</li></ul>,,,,
US372,Variant,,"The Jackson Contrast H-Vis Vest uses lightweight, cooling mesh fabric in combination with our jersey fabric for comfort and durablity. With a zipper fastening, it includes 4 external pockets, 2 internal patch pockets and contrast tape configuration.",https://d11ak7fd9ypfb7.cloudfront.net/styles1100px/US372ORR.jpg,,0.0,TRUE,InStock,0.22,,US372ORRM,,,,Size,DROP_DOWN,M,Color,DROP_DOWN,Orange,,,,,,,,,,,,,Fit,<p>R</p>,Length,<p>43</p>,Width,<p>28</p>,Height,<p>60</p>,Box Quantity,<p>60</p>,Inner Pack Quantity,<p>1</p>,Country Of Origin,<p>CN</p>,Standards,<ul><li>PORTWE.A071814M</li><li>ANSI/ISEA 107 TYPE R CLASS 2</li></ul>,,,,
US372,Variant,,"The Jackson Contrast H-Vis Vest uses lightweight, cooling mesh fabric in combination with our jersey fabric for comfort and durablity. With a zipper fastening, it includes 4 external pockets, 2 internal patch pockets and contrast tape configuration.",https://d11ak7fd9ypfb7.cloudfront.net/styles1100px/US372ORR.jpg,,0.0,TRUE,InStock,0.21,,US372ORRS,,,,Size,DROP_DOWN,S,Color,DROP_DOWN,Orange,,,,,,,,,,,,,Fit,<p>R</p>,Length,<p>43</p>,Width,<p>28</p>,Height,<p>60</p>,Box Quantity,<p>60</p>,Inner Pack Quantity,<p>1</p>,Country Of Origin,<p>CN</p>,Standards,<ul><li>PORTWE.A071814M</li><li>ANSI/ISEA 107 TYPE R CLASS 2</li></ul>,,,,
US372,Variant,,"The Jackson Contrast H-Vis Vest uses lightweight, cooling mesh fabric in combination with our jersey fabric for comfort and durablity. With a zipper fastening, it includes 4 external pockets, 2 internal patch pockets and contrast tape configuration.",https://d11ak7fd9ypfb7.cloudfront.net/styles1100px/US372ORR.jpg,,0.0,TRUE,InStock,0.24,,US372ORRXL,,,,Size,DROP_DOWN,XL,Color,DROP_DOWN,Orange,,,,,,,,,,,,,Fit,<p>R</p>,Length,<p>43</p>,Width,<p>28</p>,Height,<p>60</p>,Box Quantity,<p>60</p>,Inner Pack Quantity,<p>1</p>,Country Of Origin,<p>CN</p>,Standards,<ul><li>PORTWE.A071814M</li><li>ANSI/ISEA 107 TYPE R CLASS 2</li></ul>,,,,
US372,Variant,,"The Jackson Contrast H-Vis Vest uses lightweight, cooling mesh fabric in combination with our jersey fabric for comfort and durablity. With a zipper fastening, it includes 4 external pockets, 2 internal patch pockets and contrast tape configuration.",https://d11ak7fd9ypfb7.cloudfront.net/styles1100px/US372ORR.jpg,,0.0,TRUE,InStock,0.25,,US372ORRXXL,,,,Size,DROP_DOWN,XXL,Color,DROP_DOWN,Orange,,,,,,,,,,,,,Fit,<p>R</p>,Length,<p>43</p>,Width,<p>28</p>,Height,<p>60</p>,Box Quantity,<p>60</p>,Inner Pack Quantity,<p>1</p>,Country Of Origin,<p>CN</p>,Standards,<ul><li>PORTWE.A071814M</li><li>ANSI/ISEA 107 TYPE R CLASS 2</li></ul>,,,,
US372,Variant,,"The Jackson Contrast H-Vis Vest uses lightweight, cooling mesh fabric in combination with our jersey fabric for comfort and durablity. With a zipper fastening, it includes 4 external pockets, 2 internal patch pockets and contrast tape configuration.",https://d11ak7fd9ypfb7.cloudfront.net/styles1100px/US372ORR.jpg,,0.0,TRUE,InStock,0.26,,US372ORRXXXL,,,,Size,DROP_DOWN,XXXL,Color,DROP_DOWN,Orange,,,,,,,,,,,,,Fit,<p>R</p>,Length,<p>43</p>,Width,<p>28</p>,Height,<p>60</p>,Box Quantity,<p>60</p>,Inner Pack Quantity,<p>1</p>,Country Of Origin,<p>CN</p>,Standards,<ul><li>PORTWE.A071814M</li><li>ANSI/ISEA 107 TYPE R CLASS 2</li></ul>,,,,
US372,Variant,,"The Jackson Contrast H-Vis Vest uses lightweight, cooling mesh fabric in combination with our jersey fabric for comfort and durablity. With a zipper fastening, it includes 4 external pockets, 2 internal patch pockets and contrast tape configuration.",https://d11ak7fd9ypfb7.cloudfront.net/styles1100px/US372YER.jpg,,0.0,TRUE,InStock,0.27,,US372YER4XL,,,,Size,DROP_DOWN,4XL,Color,DROP_DOWN,Yellow,,,,,,,,,,,,,Fit,<p>R</p>,Length,<p>43</p>,Width,<p>28</p>,Height,<p>60</p>,Box Quantity,<p>60</p>,Inner Pack Quantity,<p>1</p>,Country Of Origin,<p>CN</p>,Standards,<ul><li>PORTWE.A071814M</li><li>ANSI/ISEA 107 TYPE R CLASS 2</li></ul>,,,,
US372,Variant,,"The Jackson Contrast H-Vis Vest uses lightweight, cooling mesh fabric in combination with our jersey fabric for comfort and durablity. With a zipper fastening, it includes 4 external pockets, 2 internal patch pockets and contrast tape configuration.",https://d11ak7fd9ypfb7.cloudfront.net/styles1100px/US372YER.jpg,,0.0,TRUE,InStock,0.28,,US372YER5XL,,,,Size,DROP_DOWN,5XL,Color,DROP_DOWN,Yellow,,,,,,,,,,,,,Fit,<p>R</p>,Length,<p>43</p>,Width,<p>28</p>,Height,<p>60</p>,Box Quantity,<p>60</p>,Inner Pack Quantity,<p>1</p>,Country Of Origin,<p>CN</p>,Standards,<ul><li>PORTWE.A071814M</li><li>ANSI/ISEA 107 TYPE R CLASS 2</li></ul>,,,,
US372,Variant,,"The Jackson Contrast H-Vis Vest uses lightweight, cooling mesh fabric in combination with our jersey fabric for comfort and durablity. With a zipper fastening, it includes 4 external pockets, 2 internal patch pockets and contrast tape configuration.",https://d11ak7fd9ypfb7.cloudfront.net/styles1100px/US372YER.jpg,,0.0,TRUE,InStock,0.23,,US372YERL,,,,Size,DROP_DOWN,L,Color,DROP_DOWN,Yellow,,,,,,,,,,,,,Fit,<p>R</p>,Length,<p>43</p>,Width,<p>28</p>,Height,<p>60</p>,Box Quantity,<p>60</p>,Inner Pack Quantity,<p>1</p>,Country Of Origin,<p>CN</p>,Standards,<ul><li>PORTWE.A071814M</li><li>ANSI/ISEA 107 TYPE R CLASS 2</li></ul>,,,,
US372,Variant,,"The Jackson Contrast H-Vis Vest uses lightweight, cooling mesh fabric in combination with our jersey fabric for comfort and durablity. With a zipper fastening, it includes 4 external pockets, 2 internal patch pockets and contrast tape configuration.",https://d11ak7fd9ypfb7.cloudfront.net/styles1100px/US372YER.jpg,,0.0,TRUE,InStock,0.22,,US372YERM,,,,Size,DROP_DOWN,M,Color,DROP_DOWN,Yellow,,,,,,,,,,,,,Fit,<p>R</p>,Length,<p>43</p>,Width,<p>28</p>,Height,<p>60</p>,Box Quantity,<p>60</p>,Inner Pack Quantity,<p>1</p>,Country Of Origin,<p>CN</p>,Standards,<ul><li>PORTWE.A071814M</li><li>ANSI/ISEA 107 TYPE R CLASS 2</li></ul>,,,,
US372,Variant,,"The Jackson Contrast H-Vis Vest uses lightweight, cooling mesh fabric in combination with our jersey fabric for comfort and durablity. With a zipper fastening, it includes 4 external pockets, 2 internal patch pockets and contrast tape configuration.",https://d11ak7fd9ypfb7.cloudfront.net/styles1100px/US372YER.jpg,,0.0,TRUE,InStock,0.21,,US372YERS,,,,Size,DROP_DOWN,S,Color,DROP_DOWN,Yellow,,,,,,,,,,,,,Fit,<p>R</p>,Length,<p>43</p>,Width,<p>28</p>,Height,<p>60</p>,Box Quantity,<p>60</p>,Inner Pack Quantity,<p>1</p>,Country Of Origin,<p>CN</p>,Standards,<ul><li>PORTWE.A071814M</li><li>ANSI/ISEA 107 TYPE R CLASS 2</li></ul>,,,,
US372,Variant,,"The Jackson Contrast H-Vis Vest uses lightweight, cooling mesh fabric in combination with our jersey fabric for comfort and durablity. With a zipper fastening, it includes 4 external pockets, 2 internal patch pockets and contrast tape configuration.",https://d11ak7fd9ypfb7.cloudfront.net/styles1100px/US372YER.jpg,,0.0,TRUE,InStock,0.24,,US372YERXL,,,,Size,DROP_DOWN,XL,Color,DROP_DOWN,Yellow,,,,,,,,,,,,,Fit,<p>R</p>,Length,<p>43</p>,Width,<p>28</p>,Height,<p>60</p>,Box Quantity,<p>60</p>,Inner Pack Quantity,<p>1</p>,Country Of Origin,<p>CN</p>,Standards,<ul><li>PORTWE.A071814M</li><li>ANSI/ISEA 107 TYPE R CLASS 2</li></ul>,,,,
US372,Variant,,"The Jackson Contrast H-Vis Vest uses lightweight, cooling mesh fabric in combination with our jersey fabric for comfort and durablity. With a zipper fastening, it includes 4 external pockets, 2 internal patch pockets and contrast tape configuration.",https://d11ak7fd9ypfb7.cloudfront.net/styles1100px/US372YER.jpg,,0.0,TRUE,InStock,0.25,,US372YERXXL,,,,Size,DROP_DOWN,XXL,Color,DROP_DOWN,Yellow,,,,,,,,,,,,,Fit,<p>R</p>,Length,<p>43</p>,Width,<p>28</p>,Height,<p>60</p>,Box Quantity,<p>60</p>,Inner Pack Quantity,<p>1</p>,Country Of Origin,<p>CN</p>,Standards,<ul><li>PORTWE.A071814M</li><li>ANSI/ISEA 107 TYPE R CLASS 2</li></ul>,,,,
US372,Variant,,"The Jackson Contrast H-Vis Vest uses lightweight, cooling mesh fabric in combination with our jersey fabric for comfort and durablity. With a zipper fastening, it includes 4 external pockets, 2 internal patch pockets and contrast tape configuration.",https://d11ak7fd9ypfb7.cloudfront.net/styles1100px/US372YER.jpg,,0.0,TRUE,InStock,0.26,,US372YERXXXL,,,,Size,DROP_DOWN,XXXL,Color,DROP_DOWN,Yellow,,,,,,,,,,,,,Fit,<p>R</p>,Length,<p>43</p>,Width,<p>28</p>,Height,<p>60</p>,Box Quantity,<p>60</p>,Inner Pack Quantity,<p>1</p>,Country Of Origin,<p>CN</p>,Standards,<ul><li>PORTWE.A071814M</li><li>ANSI/ISEA 107 TYPE R CLASS 2</li></ul>,,,,
US373,Product,US373 - Aurora Sleeved Hi-Vis Vest,"This short sleeved vest uses lightweight, cooling mesh fabric in combination with our jersey fabric for comfort and durablity. With a zipper fastening, it includes 4 external pockets, 2 internal patch pockets and contrast tape configuration.",https://d11ak7fd9ypfb7.cloudfront.net/styles1100px/US373ORR.jpg,18.4,0.0,TRUE,InStock,0.31,,US373ORR4XL,,,,Size,DROP_DOWN,S;M;L;XL;XXL;XXXL;4XL;5XL,Color,DROP_DOWN,Yellow;Orange,,,,,,,,,,,,,Fit,<p>R</p>,Length,<p>43</p>,Width,<p>28</p>,Height,<p>60</p>,Box Quantity,<p>48</p>,Inner Pack Quantity,<p>1</p>,Country Of Origin,<p>CN</p>,Standards,<ul><li>17EP2215</li><li>ANSI/ISEA 107 TYPE R CLASS 3</li></ul>,,,,
US373,Variant,,"This short sleeved vest uses lightweight, cooling mesh fabric in combination with our jersey fabric for comfort and durablity. With a zipper fastening, it includes 4 external pockets, 2 internal patch pockets and contrast tape configuration.",https://d11ak7fd9ypfb7.cloudfront.net/styles1100px/US373ORR.jpg,,0.0,TRUE,InStock,0.31,,US373ORR4XL,,,,Size,DROP_DOWN,4XL,Color,DROP_DOWN,Orange,,,,,,,,,,,,,Fit,<p>R</p>,Length,<p>43</p>,Width,<p>28</p>,Height,<p>60</p>,Box Quantity,<p>48</p>,Inner Pack Quantity,<p>1</p>,Country Of Origin,<p>CN</p>,Standards,<ul><li>17EP2215</li><li>ANSI/ISEA 107 TYPE R CLASS 3</li></ul>,,,,
US373,Variant,,"This short sleeved vest uses lightweight, cooling mesh fabric in combination with our jersey fabric for comfort and durablity. With a zipper fastening, it includes 4 external pockets, 2 internal patch pockets and contrast tape configuration.",https://d11ak7fd9ypfb7.cloudfront.net/styles1100px/US373ORR.jpg,,0.0,TRUE,InStock,0.31,,US373ORR5XL,,,,Size,DROP_DOWN,5XL,Color,DROP_DOWN,Orange,,,,,,,,,,,,,Fit,<p>R</p>,Length,<p>43</p>,Width,<p>28</p>,Height,<p>60</p>,Box Quantity,<p>48</p>,Inner Pack Quantity,<p>1</p>,Country Of Origin,<p>CN</p>,Standards,<ul><li>17EP2215</li><li>ANSI/ISEA 107 TYPE R CLASS 3</li></ul>,,,,
US373,Variant,,"This short sleeved vest uses lightweight, cooling mesh fabric in combination with our jersey fabric for comfort and durablity. With a zipper fastening, it includes 4 external pockets, 2 internal patch pockets and contrast tape configuration.",https://d11ak7fd9ypfb7.cloudfront.net/styles1100px/US373ORR.jpg,,0.0,TRUE,InStock,0.31,,US373ORRL,,,,Size,DROP_DOWN,L,Color,DROP_DOWN,Orange,,,,,,,,,,,,,Fit,<p>R</p>,Length,<p>43</p>,Width,<p>28</p>,Height,<p>60</p>,Box Quantity,<p>48</p>,Inner Pack Quantity,<p>1</p>,Country Of Origin,<p>CN</p>,Standards,<ul><li>17EP2215</li><li>ANSI/ISEA 107 TYPE R CLASS 3</li></ul>,,,,
US373,Variant,,"This short sleeved vest uses lightweight, cooling mesh fabric in combination with our jersey fabric for comfort and durablity. With a zipper fastening, it includes 4 external pockets, 2 internal patch pockets and contrast tape configuration.",https://d11ak7fd9ypfb7.cloudfront.net/styles1100px/US373ORR.jpg,,0.0,TRUE,InStock,0.3,,US373ORRM,,,,Size,DROP_DOWN,M,Color,DROP_DOWN,Orange,,,,,,,,,,,,,Fit,<p>R</p>,Length,<p>43</p>,Width,<p>28</p>,Height,<p>60</p>,Box Quantity,<p>48</p>,Inner Pack Quantity,<p>1</p>,Country Of Origin,<p>CN</p>,Standards,<ul><li>17EP2215</li><li>ANSI/ISEA 107 TYPE R CLASS 3</li></ul>,,,,
US373,Variant,,"This short sleeved vest uses lightweight, cooling mesh fabric in combination with our jersey fabric for comfort and durablity. With a zipper fastening, it includes 4 external pockets, 2 internal patch pockets and contrast tape configuration.",https://d11ak7fd9ypfb7.cloudfront.net/styles1100px/US373ORR.jpg,,0.0,TRUE,InStock,0.32,,US373ORRXL,,,,Size,DROP_DOWN,XL,Color,DROP_DOWN,Orange,,,,,,,,,,,,,Fit,<p>R</p>,Length,<p>43</p>,Width,<p>28</p>,Height,<p>60</p>,Box Quantity,<p>48</p>,Inner Pack Quantity,<p>1</p>,Country Of Origin,<p>CN</p>,Standards,<ul><li>17EP2215</li><li>ANSI/ISEA 107 TYPE R CLASS 3</li></ul>,,,,
US373,Variant,,"This short sleeved vest uses lightweight, cooling mesh fabric in combination with our jersey fabric for comfort and durablity. With a zipper fastening, it includes 4 external pockets, 2 internal patch pockets and contrast tape configuration.",https://d11ak7fd9ypfb7.cloudfront.net/styles1100px/US373ORR.jpg,,0.0,TRUE,InStock,0.33,,US373ORRXXL,,,,Size,DROP_DOWN,XXL,Color,DROP_DOWN,Orange,,,,,,,,,,,,,Fit,<p>R</p>,Length,<p>43</p>,Width,<p>28</p>,Height,<p>60</p>,Box Quantity,<p>48</p>,Inner Pack Quantity,<p>1</p>,Country Of Origin,<p>CN</p>,Standards,<ul><li>17EP2215</li><li>ANSI/ISEA 107 TYPE R CLASS 3</li></ul>,,,,
US373,Variant,,"This short sleeved vest uses lightweight, cooling mesh fabric in combination with our jersey fabric for comfort and durablity. With a zipper fastening, it includes 4 external pockets, 2 internal patch pockets and contrast tape configuration.",https://d11ak7fd9ypfb7.cloudfront.net/styles1100px/US373ORR.jpg,,0.0,TRUE,InStock,0.34,,US373ORRXXXL,,,,Size,DROP_DOWN,XXXL,Color,DROP_DOWN,Orange,,,,,,,,,,,,,Fit,<p>R</p>,Length,<p>43</p>,Width,<p>28</p>,Height,<p>60</p>,Box Quantity,<p>48</p>,Inner Pack Quantity,<p>1</p>,Country Of Origin,<p>CN</p>,Standards,<ul><li>17EP2215</li><li>ANSI/ISEA 107 TYPE R CLASS 3</li></ul>,,,,
US373,Variant,,"This short sleeved vest uses lightweight, cooling mesh fabric in combination with our jersey fabric for comfort and durablity. With a zipper fastening, it includes 4 external pockets, 2 internal patch pockets and contrast tape configuration.",https://d11ak7fd9ypfb7.cloudfront.net/styles1100px/US373YER.jpg,,0.0,TRUE,InStock,0.31,,US373YER4XL,,,,Size,DROP_DOWN,4XL,Color,DROP_DOWN,Yellow,,,,,,,,,,,,,Fit,<p>R</p>,Length,<p>43</p>,Width,<p>28</p>,Height,<p>60</p>,Box Quantity,<p>48</p>,Inner Pack Quantity,<p>1</p>,Country Of Origin,<p>CN</p>,Standards,<ul><li>17EP2215</li><li>ANSI/ISEA 107 TYPE R CLASS 3</li></ul>,,,,
US373,Variant,,"This short sleeved vest uses lightweight, cooling mesh fabric in combination with our jersey fabric for comfort and durablity. With a zipper fastening, it includes 4 external pockets, 2 internal patch pockets and contrast tape configuration.",https://d11ak7fd9ypfb7.cloudfront.net/styles1100px/US373YER.jpg,,0.0,TRUE,InStock,0.31,,US373YER5XL,,,,Size,DROP_DOWN,5XL,Color,DROP_DOWN,Yellow,,,,,,,,,,,,,Fit,<p>R</p>,Length,<p>43</p>,Width,<p>28</p>,Height,<p>60</p>,Box Quantity,<p>48</p>,Inner Pack Quantity,<p>1</p>,Country Of Origin,<p>CN</p>,Standards,<ul><li>17EP2215</li><li>ANSI/ISEA 107 TYPE R CLASS 3</li></ul>,,,,
US373,Variant,,"This short sleeved vest uses lightweight, cooling mesh fabric in combination with our jersey fabric for comfort and durablity. With a zipper fastening, it includes 4 external pockets, 2 internal patch pockets and contrast tape configuration.",https://d11ak7fd9ypfb7.cloudfront.net/styles1100px/US373YER.jpg,,0.0,TRUE,InStock,0.31,,US373YERL,,,,Size,DROP_DOWN,L,Color,DROP_DOWN,Yellow,,,,,,,,,,,,,Fit,<p>R</p>,Length,<p>43</p>,Width,<p>28</p>,Height,<p>60</p>,Box Quantity,<p>48</p>,Inner Pack Quantity,<p>1</p>,Country Of Origin,<p>CN</p>,Standards,<ul><li>17EP2215</li><li>ANSI/ISEA 107 TYPE R CLASS 3</li></ul>,,,,
US373,Variant,,"This short sleeved vest uses lightweight, cooling mesh fabric in combination with our jersey fabric for comfort and durablity. With a zipper fastening, it includes 4 external pockets, 2 internal patch pockets and contrast tape configuration.",https://d11ak7fd9ypfb7.cloudfront.net/styles1100px/US373YER.jpg,,0.0,TRUE,InStock,0.3,,US373YERM,,,,Size,DROP_DOWN,M,Color,DROP_DOWN,Yellow,,,,,,,,,,,,,Fit,<p>R</p>,Length,<p>43</p>,Width,<p>28</p>,Height,<p>60</p>,Box Quantity,<p>48</p>,Inner Pack Quantity,<p>1</p>,Country Of Origin,<p>CN</p>,Standards,<ul><li>17EP2215</li><li>ANSI/ISEA 107 TYPE R CLASS 3</li></ul>,,,,
US373,Variant,,"This short sleeved vest uses lightweight, cooling mesh fabric in combination with our jersey fabric for comfort and durablity. With a zipper fastening, it includes 4 external pockets, 2 internal patch pockets and contrast tape configuration.",https://d11ak7fd9ypfb7.cloudfront.net/styles1100px/US373YER.jpg,,0.0,TRUE,InStock,0.31,,US373YERS,,,,Size,DROP_DOWN,S,Color,DROP_DOWN,Yellow,,,,,,,,,,,,,Fit,<p>R</p>,Length,<p>43</p>,Width,<p>28</p>,Height,<p>60</p>,Box Quantity,<p>48</p>,Inner Pack Quantity,<p>1</p>,Country Of Origin,<p>CN</p>,Standards,<ul><li>17EP2215</li><li>ANSI/ISEA 107 TYPE R CLASS 3</li></ul>,,,,
US373,Variant,,"This short sleeved vest uses lightweight, cooling mesh fabric in combination with our jersey fabric for comfort and durablity. With a zipper fastening, it includes 4 external pockets, 2 internal patch pockets and contrast tape configuration.",https://d11ak7fd9ypfb7.cloudfront.net/styles1100px/US373YER.jpg,,0.0,TRUE,InStock,0.32,,US373YERXL,,,,Size,DROP_DOWN,XL,Color,DROP_DOWN,Yellow,,,,,,,,,,,,,Fit,<p>R</p>,Length,<p>43</p>,Width,<p>28</p>,Height,<p>60</p>,Box Quantity,<p>48</p>,Inner Pack Quantity,<p>1</p>,Country Of Origin,<p>CN</p>,Standards,<ul><li>17EP2215</li><li>ANSI/ISEA 107 TYPE R CLASS 3</li></ul>,,,,
US373,Variant,,"This short sleeved vest uses lightweight, cooling mesh fabric in combination with our jersey fabric for comfort and durablity. With a zipper fastening, it includes 4 external pockets, 2 internal patch pockets and contrast tape configuration.",https://d11ak7fd9ypfb7.cloudfront.net/styles1100px/US373YER.jpg,,0.0,TRUE,InStock,0.33,,US373YERXXL,,,,Size,DROP_DOWN,XXL,Color,DROP_DOWN,Yellow,,,,,,,,,,,,,Fit,<p>R</p>,Length,<p>43</p>,Width,<p>28</p>,Height,<p>60</p>,Box Quantity,<p>48</p>,Inner Pack Quantity,<p>1</p>,Country Of Origin,<p>CN</p>,Standards,<ul><li>17EP2215</li><li>ANSI/ISEA 107 TYPE R CLASS 3</li></ul>,,,,
US373,Variant,,"This short sleeved vest uses lightweight, cooling mesh fabric in combination with our jersey fabric for comfort and durablity. With a zipper fastening, it includes 4 external pockets, 2 internal patch pockets and contrast tape configuration.",https://d11ak7fd9ypfb7.cloudfront.net/styles1100px/US373YER.jpg,,0.0,TRUE,InStock,0.34,,US373YERXXXL,,,,Size,DROP_DOWN,XXXL,Color,DROP_DOWN,Yellow,,,,,,,,,,,,,Fit,<p>R</p>,Length,<p>43</p>,Width,<p>28</p>,Height,<p>60</p>,Box Quantity,<p>48</p>,Inner Pack Quantity,<p>1</p>,Country Of Origin,<p>CN</p>,Standards,<ul><li>17EP2215</li><li>ANSI/ISEA 107 TYPE R CLASS 3</li></ul>,,,,
US374,Product,US374 - Orlando Contrast Mesh Vest,"This vest uses lightweight, cooling mesh fabric, with a zipper fastening. It includes 4 external pockets, 2 internal patch pockets and contrast tape configuration.",https://d11ak7fd9ypfb7.cloudfront.net/styles1100px/US374ORR.jpg,16.2,0.0,TRUE,InStock,0.999,,US374ORR4XL,,,,Size,DROP_DOWN,S;M;L;XL;XXL;XXXL;4XL;5XL,Color,DROP_DOWN,Yellow;Orange,,,,,,,,,,,,,Fit,<p>R</p>,Length,<p>43</p>,Width,<p>28</p>,Height,<p>48</p>,Box Quantity,<p>60</p>,Inner Pack Quantity,<p>1</p>,Country Of Origin,<p>CN</p>,Standards,<ul><li>ANSI/ISEA 107 TYPE R CLASS 2</li></ul>,,,,
US374,Variant,,"This vest uses lightweight, cooling mesh fabric, with a zipper fastening. It includes 4 external pockets, 2 internal patch pockets and contrast tape configuration.",https://d11ak7fd9ypfb7.cloudfront.net/styles1100px/US374ORR.jpg,,0.0,TRUE,InStock,0.999,,US374ORR4XL,,,,Size,DROP_DOWN,4XL,Color,DROP_DOWN,Orange,,,,,,,,,,,,,Fit,<p>R</p>,Length,<p>43</p>,Width,<p>28</p>,Height,<p>48</p>,Box Quantity,<p>60</p>,Inner Pack Quantity,<p>1</p>,Country Of Origin,<p>CN</p>,Standards,<ul><li>ANSI/ISEA 107 TYPE R CLASS 2</li></ul>,,,,
US374,Variant,,"This vest uses lightweight, cooling mesh fabric, with a zipper fastening. It includes 4 external pockets, 2 internal patch pockets and contrast tape configuration.",https://d11ak7fd9ypfb7.cloudfront.net/styles1100px/US374ORR.jpg,,0.0,TRUE,InStock,0.999,,US374ORR5XL,,,,Size,DROP_DOWN,5XL,Color,DROP_DOWN,Orange,,,,,,,,,,,,,Fit,<p>R</p>,Length,<p>43</p>,Width,<p>28</p>,Height,<p>48</p>,Box Quantity,<p>60</p>,Inner Pack Quantity,<p>1</p>,Country Of Origin,<p>CN</p>,Standards,<ul><li>ANSI/ISEA 107 TYPE R CLASS 2</li></ul>,,,,
US374,Variant,,"This vest uses lightweight, cooling mesh fabric, with a zipper fastening. It includes 4 external pockets, 2 internal patch pockets and contrast tape configuration.",https://d11ak7fd9ypfb7.cloudfront.net/styles1100px/US374ORR.jpg,,0.0,TRUE,InStock,0.999,,US374ORRL,,,,Size,DROP_DOWN,L,Color,DROP_DOWN,Orange,,,,,,,,,,,,,Fit,<p>R</p>,Length,<p>43</p>,Width,<p>28</p>,Height,<p>48</p>,Box Quantity,<p>60</p>,Inner Pack Quantity,<p>1</p>,Country Of Origin,<p>CN</p>,Standards,<ul><li>ANSI/ISEA 107 TYPE R CLASS 2</li></ul>,,,,
US374,Variant,,"This vest uses lightweight, cooling mesh fabric, with a zipper fastening. It includes 4 external pockets, 2 internal patch pockets and contrast tape configuration.",https://d11ak7fd9ypfb7.cloudfront.net/styles1100px/US374ORR.jpg,,0.0,TRUE,InStock,0.999,,US374ORRM,,,,Size,DROP_DOWN,M,Color,DROP_DOWN,Orange,,,,,,,,,,,,,Fit,<p>R</p>,Length,<p>43</p>,Width,<p>28</p>,Height,<p>48</p>,Box Quantity,<p>60</p>,Inner Pack Quantity,<p>1</p>,Country Of Origin,<p>CN</p>,Standards,<ul><li>ANSI/ISEA 107 TYPE R CLASS 2</li></ul>,,,,
US374,Variant,,"This vest uses lightweight, cooling mesh fabric, with a zipper fastening. It includes 4 external pockets, 2 internal patch pockets and contrast tape configuration.",https://d11ak7fd9ypfb7.cloudfront.net/styles1100px/US374ORR.jpg,,0.0,TRUE,InStock,0.999,,US374ORRS,,,,Size,DROP_DOWN,S,Color,DROP_DOWN,Orange,,,,,,,,,,,,,Fit,<p>R</p>,Length,<p>43</p>,Width,<p>28</p>,Height,<p>48</p>,Box Quantity,<p>60</p>,Inner Pack Quantity,<p>1</p>,Country Of Origin,<p>CN</p>,Standards,<ul><li>ANSI/ISEA 107 TYPE R CLASS 2</li></ul>,,,,
US374,Variant,,"This vest uses lightweight, cooling mesh fabric, with a zipper fastening. It includes 4 external pockets, 2 internal patch pockets and contrast tape configuration.",https://d11ak7fd9ypfb7.cloudfront.net/styles1100px/US374ORR.jpg,,0.0,TRUE,InStock,0.999,,US374ORRXL,,,,Size,DROP_DOWN,XL,Color,DROP_DOWN,Orange,,,,,,,,,,,,,Fit,<p>R</p>,Length,<p>43</p>,Width,<p>28</p>,Height,<p>48</p>,Box Quantity,<p>60</p>,Inner Pack Quantity,<p>1</p>,Country Of Origin,<p>CN</p>,Standards,<ul><li>ANSI/ISEA 107 TYPE R CLASS 2</li></ul>,,,,
US374,Variant,,"This vest uses lightweight, cooling mesh fabric, with a zipper fastening. It includes 4 external pockets, 2 internal patch pockets and contrast tape configuration.",https://d11ak7fd9ypfb7.cloudfront.net/styles1100px/US374ORR.jpg,,0.0,TRUE,InStock,0.999,,US374ORRXXL,,,,Size,DROP_DOWN,XXL,Color,DROP_DOWN,Orange,,,,,,,,,,,,,Fit,<p>R</p>,Length,<p>43</p>,Width,<p>28</p>,Height,<p>48</p>,Box Quantity,<p>60</p>,Inner Pack Quantity,<p>1</p>,Country Of Origin,<p>CN</p>,Standards,<ul><li>ANSI/ISEA 107 TYPE R CLASS 2</li></ul>,,,,
US374,Variant,,"This vest uses lightweight, cooling mesh fabric, with a zipper fastening. It includes 4 external pockets, 2 internal patch pockets and contrast tape configuration.",https://d11ak7fd9ypfb7.cloudfront.net/styles1100px/US374ORR.jpg,,0.0,TRUE,InStock,0.999,,US374ORRXXXL,,,,Size,DROP_DOWN,XXXL,Color,DROP_DOWN,Orange,,,,,,,,,,,,,Fit,<p>R</p>,Length,<p>43</p>,Width,<p>28</p>,Height,<p>48</p>,Box Quantity,<p>60</p>,Inner Pack Quantity,<p>1</p>,Country Of Origin,<p>CN</p>,Standards,<ul><li>ANSI/ISEA 107 TYPE R CLASS 2</li></ul>,,,,
US374,Variant,,"This vest uses lightweight, cooling mesh fabric, with a zipper fastening. It includes 4 external pockets, 2 internal patch pockets and contrast tape configuration.",https://d11ak7fd9ypfb7.cloudfront.net/styles1100px/US374YER.jpg,,0.0,TRUE,InStock,0.999,,US374YER4XL,,,,Size,DROP_DOWN,4XL,Color,DROP_DOWN,Yellow,,,,,,,,,,,,,Fit,<p>R</p>,Length,<p>43</p>,Width,<p>28</p>,Height,<p>48</p>,Box Quantity,<p>60</p>,Inner Pack Quantity,<p>1</p>,Country Of Origin,<p>CN</p>,Standards,<ul><li>ANSI/ISEA 107 TYPE R CLASS 2</li></ul>,,,,
US374,Variant,,"This vest uses lightweight, cooling mesh fabric, with a zipper fastening. It includes 4 external pockets, 2 internal patch pockets and contrast tape configuration.",https://d11ak7fd9ypfb7.cloudfront.net/styles1100px/US374YER.jpg,,0.0,TRUE,InStock,0.999,,US374YER5XL,,,,Size,DROP_DOWN,5XL,Color,DROP_DOWN,Yellow,,,,,,,,,,,,,Fit,<p>R</p>,Length,<p>43</p>,Width,<p>28</p>,Height,<p>48</p>,Box Quantity,<p>60</p>,Inner Pack Quantity,<p>1</p>,Country Of Origin,<p>CN</p>,Standards,<ul><li>ANSI/ISEA 107 TYPE R CLASS 2</li></ul>,,,,
US374,Variant,,"This vest uses lightweight, cooling mesh fabric, with a zipper fastening. It includes 4 external pockets, 2 internal patch pockets and contrast tape configuration.",https://d11ak7fd9ypfb7.cloudfront.net/styles1100px/US374YER.jpg,,0.0,TRUE,InStock,0.999,,US374YERL,,,,Size,DROP_DOWN,L,Color,DROP_DOWN,Yellow,,,,,,,,,,,,,Fit,<p>R</p>,Length,<p>43</p>,Width,<p>28</p>,Height,<p>48</p>,Box Quantity,<p>60</p>,Inner Pack Quantity,<p>1</p>,Country Of Origin,<p>CN</p>,Standards,<ul><li>ANSI/ISEA 107 TYPE R CLASS 2</li></ul>,,,,
US374,Variant,,"This vest uses lightweight, cooling mesh fabric, with a zipper fastening. It includes 4 external pockets, 2 internal patch pockets and contrast tape configuration.",https://d11ak7fd9ypfb7.cloudfront.net/styles1100px/US374YER.jpg,,0.0,TRUE,InStock,0.999,,US374YERM,,,,Size,DROP_DOWN,M,Color,DROP_DOWN,Yellow,,,,,,,,,,,,,Fit,<p>R</p>,Length,<p>43</p>,Width,<p>28</p>,Height,<p>48</p>,Box Quantity,<p>60</p>,Inner Pack Quantity,<p>1</p>,Country Of Origin,<p>CN</p>,Standards,<ul><li>ANSI/ISEA 107 TYPE R CLASS 2</li></ul>,,,,
US374,Variant,,"This vest uses lightweight, cooling mesh fabric, with a zipper fastening. It includes 4 external pockets, 2 internal patch pockets and contrast tape configuration.",https://d11ak7fd9ypfb7.cloudfront.net/styles1100px/US374YER.jpg,,0.0,TRUE,InStock,0.999,,US374YERS,,,,Size,DROP_DOWN,S,Color,DROP_DOWN,Yellow,,,,,,,,,,,,,Fit,<p>R</p>,Length,<p>43</p>,Width,<p>28</p>,Height,<p>48</p>,Box Quantity,<p>60</p>,Inner Pack Quantity,<p>1</p>,Country Of Origin,<p>CN</p>,Standards,<ul><li>ANSI/ISEA 107 TYPE R CLASS 2</li></ul>,,,,
US374,Variant,,"This vest uses lightweight, cooling mesh fabric, with a zipper fastening. It includes 4 external pockets, 2 internal patch pockets and contrast tape configuration.",https://d11ak7fd9ypfb7.cloudfront.net/styles1100px/US374YER.jpg,,0.0,TRUE,InStock,0.999,,US374YERXL,,,,Size,DROP_DOWN,XL,Color,DROP_DOWN,Yellow,,,,,,,,,,,,,Fit,<p>R</p>,Length,<p>43</p>,Width,<p>28</p>,Height,<p>48</p>,Box Quantity,<p>60</p>,Inner Pack Quantity,<p>1</p>,Country Of Origin,<p>CN</p>,Standards,<ul><li>ANSI/ISEA 107 TYPE R CLASS 2</li></ul>,,,,
US374,Variant,,"This vest uses lightweight, cooling mesh fabric, with a zipper fastening. It includes 4 external pockets, 2 internal patch pockets and contrast tape configuration.",https://d11ak7fd9ypfb7.cloudfront.net/styles1100px/US374YER.jpg,,0.0,TRUE,InStock,0.999,,US374YERXXL,,,,Size,DROP_DOWN,XXL,Color,DROP_DOWN,Yellow,,,,,,,,,,,,,Fit,<p>R</p>,Length,<p>43</p>,Width,<p>28</p>,Height,<p>48</p>,Box Quantity,<p>60</p>,Inner Pack Quantity,<p>1</p>,Country Of Origin,<p>CN</p>,Standards,<ul><li>ANSI/ISEA 107 TYPE R CLASS 2</li></ul>,,,,
US374,Variant,,"This vest uses lightweight, cooling mesh fabric, with a zipper fastening. It includes 4 external pockets, 2 internal patch pockets and contrast tape configuration.",https://d11ak7fd9ypfb7.cloudfront.net/styles1100px/US374YER.jpg,,0.0,TRUE,InStock,0.999,,US374YERXXXL,,,,Size,DROP_DOWN,XXXL,Color,DROP_DOWN,Yellow,,,,,,,,,,,,,Fit,<p>R</p>,Length,<p>43</p>,Width,<p>28</p>,Height,<p>48</p>,Box Quantity,<p>60</p>,Inner Pack Quantity,<p>1</p>,Country Of Origin,<p>CN</p>,Standards,<ul><li>ANSI/ISEA 107 TYPE R CLASS 2</li></ul>,,,,
US375,Product,US375 - Premium Surveyor Vest,"Our High performance Premium Surveyors Vest was specially designed for practicality and durability. With unique Two tone HiVisTex Pro segmented tape for increased visibility in diverse types of environment. Robust but yet comfortable due to the MeshAir back panel and padded neck, for when the vest is loaded down with tools. This vest is packed with functional features!",https://d11ak7fd9ypfb7.cloudfront.net/styles1100px/US375YBR.jpg,65.9,0.0,TRUE,InStock,0.999,,US375YBR4XL,,,,Size,DROP_DOWN,S;M;L;XL;XXL;XXXL;4XL;5XL,Color,DROP_DOWN,Yellow/Black,,,,,,,,,,,,,Fit,<p>R</p>,Length,<p>43</p>,Width,<p>28</p>,Height,<p>50</p>,Box Quantity,<p>24</p>,Inner Pack Quantity,<p>1</p>,Country Of Origin,<p>BD</p>,Standards,<ul><li>ANSI/ISEA 107 TYPE R CLASS 2</li></ul>,,,,
US375,Variant,,"Our High performance Premium Surveyors Vest was specially designed for practicality and durability. With unique Two tone HiVisTex Pro segmented tape for increased visibility in diverse types of environment. Robust but yet comfortable due to the MeshAir back panel and padded neck, for when the vest is loaded down with tools. This vest is packed with functional features!",https://d11ak7fd9ypfb7.cloudfront.net/styles1100px/US375YBR.jpg,,0.0,TRUE,InStock,0.999,,US375YBR4XL,,,,Size,DROP_DOWN,4XL,Color,DROP_DOWN,Yellow/Black,,,,,,,,,,,,,Fit,<p>R</p>,Length,<p>43</p>,Width,<p>28</p>,Height,<p>50</p>,Box Quantity,<p>24</p>,Inner Pack Quantity,<p>1</p>,Country Of Origin,<p>BD</p>,Standards,<ul><li>ANSI/ISEA 107 TYPE R CLASS 2</li></ul>,,,,
US375,Variant,,"Our High performance Premium Surveyors Vest was specially designed for practicality and durability. With unique Two tone HiVisTex Pro segmented tape for increased visibility in diverse types of environment. Robust but yet comfortable due to the MeshAir back panel and padded neck, for when the vest is loaded down with tools. This vest is packed with functional features!",https://d11ak7fd9ypfb7.cloudfront.net/styles1100px/US375YBR.jpg,,0.0,TRUE,InStock,0.999,,US375YBR5XL,,,,Size,DROP_DOWN,5XL,Color,DROP_DOWN,Yellow/Black,,,,,,,,,,,,,Fit,<p>R</p>,Length,<p>43</p>,Width,<p>28</p>,Height,<p>50</p>,Box Quantity,<p>24</p>,Inner Pack Quantity,<p>1</p>,Country Of Origin,<p>BD</p>,Standards,<ul><li>ANSI/ISEA 107 TYPE R CLASS 2</li></ul>,,,,
US375,Variant,,"Our High performance Premium Surveyors Vest was specially designed for practicality and durability. With unique Two tone HiVisTex Pro segmented tape for increased visibility in diverse types of environment. Robust but yet comfortable due to the MeshAir back panel and padded neck, for when the vest is loaded down with tools. This vest is packed with functional features!",https://d11ak7fd9ypfb7.cloudfront.net/styles1100px/US375YBR.jpg,,0.0,TRUE,InStock,0.999,,US375YBRL,,,,Size,DROP_DOWN,L,Color,DROP_DOWN,Yellow/Black,,,,,,,,,,,,,Fit,<p>R</p>,Length,<p>43</p>,Width,<p>28</p>,Height,<p>46</p>,Box Quantity,<p>24</p>,Inner Pack Quantity,<p>1</p>,Country Of Origin,<p>BD</p>,Standards,<ul><li>ANSI/ISEA 107 TYPE R CLASS 2</li></ul>,,,,
US375,Variant,,"Our High performance Premium Surveyors Vest was specially designed for practicality and durability. With unique Two tone HiVisTex Pro segmented tape for increased visibility in diverse types of environment. Robust but yet comfortable due to the MeshAir back panel and padded neck, for when the vest is loaded down with tools. This vest is packed with functional features!",https://d11ak7fd9ypfb7.cloudfront.net/styles1100px/US375YBR.jpg,,0.0,TRUE,InStock,0.999,,US375YBRM,,,,Size,DROP_DOWN,M,Color,DROP_DOWN,Yellow/Black,,,,,,,,,,,,,Fit,<p>R</p>,Length,<p>43</p>,Width,<p>28</p>,Height,<p>46</p>,Box Quantity,<p>24</p>,Inner Pack Quantity,<p>1</p>,Country Of Origin,<p>BD</p>,Standards,<ul><li>ANSI/ISEA 107 TYPE R CLASS 2</li></ul>,,,,
US375,Variant,,"Our High performance Premium Surveyors Vest was specially designed for practicality and durability. With unique Two tone HiVisTex Pro segmented tape for increased visibility in diverse types of environment. Robust but yet comfortable due to the MeshAir back panel and padded neck, for when the vest is loaded down with tools. This vest is packed with functional features!",https://d11ak7fd9ypfb7.cloudfront.net/styles1100px/US375YBR.jpg,,0.0,TRUE,InStock,0.999,,US375YBRS,,,,Size,DROP_DOWN,S,Color,DROP_DOWN,Yellow/Black,,,,,,,,,,,,,Fit,<p>R</p>,Length,<p>43</p>,Width,<p>28</p>,Height,<p>46</p>,Box Quantity,<p>24</p>,Inner Pack Quantity,<p>1</p>,Country Of Origin,<p>BD</p>,Standards,<ul><li>ANSI/ISEA 107 TYPE R CLASS 2</li></ul>,,,,
US375,Variant,,"Our High performance Premium Surveyors Vest was specially designed for practicality and durability. With unique Two tone HiVisTex Pro segmented tape for increased visibility in diverse types of environment. Robust but yet comfortable due to the MeshAir back panel and padded neck, for when the vest is loaded down with tools. This vest is packed with functional features!",https://d11ak7fd9ypfb7.cloudfront.net/styles1100px/US375YBR.jpg,,0.0,TRUE,InStock,0.999,,US375YBRXL,,,,Size,DROP_DOWN,XL,Color,DROP_DOWN,Yellow/Black,,,,,,,,,,,,,Fit,<p>R</p>,Length,<p>43</p>,Width,<p>28</p>,Height,<p>46</p>,Box Quantity,<p>24</p>,Inner Pack Quantity,<p>1</p>,Country Of Origin,<p>BD</p>,Standards,<ul><li>ANSI/ISEA 107 TYPE R CLASS 2</li></ul>,,,,
US375,Variant,,"Our High performance Premium Surveyors Vest was specially designed for practicality and durability. With unique Two tone HiVisTex Pro segmented tape for increased visibility in diverse types of environment. Robust but yet comfortable due to the MeshAir back panel and padded neck, for when the vest is loaded down with tools. This vest is packed with functional features!",https://d11ak7fd9ypfb7.cloudfront.net/styles1100px/US375YBR.jpg,,0.0,TRUE,InStock,0.999,,US375YBRXXL,,,,Size,DROP_DOWN,XXL,Color,DROP_DOWN,Yellow/Black,,,,,,,,,,,,,Fit,<p>R</p>,Length,<p>43</p>,Width,<p>28</p>,Height,<p>50</p>,Box Quantity,<p>24</p>,Inner Pack Quantity,<p>1</p>,Country Of Origin,<p>BD</p>,Standards,<ul><li>ANSI/ISEA 107 TYPE R CLASS 2</li></ul>,,,,
US375,Variant,,"Our High performance Premium Surveyors Vest was specially designed for practicality and durability. With unique Two tone HiVisTex Pro segmented tape for increased visibility in diverse types of environment. Robust but yet comfortable due to the MeshAir back panel and padded neck, for when the vest is loaded down with tools. This vest is packed with functional features!",https://d11ak7fd9ypfb7.cloudfront.net/styles1100px/US375YBR.jpg,,0.0,TRUE,InStock,0.999,,US375YBRXXXL,,,,Size,DROP_DOWN,XXXL,Color,DROP_DOWN,Yellow/Black,,,,,,,,,,,,,Fit,<p>R</p>,Length,<p>43</p>,Width,<p>28</p>,Height,<p>50</p>,Box Quantity,<p>24</p>,Inner Pack Quantity,<p>1</p>,Country Of Origin,<p>BD</p>,Standards,<ul><li>ANSI/ISEA 107 TYPE R CLASS 2</li></ul>,,,,
US376,Product,US376 - Expert Pro Surveyor Vest,"Our Expert Pro Surveyors Vest was specially designed for practicality and durability. With contrast tape configuration for increased visibility in diverse types of environment, this vest is robust but yet comfortable due to the Mesh Air back panel and padded neck.",https://d11ak7fd9ypfb7.cloudfront.net/styles1100px/US376OBR.jpg,43.0,0.0,TRUE,InStock,0.999,,US376OBR4XL,,,,Size,DROP_DOWN,S;M;L;XL;XXL;XXXL;4XL;5XL,Color,DROP_DOWN,Orange/Black;Yellow/Black,,,,,,,,,,,,,Fit,<p>R</p>,Length,<p>43</p>,Width,<p>28</p>,Height,<p>60</p>,Box Quantity,<p>30</p>,Inner Pack Quantity,<p>10</p>,Country Of Origin,<p>BD</p>,Standards,<ul><li>ANSI/ISEA 107 TYPE R CLASS 2</li></ul>,,,,
US376,Variant,,"Our Expert Pro Surveyors Vest was specially designed for practicality and durability. With contrast tape configuration for increased visibility in diverse types of environment, this vest is robust but yet comfortable due to the Mesh Air back panel and padded neck.",https://d11ak7fd9ypfb7.cloudfront.net/styles1100px/US376OBR.jpg,,0.0,TRUE,InStock,0.999,,US376OBR4XL,,,,Size,DROP_DOWN,4XL,Color,DROP_DOWN,Orange/Black,,,,,,,,,,,,,Fit,<p>R</p>,Length,<p>43</p>,Width,<p>28</p>,Height,<p>60</p>,Box Quantity,<p>30</p>,Inner Pack Quantity,<p>10</p>,Country Of Origin,<p>BD</p>,Standards,<ul><li>ANSI/ISEA 107 TYPE R CLASS 2</li></ul>,,,,
US376,Variant,,"Our Expert Pro Surveyors Vest was specially designed for practicality and durability. With contrast tape configuration for increased visibility in diverse types of environment, this vest is robust but yet comfortable due to the Mesh Air back panel and padded neck.",https://d11ak7fd9ypfb7.cloudfront.net/styles1100px/US376OBR.jpg,,0.0,TRUE,InStock,0.999,,US376OBRL,,,,Size,DROP_DOWN,L,Color,DROP_DOWN,Orange/Black,,,,,,,,,,,,,Fit,<p>R</p>,Length,<p>43</p>,Width,<p>28</p>,Height,<p>55</p>,Box Quantity,<p>30</p>,Inner Pack Quantity,<p>10</p>,Country Of Origin,<p>BD</p>,Standards,<ul><li>ANSI/ISEA 107 TYPE R CLASS 2</li></ul>,,,,
US376,Variant,,"Our Expert Pro Surveyors Vest was specially designed for practicality and durability. With contrast tape configuration for increased visibility in diverse types of environment, this vest is robust but yet comfortable due to the Mesh Air back panel and padded neck.",https://d11ak7fd9ypfb7.cloudfront.net/styles1100px/US376OBR.jpg,,0.0,TRUE,InStock,0.999,,US376OBRM,,,,Size,DROP_DOWN,M,Color,DROP_DOWN,Orange/Black,,,,,,,,,,,,,Fit,<p>R</p>,Length,<p>43</p>,Width,<p>28</p>,Height,<p>55</p>,Box Quantity,<p>30</p>,Inner Pack Quantity,<p>10</p>,Country Of Origin,<p>BD</p>,Standards,<ul><li>ANSI/ISEA 107 TYPE R CLASS 2</li></ul>,,,,
US376,Variant,,"Our Expert Pro Surveyors Vest was specially designed for practicality and durability. With contrast tape configuration for increased visibility in diverse types of environment, this vest is robust but yet comfortable due to the Mesh Air back panel and padded neck.",https://d11ak7fd9ypfb7.cloudfront.net/styles1100px/US376OBR.jpg,,0.0,TRUE,InStock,0.999,,US376OBRS,,,,Size,DROP_DOWN,S,Color,DROP_DOWN,Orange/Black,,,,,,,,,,,,,Fit,<p>R</p>,Length,<p>43</p>,Width,<p>28</p>,Height,<p>55</p>,Box Quantity,<p>30</p>,Inner Pack Quantity,<p>10</p>,Country Of Origin,<p>BD</p>,Standards,<ul><li>ANSI/ISEA 107 TYPE R CLASS 2</li></ul>,,,,
US376,Variant,,"Our Expert Pro Surveyors Vest was specially designed for practicality and durability. With contrast tape configuration for increased visibility in diverse types of environment, this vest is robust but yet comfortable due to the Mesh Air back panel and padded neck.",https://d11ak7fd9ypfb7.cloudfront.net/styles1100px/US376OBR.jpg,,0.0,TRUE,InStock,0.999,,US376OBRXL,,,,Size,DROP_DOWN,XL,Color,DROP_DOWN,Orange/Black,,,,,,,,,,,,,Fit,<p>R</p>,Length,<p>43</p>,Width,<p>28</p>,Height,<p>55</p>,Box Quantity,<p>30</p>,Inner Pack Quantity,<p>10</p>,Country Of Origin,<p>BD</p>,Standards,<ul><li>ANSI/ISEA 107 TYPE R CLASS 2</li></ul>,,,,
US376,Variant,,"Our Expert Pro Surveyors Vest was specially designed for practicality and durability. With contrast tape configuration for increased visibility in diverse types of environment, this vest is robust but yet comfortable due to the Mesh Air back panel and padded neck.",https://d11ak7fd9ypfb7.cloudfront.net/styles1100px/US376OBR.jpg,,0.0,TRUE,InStock,0.999,,US376OBRXXL,,,,Size,DROP_DOWN,XXL,Color,DROP_DOWN,Orange/Black,,,,,,,,,,,,,Fit,<p>R</p>,Length,<p>43</p>,Width,<p>28</p>,Height,<p>60</p>,Box Quantity,<p>30</p>,Inner Pack Quantity,<p>10</p>,Country Of Origin,<p>BD</p>,Standards,<ul><li>ANSI/ISEA 107 TYPE R CLASS 2</li></ul>,,,,
US376,Variant,,"Our Expert Pro Surveyors Vest was specially designed for practicality and durability. With contrast tape configuration for increased visibility in diverse types of environment, this vest is robust but yet comfortable due to the Mesh Air back panel and padded neck.",https://d11ak7fd9ypfb7.cloudfront.net/styles1100px/US376OBR.jpg,,0.0,TRUE,InStock,0.999,,US376OBRXXXL,,,,Size,DROP_DOWN,XXXL,Color,DROP_DOWN,Orange/Black,,,,,,,,,,,,,Fit,<p>R</p>,Length,<p>43</p>,Width,<p>28</p>,Height,<p>60</p>,Box Quantity,<p>30</p>,Inner Pack Quantity,<p>10</p>,Country Of Origin,<p>BD</p>,Standards,<ul><li>ANSI/ISEA 107 TYPE R CLASS 2</li></ul>,,,,
US376,Variant,,"Our Expert Pro Surveyors Vest was specially designed for practicality and durability. With contrast tape configuration for increased visibility in diverse types of environment, this vest is robust but yet comfortable due to the Mesh Air back panel and padded neck.",https://d11ak7fd9ypfb7.cloudfront.net/styles1100px/US376YBR.jpg,,0.0,TRUE,InStock,0.999,,US376YBR4XL,,,,Size,DROP_DOWN,4XL,Color,DROP_DOWN,Yellow/Black,,,,,,,,,,,,,Fit,<p>R</p>,Length,<p>43</p>,Width,<p>28</p>,Height,<p>60</p>,Box Quantity,<p>30</p>,Inner Pack Quantity,<p>10</p>,Country Of Origin,<p>BD</p>,Standards,<ul><li>ANSI/ISEA 107 TYPE R CLASS 2</li></ul>,,,,
US376,Variant,,"Our Expert Pro Surveyors Vest was specially designed for practicality and durability. With contrast tape configuration for increased visibility in diverse types of environment, this vest is robust but yet comfortable due to the Mesh Air back panel and padded neck.",https://d11ak7fd9ypfb7.cloudfront.net/styles1100px/US376YBR.jpg,,0.0,TRUE,InStock,0.999,,US376YBR5XL,,,,Size,DROP_DOWN,5XL,Color,DROP_DOWN,Yellow/Black,,,,,,,,,,,,,Fit,<p>R</p>,Length,<p>43</p>,Width,<p>28</p>,Height,<p>60</p>,Box Quantity,<p>30</p>,Inner Pack Quantity,<p>10</p>,Country Of Origin,<p>BD</p>,Standards,<ul><li>ANSI/ISEA 107 TYPE R CLASS 2</li></ul>,,,,
US376,Variant,,"Our Expert Pro Surveyors Vest was specially designed for practicality and durability. With contrast tape configuration for increased visibility in diverse types of environment, this vest is robust but yet comfortable due to the Mesh Air back panel and padded neck.",https://d11ak7fd9ypfb7.cloudfront.net/styles1100px/US376YBR.jpg,,0.0,TRUE,InStock,0.999,,US376YBRL,,,,Size,DROP_DOWN,L,Color,DROP_DOWN,Yellow/Black,,,,,,,,,,,,,Fit,<p>R</p>,Length,<p>43</p>,Width,<p>28</p>,Height,<p>55</p>,Box Quantity,<p>30</p>,Inner Pack Quantity,<p>10</p>,Country Of Origin,<p>BD</p>,Standards,<ul><li>ANSI/ISEA 107 TYPE R CLASS 2</li></ul>,,,,
US376,Variant,,"Our Expert Pro Surveyors Vest was specially designed for practicality and durability. With contrast tape configuration for increased visibility in diverse types of environment, this vest is robust but yet comfortable due to the Mesh Air back panel and padded neck.",https://d11ak7fd9ypfb7.cloudfront.net/styles1100px/US376YBR.jpg,,0.0,TRUE,InStock,0.999,,US376YBRM,,,,Size,DROP_DOWN,M,Color,DROP_DOWN,Yellow/Black,,,,,,,,,,,,,Fit,<p>R</p>,Length,<p>43</p>,Width,<p>28</p>,Height,<p>55</p>,Box Quantity,<p>30</p>,Inner Pack Quantity,<p>10</p>,Country Of Origin,<p>BD</p>,Standards,<ul><li>ANSI/ISEA 107 TYPE R CLASS 2</li></ul>,,,,
US376,Variant,,"Our Expert Pro Surveyors Vest was specially designed for practicality and durability. With contrast tape configuration for increased visibility in diverse types of environment, this vest is robust but yet comfortable due to the Mesh Air back panel and padded neck.",https://d11ak7fd9ypfb7.cloudfront.net/styles1100px/US376YBR.jpg,,0.0,TRUE,InStock,0.999,,US376YBRS,,,,Size,DROP_DOWN,S,Color,DROP_DOWN,Yellow/Black,,,,,,,,,,,,,Fit,<p>R</p>,Length,<p>43</p>,Width,<p>28</p>,Height,<p>55</p>,Box Quantity,<p>30</p>,Inner Pack Quantity,<p>10</p>,Country Of Origin,<p>BD</p>,Standards,<ul><li>ANSI/ISEA 107 TYPE R CLASS 2</li></ul>,,,,
US376,Variant,,"Our Expert Pro Surveyors Vest was specially designed for practicality and durability. With contrast tape configuration for increased visibility in diverse types of environment, this vest is robust but yet comfortable due to the Mesh Air back panel and padded neck.",https://d11ak7fd9ypfb7.cloudfront.net/styles1100px/US376YBR.jpg,,0.0,TRUE,InStock,0.999,,US376YBRXL,,,,Size,DROP_DOWN,XL,Color,DROP_DOWN,Yellow/Black,,,,,,,,,,,,,Fit,<p>R</p>,Length,<p>43</p>,Width,<p>28</p>,Height,<p>55</p>,Box Quantity,<p>30</p>,Inner Pack Quantity,<p>10</p>,Country Of Origin,<p>BD</p>,Standards,<ul><li>ANSI/ISEA 107 TYPE R CLASS 2</li></ul>,,,,
US376,Variant,,"Our Expert Pro Surveyors Vest was specially designed for practicality and durability. With contrast tape configuration for increased visibility in diverse types of environment, this vest is robust but yet comfortable due to the Mesh Air back panel and padded neck.",https://d11ak7fd9ypfb7.cloudfront.net/styles1100px/US376YBR.jpg,,0.0,TRUE,InStock,0.999,,US376YBRXXL,,,,Size,DROP_DOWN,XXL,Color,DROP_DOWN,Yellow/Black,,,,,,,,,,,,,Fit,<p>R</p>,Length,<p>43</p>,Width,<p>28</p>,Height,<p>60</p>,Box Quantity,<p>30</p>,Inner Pack Quantity,<p>10</p>,Country Of Origin,<p>BD</p>,Standards,<ul><li>ANSI/ISEA 107 TYPE R CLASS 2</li></ul>,,,,
US376,Variant,,"Our Expert Pro Surveyors Vest was specially designed for practicality and durability. With contrast tape configuration for increased visibility in diverse types of environment, this vest is robust but yet comfortable due to the Mesh Air back panel and padded neck.",https://d11ak7fd9ypfb7.cloudfront.net/styles1100px/US376YBR.jpg,,0.0,TRUE,InStock,0.999,,US376YBRXXXL,,,,Size,DROP_DOWN,XXXL,Color,DROP_DOWN,Yellow/Black,,,,,,,,,,,,,Fit,<p>R</p>,Length,<p>43</p>,Width,<p>28</p>,Height,<p>60</p>,Box Quantity,<p>30</p>,Inner Pack Quantity,<p>10</p>,Country Of Origin,<p>BD</p>,Standards,<ul><li>ANSI/ISEA 107 TYPE R CLASS 2</li></ul>,,,,
US377,Product,US377 - Ultra Cool Surveyor Vest,"This vest uses lightweight, cooling mesh fabric, with a zipper fastening. It includes 4 external pockets and contrast tape configuration.",https://d11ak7fd9ypfb7.cloudfront.net/styles1100px/US377YBR.jpg,29.8,0.0,TRUE,InStock,0.999,,US377YBR4XL,,,,Size,DROP_DOWN,S;M;L;XL;XXL;XXXL;4XL;5XL,Color,DROP_DOWN,Yellow/Black,,,,,,,,,,,,,Fit,<p>R</p>,Length,<p>65</p>,Width,<p>45</p>,Height,<p>33</p>,Box Quantity,<p>60</p>,Inner Pack Quantity,<p>10</p>,Country Of Origin,<p>BD</p>,Standards,<ul><li>ANSI/ISEA 107 TYPE R CLASS 2</li></ul>,,,,
US377,Variant,,"This vest uses lightweight, cooling mesh fabric, with a zipper fastening. It includes 4 external pockets and contrast tape configuration.",https://d11ak7fd9ypfb7.cloudfront.net/styles1100px/US377YBR.jpg,,0.0,TRUE,InStock,0.999,,US377YBR4XL,,,,Size,DROP_DOWN,4XL,Color,DROP_DOWN,Yellow/Black,,,,,,,,,,,,,Fit,<p>R</p>,Length,<p>65</p>,Width,<p>45</p>,Height,<p>33</p>,Box Quantity,<p>60</p>,Inner Pack Quantity,<p>10</p>,Country Of Origin,<p>BD</p>,Standards,<ul><li>ANSI/ISEA 107 TYPE R CLASS 2</li></ul>,,,,
US377,Variant,,"This vest uses lightweight, cooling mesh fabric, with a zipper fastening. It includes 4 external pockets and contrast tape configuration.",https://d11ak7fd9ypfb7.cloudfront.net/styles1100px/US377YBR.jpg,,0.0,TRUE,InStock,0.999,,US377YBR5XL,,,,Size,DROP_DOWN,5XL,Color,DROP_DOWN,Yellow/Black,,,,,,,,,,,,,Fit,<p>R</p>,Length,<p>65</p>,Width,<p>45</p>,Height,<p>33</p>,Box Quantity,<p>60</p>,Inner Pack Quantity,<p>10</p>,Country Of Origin,<p>BD</p>,Standards,<ul><li>ANSI/ISEA 107 TYPE R CLASS 2</li></ul>,,,,
US377,Variant,,"This vest uses lightweight, cooling mesh fabric, with a zipper fastening. It includes 4 external pockets and contrast tape configuration.",https://d11ak7fd9ypfb7.cloudfront.net/styles1100px/US377YBR.jpg,,0.0,TRUE,InStock,0.999,,US377YBRL,,,,Size,DROP_DOWN,L,Color,DROP_DOWN,Yellow/Black,,,,,,,,,,,,,Fit,<p>R</p>,Length,<p>65</p>,Width,<p>45</p>,Height,<p>33</p>,Box Quantity,<p>60</p>,Inner Pack Quantity,<p>10</p>,Country Of Origin,<p>BD</p>,Standards,<ul><li>ANSI/ISEA 107 TYPE R CLASS 2</li></ul>,,,,
US377,Variant,,"This vest uses lightweight, cooling mesh fabric, with a zipper fastening. It includes 4 external pockets and contrast tape configuration.",https://d11ak7fd9ypfb7.cloudfront.net/styles1100px/US377YBR.jpg,,0.0,TRUE,InStock,0.999,,US377YBRM,,,,Size,DROP_DOWN,M,Color,DROP_DOWN,Yellow/Black,,,,,,,,,,,,,Fit,<p>R</p>,Length,<p>65</p>,Width,<p>45</p>,Height,<p>33</p>,Box Quantity,<p>60</p>,Inner Pack Quantity,<p>10</p>,Country Of Origin,<p>BD</p>,Standards,<ul><li>ANSI/ISEA 107 TYPE R CLASS 2</li></ul>,,,,
US377,Variant,,"This vest uses lightweight, cooling mesh fabric, with a zipper fastening. It includes 4 external pockets and contrast tape configuration.",https://d11ak7fd9ypfb7.cloudfront.net/styles1100px/US377YBR.jpg,,0.0,TRUE,InStock,0.999,,US377YBRS,,,,Size,DROP_DOWN,S,Color,DROP_DOWN,Yellow/Black,,,,,,,,,,,,,Fit,<p>R</p>,Length,<p>65</p>,Width,<p>45</p>,Height,<p>33</p>,Box Quantity,<p>60</p>,Inner Pack Quantity,<p>10</p>,Country Of Origin,<p>BD</p>,Standards,<ul><li>ANSI/ISEA 107 TYPE R CLASS 2</li></ul>,,,,
US377,Variant,,"This vest uses lightweight, cooling mesh fabric, with a zipper fastening. It includes 4 external pockets and contrast tape configuration.",https://d11ak7fd9ypfb7.cloudfront.net/styles1100px/US377YBR.jpg,,0.0,TRUE,InStock,0.999,,US377YBRXL,,,,Size,DROP_DOWN,XL,Color,DROP_DOWN,Yellow/Black,,,,,,,,,,,,,Fit,<p>R</p>,Length,<p>65</p>,Width,<p>45</p>,Height,<p>33</p>,Box Quantity,<p>60</p>,Inner Pack Quantity,<p>10</p>,Country Of Origin,<p>BD</p>,Standards,<ul><li>ANSI/ISEA 107 TYPE R CLASS 2</li></ul>,,,,
US377,Variant,,"This vest uses lightweight, cooling mesh fabric, with a zipper fastening. It includes 4 external pockets and contrast tape configuration.",https://d11ak7fd9ypfb7.cloudfront.net/styles1100px/US377YBR.jpg,,0.0,TRUE,InStock,0.999,,US377YBRXXL,,,,Size,DROP_DOWN,XXL,Color,DROP_DOWN,Yellow/Black,,,,,,,,,,,,,Fit,<p>R</p>,Length,<p>65</p>,Width,<p>45</p>,Height,<p>33</p>,Box Quantity,<p>60</p>,Inner Pack Quantity,<p>10</p>,Country Of Origin,<p>BD</p>,Standards,<ul><li>ANSI/ISEA 107 TYPE R CLASS 2</li></ul>,,,,
US377,Variant,,"This vest uses lightweight, cooling mesh fabric, with a zipper fastening. It includes 4 external pockets and contrast tape configuration.",https://d11ak7fd9ypfb7.cloudfront.net/styles1100px/US377YBR.jpg,,0.0,TRUE,InStock,0.999,,US377YBRXXXL,,,,Size,DROP_DOWN,XXXL,Color,DROP_DOWN,Yellow/Black,,,,,,,,,,,,,Fit,<p>R</p>,Length,<p>65</p>,Width,<p>45</p>,Height,<p>33</p>,Box Quantity,<p>60</p>,Inner Pack Quantity,<p>10</p>,Country Of Origin,<p>BD</p>,Standards,<ul><li>ANSI/ISEA 107 TYPE R CLASS 2</li></ul>,,,,
US378,Product,US378 - ,,https://d11ak7fd9ypfb7.cloudfront.net/styles1100px/US378YER.jpg,0.0,0.0,TRUE,InStock,0.999,,US378YER4XL,,,,Size,DROP_DOWN,S;M;L;XL;XXL;XXXL;4XL;5XL,Color,DROP_DOWN,Yellow,,,,,,,,,,,,,Fit,<p>R</p>,Length,<p>43</p>,Width,<p>28</p>,Height,<p>48</p>,Box Quantity,<p>30</p>,Inner Pack Quantity,<p>1</p>,Country Of Origin,<p>BD</p>,Standards,<p></p>,,,,
US378,Variant,,,https://d11ak7fd9ypfb7.cloudfront.net/styles1100px/US378YER.jpg,,0.0,TRUE,InStock,0.999,,US378YER4XL,,,,Size,DROP_DOWN,4XL,Color,DROP_DOWN,Yellow,,,,,,,,,,,,,Fit,<p>R</p>,Length,<p>43</p>,Width,<p>28</p>,Height,<p>48</p>,Box Quantity,<p>30</p>,Inner Pack Quantity,<p>1</p>,Country Of Origin,<p>BD</p>,Standards,<p></p>,,,,
US378,Variant,,,https://d11ak7fd9ypfb7.cloudfront.net/styles1100px/US378YER.jpg,,0.0,TRUE,InStock,0.999,,US378YER5XL,,,,Size,DROP_DOWN,5XL,Color,DROP_DOWN,Yellow,,,,,,,,,,,,,Fit,<p>R</p>,Length,<p>43</p>,Width,<p>28</p>,Height,<p>48</p>,Box Quantity,<p>30</p>,Inner Pack Quantity,<p>1</p>,Country Of Origin,<p>BD</p>,Standards,<p></p>,,,,
US378,Variant,,,https://d11ak7fd9ypfb7.cloudfront.net/styles1100px/US378YER.jpg,,0.0,TRUE,InStock,0.999,,US378YERL,,,,Size,DROP_DOWN,L,Color,DROP_DOWN,Yellow,,,,,,,,,,,,,Fit,<p>R</p>,Length,<p>43</p>,Width,<p>28</p>,Height,<p>48</p>,Box Quantity,<p>30</p>,Inner Pack Quantity,<p>1</p>,Country Of Origin,<p>BD</p>,Standards,<p></p>,,,,
US378,Variant,,,https://d11ak7fd9ypfb7.cloudfront.net/styles1100px/US378YER.jpg,,0.0,TRUE,InStock,0.999,,US378YERM,,,,Size,DROP_DOWN,M,Color,DROP_DOWN,Yellow,,,,,,,,,,,,,Fit,<p>R</p>,Length,<p>43</p>,Width,<p>28</p>,Height,<p>48</p>,Box Quantity,<p>30</p>,Inner Pack Quantity,<p>1</p>,Country Of Origin,<p>BD</p>,Standards,<p></p>,,,,
US378,Variant,,,https://d11ak7fd9ypfb7.cloudfront.net/styles1100px/US378YER.jpg,,0.0,TRUE,InStock,0.999,,US378YERS,,,,Size,DROP_DOWN,S,Color,DROP_DOWN,Yellow,,,,,,,,,,,,,Fit,<p>R</p>,Length,<p>43</p>,Width,<p>28</p>,Height,<p>48</p>,Box Quantity,<p>30</p>,Inner Pack Quantity,<p>1</p>,Country Of Origin,<p>BD</p>,Standards,<p></p>,,,,
US378,Variant,,,https://d11ak7fd9ypfb7.cloudfront.net/styles1100px/US378YER.jpg,,0.0,TRUE,InStock,0.999,,US378YERXL,,,,Size,DROP_DOWN,XL,Color,DROP_DOWN,Yellow,,,,,,,,,,,,,Fit,<p>R</p>,Length,<p>43</p>,Width,<p>28</p>,Height,<p>48</p>,Box Quantity,<p>30</p>,Inner Pack Quantity,<p>1</p>,Country Of Origin,<p>BD</p>,Standards,<p></p>,,,,
US378,Variant,,,https://d11ak7fd9ypfb7.cloudfront.net/styles1100px/US378YER.jpg,,0.0,TRUE,InStock,0.999,,US378YERXXL,,,,Size,DROP_DOWN,XXL,Color,DROP_DOWN,Yellow,,,,,,,,,,,,,Fit,<p>R</p>,Length,<p>43</p>,Width,<p>28</p>,Height,<p>48</p>,Box Quantity,<p>30</p>,Inner Pack Quantity,<p>1</p>,Country Of Origin,<p>BD</p>,Standards,<p></p>,,,,
US378,Variant,,,https://d11ak7fd9ypfb7.cloudfront.net/styles1100px/US378YER.jpg,,0.0,TRUE,InStock,0.999,,US378YERXXXL,,,,Size,DROP_DOWN,XXXL,Color,DROP_DOWN,Yellow,,,,,,,,,,,,,Fit,<p>R</p>,Length,<p>43</p>,Width,<p>28</p>,Height,<p>48</p>,Box Quantity,<p>30</p>,Inner Pack Quantity,<p>1</p>,Country Of Origin,<p>BD</p>,Standards,<p></p>,,,,
US380,Product,US380 - Tampa Mesh Vest,"This vest uses lightweight, cooling mesh fabric, with a zipper fastening. It includes 2 external chest pockets and 2 internal patch pockets.",https://d11ak7fd9ypfb7.cloudfront.net/styles1100px/US380ORR.jpg,9.7,0.0,TRUE,InStock,0.135,,US380ORR4XL,,,,Size,DROP_DOWN,XS;S;M;L;XL;XXL;XXXL;4XL;5XL;6XL;7XL,Color,DROP_DOWN,Yellow;Orange,,,,,,,,,,,,,Fit,<p>R</p>,Length,<p>43</p>,Width,<p>28</p>,Height,<p>48</p>,Box Quantity,<p>60</p>,Inner Pack Quantity,<p>1</p>,Country Of Origin,<p>CN</p>,Standards,<ul><li>ANSI/ISEA 107 TYPE R CLASS 2</li></ul>,,,,
US380,Variant,,"This vest uses lightweight, cooling mesh fabric, with a zipper fastening. It includes 2 external chest pockets and 2 internal patch pockets.",https://d11ak7fd9ypfb7.cloudfront.net/styles1100px/US380ORR.jpg,,0.0,TRUE,InStock,0.135,,US380ORR4XL,,,,Size,DROP_DOWN,4XL,Color,DROP_DOWN,Orange,,,,,,,,,,,,,Fit,<p>R</p>,Length,<p>43</p>,Width,<p>28</p>,Height,<p>48</p>,Box Quantity,<p>60</p>,Inner Pack Quantity,<p>1</p>,Country Of Origin,<p>CN</p>,Standards,<ul><li>ANSI/ISEA 107 TYPE R CLASS 2</li></ul>,,,,
US380,Variant,,"This vest uses lightweight, cooling mesh fabric, with a zipper fastening. It includes 2 external chest pockets and 2 internal patch pockets.",https://d11ak7fd9ypfb7.cloudfront.net/styles1100px/US380ORR.jpg,,0.0,TRUE,InStock,0.135,,US380ORR5XL,,,,Size,DROP_DOWN,5XL,Color,DROP_DOWN,Orange,,,,,,,,,,,,,Fit,<p>R</p>,Length,<p>43</p>,Width,<p>28</p>,Height,<p>48</p>,Box Quantity,<p>60</p>,Inner Pack Quantity,<p>1</p>,Country Of Origin,<p>CN</p>,Standards,<ul><li>ANSI/ISEA 107 TYPE R CLASS 2</li></ul>,,,,
US380,Variant,,"This vest uses lightweight, cooling mesh fabric, with a zipper fastening. It includes 2 external chest pockets and 2 internal patch pockets.",https://d11ak7fd9ypfb7.cloudfront.net/styles1100px/US380ORR.jpg,,0.0,TRUE,InStock,0.135,,US380ORRL,,,,Size,DROP_DOWN,L,Color,DROP_DOWN,Orange,,,,,,,,,,,,,Fit,<p>R</p>,Length,<p>43</p>,Width,<p>28</p>,Height,<p>48</p>,Box Quantity,<p>60</p>,Inner Pack Quantity,<p>1</p>,Country Of Origin,<p>CN</p>,Standards,<ul><li>ANSI/ISEA 107 TYPE R CLASS 2</li></ul>,,,,
US380,Variant,,"This vest uses lightweight, cooling mesh fabric, with a zipper fastening. It includes 2 external chest pockets and 2 internal patch pockets.",https://d11ak7fd9ypfb7.cloudfront.net/styles1100px/US380ORR.jpg,,0.0,TRUE,InStock,0.135,,US380ORRM,,,,Size,DROP_DOWN,M,Color,DROP_DOWN,Orange,,,,,,,,,,,,,Fit,<p>R</p>,Length,<p>43</p>,Width,<p>28</p>,Height,<p>48</p>,Box Quantity,<p>60</p>,Inner Pack Quantity,<p>1</p>,Country Of Origin,<p>CN</p>,Standards,<ul><li>ANSI/ISEA 107 TYPE R CLASS 2</li></ul>,,,,
US380,Variant,,"This vest uses lightweight, cooling mesh fabric, with a zipper fastening. It includes 2 external chest pockets and 2 internal patch pockets.",https://d11ak7fd9ypfb7.cloudfront.net/styles1100px/US380ORR.jpg,,0.0,TRUE,InStock,0.135,,US380ORRXL,,,,Size,DROP_DOWN,XL,Color,DROP_DOWN,Orange,,,,,,,,,,,,,Fit,<p>R</p>,Length,<p>43</p>,Width,<p>28</p>,Height,<p>48</p>,Box Quantity,<p>60</p>,Inner Pack Quantity,<p>1</p>,Country Of Origin,<p>CN</p>,Standards,<ul><li>ANSI/ISEA 107 TYPE R CLASS 2</li></ul>,,,,
US380,Variant,,"This vest uses lightweight, cooling mesh fabric, with a zipper fastening. It includes 2 external chest pockets and 2 internal patch pockets.",https://d11ak7fd9ypfb7.cloudfront.net/styles1100px/US380ORR.jpg,,0.0,TRUE,InStock,0.135,,US380ORRXXL,,,,Size,DROP_DOWN,XXL,Color,DROP_DOWN,Orange,,,,,,,,,,,,,Fit,<p>R</p>,Length,<p>43</p>,Width,<p>28</p>,Height,<p>48</p>,Box Quantity,<p>60</p>,Inner Pack Quantity,<p>1</p>,Country Of Origin,<p>CN</p>,Standards,<ul><li>ANSI/ISEA 107 TYPE R CLASS 2</li></ul>,,,,
US380,Variant,,"This vest uses lightweight, cooling mesh fabric, with a zipper fastening. It includes 2 external chest pockets and 2 internal patch pockets.",https://d11ak7fd9ypfb7.cloudfront.net/styles1100px/US380ORR.jpg,,0.0,TRUE,InStock,0.135,,US380ORRXXXL,,,,Size,DROP_DOWN,XXXL,Color,DROP_DOWN,Orange,,,,,,,,,,,,,Fit,<p>R</p>,Length,<p>43</p>,Width,<p>28</p>,Height,<p>48</p>,Box Quantity,<p>60</p>,Inner Pack Quantity,<p>1</p>,Country Of Origin,<p>CN</p>,Standards,<ul><li>ANSI/ISEA 107 TYPE R CLASS 2</li></ul>,,,,
US380,Variant,,"This vest uses lightweight, cooling mesh fabric, with a zipper fastening. It includes 2 external chest pockets and 2 internal patch pockets.",https://d11ak7fd9ypfb7.cloudfront.net/styles1100px/US380YER.jpg,,0.0,TRUE,InStock,0.135,,US380YER4XL,,,,Size,DROP_DOWN,4XL,Color,DROP_DOWN,Yellow,,,,,,,,,,,,,Fit,<p>R</p>,Length,<p>43</p>,Width,<p>28</p>,Height,<p>48</p>,Box Quantity,<p>60</p>,Inner Pack Quantity,<p>1</p>,Country Of Origin,<p>CN</p>,Standards,<ul><li>ANSI/ISEA 107 TYPE R CLASS 2</li></ul>,,,,
US380,Variant,,"This vest uses lightweight, cooling mesh fabric, with a zipper fastening. It includes 2 external chest pockets and 2 internal patch pockets.",https://d11ak7fd9ypfb7.cloudfront.net/styles1100px/US380YER.jpg,,0.0,TRUE,InStock,0.135,,US380YER5XL,,,,Size,DROP_DOWN,5XL,Color,DROP_DOWN,Yellow,,,,,,,,,,,,,Fit,<p>R</p>,Length,<p>43</p>,Width,<p>28</p>,Height,<p>48</p>,Box Quantity,<p>60</p>,Inner Pack Quantity,<p>1</p>,Country Of Origin,<p>CN</p>,Standards,<ul><li>ANSI/ISEA 107 TYPE R CLASS 2</li></ul>,,,,
US380,Variant,,"This vest uses lightweight, cooling mesh fabric, with a zipper fastening. It includes 2 external chest pockets and 2 internal patch pockets.",https://d11ak7fd9ypfb7.cloudfront.net/styles1100px/US380YER.jpg,,0.0,TRUE,InStock,0.135,,US380YER6XL,,,,Size,DROP_DOWN,6XL,Color,DROP_DOWN,Yellow,,,,,,,,,,,,,Fit,<p>R</p>,Length,<p>43</p>,Width,<p>28</p>,Height,<p>48</p>,Box Quantity,<p>60</p>,Inner Pack Quantity,<p>1</p>,Country Of Origin,<p>CN</p>,Standards,<ul><li>ANSI/ISEA 107 TYPE R CLASS 2</li></ul>,,,,
US380,Variant,,"This vest uses lightweight, cooling mesh fabric, with a zipper fastening. It includes 2 external chest pockets and 2 internal patch pockets.",https://d11ak7fd9ypfb7.cloudfront.net/styles1100px/US380YER.jpg,,0.0,TRUE,InStock,0.135,,US380YER7XL,,,,Size,DROP_DOWN,7XL,Color,DROP_DOWN,Yellow,,,,,,,,,,,,,Fit,<p>R</p>,Length,<p>43</p>,Width,<p>28</p>,Height,<p>48</p>,Box Quantity,<p>60</p>,Inner Pack Quantity,<p>1</p>,Country Of Origin,<p>CN</p>,Standards,<ul><li>ANSI/ISEA 107 TYPE R CLASS 2</li></ul>,,,,
US380,Variant,,"This vest uses lightweight, cooling mesh fabric, with a zipper fastening. It includes 2 external chest pockets and 2 internal patch pockets.",https://d11ak7fd9ypfb7.cloudfront.net/styles1100px/US380YER.jpg,,0.0,TRUE,InStock,0.135,,US380YERL,,,,Size,DROP_DOWN,L,Color,DROP_DOWN,Yellow,,,,,,,,,,,,,Fit,<p>R</p>,Length,<p>43</p>,Width,<p>28</p>,Height,<p>48</p>,Box Quantity,<p>60</p>,Inner Pack Quantity,<p>1</p>,Country Of Origin,<p>CN</p>,Standards,<ul><li>ANSI/ISEA 107 TYPE R CLASS 2</li></ul>,,,,
US380,Variant,,"This vest uses lightweight, cooling mesh fabric, with a zipper fastening. It includes 2 external chest pockets and 2 internal patch pockets.",https://d11ak7fd9ypfb7.cloudfront.net/styles1100px/US380YER.jpg,,0.0,TRUE,InStock,0.135,,US380YERM,,,,Size,DROP_DOWN,M,Color,DROP_DOWN,Yellow,,,,,,,,,,,,,Fit,<p>R</p>,Length,<p>43</p>,Width,<p>28</p>,Height,<p>48</p>,Box Quantity,<p>60</p>,Inner Pack Quantity,<p>1</p>,Country Of Origin,<p>CN</p>,Standards,<ul><li>ANSI/ISEA 107 TYPE R CLASS 2</li></ul>,,,,
US380,Variant,,"This vest uses lightweight, cooling mesh fabric, with a zipper fastening. It includes 2 external chest pockets and 2 internal patch pockets.",https://d11ak7fd9ypfb7.cloudfront.net/styles1100px/US380YER.jpg,,0.0,TRUE,InStock,0.135,,US380YERS,,,,Size,DROP_DOWN,S,Color,DROP_DOWN,Yellow,,,,,,,,,,,,,Fit,<p>R</p>,Length,<p>43</p>,Width,<p>28</p>,Height,<p>48</p>,Box Quantity,<p>60</p>,Inner Pack Quantity,<p>1</p>,Country Of Origin,<p>CN</p>,Standards,<ul><li>ANSI/ISEA 107 TYPE R CLASS 2</li></ul>,,,,
US380,Variant,,"This vest uses lightweight, cooling mesh fabric, with a zipper fastening. It includes 2 external chest pockets and 2 internal patch pockets.",https://d11ak7fd9ypfb7.cloudfront.net/styles1100px/US380YER.jpg,,0.0,TRUE,InStock,0.135,,US380YERXL,,,,Size,DROP_DOWN,XL,Color,DROP_DOWN,Yellow,,,,,,,,,,,,,Fit,<p>R</p>,Length,<p>43</p>,Width,<p>28</p>,Height,<p>48</p>,Box Quantity,<p>60</p>,Inner Pack Quantity,<p>1</p>,Country Of Origin,<p>CN</p>,Standards,<ul><li>ANSI/ISEA 107 TYPE R CLASS 2</li></ul>,,,,
US380,Variant,,"This vest uses lightweight, cooling mesh fabric, with a zipper fastening. It includes 2 external chest pockets and 2 internal patch pockets.",https://d11ak7fd9ypfb7.cloudfront.net/styles1100px/US380YER.jpg,,0.0,TRUE,InStock,0.135,,US380YERXS,,,,Size,DROP_DOWN,XS,Color,DROP_DOWN,Yellow,,,,,,,,,,,,,Fit,<p>R</p>,Length,<p>43</p>,Width,<p>28</p>,Height,<p>48</p>,Box Quantity,<p>60</p>,Inner Pack Quantity,<p>1</p>,Country Of Origin,<p>CN</p>,Standards,<ul><li>ANSI/ISEA 107 TYPE R CLASS 2</li></ul>,,,,
US380,Variant,,"This vest uses lightweight, cooling mesh fabric, with a zipper fastening. It includes 2 external chest pockets and 2 internal patch pockets.",https://d11ak7fd9ypfb7.cloudfront.net/styles1100px/US380YER.jpg,,0.0,TRUE,InStock,0.135,,US380YERXXL,,,,Size,DROP_DOWN,XXL,Color,DROP_DOWN,Yellow,,,,,,,,,,,,,Fit,<p>R</p>,Length,<p>43</p>,Width,<p>28</p>,Height,<p>48</p>,Box Quantity,<p>60</p>,Inner Pack Quantity,<p>1</p>,Country Of Origin,<p>CN</p>,Standards,<ul><li>ANSI/ISEA 107 TYPE R CLASS 2</li></ul>,,,,
US380,Variant,,"This vest uses lightweight, cooling mesh fabric, with a zipper fastening. It includes 2 external chest pockets and 2 internal patch pockets.",https://d11ak7fd9ypfb7.cloudfront.net/styles1100px/US380YER.jpg,,0.0,TRUE,InStock,0.135,,US380YERXXXL,,,,Size,DROP_DOWN,XXXL,Color,DROP_DOWN,Yellow,,,,,,,,,,,,,Fit,<p>R</p>,Length,<p>43</p>,Width,<p>28</p>,Height,<p>48</p>,Box Quantity,<p>60</p>,Inner Pack Quantity,<p>1</p>,Country Of Origin,<p>CN</p>,Standards,<ul><li>ANSI/ISEA 107 TYPE R CLASS 2</li></ul>,,,,
US381,Product,US381 - Frisco Contrast Vest,"This vest uses lightweight, cooling mesh fabric, with a zipper fastening. It includes 2 external chest pockets, 2 internal patch pockets and contrast reflective tape design.",https://d11ak7fd9ypfb7.cloudfront.net/styles1100px/US381ORR.jpg,11.9,0.0,TRUE,InStock,0.185,,US381ORR4XL,,,,Size,DROP_DOWN,S;M;L;XL;XXL;XXXL;4XL;5XL,Color,DROP_DOWN,Yellow;Orange,,,,,,,,,,,,,Fit,<p>R</p>,Length,<p>43</p>,Width,<p>28</p>,Height,<p>48</p>,Box Quantity,<p>60</p>,Inner Pack Quantity,<p>1</p>,Country Of Origin,<p>CN</p>,Standards,<ul><li>ANSI/ISEA 107 TYPE R CLASS 2</li></ul>,,,,
US381,Variant,,"This vest uses lightweight, cooling mesh fabric, with a zipper fastening. It includes 2 external chest pockets, 2 internal patch pockets and contrast reflective tape design.",https://d11ak7fd9ypfb7.cloudfront.net/styles1100px/US381ORR.jpg,,0.0,TRUE,InStock,0.185,,US381ORR4XL,,,,Size,DROP_DOWN,4XL,Color,DROP_DOWN,Orange,,,,,,,,,,,,,Fit,<p>R</p>,Length,<p>43</p>,Width,<p>28</p>,Height,<p>48</p>,Box Quantity,<p>60</p>,Inner Pack Quantity,<p>1</p>,Country Of Origin,<p>CN</p>,Standards,<ul><li>ANSI/ISEA 107 TYPE R CLASS 2</li></ul>,,,,
US381,Variant,,"This vest uses lightweight, cooling mesh fabric, with a zipper fastening. It includes 2 external chest pockets, 2 internal patch pockets and contrast reflective tape design.",https://d11ak7fd9ypfb7.cloudfront.net/styles1100px/US381ORR.jpg,,0.0,TRUE,InStock,0.185,,US381ORR5XL,,,,Size,DROP_DOWN,5XL,Color,DROP_DOWN,Orange,,,,,,,,,,,,,Fit,<p>R</p>,Length,<p>43</p>,Width,<p>28</p>,Height,<p>48</p>,Box Quantity,<p>60</p>,Inner Pack Quantity,<p>1</p>,Country Of Origin,<p>CN</p>,Standards,<ul><li>ANSI/ISEA 107 TYPE R CLASS 2</li></ul>,,,,
US381,Variant,,"This vest uses lightweight, cooling mesh fabric, with a zipper fastening. It includes 2 external chest pockets, 2 internal patch pockets and contrast reflective tape design.",https://d11ak7fd9ypfb7.cloudfront.net/styles1100px/US381ORR.jpg,,0.0,TRUE,InStock,0.185,,US381ORRL,,,,Size,DROP_DOWN,L,Color,DROP_DOWN,Orange,,,,,,,,,,,,,Fit,<p>R</p>,Length,<p>43</p>,Width,<p>28</p>,Height,<p>48</p>,Box Quantity,<p>60</p>,Inner Pack Quantity,<p>1</p>,Country Of Origin,<p>CN</p>,Standards,<ul><li>ANSI/ISEA 107 TYPE R CLASS 2</li></ul>,,,,
US381,Variant,,"This vest uses lightweight, cooling mesh fabric, with a zipper fastening. It includes 2 external chest pockets, 2 internal patch pockets and contrast reflective tape design.",https://d11ak7fd9ypfb7.cloudfront.net/styles1100px/US381ORR.jpg,,0.0,TRUE,InStock,0.185,,US381ORRM,,,,Size,DROP_DOWN,M,Color,DROP_DOWN,Orange,,,,,,,,,,,,,Fit,<p>R</p>,Length,<p>43</p>,Width,<p>28</p>,Height,<p>48</p>,Box Quantity,<p>60</p>,Inner Pack Quantity,<p>1</p>,Country Of Origin,<p>CN</p>,Standards,<ul><li>ANSI/ISEA 107 TYPE R CLASS 2</li></ul>,,,,
US381,Variant,,"This vest uses lightweight, cooling mesh fabric, with a zipper fastening. It includes 2 external chest pockets, 2 internal patch pockets and contrast reflective tape design.",https://d11ak7fd9ypfb7.cloudfront.net/styles1100px/US381ORR.jpg,,0.0,TRUE,InStock,0.185,,US381ORRXL,,,,Size,DROP_DOWN,XL,Color,DROP_DOWN,Orange,,,,,,,,,,,,,Fit,<p>R</p>,Length,<p>43</p>,Width,<p>28</p>,Height,<p>48</p>,Box Quantity,<p>60</p>,Inner Pack Quantity,<p>1</p>,Country Of Origin,<p>CN</p>,Standards,<ul><li>ANSI/ISEA 107 TYPE R CLASS 2</li></ul>,,,,
US381,Variant,,"This vest uses lightweight, cooling mesh fabric, with a zipper fastening. It includes 2 external chest pockets, 2 internal patch pockets and contrast reflective tape design.",https://d11ak7fd9ypfb7.cloudfront.net/styles1100px/US381ORR.jpg,,0.0,TRUE,InStock,0.185,,US381ORRXXL,,,,Size,DROP_DOWN,XXL,Color,DROP_DOWN,Orange,,,,,,,,,,,,,Fit,<p>R</p>,Length,<p>43</p>,Width,<p>28</p>,Height,<p>48</p>,Box Quantity,<p>60</p>,Inner Pack Quantity,<p>1</p>,Country Of Origin,<p>CN</p>,Standards,<ul><li>ANSI/ISEA 107 TYPE R CLASS 2</li></ul>,,,,
US381,Variant,,"This vest uses lightweight, cooling mesh fabric, with a zipper fastening. It includes 2 external chest pockets, 2 internal patch pockets and contrast reflective tape design.",https://d11ak7fd9ypfb7.cloudfront.net/styles1100px/US381ORR.jpg,,0.0,TRUE,InStock,0.185,,US381ORRXXXL,,,,Size,DROP_DOWN,XXXL,Color,DROP_DOWN,Orange,,,,,,,,,,,,,Fit,<p>R</p>,Length,<p>43</p>,Width,<p>28</p>,Height,<p>48</p>,Box Quantity,<p>60</p>,Inner Pack Quantity,<p>1</p>,Country Of Origin,<p>CN</p>,Standards,<ul><li>ANSI/ISEA 107 TYPE R CLASS 2</li></ul>,,,,
US381,Variant,,"This vest uses lightweight, cooling mesh fabric, with a zipper fastening. It includes 2 external chest pockets, 2 internal patch pockets and contrast reflective tape design.",https://d11ak7fd9ypfb7.cloudfront.net/styles1100px/US381YER.jpg,,0.0,TRUE,InStock,0.185,,US381YER4XL,,,,Size,DROP_DOWN,4XL,Color,DROP_DOWN,Yellow,,,,,,,,,,,,,Fit,<p>R</p>,Length,<p>43</p>,Width,<p>28</p>,Height,<p>48</p>,Box Quantity,<p>60</p>,Inner Pack Quantity,<p>1</p>,Country Of Origin,<p>CN</p>,Standards,<ul><li>ANSI/ISEA 107 TYPE R CLASS 2</li></ul>,,,,
US381,Variant,,"This vest uses lightweight, cooling mesh fabric, with a zipper fastening. It includes 2 external chest pockets, 2 internal patch pockets and contrast reflective tape design.",https://d11ak7fd9ypfb7.cloudfront.net/styles1100px/US381YER.jpg,,0.0,TRUE,InStock,0.185,,US381YER5XL,,,,Size,DROP_DOWN,5XL,Color,DROP_DOWN,Yellow,,,,,,,,,,,,,Fit,<p>R</p>,Length,<p>43</p>,Width,<p>28</p>,Height,<p>48</p>,Box Quantity,<p>60</p>,Inner Pack Quantity,<p>1</p>,Country Of Origin,<p>CN</p>,Standards,<ul><li>ANSI/ISEA 107 TYPE R CLASS 2</li></ul>,,,,
US381,Variant,,"This vest uses lightweight, cooling mesh fabric, with a zipper fastening. It includes 2 external chest pockets, 2 internal patch pockets and contrast reflective tape design.",https://d11ak7fd9ypfb7.cloudfront.net/styles1100px/US381YER.jpg,,0.0,TRUE,InStock,0.185,,US381YERL,,,,Size,DROP_DOWN,L,Color,DROP_DOWN,Yellow,,,,,,,,,,,,,Fit,<p>R</p>,Length,<p>43</p>,Width,<p>28</p>,Height,<p>48</p>,Box Quantity,<p>60</p>,Inner Pack Quantity,<p>1</p>,Country Of Origin,<p>CN</p>,Standards,<ul><li>ANSI/ISEA 107 TYPE R CLASS 2</li></ul>,,,,
US381,Variant,,"This vest uses lightweight, cooling mesh fabric, with a zipper fastening. It includes 2 external chest pockets, 2 internal patch pockets and contrast reflective tape design.",https://d11ak7fd9ypfb7.cloudfront.net/styles1100px/US381YER.jpg,,0.0,TRUE,InStock,0.185,,US381YERM,,,,Size,DROP_DOWN,M,Color,DROP_DOWN,Yellow,,,,,,,,,,,,,Fit,<p>R</p>,Length,<p>43</p>,Width,<p>28</p>,Height,<p>48</p>,Box Quantity,<p>60</p>,Inner Pack Quantity,<p>1</p>,Country Of Origin,<p>CN</p>,Standards,<ul><li>ANSI/ISEA 107 TYPE R CLASS 2</li></ul>,,,,
US381,Variant,,"This vest uses lightweight, cooling mesh fabric, with a zipper fastening. It includes 2 external chest pockets, 2 internal patch pockets and contrast reflective tape design.",https://d11ak7fd9ypfb7.cloudfront.net/styles1100px/US381YER.jpg,,0.0,TRUE,InStock,0.185,,US381YERS,,,,Size,DROP_DOWN,S,Color,DROP_DOWN,Yellow,,,,,,,,,,,,,Fit,<p>R</p>,Length,<p>43</p>,Width,<p>28</p>,Height,<p>48</p>,Box Quantity,<p>60</p>,Inner Pack Quantity,<p>1</p>,Country Of Origin,<p>CN</p>,Standards,<ul><li>ANSI/ISEA 107 TYPE R CLASS 2</li></ul>,,,,
US381,Variant,,"This vest uses lightweight, cooling mesh fabric, with a zipper fastening. It includes 2 external chest pockets, 2 internal patch pockets and contrast reflective tape design.",https://d11ak7fd9ypfb7.cloudfront.net/styles1100px/US381YER.jpg,,0.0,TRUE,InStock,0.185,,US381YERXL,,,,Size,DROP_DOWN,XL,Color,DROP_DOWN,Yellow,,,,,,,,,,,,,Fit,<p>R</p>,Length,<p>43</p>,Width,<p>28</p>,Height,<p>48</p>,Box Quantity,<p>60</p>,Inner Pack Quantity,<p>1</p>,Country Of Origin,<p>CN</p>,Standards,<ul><li>ANSI/ISEA 107 TYPE R CLASS 2</li></ul>,,,,
US381,Variant,,"This vest uses lightweight, cooling mesh fabric, with a zipper fastening. It includes 2 external chest pockets, 2 internal patch pockets and contrast reflective tape design.",https://d11ak7fd9ypfb7.cloudfront.net/styles1100px/US381YER.jpg,,0.0,TRUE,InStock,0.185,,US381YERXXL,,,,Size,DROP_DOWN,XXL,Color,DROP_DOWN,Yellow,,,,,,,,,,,,,Fit,<p>R</p>,Length,<p>43</p>,Width,<p>28</p>,Height,<p>48</p>,Box Quantity,<p>60</p>,Inner Pack Quantity,<p>1</p>,Country Of Origin,<p>CN</p>,Standards,<ul><li>ANSI/ISEA 107 TYPE R CLASS 2</li></ul>,,,,
US381,Variant,,"This vest uses lightweight, cooling mesh fabric, with a zipper fastening. It includes 2 external chest pockets, 2 internal patch pockets and contrast reflective tape design.",https://d11ak7fd9ypfb7.cloudfront.net/styles1100px/US381YER.jpg,,0.0,TRUE,InStock,0.185,,US381YERXXXL,,,,Size,DROP_DOWN,XXXL,Color,DROP_DOWN,Yellow,,,,,,,,,,,,,Fit,<p>R</p>,Length,<p>43</p>,Width,<p>28</p>,Height,<p>48</p>,Box Quantity,<p>60</p>,Inner Pack Quantity,<p>1</p>,Country Of Origin,<p>CN</p>,Standards,<ul><li>ANSI/ISEA 107 TYPE R CLASS 2</li></ul>,,,,
US382,Product,US382 - Kobuk Breakaway Vest,"Stay visible and cool in Kobuk Breakaway Vest. The mesh top allows for maximum breathability and airflow, ensuring a cool and comfortable wear, and this vest features a 5 point breakaway system for safety.",https://d11ak7fd9ypfb7.cloudfront.net/styles1100px/US382YER.jpg,22.8,0.0,TRUE,InStock,0.999,,US382YER4XL,,,,Size,DROP_DOWN,S;M;L;XL;XXL;XXXL;4XL;5XL;6XL,Color,DROP_DOWN,Yellow,,,,,,,,,,,,,Fit,<p>R</p>,Length,<p>43</p>,Width,<p>28</p>,Height,<p>60</p>,Box Quantity,<p>48</p>,Inner Pack Quantity,<p>1</p>,Country Of Origin,<p>CN</p>,Standards,<ul><li>ANSI/ISEA 107 TYPE R CLASS 3</li></ul>,,,,
US382,Variant,,"Stay visible and cool in Kobuk Breakaway Vest. The mesh top allows for maximum breathability and airflow, ensuring a cool and comfortable wear, and this vest features a 5 point breakaway system for safety.",https://d11ak7fd9ypfb7.cloudfront.net/styles1100px/US382YER.jpg,,0.0,TRUE,InStock,0.999,,US382YER4XL,,,,Size,DROP_DOWN,4XL,Color,DROP_DOWN,Yellow,,,,,,,,,,,,,Fit,<p>R</p>,Length,<p>43</p>,Width,<p>28</p>,Height,<p>60</p>,Box Quantity,<p>48</p>,Inner Pack Quantity,<p>1</p>,Country Of Origin,<p>CN</p>,Standards,<ul><li>ANSI/ISEA 107 TYPE R CLASS 3</li></ul>,,,,
US382,Variant,,"Stay visible and cool in Kobuk Breakaway Vest. The mesh top allows for maximum breathability and airflow, ensuring a cool and comfortable wear, and this vest features a 5 point breakaway system for safety.",https://d11ak7fd9ypfb7.cloudfront.net/styles1100px/US382YER.jpg,,0.0,TRUE,InStock,0.999,,US382YER5XL,,,,Size,DROP_DOWN,5XL,Color,DROP_DOWN,Yellow,,,,,,,,,,,,,Fit,<p>R</p>,Length,<p>43</p>,Width,<p>28</p>,Height,<p>60</p>,Box Quantity,<p>48</p>,Inner Pack Quantity,<p>1</p>,Country Of Origin,<p>CN</p>,Standards,<ul><li>ANSI/ISEA 107 TYPE R CLASS 3</li></ul>,,,,
US382,Variant,,"Stay visible and cool in Kobuk Breakaway Vest. The mesh top allows for maximum breathability and airflow, ensuring a cool and comfortable wear, and this vest features a 5 point breakaway system for safety.",https://d11ak7fd9ypfb7.cloudfront.net/styles1100px/US382YER.jpg,,0.0,TRUE,InStock,0.999,,US382YER6XL,,,,Size,DROP_DOWN,6XL,Color,DROP_DOWN,Yellow,,,,,,,,,,,,,Fit,<p>R</p>,Length,<p>43</p>,Width,<p>28</p>,Height,<p>60</p>,Box Quantity,<p>48</p>,Inner Pack Quantity,<p>1</p>,Country Of Origin,<p>CN</p>,Standards,<ul><li>ANSI/ISEA 107 TYPE R CLASS 3</li></ul>,,,,
US382,Variant,,"Stay visible and cool in Kobuk Breakaway Vest. The mesh top allows for maximum breathability and airflow, ensuring a cool and comfortable wear, and this vest features a 5 point breakaway system for safety.",https://d11ak7fd9ypfb7.cloudfront.net/styles1100px/US382YER.jpg,,0.0,TRUE,InStock,0.999,,US382YERL,,,,Size,DROP_DOWN,L,Color,DROP_DOWN,Yellow,,,,,,,,,,,,,Fit,<p>R</p>,Length,<p>43</p>,Width,<p>28</p>,Height,<p>60</p>,Box Quantity,<p>48</p>,Inner Pack Quantity,<p>1</p>,Country Of Origin,<p>CN</p>,Standards,<ul><li>ANSI/ISEA 107 TYPE R CLASS 3</li></ul>,,,,
US382,Variant,,"Stay visible and cool in Kobuk Breakaway Vest. The mesh top allows for maximum breathability and airflow, ensuring a cool and comfortable wear, and this vest features a 5 point breakaway system for safety.",https://d11ak7fd9ypfb7.cloudfront.net/styles1100px/US382YER.jpg,,0.0,TRUE,InStock,0.999,,US382YERM,,,,Size,DROP_DOWN,M,Color,DROP_DOWN,Yellow,,,,,,,,,,,,,Fit,<p>R</p>,Length,<p>43</p>,Width,<p>28</p>,Height,<p>60</p>,Box Quantity,<p>48</p>,Inner Pack Quantity,<p>1</p>,Country Of Origin,<p>CN</p>,Standards,<ul><li>ANSI/ISEA 107 TYPE R CLASS 3</li></ul>,,,,
US382,Variant,,"Stay visible and cool in Kobuk Breakaway Vest. The mesh top allows for maximum breathability and airflow, ensuring a cool and comfortable wear, and this vest features a 5 point breakaway system for safety.",https://d11ak7fd9ypfb7.cloudfront.net/styles1100px/US382YER.jpg,,0.0,TRUE,InStock,0.999,,US382YERS,,,,Size,DROP_DOWN,S,Color,DROP_DOWN,Yellow,,,,,,,,,,,,,Fit,<p>R</p>,Length,<p>43</p>,Width,<p>28</p>,Height,<p>60</p>,Box Quantity,<p>48</p>,Inner Pack Quantity,<p>1</p>,Country Of Origin,<p>CN</p>,Standards,<ul><li>ANSI/ISEA 107 TYPE R CLASS 3</li></ul>,,,,
US382,Variant,,"Stay visible and cool in Kobuk Breakaway Vest. The mesh top allows for maximum breathability and airflow, ensuring a cool and comfortable wear, and this vest features a 5 point breakaway system for safety.",https://d11ak7fd9ypfb7.cloudfront.net/styles1100px/US382YER.jpg,,0.0,TRUE,InStock,0.999,,US382YERXL,,,,Size,DROP_DOWN,XL,Color,DROP_DOWN,Yellow,,,,,,,,,,,,,Fit,<p>R</p>,Length,<p>43</p>,Width,<p>28</p>,Height,<p>60</p>,Box Quantity,<p>48</p>,Inner Pack Quantity,<p>1</p>,Country Of Origin,<p>CN</p>,Standards,<ul><li>ANSI/ISEA 107 TYPE R CLASS 3</li></ul>,,,,
US382,Variant,,"Stay visible and cool in Kobuk Breakaway Vest. The mesh top allows for maximum breathability and airflow, ensuring a cool and comfortable wear, and this vest features a 5 point breakaway system for safety.",https://d11ak7fd9ypfb7.cloudfront.net/styles1100px/US382YER.jpg,,0.0,TRUE,InStock,0.999,,US382YERXXL,,,,Size,DROP_DOWN,XXL,Color,DROP_DOWN,Yellow,,,,,,,,,,,,,Fit,<p>R</p>,Length,<p>43</p>,Width,<p>28</p>,Height,<p>60</p>,Box Quantity,<p>48</p>,Inner Pack Quantity,<p>1</p>,Country Of Origin,<p>CN</p>,Standards,<ul><li>ANSI/ISEA 107 TYPE R CLASS 3</li></ul>,,,,
US382,Variant,,"Stay visible and cool in Kobuk Breakaway Vest. The mesh top allows for maximum breathability and airflow, ensuring a cool and comfortable wear, and this vest features a 5 point breakaway system for safety.",https://d11ak7fd9ypfb7.cloudfront.net/styles1100px/US382YER.jpg,,0.0,TRUE,InStock,0.999,,US382YERXXXL,,,,Size,DROP_DOWN,XXXL,Color,DROP_DOWN,Yellow,,,,,,,,,,,,,Fit,<p>R</p>,Length,<p>43</p>,Width,<p>28</p>,Height,<p>60</p>,Box Quantity,<p>48</p>,Inner Pack Quantity,<p>1</p>,Country Of Origin,<p>CN</p>,Standards,<ul><li>ANSI/ISEA 107 TYPE R CLASS 3</li></ul>,,,,
US383,Product,US383 - Augusta Sleeved Hi-Vis Vest,"The Augusta Sleeved Hi-Vis Vest uses lightweight, cooling mesh fabric, with a zipper fastening. It includes 2 external chest pockets, 2 internal patch pockets and contrast reflective tape design.",https://d11ak7fd9ypfb7.cloudfront.net/styles1100px/US383ORR.jpg,15.6,0.0,TRUE,InStock,0.26,,US383ORR4XL,,,,Size,DROP_DOWN,S;M;L;XL;XXL;XXXL;4XL;5XL;6XL;7XL,Color,DROP_DOWN,Yellow;Orange,,,,,,,,,,,,,Fit,<p>R</p>,Length,<p>43</p>,Width,<p>28</p>,Height,<p>52</p>,Box Quantity,<p>48</p>,Inner Pack Quantity,<p>1</p>,Country Of Origin,<p>CN</p>,Standards,<ul><li>PORTWE.A042617B</li><li>ANSI/ISEA 107 TYPE R CLASS 3</li></ul>,,,,
US383,Variant,,"The Augusta Sleeved Hi-Vis Vest uses lightweight, cooling mesh fabric, with a zipper fastening. It includes 2 external chest pockets, 2 internal patch pockets and contrast reflective tape design.",https://d11ak7fd9ypfb7.cloudfront.net/styles1100px/US383ORR.jpg,,0.0,TRUE,InStock,0.26,,US383ORR4XL,,,,Size,DROP_DOWN,4XL,Color,DROP_DOWN,Orange,,,,,,,,,,,,,Fit,<p>R</p>,Length,<p>43</p>,Width,<p>28</p>,Height,<p>52</p>,Box Quantity,<p>48</p>,Inner Pack Quantity,<p>1</p>,Country Of Origin,<p>CN</p>,Standards,<ul><li>PORTWE.A042617B</li><li>ANSI/ISEA 107 TYPE R CLASS 3</li></ul>,,,,
US383,Variant,,"The Augusta Sleeved Hi-Vis Vest uses lightweight, cooling mesh fabric, with a zipper fastening. It includes 2 external chest pockets, 2 internal patch pockets and contrast reflective tape design.",https://d11ak7fd9ypfb7.cloudfront.net/styles1100px/US383ORR.jpg,,0.0,TRUE,InStock,0.26,,US383ORR5XL,,,,Size,DROP_DOWN,5XL,Color,DROP_DOWN,Orange,,,,,,,,,,,,,Fit,<p>R</p>,Length,<p>43</p>,Width,<p>28</p>,Height,<p>52</p>,Box Quantity,<p>48</p>,Inner Pack Quantity,<p>1</p>,Country Of Origin,<p>CN</p>,Standards,<ul><li>PORTWE.A042617B</li><li>ANSI/ISEA 107 TYPE R CLASS 3</li></ul>,,,,
US383,Variant,,"The Augusta Sleeved Hi-Vis Vest uses lightweight, cooling mesh fabric, with a zipper fastening. It includes 2 external chest pockets, 2 internal patch pockets and contrast reflective tape design.",https://d11ak7fd9ypfb7.cloudfront.net/styles1100px/US383ORR.jpg,,0.0,TRUE,InStock,0.26,,US383ORRL,,,,Size,DROP_DOWN,L,Color,DROP_DOWN,Orange,,,,,,,,,,,,,Fit,<p>R</p>,Length,<p>43</p>,Width,<p>28</p>,Height,<p>52</p>,Box Quantity,<p>48</p>,Inner Pack Quantity,<p>1</p>,Country Of Origin,<p>CN</p>,Standards,<ul><li>PORTWE.A042617B</li><li>ANSI/ISEA 107 TYPE R CLASS 3</li></ul>,,,,
US383,Variant,,"The Augusta Sleeved Hi-Vis Vest uses lightweight, cooling mesh fabric, with a zipper fastening. It includes 2 external chest pockets, 2 internal patch pockets and contrast reflective tape design.",https://d11ak7fd9ypfb7.cloudfront.net/styles1100px/US383ORR.jpg,,0.0,TRUE,InStock,0.26,,US383ORRM,,,,Size,DROP_DOWN,M,Color,DROP_DOWN,Orange,,,,,,,,,,,,,Fit,<p>R</p>,Length,<p>43</p>,Width,<p>28</p>,Height,<p>52</p>,Box Quantity,<p>48</p>,Inner Pack Quantity,<p>1</p>,Country Of Origin,<p>CN</p>,Standards,<ul><li>PORTWE.A042617B</li><li>ANSI/ISEA 107 TYPE R CLASS 3</li></ul>,,,,
US383,Variant,,"The Augusta Sleeved Hi-Vis Vest uses lightweight, cooling mesh fabric, with a zipper fastening. It includes 2 external chest pockets, 2 internal patch pockets and contrast reflective tape design.",https://d11ak7fd9ypfb7.cloudfront.net/styles1100px/US383ORR.jpg,,0.0,TRUE,InStock,0.26,,US383ORRS,,,,Size,DROP_DOWN,S,Color,DROP_DOWN,Orange,,,,,,,,,,,,,Fit,<p>R</p>,Length,<p>43</p>,Width,<p>28</p>,Height,<p>52</p>,Box Quantity,<p>48</p>,Inner Pack Quantity,<p>1</p>,Country Of Origin,<p>CN</p>,Standards,<ul><li>PORTWE.A042617B</li><li>ANSI/ISEA 107 TYPE R CLASS 3</li></ul>,,,,
US383,Variant,,"The Augusta Sleeved Hi-Vis Vest uses lightweight, cooling mesh fabric, with a zipper fastening. It includes 2 external chest pockets, 2 internal patch pockets and contrast reflective tape design.",https://d11ak7fd9ypfb7.cloudfront.net/styles1100px/US383ORR.jpg,,0.0,TRUE,InStock,0.26,,US383ORRXL,,,,Size,DROP_DOWN,XL,Color,DROP_DOWN,Orange,,,,,,,,,,,,,Fit,<p>R</p>,Length,<p>43</p>,Width,<p>28</p>,Height,<p>52</p>,Box Quantity,<p>48</p>,Inner Pack Quantity,<p>1</p>,Country Of Origin,<p>CN</p>,Standards,<ul><li>PORTWE.A042617B</li><li>ANSI/ISEA 107 TYPE R CLASS 3</li></ul>,,,,
US383,Variant,,"The Augusta Sleeved Hi-Vis Vest uses lightweight, cooling mesh fabric, with a zipper fastening. It includes 2 external chest pockets, 2 internal patch pockets and contrast reflective tape design.",https://d11ak7fd9ypfb7.cloudfront.net/styles1100px/US383ORR.jpg,,0.0,TRUE,InStock,0.26,,US383ORRXXL,,,,Size,DROP_DOWN,XXL,Color,DROP_DOWN,Orange,,,,,,,,,,,,,Fit,<p>R</p>,Length,<p>43</p>,Width,<p>28</p>,Height,<p>52</p>,Box Quantity,<p>48</p>,Inner Pack Quantity,<p>1</p>,Country Of Origin,<p>CN</p>,Standards,<ul><li>PORTWE.A042617B</li><li>ANSI/ISEA 107 TYPE R CLASS 3</li></ul>,,,,
US383,Variant,,"The Augusta Sleeved Hi-Vis Vest uses lightweight, cooling mesh fabric, with a zipper fastening. It includes 2 external chest pockets, 2 internal patch pockets and contrast reflective tape design.",https://d11ak7fd9ypfb7.cloudfront.net/styles1100px/US383ORR.jpg,,0.0,TRUE,InStock,0.26,,US383ORRXXXL,,,,Size,DROP_DOWN,XXXL,Color,DROP_DOWN,Orange,,,,,,,,,,,,,Fit,<p>R</p>,Length,<p>43</p>,Width,<p>28</p>,Height,<p>52</p>,Box Quantity,<p>48</p>,Inner Pack Quantity,<p>1</p>,Country Of Origin,<p>CN</p>,Standards,<ul><li>PORTWE.A042617B</li><li>ANSI/ISEA 107 TYPE R CLASS 3</li></ul>,,,,
US383,Variant,,"The Augusta Sleeved Hi-Vis Vest uses lightweight, cooling mesh fabric, with a zipper fastening. It includes 2 external chest pockets, 2 internal patch pockets and contrast reflective tape design.",https://d11ak7fd9ypfb7.cloudfront.net/styles1100px/US383YER.jpg,,0.0,TRUE,InStock,0.26,,US383YER4XL,,,,Size,DROP_DOWN,4XL,Color,DROP_DOWN,Yellow,,,,,,,,,,,,,Fit,<p>R</p>,Length,<p>43</p>,Width,<p>28</p>,Height,<p>52</p>,Box Quantity,<p>48</p>,Inner Pack Quantity,<p>1</p>,Country Of Origin,<p>CN</p>,Standards,<ul><li>PORTWE.A042617B</li><li>ANSI/ISEA 107 TYPE R CLASS 3</li></ul>,,,,
US383,Variant,,"The Augusta Sleeved Hi-Vis Vest uses lightweight, cooling mesh fabric, with a zipper fastening. It includes 2 external chest pockets, 2 internal patch pockets and contrast reflective tape design.",https://d11ak7fd9ypfb7.cloudfront.net/styles1100px/US383YER.jpg,,0.0,TRUE,InStock,0.26,,US383YER5XL,,,,Size,DROP_DOWN,5XL,Color,DROP_DOWN,Yellow,,,,,,,,,,,,,Fit,<p>R</p>,Length,<p>43</p>,Width,<p>28</p>,Height,<p>52</p>,Box Quantity,<p>48</p>,Inner Pack Quantity,<p>1</p>,Country Of Origin,<p>CN</p>,Standards,<ul><li>PORTWE.A042617B</li><li>ANSI/ISEA 107 TYPE R CLASS 3</li></ul>,,,,
US383,Variant,,"The Augusta Sleeved Hi-Vis Vest uses lightweight, cooling mesh fabric, with a zipper fastening. It includes 2 external chest pockets, 2 internal patch pockets and contrast reflective tape design.",https://d11ak7fd9ypfb7.cloudfront.net/styles1100px/US383YER.jpg,,0.0,TRUE,InStock,0.26,,US383YER6XL,,,,Size,DROP_DOWN,6XL,Color,DROP_DOWN,Yellow,,,,,,,,,,,,,Fit,<p>R</p>,Length,<p>43</p>,Width,<p>28</p>,Height,<p>52</p>,Box Quantity,<p>48</p>,Inner Pack Quantity,<p>1</p>,Country Of Origin,<p>CN</p>,Standards,<ul><li>PORTWE.A042617B</li><li>ANSI/ISEA 107 TYPE R CLASS 3</li></ul>,,,,
US383,Variant,,"The Augusta Sleeved Hi-Vis Vest uses lightweight, cooling mesh fabric, with a zipper fastening. It includes 2 external chest pockets, 2 internal patch pockets and contrast reflective tape design.",https://d11ak7fd9ypfb7.cloudfront.net/styles1100px/US383YER.jpg,,0.0,TRUE,InStock,0.26,,US383YER7XL,,,,Size,DROP_DOWN,7XL,Color,DROP_DOWN,Yellow,,,,,,,,,,,,,Fit,<p>R</p>,Length,<p>43</p>,Width,<p>28</p>,Height,<p>52</p>,Box Quantity,<p>48</p>,Inner Pack Quantity,<p>1</p>,Country Of Origin,<p>CN</p>,Standards,<ul><li>PORTWE.A042617B</li><li>ANSI/ISEA 107 TYPE R CLASS 3</li></ul>,,,,
US383,Variant,,"The Augusta Sleeved Hi-Vis Vest uses lightweight, cooling mesh fabric, with a zipper fastening. It includes 2 external chest pockets, 2 internal patch pockets and contrast reflective tape design.",https://d11ak7fd9ypfb7.cloudfront.net/styles1100px/US383YER.jpg,,0.0,TRUE,InStock,0.26,,US383YERL,,,,Size,DROP_DOWN,L,Color,DROP_DOWN,Yellow,,,,,,,,,,,,,Fit,<p>R</p>,Length,<p>43</p>,Width,<p>28</p>,Height,<p>52</p>,Box Quantity,<p>48</p>,Inner Pack Quantity,<p>1</p>,Country Of Origin,<p>CN</p>,Standards,<ul><li>PORTWE.A042617B</li><li>ANSI/ISEA 107 TYPE R CLASS 3</li></ul>,,,,
US383,Variant,,"The Augusta Sleeved Hi-Vis Vest uses lightweight, cooling mesh fabric, with a zipper fastening. It includes 2 external chest pockets, 2 internal patch pockets and contrast reflective tape design.",https://d11ak7fd9ypfb7.cloudfront.net/styles1100px/US383YER.jpg,,0.0,TRUE,InStock,0.26,,US383YERM,,,,Size,DROP_DOWN,M,Color,DROP_DOWN,Yellow,,,,,,,,,,,,,Fit,<p>R</p>,Length,<p>43</p>,Width,<p>28</p>,Height,<p>52</p>,Box Quantity,<p>48</p>,Inner Pack Quantity,<p>1</p>,Country Of Origin,<p>CN</p>,Standards,<ul><li>PORTWE.A042617B</li><li>ANSI/ISEA 107 TYPE R CLASS 3</li></ul>,,,,
US383,Variant,,"The Augusta Sleeved Hi-Vis Vest uses lightweight, cooling mesh fabric, with a zipper fastening. It includes 2 external chest pockets, 2 internal patch pockets and contrast reflective tape design.",https://d11ak7fd9ypfb7.cloudfront.net/styles1100px/US383YER.jpg,,0.0,TRUE,InStock,0.25,,US383YERS,,,,Size,DROP_DOWN,S,Color,DROP_DOWN,Yellow,,,,,,,,,,,,,Fit,<p>R</p>,Length,<p>43</p>,Width,<p>28</p>,Height,<p>52</p>,Box Quantity,<p>48</p>,Inner Pack Quantity,<p>1</p>,Country Of Origin,<p>CN</p>,Standards,<ul><li>PORTWE.A042617B</li><li>ANSI/ISEA 107 TYPE R CLASS 3</li></ul>,,,,
US383,Variant,,"The Augusta Sleeved Hi-Vis Vest uses lightweight, cooling mesh fabric, with a zipper fastening. It includes 2 external chest pockets, 2 internal patch pockets and contrast reflective tape design.",https://d11ak7fd9ypfb7.cloudfront.net/styles1100px/US383YER.jpg,,0.0,TRUE,InStock,0.26,,US383YERXL,,,,Size,DROP_DOWN,XL,Color,DROP_DOWN,Yellow,,,,,,,,,,,,,Fit,<p>R</p>,Length,<p>43</p>,Width,<p>28</p>,Height,<p>52</p>,Box Quantity,<p>48</p>,Inner Pack Quantity,<p>1</p>,Country Of Origin,<p>CN</p>,Standards,<ul><li>PORTWE.A042617B</li><li>ANSI/ISEA 107 TYPE R CLASS 3</li></ul>,,,,
US383,Variant,,"The Augusta Sleeved Hi-Vis Vest uses lightweight, cooling mesh fabric, with a zipper fastening. It includes 2 external chest pockets, 2 internal patch pockets and contrast reflective tape design.",https://d11ak7fd9ypfb7.cloudfront.net/styles1100px/US383YER.jpg,,0.0,TRUE,InStock,0.26,,US383YERXXL,,,,Size,DROP_DOWN,XXL,Color,DROP_DOWN,Yellow,,,,,,,,,,,,,Fit,<p>R</p>,Length,<p>43</p>,Width,<p>28</p>,Height,<p>52</p>,Box Quantity,<p>48</p>,Inner Pack Quantity,<p>1</p>,Country Of Origin,<p>CN</p>,Standards,<ul><li>PORTWE.A042617B</li><li>ANSI/ISEA 107 TYPE R CLASS 3</li></ul>,,,,
US383,Variant,,"The Augusta Sleeved Hi-Vis Vest uses lightweight, cooling mesh fabric, with a zipper fastening. It includes 2 external chest pockets, 2 internal patch pockets and contrast reflective tape design.",https://d11ak7fd9ypfb7.cloudfront.net/styles1100px/US383YER.jpg,,0.0,TRUE,InStock,0.26,,US383YERXXXL,,,,Size,DROP_DOWN,XXXL,Color,DROP_DOWN,Yellow,,,,,,,,,,,,,Fit,<p>R</p>,Length,<p>43</p>,Width,<p>28</p>,Height,<p>52</p>,Box Quantity,<p>48</p>,Inner Pack Quantity,<p>1</p>,Country Of Origin,<p>CN</p>,Standards,<ul><li>PORTWE.A042617B</li><li>ANSI/ISEA 107 TYPE R CLASS 3</li></ul>,,,,
US384,Product,US384 - Economy Mesh Breakaway Vest ,"Stay visible and cool in the Economy Mesh Breakaway Vest. The mesh top allows for maximum breathability and airflow, ensuring a cool and comfortable wear, and this vest features a 5 point breakaway system for safety.",https://d11ak7fd9ypfb7.cloudfront.net/styles1100px/US384YER.jpg,9.6,0.0,TRUE,InStock,0.2,,US384YER4XL,,,,Size,DROP_DOWN,S;M;L;XL;XXL;XXXL;4XL;5XL,Color,DROP_DOWN,Yellow,,,,,,,,,,,,,Fit,<p>R</p>,Length,<p>43</p>,Width,<p>28</p>,Height,<p>52</p>,Box Quantity,<p>60</p>,Inner Pack Quantity,<p>1</p>,Country Of Origin,<p>CN</p>,Standards,<ul><li>ANSI/ISEA 107 TYPE R CLASS 2</li></ul>,,,,
US384,Variant,,"Stay visible and cool in the Economy Mesh Breakaway Vest. The mesh top allows for maximum breathability and airflow, ensuring a cool and comfortable wear, and this vest features a 5 point breakaway system for safety.",https://d11ak7fd9ypfb7.cloudfront.net/styles1100px/US384YER.jpg,,0.0,TRUE,InStock,0.2,,US384YER4XL,,,,Size,DROP_DOWN,4XL,Color,DROP_DOWN,Yellow,,,,,,,,,,,,,Fit,<p>R</p>,Length,<p>43</p>,Width,<p>28</p>,Height,<p>52</p>,Box Quantity,<p>60</p>,Inner Pack Quantity,<p>1</p>,Country Of Origin,<p>CN</p>,Standards,<ul><li>ANSI/ISEA 107 TYPE R CLASS 2</li></ul>,,,,
US384,Variant,,"Stay visible and cool in the Economy Mesh Breakaway Vest. The mesh top allows for maximum breathability and airflow, ensuring a cool and comfortable wear, and this vest features a 5 point breakaway system for safety.",https://d11ak7fd9ypfb7.cloudfront.net/styles1100px/US384YER.jpg,,0.0,TRUE,InStock,0.21,,US384YER5XL,,,,Size,DROP_DOWN,5XL,Color,DROP_DOWN,Yellow,,,,,,,,,,,,,Fit,<p>R</p>,Length,<p>43</p>,Width,<p>28</p>,Height,<p>52</p>,Box Quantity,<p>60</p>,Inner Pack Quantity,<p>1</p>,Country Of Origin,<p>CN</p>,Standards,<ul><li>ANSI/ISEA 107 TYPE R CLASS 2</li></ul>,,,,
US384,Variant,,"Stay visible and cool in the Economy Mesh Breakaway Vest. The mesh top allows for maximum breathability and airflow, ensuring a cool and comfortable wear, and this vest features a 5 point breakaway system for safety.",https://d11ak7fd9ypfb7.cloudfront.net/styles1100px/US384YER.jpg,,0.0,TRUE,InStock,0.17,,US384YERL,,,,Size,DROP_DOWN,L,Color,DROP_DOWN,Yellow,,,,,,,,,,,,,Fit,<p>R</p>,Length,<p>43</p>,Width,<p>28</p>,Height,<p>45</p>,Box Quantity,<p>60</p>,Inner Pack Quantity,<p>1</p>,Country Of Origin,<p>CN</p>,Standards,<ul><li>ANSI/ISEA 107 TYPE R CLASS 2</li></ul>,,,,
US384,Variant,,"Stay visible and cool in the Economy Mesh Breakaway Vest. The mesh top allows for maximum breathability and airflow, ensuring a cool and comfortable wear, and this vest features a 5 point breakaway system for safety.",https://d11ak7fd9ypfb7.cloudfront.net/styles1100px/US384YER.jpg,,0.0,TRUE,InStock,0.16,,US384YERM,,,,Size,DROP_DOWN,M,Color,DROP_DOWN,Yellow,,,,,,,,,,,,,Fit,<p>R</p>,Length,<p>43</p>,Width,<p>28</p>,Height,<p>45</p>,Box Quantity,<p>60</p>,Inner Pack Quantity,<p>1</p>,Country Of Origin,<p>CN</p>,Standards,<ul><li>ANSI/ISEA 107 TYPE R CLASS 2</li></ul>,,,,
US384,Variant,,"Stay visible and cool in the Economy Mesh Breakaway Vest. The mesh top allows for maximum breathability and airflow, ensuring a cool and comfortable wear, and this vest features a 5 point breakaway system for safety.",https://d11ak7fd9ypfb7.cloudfront.net/styles1100px/US384YER.jpg,,0.0,TRUE,InStock,0.17,,US384YERS,,,,Size,DROP_DOWN,S,Color,DROP_DOWN,Yellow,,,,,,,,,,,,,Fit,<p>R</p>,Length,<p>43</p>,Width,<p>28</p>,Height,<p>45</p>,Box Quantity,<p>60</p>,Inner Pack Quantity,<p>1</p>,Country Of Origin,<p>CN</p>,Standards,<ul><li>ANSI/ISEA 107 TYPE R CLASS 2</li></ul>,,,,
US384,Variant,,"Stay visible and cool in the Economy Mesh Breakaway Vest. The mesh top allows for maximum breathability and airflow, ensuring a cool and comfortable wear, and this vest features a 5 point breakaway system for safety.",https://d11ak7fd9ypfb7.cloudfront.net/styles1100px/US384YER.jpg,,0.0,TRUE,InStock,0.18,,US384YERXL,,,,Size,DROP_DOWN,XL,Color,DROP_DOWN,Yellow,,,,,,,,,,,,,Fit,<p>R</p>,Length,<p>43</p>,Width,<p>28</p>,Height,<p>45</p>,Box Quantity,<p>60</p>,Inner Pack Quantity,<p>1</p>,Country Of Origin,<p>CN</p>,Standards,<ul><li>ANSI/ISEA 107 TYPE R CLASS 2</li></ul>,,,,
US384,Variant,,"Stay visible and cool in the Economy Mesh Breakaway Vest. The mesh top allows for maximum breathability and airflow, ensuring a cool and comfortable wear, and this vest features a 5 point breakaway system for safety.",https://d11ak7fd9ypfb7.cloudfront.net/styles1100px/US384YER.jpg,,0.0,TRUE,InStock,0.17,,US384YERXXL,,,,Size,DROP_DOWN,XXL,Color,DROP_DOWN,Yellow,,,,,,,,,,,,,Fit,<p>R</p>,Length,<p>43</p>,Width,<p>28</p>,Height,<p>52</p>,Box Quantity,<p>60</p>,Inner Pack Quantity,<p>1</p>,Country Of Origin,<p>CN</p>,Standards,<ul><li>ANSI/ISEA 107 TYPE R CLASS 2</li></ul>,,,,
US384,Variant,,"Stay visible and cool in the Economy Mesh Breakaway Vest. The mesh top allows for maximum breathability and airflow, ensuring a cool and comfortable wear, and this vest features a 5 point breakaway system for safety.",https://d11ak7fd9ypfb7.cloudfront.net/styles1100px/US384YER.jpg,,0.0,TRUE,InStock,0.19,,US384YERXXXL,,,,Size,DROP_DOWN,XXXL,Color,DROP_DOWN,Yellow,,,,,,,,,,,,,Fit,<p>R</p>,Length,<p>43</p>,Width,<p>28</p>,Height,<p>52</p>,Box Quantity,<p>60</p>,Inner Pack Quantity,<p>1</p>,Country Of Origin,<p>CN</p>,Standards,<ul><li>ANSI/ISEA 107 TYPE R CLASS 2</li></ul>,,,,
US385,Product,US385 - Expandable Mesh Breakaway Vest,"Stay visible and cool in the Expandable Mesh Breakaway Vest. The mesh top allows for maximum breathability and airflow, ensuring a cool and comfortable wear, and this vest features a 5 point breakaway system for safety.",https://d11ak7fd9ypfb7.cloudfront.net/styles1100px/US385YER.jpg,16.9,0.0,TRUE,InStock,0.24,,US385YER4XL,,,,Size,DROP_DOWN,S;M;L;XL;XXL;XXXL;4XL;5XL;6XL,Color,DROP_DOWN,Yellow,,,,,,,,,,,,,Fit,<p>R</p>,Length,<p>43</p>,Width,<p>28</p>,Height,<p>55</p>,Box Quantity,<p>60</p>,Inner Pack Quantity,<p>1</p>,Country Of Origin,<p>CN</p>,Standards,<ul><li>ANSI/ISEA 107 TYPE R CLASS 2</li></ul>,,,,
US385,Variant,,"Stay visible and cool in the Expandable Mesh Breakaway Vest. The mesh top allows for maximum breathability and airflow, ensuring a cool and comfortable wear, and this vest features a 5 point breakaway system for safety.",https://d11ak7fd9ypfb7.cloudfront.net/styles1100px/US385YER.jpg,,0.0,TRUE,InStock,0.24,,US385YER4XL,,,,Size,DROP_DOWN,4XL,Color,DROP_DOWN,Yellow,,,,,,,,,,,,,Fit,<p>R</p>,Length,<p>43</p>,Width,<p>28</p>,Height,<p>55</p>,Box Quantity,<p>60</p>,Inner Pack Quantity,<p>1</p>,Country Of Origin,<p>CN</p>,Standards,<ul><li>ANSI/ISEA 107 TYPE R CLASS 2</li></ul>,,,,
US385,Variant,,"Stay visible and cool in the Expandable Mesh Breakaway Vest. The mesh top allows for maximum breathability and airflow, ensuring a cool and comfortable wear, and this vest features a 5 point breakaway system for safety.",https://d11ak7fd9ypfb7.cloudfront.net/styles1100px/US385YER.jpg,,0.0,TRUE,InStock,0.25,,US385YER5XL,,,,Size,DROP_DOWN,5XL,Color,DROP_DOWN,Yellow,,,,,,,,,,,,,Fit,<p>R</p>,Length,<p>43</p>,Width,<p>28</p>,Height,<p>55</p>,Box Quantity,<p>60</p>,Inner Pack Quantity,<p>1</p>,Country Of Origin,<p>CN</p>,Standards,<ul><li>ANSI/ISEA 107 TYPE R CLASS 2</li></ul>,,,,
US385,Variant,,"Stay visible and cool in the Expandable Mesh Breakaway Vest. The mesh top allows for maximum breathability and airflow, ensuring a cool and comfortable wear, and this vest features a 5 point breakaway system for safety.",https://d11ak7fd9ypfb7.cloudfront.net/styles1100px/US385YER.jpg,,0.0,TRUE,InStock,0.26,,US385YER6XL,,,,Size,DROP_DOWN,6XL,Color,DROP_DOWN,Yellow,,,,,,,,,,,,,Fit,<p>R</p>,Length,<p>43</p>,Width,<p>28</p>,Height,<p>55</p>,Box Quantity,<p>60</p>,Inner Pack Quantity,<p>1</p>,Country Of Origin,<p>CN</p>,Standards,<ul><li>ANSI/ISEA 107 TYPE R CLASS 2</li></ul>,,,,
US385,Variant,,"Stay visible and cool in the Expandable Mesh Breakaway Vest. The mesh top allows for maximum breathability and airflow, ensuring a cool and comfortable wear, and this vest features a 5 point breakaway system for safety.",https://d11ak7fd9ypfb7.cloudfront.net/styles1100px/US385YER.jpg,,0.0,TRUE,InStock,0.2,,US385YERL,,,,Size,DROP_DOWN,L,Color,DROP_DOWN,Yellow,,,,,,,,,,,,,Fit,<p>R</p>,Length,<p>43</p>,Width,<p>28</p>,Height,<p>55</p>,Box Quantity,<p>60</p>,Inner Pack Quantity,<p>1</p>,Country Of Origin,<p>CN</p>,Standards,<ul><li>ANSI/ISEA 107 TYPE R CLASS 2</li></ul>,,,,
US385,Variant,,"Stay visible and cool in the Expandable Mesh Breakaway Vest. The mesh top allows for maximum breathability and airflow, ensuring a cool and comfortable wear, and this vest features a 5 point breakaway system for safety.",https://d11ak7fd9ypfb7.cloudfront.net/styles1100px/US385YER.jpg,,0.0,TRUE,InStock,0.19,,US385YERM,,,,Size,DROP_DOWN,M,Color,DROP_DOWN,Yellow,,,,,,,,,,,,,Fit,<p>R</p>,Length,<p>43</p>,Width,<p>28</p>,Height,<p>55</p>,Box Quantity,<p>60</p>,Inner Pack Quantity,<p>1</p>,Country Of Origin,<p>CN</p>,Standards,<ul><li>ANSI/ISEA 107 TYPE R CLASS 2</li></ul>,,,,
US385,Variant,,"Stay visible and cool in the Expandable Mesh Breakaway Vest. The mesh top allows for maximum breathability and airflow, ensuring a cool and comfortable wear, and this vest features a 5 point breakaway system for safety.",https://d11ak7fd9ypfb7.cloudfront.net/styles1100px/US385YER.jpg,,0.0,TRUE,InStock,0.18,,US385YERS,,,,Size,DROP_DOWN,S,Color,DROP_DOWN,Yellow,,,,,,,,,,,,,Fit,<p>R</p>,Length,<p>43</p>,Width,<p>28</p>,Height,<p>55</p>,Box Quantity,<p>60</p>,Inner Pack Quantity,<p>1</p>,Country Of Origin,<p>CN</p>,Standards,<ul><li>ANSI/ISEA 107 TYPE R CLASS 2</li></ul>,,,,
US385,Variant,,"Stay visible and cool in the Expandable Mesh Breakaway Vest. The mesh top allows for maximum breathability and airflow, ensuring a cool and comfortable wear, and this vest features a 5 point breakaway system for safety.",https://d11ak7fd9ypfb7.cloudfront.net/styles1100px/US385YER.jpg,,0.0,TRUE,InStock,0.21,,US385YERXL,,,,Size,DROP_DOWN,XL,Color,DROP_DOWN,Yellow,,,,,,,,,,,,,Fit,<p>R</p>,Length,<p>43</p>,Width,<p>28</p>,Height,<p>55</p>,Box Quantity,<p>60</p>,Inner Pack Quantity,<p>1</p>,Country Of Origin,<p>CN</p>,Standards,<ul><li>ANSI/ISEA 107 TYPE R CLASS 2</li></ul>,,,,
US385,Variant,,"Stay visible and cool in the Expandable Mesh Breakaway Vest. The mesh top allows for maximum breathability and airflow, ensuring a cool and comfortable wear, and this vest features a 5 point breakaway system for safety.",https://d11ak7fd9ypfb7.cloudfront.net/styles1100px/US385YER.jpg,,0.0,TRUE,InStock,0.22,,US385YERXXL,,,,Size,DROP_DOWN,XXL,Color,DROP_DOWN,Yellow,,,,,,,,,,,,,Fit,<p>R</p>,Length,<p>43</p>,Width,<p>28</p>,Height,<p>55</p>,Box Quantity,<p>60</p>,Inner Pack Quantity,<p>1</p>,Country Of Origin,<p>CN</p>,Standards,<ul><li>ANSI/ISEA 107 TYPE R CLASS 2</li></ul>,,,,
US385,Variant,,"Stay visible and cool in the Expandable Mesh Breakaway Vest. The mesh top allows for maximum breathability and airflow, ensuring a cool and comfortable wear, and this vest features a 5 point breakaway system for safety.",https://d11ak7fd9ypfb7.cloudfront.net/styles1100px/US385YER.jpg,,0.0,TRUE,InStock,0.23,,US385YERXXXL,,,,Size,DROP_DOWN,XXXL,Color,DROP_DOWN,Yellow,,,,,,,,,,,,,Fit,<p>R</p>,Length,<p>43</p>,Width,<p>28</p>,Height,<p>55</p>,Box Quantity,<p>60</p>,Inner Pack Quantity,<p>1</p>,Country Of Origin,<p>CN</p>,Standards,<ul><li>ANSI/ISEA 107 TYPE R CLASS 2</li></ul>,,,,
US386,Product,US386 - Mesh Overpants,"Made from our cooling mesh fabric for increased breathability, this pant has an elasticated waist with drawcord for comfort, and contrast tape for visibility.",https://d11ak7fd9ypfb7.cloudfront.net/styles1100px/US386YER.jpg,19.8,0.0,TRUE,InStock,0.3,,US386YER4X/5X,,,,Size,DROP_DOWN,S/M;L/XL;XX/3X;4X/5X,Color,DROP_DOWN,Yellow,,,,,,,,,,,,,Fit,<p>R</p>,Length,<p>65</p>,Width,<p>40</p>,Height,<p>40</p>,Box Quantity,<p>60</p>,Inner Pack Quantity,<p>1</p>,Country Of Origin,<p>CN</p>,Standards,<ul><li>ANSI/ISEA 107 SUPPLEMENTAL CLASS E</li></ul>,,,,
US386,Variant,,"Made from our cooling mesh fabric for increased breathability, this pant has an elasticated waist with drawcord for comfort, and contrast tape for visibility.",https://d11ak7fd9ypfb7.cloudfront.net/styles1100px/US386YER.jpg,,0.0,TRUE,InStock,0.3,,US386YER4X/5X,,,,Size,DROP_DOWN,4X/5X,Color,DROP_DOWN,Yellow,,,,,,,,,,,,,Fit,<p>R</p>,Length,<p>65</p>,Width,<p>40</p>,Height,<p>40</p>,Box Quantity,<p>60</p>,Inner Pack Quantity,<p>1</p>,Country Of Origin,<p>CN</p>,Standards,<ul><li>ANSI/ISEA 107 SUPPLEMENTAL CLASS E</li></ul>,,,,
US386,Variant,,"Made from our cooling mesh fabric for increased breathability, this pant has an elasticated waist with drawcord for comfort, and contrast tape for visibility.",https://d11ak7fd9ypfb7.cloudfront.net/styles1100px/US386YER.jpg,,0.0,TRUE,InStock,0.3,,US386YERL/XL,,,,Size,DROP_DOWN,L/XL,Color,DROP_DOWN,Yellow,,,,,,,,,,,,,Fit,<p>R</p>,Length,<p>65</p>,Width,<p>40</p>,Height,<p>40</p>,Box Quantity,<p>60</p>,Inner Pack Quantity,<p>1</p>,Country Of Origin,<p>CN</p>,Standards,<ul><li>ANSI/ISEA 107 SUPPLEMENTAL CLASS E</li></ul>,,,,
US386,Variant,,"Made from our cooling mesh fabric for increased breathability, this pant has an elasticated waist with drawcord for comfort, and contrast tape for visibility.",https://d11ak7fd9ypfb7.cloudfront.net/styles1100px/US386YER.jpg,,0.0,TRUE,InStock,0.3,,US386YERS/M,,,,Size,DROP_DOWN,S/M,Color,DROP_DOWN,Yellow,,,,,,,,,,,,,Fit,<p>R</p>,Length,<p>65</p>,Width,<p>40</p>,Height,<p>40</p>,Box Quantity,<p>60</p>,Inner Pack Quantity,<p>1</p>,Country Of Origin,<p>CN</p>,Standards,<ul><li>ANSI/ISEA 107 SUPPLEMENTAL CLASS E</li></ul>,,,,
US386,Variant,,"Made from our cooling mesh fabric for increased breathability, this pant has an elasticated waist with drawcord for comfort, and contrast tape for visibility.",https://d11ak7fd9ypfb7.cloudfront.net/styles1100px/US386YER.jpg,,0.0,TRUE,InStock,0.3,,US386YERXX/3X,,,,Size,DROP_DOWN,XX/3X,Color,DROP_DOWN,Yellow,,,,,,,,,,,,,Fit,<p>R</p>,Length,<p>65</p>,Width,<p>40</p>,Height,<p>40</p>,Box Quantity,<p>60</p>,Inner Pack Quantity,<p>1</p>,Country Of Origin,<p>CN</p>,Standards,<ul><li>ANSI/ISEA 107 SUPPLEMENTAL CLASS E</li></ul>,,,,
US387,Product,US387 - Public Safety Vest,"Designed to meet the multi functional reqirements of those working in public saftey environments, this vest uses lightweight, cooling mesh fabric, with a hook and loop fastening, includes 2 internal patch pockets and features a 5 point breakaway system for safety.",https://d11ak7fd9ypfb7.cloudfront.net/styles1100px/US387YBR.jpg,19.9,0.0,TRUE,InStock,0.999,,US387YBRM/XL,,,,Size,DROP_DOWN,M/XL;XX/4X,Color,DROP_DOWN,Yellow/Red;Yellow/Black;Yellow/Royal,,,,,,,,,,,,,Fit,<p>R</p>,Length,<p>43</p>,Width,<p>28</p>,Height,<p>58</p>,Box Quantity,<p>60</p>,Inner Pack Quantity,<p>1</p>,Country Of Origin,<p>CN</p>,Standards,<ul><li>ANSI/ISEA 107 TYPE P CLASS 2</li></ul>,,,,
US387,Variant,,"Designed to meet the multi functional reqirements of those working in public saftey environments, this vest uses lightweight, cooling mesh fabric, with a hook and loop fastening, includes 2 internal patch pockets and features a 5 point breakaway system for safety.",https://d11ak7fd9ypfb7.cloudfront.net/styles1100px/US387YBR.jpg,,0.0,TRUE,InStock,0.999,,US387YBRM/XL,,,,Size,DROP_DOWN,M/XL,Color,DROP_DOWN,Yellow/Black,,,,,,,,,,,,,Fit,<p>R</p>,Length,<p>43</p>,Width,<p>28</p>,Height,<p>58</p>,Box Quantity,<p>60</p>,Inner Pack Quantity,<p>1</p>,Country Of Origin,<p>CN</p>,Standards,<ul><li>ANSI/ISEA 107 TYPE P CLASS 2</li></ul>,,,,
US387,Variant,,"Designed to meet the multi functional reqirements of those working in public saftey environments, this vest uses lightweight, cooling mesh fabric, with a hook and loop fastening, includes 2 internal patch pockets and features a 5 point breakaway system for safety.",https://d11ak7fd9ypfb7.cloudfront.net/styles1100px/US387YBR.jpg,,0.0,TRUE,InStock,0.999,,US387YBRXX/4X,,,,Size,DROP_DOWN,XX/4X,Color,DROP_DOWN,Yellow/Black,,,,,,,,,,,,,Fit,<p>R</p>,Length,<p>43</p>,Width,<p>28</p>,Height,<p>58</p>,Box Quantity,<p>60</p>,Inner Pack Quantity,<p>1</p>,Country Of Origin,<p>CN</p>,Standards,<ul><li>ANSI/ISEA 107 TYPE P CLASS 2</li></ul>,,,,
US387,Variant,,"Designed to meet the multi functional reqirements of those working in public saftey environments, this vest uses lightweight, cooling mesh fabric, with a hook and loop fastening, includes 2 internal patch pockets and features a 5 point breakaway system for safety.",https://d11ak7fd9ypfb7.cloudfront.net/styles1100px/US387YRB.jpg,,0.0,TRUE,InStock,0.999,,US387YRBXX/4X,,,,Size,DROP_DOWN,XX/4X,Color,DROP_DOWN,Yellow/Royal,,,,,,,,,,,,,Fit,<p>B</p>,Length,<p>43</p>,Width,<p>28</p>,Height,<p>58</p>,Box Quantity,<p>60</p>,Inner Pack Quantity,<p>1</p>,Country Of Origin,<p>CN</p>,Standards,<ul><li>ANSI/ISEA 107 TYPE P CLASS 2</li></ul>,,,,
US387,Variant,,"Designed to meet the multi functional reqirements of those working in public saftey environments, this vest uses lightweight, cooling mesh fabric, with a hook and loop fastening, includes 2 internal patch pockets and features a 5 point breakaway system for safety.",https://d11ak7fd9ypfb7.cloudfront.net/styles1100px/US387YRE.jpg,,0.0,TRUE,InStock,0.999,,US387YREM/XL,,,,Size,DROP_DOWN,M/XL,Color,DROP_DOWN,Yellow/Red,,,,,,,,,,,,,Fit,<p>E</p>,Length,<p>43</p>,Width,<p>28</p>,Height,<p>58</p>,Box Quantity,<p>60</p>,Inner Pack Quantity,<p>1</p>,Country Of Origin,<p>CN</p>,Standards,<ul><li>ANSI/ISEA 107 TYPE P CLASS 2</li></ul>,,,,
US387,Variant,,"Designed to meet the multi functional reqirements of those working in public saftey environments, this vest uses lightweight, cooling mesh fabric, with a hook and loop fastening, includes 2 internal patch pockets and features a 5 point breakaway system for safety.",https://d11ak7fd9ypfb7.cloudfront.net/styles1100px/US387YRE.jpg,,0.0,TRUE,InStock,0.999,,US387YREXX/4X,,,,Size,DROP_DOWN,XX/4X,Color,DROP_DOWN,Yellow/Red,,,,,,,,,,,,,Fit,<p>E</p>,Length,<p>43</p>,Width,<p>28</p>,Height,<p>58</p>,Box Quantity,<p>60</p>,Inner Pack Quantity,<p>1</p>,Country Of Origin,<p>CN</p>,Standards,<ul><li>ANSI/ISEA 107 TYPE P CLASS 2</li></ul>,,,,
US388,Product,US388 - Two-Tone Mesh Overpants,"Made from our cooling mesh fabric for increased breathability, this pant has an elasticated waist with drawcord for comfort, contrast panels to the lower leg for dirt protection and contrast tape for visibility.",https://d11ak7fd9ypfb7.cloudfront.net/styles1100px/US388YBR.jpg,25.3,0.0,TRUE,InStock,0.999,,US388YBR4X/5X,,,,Size,DROP_DOWN,S/M;L/XL;XX/3X;4X/5X,Color,DROP_DOWN,Yellow/Black,,,,,,,,,,,,,Fit,<p>R</p>,Length,<p>65</p>,Width,<p>40</p>,Height,<p>40</p>,Box Quantity,<p>60</p>,Inner Pack Quantity,<p>1</p>,Country Of Origin,<p>CN</p>,Standards,<ul><li>ANSI/ISEA 107 SUPPLEMENTAL CLASS E</li></ul>,,,,
US388,Variant,,"Made from our cooling mesh fabric for increased breathability, this pant has an elasticated waist with drawcord for comfort, contrast panels to the lower leg for dirt protection and contrast tape for visibility.",https://d11ak7fd9ypfb7.cloudfront.net/styles1100px/US388YBR.jpg,,0.0,TRUE,InStock,0.999,,US388YBR4X/5X,,,,Size,DROP_DOWN,4X/5X,Color,DROP_DOWN,Yellow/Black,,,,,,,,,,,,,Fit,<p>R</p>,Length,<p>65</p>,Width,<p>40</p>,Height,<p>40</p>,Box Quantity,<p>60</p>,Inner Pack Quantity,<p>1</p>,Country Of Origin,<p>CN</p>,Standards,<ul><li>ANSI/ISEA 107 SUPPLEMENTAL CLASS E</li></ul>,,,,
US388,Variant,,"Made from our cooling mesh fabric for increased breathability, this pant has an elasticated waist with drawcord for comfort, contrast panels to the lower leg for dirt protection and contrast tape for visibility.",https://d11ak7fd9ypfb7.cloudfront.net/styles1100px/US388YBR.jpg,,0.0,TRUE,InStock,0.999,,US388YBRL/XL,,,,Size,DROP_DOWN,L/XL,Color,DROP_DOWN,Yellow/Black,,,,,,,,,,,,,Fit,<p>R</p>,Length,<p>65</p>,Width,<p>40</p>,Height,<p>40</p>,Box Quantity,<p>60</p>,Inner Pack Quantity,<p>1</p>,Country Of Origin,<p>CN</p>,Standards,<ul><li>ANSI/ISEA 107 SUPPLEMENTAL CLASS E</li></ul>,,,,
US388,Variant,,"Made from our cooling mesh fabric for increased breathability, this pant has an elasticated waist with drawcord for comfort, contrast panels to the lower leg for dirt protection and contrast tape for visibility.",https://d11ak7fd9ypfb7.cloudfront.net/styles1100px/US388YBR.jpg,,0.0,TRUE,InStock,0.999,,US388YBRS/M,,,,Size,DROP_DOWN,S/M,Color,DROP_DOWN,Yellow/Black,,,,,,,,,,,,,Fit,<p>R</p>,Length,<p>65</p>,Width,<p>40</p>,Height,<p>40</p>,Box Quantity,<p>60</p>,Inner Pack Quantity,<p>1</p>,Country Of Origin,<p>CN</p>,Standards,<ul><li>ANSI/ISEA 107 SUPPLEMENTAL CLASS E</li></ul>,,,,
US388,Variant,,"Made from our cooling mesh fabric for increased breathability, this pant has an elasticated waist with drawcord for comfort, contrast panels to the lower leg for dirt protection and contrast tape for visibility.",https://d11ak7fd9ypfb7.cloudfront.net/styles1100px/US388YBR.jpg,,0.0,TRUE,InStock,0.999,,US388YBRXX/3X,,,,Size,DROP_DOWN,XX/3X,Color,DROP_DOWN,Yellow/Black,,,,,,,,,,,,,Fit,<p>R</p>,Length,<p>65</p>,Width,<p>40</p>,Height,<p>40</p>,Box Quantity,<p>60</p>,Inner Pack Quantity,<p>1</p>,Country Of Origin,<p>CN</p>,Standards,<ul><li>ANSI/ISEA 107 SUPPLEMENTAL CLASS E</li></ul>,,,,
US389,Product,US389 - Hi-Vis Two-Tone Gaiters,"Made from our lightweight cooling mesh, these gailtors all the wearer to remain visble and safe.",https://d11ak7fd9ypfb7.cloudfront.net/styles1100px/US389YBR.jpg,7.8,0.0,TRUE,InStock,0.999,,US389YBR,,,,Size,DROP_DOWN,,Color,DROP_DOWN,Yellow/Black,,,,,,,,,,,,,Fit,<p>R</p>,Length,<p>65</p>,Width,<p>45</p>,Height,<p>40</p>,Box Quantity,<p>100</p>,Inner Pack Quantity,<p>10</p>,Country Of Origin,<p>CN</p>,Standards,<ul><li>ANSI/ISEA 107 SUPPLEMENTAL CLASS E</li></ul>,,,,
US390,Product,US390 - Economy Non ANSI Mesh Vest,"This vest uses lightweight, cooling mesh fabric, with a hook and loop fastening. It includes 2 internal patch pockets and comes in one size.",https://d11ak7fd9ypfb7.cloudfront.net/styles1100px/US390YER.jpg,4.2,0.0,TRUE,InStock,0.999,,US390YER,,,,Size,DROP_DOWN,,Color,DROP_DOWN,Yellow,,,,,,,,,,,,,Fit,<p>R</p>,Length,<p>43</p>,Width,<p>28</p>,Height,<p>55</p>,Box Quantity,<p>100</p>,Inner Pack Quantity,<p>10</p>,Country Of Origin,<p>CN</p>,Standards,<p></p>,,,,
US391,Product,US391 - Iona Plus Mesh Vest,"The Iona Plus Mesh Vest is designed to deliver maximum performance, comfort and functionality. It's design offers enhanced user visibility with lightweight reflective tape and contrast fluorescent trim. It's cooling mesh fabric provides increased breathability guaranteeing flexibility and ultimate wearer durability. Now available in new color options.",https://d11ak7fd9ypfb7.cloudfront.net/styles1100px/US391BGR.jpg,11.9,0.0,TRUE,InStock,0.285,,US391BGR4XL,,,,Size,DROP_DOWN,S;M;L;XL;XXL;XXXL;4XL;5XL;6XL,Color,DROP_DOWN,Red;Royal Blue;Black;Bottle Green,,,,,,,,,,,,,Fit,<p>R</p>,Length,<p>43</p>,Width,<p>28</p>,Height,<p>55</p>,Box Quantity,<p>60</p>,Inner Pack Quantity,<p>10</p>,Country Of Origin,<p>CN</p>,Standards,<p></p>,,,,
US391,Variant,,"The Iona Plus Mesh Vest is designed to deliver maximum performance, comfort and functionality. It's design offers enhanced user visibility with lightweight reflective tape and contrast fluorescent trim. It's cooling mesh fabric provides increased breathability guaranteeing flexibility and ultimate wearer durability. Now available in new color options.",https://d11ak7fd9ypfb7.cloudfront.net/styles1100px/US391BGR.jpg,,0.0,TRUE,InStock,0.285,,US391BGR4XL,,,,Size,DROP_DOWN,4XL,Color,DROP_DOWN,Bottle Green,,,,,,,,,,,,,Fit,<p>R</p>,Length,<p>43</p>,Width,<p>28</p>,Height,<p>55</p>,Box Quantity,<p>60</p>,Inner Pack Quantity,<p>10</p>,Country Of Origin,<p>CN</p>,Standards,<p></p>,,,,
US391,Variant,,"The Iona Plus Mesh Vest is designed to deliver maximum performance, comfort and functionality. It's design offers enhanced user visibility with lightweight reflective tape and contrast fluorescent trim. It's cooling mesh fabric provides increased breathability guaranteeing flexibility and ultimate wearer durability. Now available in new color options.",https://d11ak7fd9ypfb7.cloudfront.net/styles1100px/US391BGR.jpg,,0.0,TRUE,InStock,0.292,,US391BGR5XL,,,,Size,DROP_DOWN,5XL,Color,DROP_DOWN,Bottle Green,,,,,,,,,,,,,Fit,<p>R</p>,Length,<p>43</p>,Width,<p>28</p>,Height,<p>55</p>,Box Quantity,<p>60</p>,Inner Pack Quantity,<p>10</p>,Country Of Origin,<p>CN</p>,Standards,<p></p>,,,,
US391,Variant,,"The Iona Plus Mesh Vest is designed to deliver maximum performance, comfort and functionality. It's design offers enhanced user visibility with lightweight reflective tape and contrast fluorescent trim. It's cooling mesh fabric provides increased breathability guaranteeing flexibility and ultimate wearer durability. Now available in new color options.",https://d11ak7fd9ypfb7.cloudfront.net/styles1100px/US391BGR.jpg,,0.0,TRUE,InStock,0.298,,US391BGR6XL,,,,Size,DROP_DOWN,6XL,Color,DROP_DOWN,Bottle Green,,,,,,,,,,,,,Fit,<p>R</p>,Length,<p>43</p>,Width,<p>28</p>,Height,<p>55</p>,Box Quantity,<p>60</p>,Inner Pack Quantity,<p>10</p>,Country Of Origin,<p>CN</p>,Standards,<p></p>,,,,
US391,Variant,,"The Iona Plus Mesh Vest is designed to deliver maximum performance, comfort and functionality. It's design offers enhanced user visibility with lightweight reflective tape and contrast fluorescent trim. It's cooling mesh fabric provides increased breathability guaranteeing flexibility and ultimate wearer durability. Now available in new color options.",https://d11ak7fd9ypfb7.cloudfront.net/styles1100px/US391BGR.jpg,,0.0,TRUE,InStock,0.258,,US391BGRL,,,,Size,DROP_DOWN,L,Color,DROP_DOWN,Bottle Green,,,,,,,,,,,,,Fit,<p>R</p>,Length,<p>43</p>,Width,<p>28</p>,Height,<p>55</p>,Box Quantity,<p>60</p>,Inner Pack Quantity,<p>10</p>,Country Of Origin,<p>CN</p>,Standards,<p></p>,,,,
US391,Variant,,"The Iona Plus Mesh Vest is designed to deliver maximum performance, comfort and functionality. It's design offers enhanced user visibility with lightweight reflective tape and contrast fluorescent trim. It's cooling mesh fabric provides increased breathability guaranteeing flexibility and ultimate wearer durability. Now available in new color options.",https://d11ak7fd9ypfb7.cloudfront.net/styles1100px/US391BGR.jpg,,0.0,TRUE,InStock,0.252,,US391BGRM,,,,Size,DROP_DOWN,M,Color,DROP_DOWN,Bottle Green,,,,,,,,,,,,,Fit,<p>R</p>,Length,<p>43</p>,Width,<p>28</p>,Height,<p>55</p>,Box Quantity,<p>60</p>,Inner Pack Quantity,<p>10</p>,Country Of Origin,<p>CN</p>,Standards,<p></p>,,,,
US391,Variant,,"The Iona Plus Mesh Vest is designed to deliver maximum performance, comfort and functionality. It's design offers enhanced user visibility with lightweight reflective tape and contrast fluorescent trim. It's cooling mesh fabric provides increased breathability guaranteeing flexibility and ultimate wearer durability. Now available in new color options.",https://d11ak7fd9ypfb7.cloudfront.net/styles1100px/US391BGR.jpg,,0.0,TRUE,InStock,0.245,,US391BGRS,,,,Size,DROP_DOWN,S,Color,DROP_DOWN,Bottle Green,,,,,,,,,,,,,Fit,<p>R</p>,Length,<p>43</p>,Width,<p>28</p>,Height,<p>55</p>,Box Quantity,<p>60</p>,Inner Pack Quantity,<p>10</p>,Country Of Origin,<p>CN</p>,Standards,<p></p>,,,,
US391,Variant,,"The Iona Plus Mesh Vest is designed to deliver maximum performance, comfort and functionality. It's design offers enhanced user visibility with lightweight reflective tape and contrast fluorescent trim. It's cooling mesh fabric provides increased breathability guaranteeing flexibility and ultimate wearer durability. Now available in new color options.",https://d11ak7fd9ypfb7.cloudfront.net/styles1100px/US391BGR.jpg,,0.0,TRUE,InStock,0.265,,US391BGRXL,,,,Size,DROP_DOWN,XL,Color,DROP_DOWN,Bottle Green,,,,,,,,,,,,,Fit,<p>R</p>,Length,<p>43</p>,Width,<p>28</p>,Height,<p>55</p>,Box Quantity,<p>60</p>,Inner Pack Quantity,<p>10</p>,Country Of Origin,<p>CN</p>,Standards,<p></p>,,,,
US391,Variant,,"The Iona Plus Mesh Vest is designed to deliver maximum performance, comfort and functionality. It's design offers enhanced user visibility with lightweight reflective tape and contrast fluorescent trim. It's cooling mesh fabric provides increased breathability guaranteeing flexibility and ultimate wearer durability. Now available in new color options.",https://d11ak7fd9ypfb7.cloudfront.net/styles1100px/US391BGR.jpg,,0.0,TRUE,InStock,0.272,,US391BGRXXL,,,,Size,DROP_DOWN,XXL,Color,DROP_DOWN,Bottle Green,,,,,,,,,,,,,Fit,<p>R</p>,Length,<p>43</p>,Width,<p>28</p>,Height,<p>55</p>,Box Quantity,<p>60</p>,Inner Pack Quantity,<p>10</p>,Country Of Origin,<p>CN</p>,Standards,<p></p>,,,,
US391,Variant,,"The Iona Plus Mesh Vest is designed to deliver maximum performance, comfort and functionality. It's design offers enhanced user visibility with lightweight reflective tape and contrast fluorescent trim. It's cooling mesh fabric provides increased breathability guaranteeing flexibility and ultimate wearer durability. Now available in new color options.",https://d11ak7fd9ypfb7.cloudfront.net/styles1100px/US391BGR.jpg,,0.0,TRUE,InStock,0.28,,US391BGRXXXL,,,,Size,DROP_DOWN,XXXL,Color,DROP_DOWN,Bottle Green,,,,,,,,,,,,,Fit,<p>R</p>,Length,<p>43</p>,Width,<p>28</p>,Height,<p>55</p>,Box Quantity,<p>60</p>,Inner Pack Quantity,<p>10</p>,Country Of Origin,<p>CN</p>,Standards,<p></p>,,,,
US391,Variant,,"The Iona Plus Mesh Vest is designed to deliver maximum performance, comfort and functionality. It's design offers enhanced user visibility with lightweight reflective tape and contrast fluorescent trim. It's cooling mesh fabric provides increased breathability guaranteeing flexibility and ultimate wearer durability. Now available in new color options.",https://d11ak7fd9ypfb7.cloudfront.net/styles1100px/US391BKR.jpg,,0.0,TRUE,InStock,0.285,,US391BKR4XL,,,,Size,DROP_DOWN,4XL,Color,DROP_DOWN,Black,,,,,,,,,,,,,Fit,<p>R</p>,Length,<p>43</p>,Width,<p>28</p>,Height,<p>55</p>,Box Quantity,<p>60</p>,Inner Pack Quantity,<p>10</p>,Country Of Origin,<p>CN</p>,Standards,<p></p>,,,,
US391,Variant,,"The Iona Plus Mesh Vest is designed to deliver maximum performance, comfort and functionality. It's design offers enhanced user visibility with lightweight reflective tape and contrast fluorescent trim. It's cooling mesh fabric provides increased breathability guaranteeing flexibility and ultimate wearer durability. Now available in new color options.",https://d11ak7fd9ypfb7.cloudfront.net/styles1100px/US391BKR.jpg,,0.0,TRUE,InStock,0.292,,US391BKR5XL,,,,Size,DROP_DOWN,5XL,Color,DROP_DOWN,Black,,,,,,,,,,,,,Fit,<p>R</p>,Length,<p>43</p>,Width,<p>28</p>,Height,<p>55</p>,Box Quantity,<p>60</p>,Inner Pack Quantity,<p>10</p>,Country Of Origin,<p>CN</p>,Standards,<p></p>,,,,
US391,Variant,,"The Iona Plus Mesh Vest is designed to deliver maximum performance, comfort and functionality. It's design offers enhanced user visibility with lightweight reflective tape and contrast fluorescent trim. It's cooling mesh fabric provides increased breathability guaranteeing flexibility and ultimate wearer durability. Now available in new color options.",https://d11ak7fd9ypfb7.cloudfront.net/styles1100px/US391BKR.jpg,,0.0,TRUE,InStock,0.298,,US391BKR6XL,,,,Size,DROP_DOWN,6XL,Color,DROP_DOWN,Black,,,,,,,,,,,,,Fit,<p>R</p>,Length,<p>43</p>,Width,<p>28</p>,Height,<p>55</p>,Box Quantity,<p>60</p>,Inner Pack Quantity,<p>10</p>,Country Of Origin,<p>CN</p>,Standards,<p></p>,,,,
US391,Variant,,"The Iona Plus Mesh Vest is designed to deliver maximum performance, comfort and functionality. It's design offers enhanced user visibility with lightweight reflective tape and contrast fluorescent trim. It's cooling mesh fabric provides increased breathability guaranteeing flexibility and ultimate wearer durability. Now available in new color options.",https://d11ak7fd9ypfb7.cloudfront.net/styles1100px/US391BKR.jpg,,0.0,TRUE,InStock,0.258,,US391BKRL,,,,Size,DROP_DOWN,L,Color,DROP_DOWN,Black,,,,,,,,,,,,,Fit,<p>R</p>,Length,<p>43</p>,Width,<p>28</p>,Height,<p>55</p>,Box Quantity,<p>60</p>,Inner Pack Quantity,<p>10</p>,Country Of Origin,<p>CN</p>,Standards,<p></p>,,,,
US391,Variant,,"The Iona Plus Mesh Vest is designed to deliver maximum performance, comfort and functionality. It's design offers enhanced user visibility with lightweight reflective tape and contrast fluorescent trim. It's cooling mesh fabric provides increased breathability guaranteeing flexibility and ultimate wearer durability. Now available in new color options.",https://d11ak7fd9ypfb7.cloudfront.net/styles1100px/US391BKR.jpg,,0.0,TRUE,InStock,0.252,,US391BKRM,,,,Size,DROP_DOWN,M,Color,DROP_DOWN,Black,,,,,,,,,,,,,Fit,<p>R</p>,Length,<p>43</p>,Width,<p>28</p>,Height,<p>55</p>,Box Quantity,<p>60</p>,Inner Pack Quantity,<p>10</p>,Country Of Origin,<p>CN</p>,Standards,<p></p>,,,,
US391,Variant,,"The Iona Plus Mesh Vest is designed to deliver maximum performance, comfort and functionality. It's design offers enhanced user visibility with lightweight reflective tape and contrast fluorescent trim. It's cooling mesh fabric provides increased breathability guaranteeing flexibility and ultimate wearer durability. Now available in new color options.",https://d11ak7fd9ypfb7.cloudfront.net/styles1100px/US391BKR.jpg,,0.0,TRUE,InStock,0.245,,US391BKRS,,,,Size,DROP_DOWN,S,Color,DROP_DOWN,Black,,,,,,,,,,,,,Fit,<p>R</p>,Length,<p>43</p>,Width,<p>28</p>,Height,<p>55</p>,Box Quantity,<p>60</p>,Inner Pack Quantity,<p>10</p>,Country Of Origin,<p>CN</p>,Standards,<p></p>,,,,
US391,Variant,,"The Iona Plus Mesh Vest is designed to deliver maximum performance, comfort and functionality. It's design offers enhanced user visibility with lightweight reflective tape and contrast fluorescent trim. It's cooling mesh fabric provides increased breathability guaranteeing flexibility and ultimate wearer durability. Now available in new color options.",https://d11ak7fd9ypfb7.cloudfront.net/styles1100px/US391BKR.jpg,,0.0,TRUE,InStock,0.265,,US391BKRXL,,,,Size,DROP_DOWN,XL,Color,DROP_DOWN,Black,,,,,,,,,,,,,Fit,<p>R</p>,Length,<p>43</p>,Width,<p>28</p>,Height,<p>55</p>,Box Quantity,<p>60</p>,Inner Pack Quantity,<p>10</p>,Country Of Origin,<p>CN</p>,Standards,<p></p>,,,,
US391,Variant,,"The Iona Plus Mesh Vest is designed to deliver maximum performance, comfort and functionality. It's design offers enhanced user visibility with lightweight reflective tape and contrast fluorescent trim. It's cooling mesh fabric provides increased breathability guaranteeing flexibility and ultimate wearer durability. Now available in new color options.",https://d11ak7fd9ypfb7.cloudfront.net/styles1100px/US391BKR.jpg,,0.0,TRUE,InStock,0.272,,US391BKRXXL,,,,Size,DROP_DOWN,XXL,Color,DROP_DOWN,Black,,,,,,,,,,,,,Fit,<p>R</p>,Length,<p>43</p>,Width,<p>28</p>,Height,<p>55</p>,Box Quantity,<p>60</p>,Inner Pack Quantity,<p>10</p>,Country Of Origin,<p>CN</p>,Standards,<p></p>,,,,
US391,Variant,,"The Iona Plus Mesh Vest is designed to deliver maximum performance, comfort and functionality. It's design offers enhanced user visibility with lightweight reflective tape and contrast fluorescent trim. It's cooling mesh fabric provides increased breathability guaranteeing flexibility and ultimate wearer durability. Now available in new color options.",https://d11ak7fd9ypfb7.cloudfront.net/styles1100px/US391BKR.jpg,,0.0,TRUE,InStock,0.278,,US391BKRXXXL,,,,Size,DROP_DOWN,XXXL,Color,DROP_DOWN,Black,,,,,,,,,,,,,Fit,<p>R</p>,Length,<p>43</p>,Width,<p>28</p>,Height,<p>55</p>,Box Quantity,<p>60</p>,Inner Pack Quantity,<p>10</p>,Country Of Origin,<p>CN</p>,Standards,<p></p>,,,,
US391,Variant,,"The Iona Plus Mesh Vest is designed to deliver maximum performance, comfort and functionality. It's design offers enhanced user visibility with lightweight reflective tape and contrast fluorescent trim. It's cooling mesh fabric provides increased breathability guaranteeing flexibility and ultimate wearer durability. Now available in new color options.",https://d11ak7fd9ypfb7.cloudfront.net/styles1100px/US391RBR.jpg,,0.0,TRUE,InStock,0.285,,US391RBR4XL,,,,Size,DROP_DOWN,4XL,Color,DROP_DOWN,Royal Blue,,,,,,,,,,,,,Fit,<p>R</p>,Length,<p>43</p>,Width,<p>28</p>,Height,<p>55</p>,Box Quantity,<p>60</p>,Inner Pack Quantity,<p>10</p>,Country Of Origin,<p>CN</p>,Standards,<p></p>,,,,
US391,Variant,,"The Iona Plus Mesh Vest is designed to deliver maximum performance, comfort and functionality. It's design offers enhanced user visibility with lightweight reflective tape and contrast fluorescent trim. It's cooling mesh fabric provides increased breathability guaranteeing flexibility and ultimate wearer durability. Now available in new color options.",https://d11ak7fd9ypfb7.cloudfront.net/styles1100px/US391RBR.jpg,,0.0,TRUE,InStock,0.292,,US391RBR5XL,,,,Size,DROP_DOWN,5XL,Color,DROP_DOWN,Royal Blue,,,,,,,,,,,,,Fit,<p>R</p>,Length,<p>43</p>,Width,<p>28</p>,Height,<p>55</p>,Box Quantity,<p>60</p>,Inner Pack Quantity,<p>10</p>,Country Of Origin,<p>CN</p>,Standards,<p></p>,,,,
US391,Variant,,"The Iona Plus Mesh Vest is designed to deliver maximum performance, comfort and functionality. It's design offers enhanced user visibility with lightweight reflective tape and contrast fluorescent trim. It's cooling mesh fabric provides increased breathability guaranteeing flexibility and ultimate wearer durability. Now available in new color options.",https://d11ak7fd9ypfb7.cloudfront.net/styles1100px/US391RBR.jpg,,0.0,TRUE,InStock,0.298,,US391RBR6XL,,,,Size,DROP_DOWN,6XL,Color,DROP_DOWN,Royal Blue,,,,,,,,,,,,,Fit,<p>R</p>,Length,<p>43</p>,Width,<p>28</p>,Height,<p>55</p>,Box Quantity,<p>60</p>,Inner Pack Quantity,<p>10</p>,Country Of Origin,<p>CN</p>,Standards,<p></p>,,,,
US391,Variant,,"The Iona Plus Mesh Vest is designed to deliver maximum performance, comfort and functionality. It's design offers enhanced user visibility with lightweight reflective tape and contrast fluorescent trim. It's cooling mesh fabric provides increased breathability guaranteeing flexibility and ultimate wearer durability. Now available in new color options.",https://d11ak7fd9ypfb7.cloudfront.net/styles1100px/US391RBR.jpg,,0.0,TRUE,InStock,0.258,,US391RBRL,,,,Size,DROP_DOWN,L,Color,DROP_DOWN,Royal Blue,,,,,,,,,,,,,Fit,<p>R</p>,Length,<p>43</p>,Width,<p>28</p>,Height,<p>55</p>,Box Quantity,<p>60</p>,Inner Pack Quantity,<p>10</p>,Country Of Origin,<p>CN</p>,Standards,<p></p>,,,,
US391,Variant,,"The Iona Plus Mesh Vest is designed to deliver maximum performance, comfort and functionality. It's design offers enhanced user visibility with lightweight reflective tape and contrast fluorescent trim. It's cooling mesh fabric provides increased breathability guaranteeing flexibility and ultimate wearer durability. Now available in new color options.",https://d11ak7fd9ypfb7.cloudfront.net/styles1100px/US391RBR.jpg,,0.0,TRUE,InStock,0.252,,US391RBRM,,,,Size,DROP_DOWN,M,Color,DROP_DOWN,Royal Blue,,,,,,,,,,,,,Fit,<p>R</p>,Length,<p>43</p>,Width,<p>28</p>,Height,<p>55</p>,Box Quantity,<p>60</p>,Inner Pack Quantity,<p>10</p>,Country Of Origin,<p>CN</p>,Standards,<p></p>,,,,
US391,Variant,,"The Iona Plus Mesh Vest is designed to deliver maximum performance, comfort and functionality. It's design offers enhanced user visibility with lightweight reflective tape and contrast fluorescent trim. It's cooling mesh fabric provides increased breathability guaranteeing flexibility and ultimate wearer durability. Now available in new color options.",https://d11ak7fd9ypfb7.cloudfront.net/styles1100px/US391RBR.jpg,,0.0,TRUE,InStock,0.245,,US391RBRS,,,,Size,DROP_DOWN,S,Color,DROP_DOWN,Royal Blue,,,,,,,,,,,,,Fit,<p>R</p>,Length,<p>43</p>,Width,<p>28</p>,Height,<p>55</p>,Box Quantity,<p>60</p>,Inner Pack Quantity,<p>10</p>,Country Of Origin,<p>CN</p>,Standards,<p></p>,,,,
US391,Variant,,"The Iona Plus Mesh Vest is designed to deliver maximum performance, comfort and functionality. It's design offers enhanced user visibility with lightweight reflective tape and contrast fluorescent trim. It's cooling mesh fabric provides increased breathability guaranteeing flexibility and ultimate wearer durability. Now available in new color options.",https://d11ak7fd9ypfb7.cloudfront.net/styles1100px/US391RBR.jpg,,0.0,TRUE,InStock,0.265,,US391RBRXL,,,,Size,DROP_DOWN,XL,Color,DROP_DOWN,Royal Blue,,,,,,,,,,,,,Fit,<p>R</p>,Length,<p>43</p>,Width,<p>28</p>,Height,<p>55</p>,Box Quantity,<p>60</p>,Inner Pack Quantity,<p>10</p>,Country Of Origin,<p>CN</p>,Standards,<p></p>,,,,
US391,Variant,,"The Iona Plus Mesh Vest is designed to deliver maximum performance, comfort and functionality. It's design offers enhanced user visibility with lightweight reflective tape and contrast fluorescent trim. It's cooling mesh fabric provides increased breathability guaranteeing flexibility and ultimate wearer durability. Now available in new color options.",https://d11ak7fd9ypfb7.cloudfront.net/styles1100px/US391RBR.jpg,,0.0,TRUE,InStock,0.272,,US391RBRXXL,,,,Size,DROP_DOWN,XXL,Color,DROP_DOWN,Royal Blue,,,,,,,,,,,,,Fit,<p>R</p>,Length,<p>43</p>,Width,<p>28</p>,Height,<p>55</p>,Box Quantity,<p>60</p>,Inner Pack Quantity,<p>10</p>,Country Of Origin,<p>CN</p>,Standards,<p></p>,,,,
US391,Variant,,"The Iona Plus Mesh Vest is designed to deliver maximum performance, comfort and functionality. It's design offers enhanced user visibility with lightweight reflective tape and contrast fluorescent trim. It's cooling mesh fabric provides increased breathability guaranteeing flexibility and ultimate wearer durability. Now available in new color options.",https://d11ak7fd9ypfb7.cloudfront.net/styles1100px/US391RBR.jpg,,0.0,TRUE,InStock,0.28,,US391RBRXXXL,,,,Size,DROP_DOWN,XXXL,Color,DROP_DOWN,Royal Blue,,,,,,,,,,,,,Fit,<p>R</p>,Length,<p>43</p>,Width,<p>28</p>,Height,<p>55</p>,Box Quantity,<p>60</p>,Inner Pack Quantity,<p>10</p>,Country Of Origin,<p>CN</p>,Standards,<p></p>,,,,
US391,Variant,,"The Iona Plus Mesh Vest is designed to deliver maximum performance, comfort and functionality. It's design offers enhanced user visibility with lightweight reflective tape and contrast fluorescent trim. It's cooling mesh fabric provides increased breathability guaranteeing flexibility and ultimate wearer durability. Now available in new color options.",https://d11ak7fd9ypfb7.cloudfront.net/styles1100px/US391RER.jpg,,0.0,TRUE,InStock,0.285,,US391RER4XL,,,,Size,DROP_DOWN,4XL,Color,DROP_DOWN,Red,,,,,,,,,,,,,Fit,<p>R</p>,Length,<p>43</p>,Width,<p>28</p>,Height,<p>55</p>,Box Quantity,<p>60</p>,Inner Pack Quantity,<p>10</p>,Country Of Origin,<p>CN</p>,Standards,<p></p>,,,,
US391,Variant,,"The Iona Plus Mesh Vest is designed to deliver maximum performance, comfort and functionality. It's design offers enhanced user visibility with lightweight reflective tape and contrast fluorescent trim. It's cooling mesh fabric provides increased breathability guaranteeing flexibility and ultimate wearer durability. Now available in new color options.",https://d11ak7fd9ypfb7.cloudfront.net/styles1100px/US391RER.jpg,,0.0,TRUE,InStock,0.292,,US391RER5XL,,,,Size,DROP_DOWN,5XL,Color,DROP_DOWN,Red,,,,,,,,,,,,,Fit,<p>R</p>,Length,<p>43</p>,Width,<p>28</p>,Height,<p>55</p>,Box Quantity,<p>60</p>,Inner Pack Quantity,<p>10</p>,Country Of Origin,<p>CN</p>,Standards,<p></p>,,,,
US391,Variant,,"The Iona Plus Mesh Vest is designed to deliver maximum performance, comfort and functionality. It's design offers enhanced user visibility with lightweight reflective tape and contrast fluorescent trim. It's cooling mesh fabric provides increased breathability guaranteeing flexibility and ultimate wearer durability. Now available in new color options.",https://d11ak7fd9ypfb7.cloudfront.net/styles1100px/US391RER.jpg,,0.0,TRUE,InStock,0.298,,US391RER6XL,,,,Size,DROP_DOWN,6XL,Color,DROP_DOWN,Red,,,,,,,,,,,,,Fit,<p>R</p>,Length,<p>43</p>,Width,<p>28</p>,Height,<p>55</p>,Box Quantity,<p>60</p>,Inner Pack Quantity,<p>10</p>,Country Of Origin,<p>CN</p>,Standards,<p></p>,,,,
US391,Variant,,"The Iona Plus Mesh Vest is designed to deliver maximum performance, comfort and functionality. It's design offers enhanced user visibility with lightweight reflective tape and contrast fluorescent trim. It's cooling mesh fabric provides increased breathability guaranteeing flexibility and ultimate wearer durability. Now available in new color options.",https://d11ak7fd9ypfb7.cloudfront.net/styles1100px/US391RER.jpg,,0.0,TRUE,InStock,0.258,,US391RERL,,,,Size,DROP_DOWN,L,Color,DROP_DOWN,Red,,,,,,,,,,,,,Fit,<p>R</p>,Length,<p>43</p>,Width,<p>28</p>,Height,<p>55</p>,Box Quantity,<p>60</p>,Inner Pack Quantity,<p>10</p>,Country Of Origin,<p>CN</p>,Standards,<p></p>,,,,
US391,Variant,,"The Iona Plus Mesh Vest is designed to deliver maximum performance, comfort and functionality. It's design offers enhanced user visibility with lightweight reflective tape and contrast fluorescent trim. It's cooling mesh fabric provides increased breathability guaranteeing flexibility and ultimate wearer durability. Now available in new color options.",https://d11ak7fd9ypfb7.cloudfront.net/styles1100px/US391RER.jpg,,0.0,TRUE,InStock,0.252,,US391RERM,,,,Size,DROP_DOWN,M,Color,DROP_DOWN,Red,,,,,,,,,,,,,Fit,<p>R</p>,Length,<p>43</p>,Width,<p>28</p>,Height,<p>55</p>,Box Quantity,<p>60</p>,Inner Pack Quantity,<p>10</p>,Country Of Origin,<p>CN</p>,Standards,<p></p>,,,,
US391,Variant,,"The Iona Plus Mesh Vest is designed to deliver maximum performance, comfort and functionality. It's design offers enhanced user visibility with lightweight reflective tape and contrast fluorescent trim. It's cooling mesh fabric provides increased breathability guaranteeing flexibility and ultimate wearer durability. Now available in new color options.",https://d11ak7fd9ypfb7.cloudfront.net/styles1100px/US391RER.jpg,,0.0,TRUE,InStock,0.245,,US391RERS,,,,Size,DROP_DOWN,S,Color,DROP_DOWN,Red,,,,,,,,,,,,,Fit,<p>R</p>,Length,<p>43</p>,Width,<p>28</p>,Height,<p>55</p>,Box Quantity,<p>60</p>,Inner Pack Quantity,<p>10</p>,Country Of Origin,<p>CN</p>,Standards,<p></p>,,,,
US391,Variant,,"The Iona Plus Mesh Vest is designed to deliver maximum performance, comfort and functionality. It's design offers enhanced user visibility with lightweight reflective tape and contrast fluorescent trim. It's cooling mesh fabric provides increased breathability guaranteeing flexibility and ultimate wearer durability. Now available in new color options.",https://d11ak7fd9ypfb7.cloudfront.net/styles1100px/US391RER.jpg,,0.0,TRUE,InStock,0.265,,US391RERXL,,,,Size,DROP_DOWN,XL,Color,DROP_DOWN,Red,,,,,,,,,,,,,Fit,<p>R</p>,Length,<p>43</p>,Width,<p>28</p>,Height,<p>55</p>,Box Quantity,<p>60</p>,Inner Pack Quantity,<p>10</p>,Country Of Origin,<p>CN</p>,Standards,<p></p>,,,,
US391,Variant,,"The Iona Plus Mesh Vest is designed to deliver maximum performance, comfort and functionality. It's design offers enhanced user visibility with lightweight reflective tape and contrast fluorescent trim. It's cooling mesh fabric provides increased breathability guaranteeing flexibility and ultimate wearer durability. Now available in new color options.",https://d11ak7fd9ypfb7.cloudfront.net/styles1100px/US391RER.jpg,,0.0,TRUE,InStock,0.272,,US391RERXXL,,,,Size,DROP_DOWN,XXL,Color,DROP_DOWN,Red,,,,,,,,,,,,,Fit,<p>R</p>,Length,<p>43</p>,Width,<p>28</p>,Height,<p>55</p>,Box Quantity,<p>60</p>,Inner Pack Quantity,<p>10</p>,Country Of Origin,<p>CN</p>,Standards,<p></p>,,,,
US391,Variant,,"The Iona Plus Mesh Vest is designed to deliver maximum performance, comfort and functionality. It's design offers enhanced user visibility with lightweight reflective tape and contrast fluorescent trim. It's cooling mesh fabric provides increased breathability guaranteeing flexibility and ultimate wearer durability. Now available in new color options.",https://d11ak7fd9ypfb7.cloudfront.net/styles1100px/US391RER.jpg,,0.0,TRUE,InStock,0.28,,US391RERXXXL,,,,Size,DROP_DOWN,XXXL,Color,DROP_DOWN,Red,,,,,,,,,,,,,Fit,<p>R</p>,Length,<p>43</p>,Width,<p>28</p>,Height,<p>55</p>,Box Quantity,<p>60</p>,Inner Pack Quantity,<p>10</p>,Country Of Origin,<p>CN</p>,Standards,<p></p>,,,,
US394,Product,US394 - ,,https://d11ak7fd9ypfb7.cloudfront.net/styles1100px/US394YER.jpg,0.0,0.0,TRUE,InStock,0.999,,US394YER4XL,,,,Size,DROP_DOWN,S;M;L;XL;XXL;XXXL;4XL;5XL,Color,DROP_DOWN,Yellow,,,,,,,,,,,,,Fit,<p>R</p>,Length,<p>55</p>,Width,<p>36</p>,Height,<p>32</p>,Box Quantity,<p>60</p>,Inner Pack Quantity,<p>1</p>,Country Of Origin,<p>CN</p>,Standards,<p></p>,,,,
US394,Variant,,,https://d11ak7fd9ypfb7.cloudfront.net/styles1100px/US394YER.jpg,,0.0,TRUE,InStock,0.999,,US394YER4XL,,,,Size,DROP_DOWN,4XL,Color,DROP_DOWN,Yellow,,,,,,,,,,,,,Fit,<p>R</p>,Length,<p>55</p>,Width,<p>36</p>,Height,<p>32</p>,Box Quantity,<p>60</p>,Inner Pack Quantity,<p>1</p>,Country Of Origin,<p>CN</p>,Standards,<p></p>,,,,
US394,Variant,,,https://d11ak7fd9ypfb7.cloudfront.net/styles1100px/US394YER.jpg,,0.0,TRUE,InStock,0.999,,US394YER5XL,,,,Size,DROP_DOWN,5XL,Color,DROP_DOWN,Yellow,,,,,,,,,,,,,Fit,<p>R</p>,Length,<p>55</p>,Width,<p>36</p>,Height,<p>32</p>,Box Quantity,<p>60</p>,Inner Pack Quantity,<p>1</p>,Country Of Origin,<p>CN</p>,Standards,<p></p>,,,,
US394,Variant,,,https://d11ak7fd9ypfb7.cloudfront.net/styles1100px/US394YER.jpg,,0.0,TRUE,InStock,0.999,,US394YERL,,,,Size,DROP_DOWN,L,Color,DROP_DOWN,Yellow,,,,,,,,,,,,,Fit,<p>R</p>,Length,<p>55</p>,Width,<p>36</p>,Height,<p>30</p>,Box Quantity,<p>60</p>,Inner Pack Quantity,<p>1</p>,Country Of Origin,<p>CN</p>,Standards,<p></p>,,,,
US394,Variant,,,https://d11ak7fd9ypfb7.cloudfront.net/styles1100px/US394YER.jpg,,0.0,TRUE,InStock,0.999,,US394YERM,,,,Size,DROP_DOWN,M,Color,DROP_DOWN,Yellow,,,,,,,,,,,,,Fit,<p>R</p>,Length,<p>55</p>,Width,<p>36</p>,Height,<p>30</p>,Box Quantity,<p>60</p>,Inner Pack Quantity,<p>1</p>,Country Of Origin,<p>CN</p>,Standards,<p></p>,,,,
US394,Variant,,,https://d11ak7fd9ypfb7.cloudfront.net/styles1100px/US394YER.jpg,,0.0,TRUE,InStock,0.999,,US394YERS,,,,Size,DROP_DOWN,S,Color,DROP_DOWN,Yellow,,,,,,,,,,,,,Fit,<p>R</p>,Length,<p>55</p>,Width,<p>36</p>,Height,<p>30</p>,Box Quantity,<p>60</p>,Inner Pack Quantity,<p>1</p>,Country Of Origin,<p>CN</p>,Standards,<p></p>,,,,
US394,Variant,,,https://d11ak7fd9ypfb7.cloudfront.net/styles1100px/US394YER.jpg,,0.0,TRUE,InStock,0.999,,US394YERXL,,,,Size,DROP_DOWN,XL,Color,DROP_DOWN,Yellow,,,,,,,,,,,,,Fit,<p>R</p>,Length,<p>55</p>,Width,<p>36</p>,Height,<p>30</p>,Box Quantity,<p>60</p>,Inner Pack Quantity,<p>1</p>,Country Of Origin,<p>CN</p>,Standards,<p></p>,,,,
US394,Variant,,,https://d11ak7fd9ypfb7.cloudfront.net/styles1100px/US394YER.jpg,,0.0,TRUE,InStock,0.999,,US394YERXXL,,,,Size,DROP_DOWN,XXL,Color,DROP_DOWN,Yellow,,,,,,,,,,,,,Fit,<p>R</p>,Length,<p>55</p>,Width,<p>36</p>,Height,<p>32</p>,Box Quantity,<p>60</p>,Inner Pack Quantity,<p>1</p>,Country Of Origin,<p>CN</p>,Standards,<p></p>,,,,
US394,Variant,,,https://d11ak7fd9ypfb7.cloudfront.net/styles1100px/US394YER.jpg,,0.0,TRUE,InStock,0.999,,US394YERXXXL,,,,Size,DROP_DOWN,XXXL,Color,DROP_DOWN,Yellow,,,,,,,,,,,,,Fit,<p>R</p>,Length,<p>55</p>,Width,<p>36</p>,Height,<p>32</p>,Box Quantity,<p>60</p>,Inner Pack Quantity,<p>1</p>,Country Of Origin,<p>CN</p>,Standards,<p></p>,,,,
US414,Product,US414 - Shetland Vest,"Cold and wind protection polycotton vest Brushed cotton tartan with heavy weight wadding Mic tab Elasticated armholes Pockets: 4 front, 1 cell phone, 1 pen Generous fit for wearer comfort",https://d11ak7fd9ypfb7.cloudfront.net/styles1100px/US414BKR.jpg,39.0,0.0,TRUE,InStock,0.82,,US414BKRL,,,,Size,DROP_DOWN,M;L;XL;XXL,Color,DROP_DOWN,Navy;Black,,,,,,,,,,,,,Fit,<p>R</p>,Length,<p>65</p>,Width,<p>40</p>,Height,<p>28</p>,Box Quantity,<p>12</p>,Inner Pack Quantity,<p>1</p>,Country Of Origin,<p></p>,Standards,<p></p>,,,,
US414,Variant,,"Cold and wind protection polycotton vest Brushed cotton tartan with heavy weight wadding Mic tab Elasticated armholes Pockets: 4 front, 1 cell phone, 1 pen Generous fit for wearer comfort",https://d11ak7fd9ypfb7.cloudfront.net/styles1100px/US414BKR.jpg,,0.0,TRUE,InStock,0.82,,US414BKRL,,,,Size,DROP_DOWN,L,Color,DROP_DOWN,Black,,,,,,,,,,,,,Fit,<p>R</p>,Length,<p>65</p>,Width,<p>40</p>,Height,<p>28</p>,Box Quantity,<p>12</p>,Inner Pack Quantity,<p>1</p>,Country Of Origin,<p></p>,Standards,<p></p>,,,,
US414,Variant,,"Cold and wind protection polycotton vest Brushed cotton tartan with heavy weight wadding Mic tab Elasticated armholes Pockets: 4 front, 1 cell phone, 1 pen Generous fit for wearer comfort",https://d11ak7fd9ypfb7.cloudfront.net/styles1100px/US414BKR.jpg,,0.0,TRUE,InStock,0.8,,US414BKRM,,,,Size,DROP_DOWN,M,Color,DROP_DOWN,Black,,,,,,,,,,,,,Fit,<p>R</p>,Length,<p>65</p>,Width,<p>40</p>,Height,<p>28</p>,Box Quantity,<p>12</p>,Inner Pack Quantity,<p>1</p>,Country Of Origin,<p></p>,Standards,<p></p>,,,,
US414,Variant,,"Cold and wind protection polycotton vest Brushed cotton tartan with heavy weight wadding Mic tab Elasticated armholes Pockets: 4 front, 1 cell phone, 1 pen Generous fit for wearer comfort",https://d11ak7fd9ypfb7.cloudfront.net/styles1100px/US414NAR.jpg,,0.0,TRUE,InStock,0.82,,US414NARL,,,,Size,DROP_DOWN,L,Color,DROP_DOWN,Navy,,,,,,,,,,,,,Fit,<p>R</p>,Length,<p>65</p>,Width,<p>40</p>,Height,<p>28</p>,Box Quantity,<p>12</p>,Inner Pack Quantity,<p>1</p>,Country Of Origin,<p></p>,Standards,<p></p>,,,,
US414,Variant,,"Cold and wind protection polycotton vest Brushed cotton tartan with heavy weight wadding Mic tab Elasticated armholes Pockets: 4 front, 1 cell phone, 1 pen Generous fit for wearer comfort",https://d11ak7fd9ypfb7.cloudfront.net/styles1100px/US414NAR.jpg,,0.0,TRUE,InStock,0.8,,US414NARM,,,,Size,DROP_DOWN,M,Color,DROP_DOWN,Navy,,,,,,,,,,,,,Fit,<p>R</p>,Length,<p>65</p>,Width,<p>40</p>,Height,<p>28</p>,Box Quantity,<p>12</p>,Inner Pack Quantity,<p>1</p>,Country Of Origin,<p></p>,Standards,<p></p>,,,,
US414,Variant,,"Cold and wind protection polycotton vest Brushed cotton tartan with heavy weight wadding Mic tab Elasticated armholes Pockets: 4 front, 1 cell phone, 1 pen Generous fit for wearer comfort",https://d11ak7fd9ypfb7.cloudfront.net/styles1100px/US414NAR.jpg,,0.0,TRUE,InStock,0.84,,US414NARXL,,,,Size,DROP_DOWN,XL,Color,DROP_DOWN,Navy,,,,,,,,,,,,,Fit,<p>R</p>,Length,<p>65</p>,Width,<p>40</p>,Height,<p>28</p>,Box Quantity,<p>12</p>,Inner Pack Quantity,<p>1</p>,Country Of Origin,<p></p>,Standards,<p></p>,,,,
US414,Variant,,"Cold and wind protection polycotton vest Brushed cotton tartan with heavy weight wadding Mic tab Elasticated armholes Pockets: 4 front, 1 cell phone, 1 pen Generous fit for wearer comfort",https://d11ak7fd9ypfb7.cloudfront.net/styles1100px/US414NAR.jpg,,0.0,TRUE,InStock,0.86,,US414NARXXL,,,,Size,DROP_DOWN,XXL,Color,DROP_DOWN,Navy,,,,,,,,,,,,,Fit,<p>R</p>,Length,<p>65</p>,Width,<p>40</p>,Height,<p>28</p>,Box Quantity,<p>12</p>,Inner Pack Quantity,<p>1</p>,Country Of Origin,<p></p>,Standards,<p></p>,,,,
US415,Product,US415 - Classic Bodywarmer,"The S415 offers an extra layer of warmth and protects the wearer in wet weather. The classic style combines hand warmer pockets, patch pockets and an external mobile phone pocket to make an excellent outdoor garment.",https://d11ak7fd9ypfb7.cloudfront.net/styles1100px/US415BKR.jpg,33.4,0.0,TRUE,InStock,0.87,,US415BKRL,,,,Size,DROP_DOWN,M;L;XL;XXL,Color,DROP_DOWN,Navy;Black,,,,,,,,,,,,,Fit,<p>R</p>,Length,<p>65</p>,Width,<p>40</p>,Height,<p>31</p>,Box Quantity,<p>14</p>,Inner Pack Quantity,<p>1</p>,Country Of Origin,<p></p>,Standards,<p></p>,,,,
US415,Variant,,"The S415 offers an extra layer of warmth and protects the wearer in wet weather. The classic style combines hand warmer pockets, patch pockets and an external mobile phone pocket to make an excellent outdoor garment.",https://d11ak7fd9ypfb7.cloudfront.net/styles1100px/US415BKR.jpg,,0.0,TRUE,InStock,0.87,,US415BKRL,,,,Size,DROP_DOWN,L,Color,DROP_DOWN,Black,,,,,,,,,,,,,Fit,<p>R</p>,Length,<p>65</p>,Width,<p>40</p>,Height,<p>31</p>,Box Quantity,<p>14</p>,Inner Pack Quantity,<p>1</p>,Country Of Origin,<p></p>,Standards,<p></p>,,,,
US415,Variant,,"The S415 offers an extra layer of warmth and protects the wearer in wet weather. The classic style combines hand warmer pockets, patch pockets and an external mobile phone pocket to make an excellent outdoor garment.",https://d11ak7fd9ypfb7.cloudfront.net/styles1100px/US415BKR.jpg,,0.0,TRUE,InStock,0.83,,US415BKRM,,,,Size,DROP_DOWN,M,Color,DROP_DOWN,Black,,,,,,,,,,,,,Fit,<p>R</p>,Length,<p>65</p>,Width,<p>40</p>,Height,<p>31</p>,Box Quantity,<p>14</p>,Inner Pack Quantity,<p>1</p>,Country Of Origin,<p></p>,Standards,<p></p>,,,,
US415,Variant,,"The S415 offers an extra layer of warmth and protects the wearer in wet weather. The classic style combines hand warmer pockets, patch pockets and an external mobile phone pocket to make an excellent outdoor garment.",https://d11ak7fd9ypfb7.cloudfront.net/styles1100px/US415NAR.jpg,,0.0,TRUE,InStock,0.87,,US415NARL,,,,Size,DROP_DOWN,L,Color,DROP_DOWN,Navy,,,,,,,,,,,,,Fit,<p>R</p>,Length,<p>65</p>,Width,<p>40</p>,Height,<p>31</p>,Box Quantity,<p>14</p>,Inner Pack Quantity,<p>1</p>,Country Of Origin,<p></p>,Standards,<p></p>,,,,
US415,Variant,,"The S415 offers an extra layer of warmth and protects the wearer in wet weather. The classic style combines hand warmer pockets, patch pockets and an external mobile phone pocket to make an excellent outdoor garment.",https://d11ak7fd9ypfb7.cloudfront.net/styles1100px/US415NAR.jpg,,0.0,TRUE,InStock,0.83,,US415NARM,,,,Size,DROP_DOWN,M,Color,DROP_DOWN,Navy,,,,,,,,,,,,,Fit,<p>R</p>,Length,<p>65</p>,Width,<p>40</p>,Height,<p>31</p>,Box Quantity,<p>14</p>,Inner Pack Quantity,<p>1</p>,Country Of Origin,<p></p>,Standards,<p></p>,,,,
US415,Variant,,"The S415 offers an extra layer of warmth and protects the wearer in wet weather. The classic style combines hand warmer pockets, patch pockets and an external mobile phone pocket to make an excellent outdoor garment.",https://d11ak7fd9ypfb7.cloudfront.net/styles1100px/US415NAR.jpg,,0.0,TRUE,InStock,0.9,,US415NARXL,,,,Size,DROP_DOWN,XL,Color,DROP_DOWN,Navy,,,,,,,,,,,,,Fit,<p>R</p>,Length,<p>65</p>,Width,<p>40</p>,Height,<p>31</p>,Box Quantity,<p>14</p>,Inner Pack Quantity,<p>1</p>,Country Of Origin,<p></p>,Standards,<p></p>,,,,
US415,Variant,,"The S415 offers an extra layer of warmth and protects the wearer in wet weather. The classic style combines hand warmer pockets, patch pockets and an external mobile phone pocket to make an excellent outdoor garment.",https://d11ak7fd9ypfb7.cloudfront.net/styles1100px/US415NAR.jpg,,0.0,TRUE,InStock,0.93,,US415NARXXL,,,,Size,DROP_DOWN,XXL,Color,DROP_DOWN,Navy,,,,,,,,,,,,,Fit,<p>R</p>,Length,<p>65</p>,Width,<p>40</p>,Height,<p>31</p>,Box Quantity,<p>14</p>,Inner Pack Quantity,<p>1</p>,Country Of Origin,<p></p>,Standards,<p></p>,,,,
US418,Product,US418 - RS Reversible Bodywarmer,"Rugged Ripstop fabric ensures that the S418 is a tough, working garment and the sleeveless design allows maximum freedom of movement. The reversed fleece is ideal on dry days and comes with an anti-pill finish that will look new for longer. Available in three colours, the comfortable, relaxed fit and secure zip pockets make this bodywarmer a respected option.",https://d11ak7fd9ypfb7.cloudfront.net/styles1100px/US418GRR.jpg,0.0,0.0,TRUE,InStock,0.66,,US418GRRM,,,,Size,DROP_DOWN,M,Color,DROP_DOWN,Grey;Navy,,,,,,,,,,,,,Fit,<p>R</p>,Length,<p>65</p>,Width,<p>40</p>,Height,<p>30</p>,Box Quantity,<p>18</p>,Inner Pack Quantity,<p>1</p>,Country Of Origin,<p></p>,Standards,<p></p>,,,,
US418,Variant,,"Rugged Ripstop fabric ensures that the S418 is a tough, working garment and the sleeveless design allows maximum freedom of movement. The reversed fleece is ideal on dry days and comes with an anti-pill finish that will look new for longer. Available in three colours, the comfortable, relaxed fit and secure zip pockets make this bodywarmer a respected option.",https://d11ak7fd9ypfb7.cloudfront.net/styles1100px/US418NAR.jpg,,0.0,TRUE,InStock,0.66,,US418NARM,,,,Size,DROP_DOWN,M,Color,DROP_DOWN,Navy,,,,,,,,,,,,,Fit,<p>R</p>,Length,<p>65</p>,Width,<p>40</p>,Height,<p>30</p>,Box Quantity,<p>18</p>,Inner Pack Quantity,<p>1</p>,Country Of Origin,<p></p>,Standards,<p></p>,,,,
US427,Product,US427 - Hi-Vis 7-in-1 Traffic Jacket,"The highly innovative 7 in 1 jacket is adaptable for any situation that may arise. Waterproof and breathable to the highest EN Standards, the jacket has multiple features and benefits such as ample storage space, a concealed hood and a fleece lined collar.",https://d11ak7fd9ypfb7.cloudfront.net/styles1100px/US427YER.jpg,147.8,0.0,TRUE,InStock,2.46,,US427YER4XL,,,,Size,DROP_DOWN,S;M;L;XL;XXL;XXXL;4XL;5XL,Color,DROP_DOWN,Yellow,,,,,,,,,,,,,Fit,<p>R</p>,Length,<p>65</p>,Width,<p>45</p>,Height,<p>39</p>,Box Quantity,<p>8</p>,Inner Pack Quantity,<p>1</p>,Country Of Origin,<p>MM</p>,Standards,<p></p>,,,,
US427,Variant,,"The highly innovative 7 in 1 jacket is adaptable for any situation that may arise. Waterproof and breathable to the highest EN Standards, the jacket has multiple features and benefits such as ample storage space, a concealed hood and a fleece lined collar.",https://d11ak7fd9ypfb7.cloudfront.net/styles1100px/US427YER.jpg,,0.0,TRUE,InStock,2.46,,US427YER4XL,,,,Size,DROP_DOWN,4XL,Color,DROP_DOWN,Yellow,,,,,,,,,,,,,Fit,<p>R</p>,Length,<p>65</p>,Width,<p>45</p>,Height,<p>39</p>,Box Quantity,<p>8</p>,Inner Pack Quantity,<p>1</p>,Country Of Origin,<p>MM</p>,Standards,<p></p>,,,,
US427,Variant,,"The highly innovative 7 in 1 jacket is adaptable for any situation that may arise. Waterproof and breathable to the highest EN Standards, the jacket has multiple features and benefits such as ample storage space, a concealed hood and a fleece lined collar.",https://d11ak7fd9ypfb7.cloudfront.net/styles1100px/US427YER.jpg,,0.0,TRUE,InStock,2.56,,US427YER5XL,,,,Size,DROP_DOWN,5XL,Color,DROP_DOWN,Yellow,,,,,,,,,,,,,Fit,<p>R</p>,Length,<p>65</p>,Width,<p>45</p>,Height,<p>39</p>,Box Quantity,<p>8</p>,Inner Pack Quantity,<p>1</p>,Country Of Origin,<p>MM</p>,Standards,<p></p>,,,,
US427,Variant,,"The highly innovative 7 in 1 jacket is adaptable for any situation that may arise. Waterproof and breathable to the highest EN Standards, the jacket has multiple features and benefits such as ample storage space, a concealed hood and a fleece lined collar.",https://d11ak7fd9ypfb7.cloudfront.net/styles1100px/US427YER.jpg,,0.0,TRUE,InStock,2.06,,US427YERL,,,,Size,DROP_DOWN,L,Color,DROP_DOWN,Yellow,,,,,,,,,,,,,Fit,<p>R</p>,Length,<p>65</p>,Width,<p>45</p>,Height,<p>39</p>,Box Quantity,<p>8</p>,Inner Pack Quantity,<p>1</p>,Country Of Origin,<p>MM</p>,Standards,<p></p>,,,,
US427,Variant,,"The highly innovative 7 in 1 jacket is adaptable for any situation that may arise. Waterproof and breathable to the highest EN Standards, the jacket has multiple features and benefits such as ample storage space, a concealed hood and a fleece lined collar.",https://d11ak7fd9ypfb7.cloudfront.net/styles1100px/US427YER.jpg,,0.0,TRUE,InStock,1.96,,US427YERM,,,,Size,DROP_DOWN,M,Color,DROP_DOWN,Yellow,,,,,,,,,,,,,Fit,<p>R</p>,Length,<p>65</p>,Width,<p>45</p>,Height,<p>39</p>,Box Quantity,<p>8</p>,Inner Pack Quantity,<p>1</p>,Country Of Origin,<p>MM</p>,Standards,<p></p>,,,,
US427,Variant,,"The highly innovative 7 in 1 jacket is adaptable for any situation that may arise. Waterproof and breathable to the highest EN Standards, the jacket has multiple features and benefits such as ample storage space, a concealed hood and a fleece lined collar.",https://d11ak7fd9ypfb7.cloudfront.net/styles1100px/US427YER.jpg,,0.0,TRUE,InStock,1.9,,US427YERS,,,,Size,DROP_DOWN,S,Color,DROP_DOWN,Yellow,,,,,,,,,,,,,Fit,<p>R</p>,Length,<p>65</p>,Width,<p>45</p>,Height,<p>39</p>,Box Quantity,<p>8</p>,Inner Pack Quantity,<p>1</p>,Country Of Origin,<p>MM</p>,Standards,<p></p>,,,,
US427,Variant,,"The highly innovative 7 in 1 jacket is adaptable for any situation that may arise. Waterproof and breathable to the highest EN Standards, the jacket has multiple features and benefits such as ample storage space, a concealed hood and a fleece lined collar.",https://d11ak7fd9ypfb7.cloudfront.net/styles1100px/US427YER.jpg,,0.0,TRUE,InStock,2.16,,US427YERXL,,,,Size,DROP_DOWN,XL,Color,DROP_DOWN,Yellow,,,,,,,,,,,,,Fit,<p>R</p>,Length,<p>65</p>,Width,<p>45</p>,Height,<p>39</p>,Box Quantity,<p>8</p>,Inner Pack Quantity,<p>1</p>,Country Of Origin,<p>MM</p>,Standards,<p></p>,,,,
US427,Variant,,"The highly innovative 7 in 1 jacket is adaptable for any situation that may arise. Waterproof and breathable to the highest EN Standards, the jacket has multiple features and benefits such as ample storage space, a concealed hood and a fleece lined collar.",https://d11ak7fd9ypfb7.cloudfront.net/styles1100px/US427YER.jpg,,0.0,TRUE,InStock,2.26,,US427YERXXL,,,,Size,DROP_DOWN,XXL,Color,DROP_DOWN,Yellow,,,,,,,,,,,,,Fit,<p>R</p>,Length,<p>65</p>,Width,<p>45</p>,Height,<p>39</p>,Box Quantity,<p>8</p>,Inner Pack Quantity,<p>1</p>,Country Of Origin,<p>MM</p>,Standards,<p></p>,,,,
US427,Variant,,"The highly innovative 7 in 1 jacket is adaptable for any situation that may arise. Waterproof and breathable to the highest EN Standards, the jacket has multiple features and benefits such as ample storage space, a concealed hood and a fleece lined collar.",https://d11ak7fd9ypfb7.cloudfront.net/styles1100px/US427YER.jpg,,0.0,TRUE,InStock,2.36,,US427YERXXXL,,,,Size,DROP_DOWN,XXXL,Color,DROP_DOWN,Yellow,,,,,,,,,,,,,Fit,<p>R</p>,Length,<p>65</p>,Width,<p>45</p>,Height,<p>39</p>,Box Quantity,<p>8</p>,Inner Pack Quantity,<p>1</p>,Country Of Origin,<p>MM</p>,Standards,<p></p>,,,,
US428,Product,US428 - Hi-Vis Softshell Jacket (3L),"Offering versatility and great functionality, this garment has you covered. It provides full coverage as a complete jacket in wet conditions. Or when worn with sleeves detached the bodywarmer vest is the layer of defense that works.",https://d11ak7fd9ypfb7.cloudfront.net/styles1100px/US428ORR.jpg,93.0,0.0,TRUE,InStock,0.86,,US428ORRL,,,,Size,DROP_DOWN,M;L;XL;XXL;XXXL;4XL,Color,DROP_DOWN,Yellow;Orange,,,,,,,,,,,,,Fit,<p>R</p>,Length,<p>65</p>,Width,<p>40</p>,Height,<p>33</p>,Box Quantity,<p>24</p>,Inner Pack Quantity,<p>1</p>,Country Of Origin,<p>BD</p>,Standards,<p></p>,,,,
US428,Variant,,"Offering versatility and great functionality, this garment has you covered. It provides full coverage as a complete jacket in wet conditions. Or when worn with sleeves detached the bodywarmer vest is the layer of defense that works.",https://d11ak7fd9ypfb7.cloudfront.net/styles1100px/US428ORR.jpg,,0.0,TRUE,InStock,0.86,,US428ORRL,,,,Size,DROP_DOWN,L,Color,DROP_DOWN,Orange,,,,,,,,,,,,,Fit,<p>R</p>,Length,<p>65</p>,Width,<p>40</p>,Height,<p>33</p>,Box Quantity,<p>24</p>,Inner Pack Quantity,<p>1</p>,Country Of Origin,<p>BD</p>,Standards,<p></p>,,,,
US428,Variant,,"Offering versatility and great functionality, this garment has you covered. It provides full coverage as a complete jacket in wet conditions. Or when worn with sleeves detached the bodywarmer vest is the layer of defense that works.",https://d11ak7fd9ypfb7.cloudfront.net/styles1100px/US428ORR.jpg,,0.0,TRUE,InStock,0.84,,US428ORRM,,,,Size,DROP_DOWN,M,Color,DROP_DOWN,Orange,,,,,,,,,,,,,Fit,<p>R</p>,Length,<p>65</p>,Width,<p>40</p>,Height,<p>33</p>,Box Quantity,<p>24</p>,Inner Pack Quantity,<p>1</p>,Country Of Origin,<p>BD</p>,Standards,<p></p>,,,,
US428,Variant,,"Offering versatility and great functionality, this garment has you covered. It provides full coverage as a complete jacket in wet conditions. Or when worn with sleeves detached the bodywarmer vest is the layer of defense that works.",https://d11ak7fd9ypfb7.cloudfront.net/styles1100px/US428ORR.jpg,,0.0,TRUE,InStock,0.88,,US428ORRXL,,,,Size,DROP_DOWN,XL,Color,DROP_DOWN,Orange,,,,,,,,,,,,,Fit,<p>R</p>,Length,<p>65</p>,Width,<p>40</p>,Height,<p>33</p>,Box Quantity,<p>24</p>,Inner Pack Quantity,<p>1</p>,Country Of Origin,<p>BD</p>,Standards,<p></p>,,,,
US428,Variant,,"Offering versatility and great functionality, this garment has you covered. It provides full coverage as a complete jacket in wet conditions. Or when worn with sleeves detached the bodywarmer vest is the layer of defense that works.",https://d11ak7fd9ypfb7.cloudfront.net/styles1100px/US428ORR.jpg,,0.0,TRUE,InStock,0.9,,US428ORRXXL,,,,Size,DROP_DOWN,XXL,Color,DROP_DOWN,Orange,,,,,,,,,,,,,Fit,<p>R</p>,Length,<p>65</p>,Width,<p>40</p>,Height,<p>33</p>,Box Quantity,<p>24</p>,Inner Pack Quantity,<p>1</p>,Country Of Origin,<p>BD</p>,Standards,<p></p>,,,,
US428,Variant,,"Offering versatility and great functionality, this garment has you covered. It provides full coverage as a complete jacket in wet conditions. Or when worn with sleeves detached the bodywarmer vest is the layer of defense that works.",https://d11ak7fd9ypfb7.cloudfront.net/styles1100px/US428ORR.jpg,,0.0,TRUE,InStock,0.92,,US428ORRXXXL,,,,Size,DROP_DOWN,XXXL,Color,DROP_DOWN,Orange,,,,,,,,,,,,,Fit,<p>R</p>,Length,<p>65</p>,Width,<p>40</p>,Height,<p>33</p>,Box Quantity,<p>24</p>,Inner Pack Quantity,<p>1</p>,Country Of Origin,<p>BD</p>,Standards,<p></p>,,,,
US428,Variant,,"Offering versatility and great functionality, this garment has you covered. It provides full coverage as a complete jacket in wet conditions. Or when worn with sleeves detached the bodywarmer vest is the layer of defense that works.",https://d11ak7fd9ypfb7.cloudfront.net/styles1100px/US428YER.jpg,,0.0,TRUE,InStock,0.94,,US428YER4XL,,,,Size,DROP_DOWN,4XL,Color,DROP_DOWN,Yellow,,,,,,,,,,,,,Fit,<p>R</p>,Length,<p>65</p>,Width,<p>40</p>,Height,<p>33</p>,Box Quantity,<p>24</p>,Inner Pack Quantity,<p>1</p>,Country Of Origin,<p>BD</p>,Standards,<p></p>,,,,
US428,Variant,,"Offering versatility and great functionality, this garment has you covered. It provides full coverage as a complete jacket in wet conditions. Or when worn with sleeves detached the bodywarmer vest is the layer of defense that works.",https://d11ak7fd9ypfb7.cloudfront.net/styles1100px/US428YER.jpg,,0.0,TRUE,InStock,0.86,,US428YERL,,,,Size,DROP_DOWN,L,Color,DROP_DOWN,Yellow,,,,,,,,,,,,,Fit,<p>R</p>,Length,<p>65</p>,Width,<p>40</p>,Height,<p>33</p>,Box Quantity,<p>24</p>,Inner Pack Quantity,<p>1</p>,Country Of Origin,<p>BD</p>,Standards,<p></p>,,,,
US428,Variant,,"Offering versatility and great functionality, this garment has you covered. It provides full coverage as a complete jacket in wet conditions. Or when worn with sleeves detached the bodywarmer vest is the layer of defense that works.",https://d11ak7fd9ypfb7.cloudfront.net/styles1100px/US428YER.jpg,,0.0,TRUE,InStock,0.84,,US428YERM,,,,Size,DROP_DOWN,M,Color,DROP_DOWN,Yellow,,,,,,,,,,,,,Fit,<p>R</p>,Length,<p>65</p>,Width,<p>40</p>,Height,<p>33</p>,Box Quantity,<p>24</p>,Inner Pack Quantity,<p>1</p>,Country Of Origin,<p>BD</p>,Standards,<p></p>,,,,
US428,Variant,,"Offering versatility and great functionality, this garment has you covered. It provides full coverage as a complete jacket in wet conditions. Or when worn with sleeves detached the bodywarmer vest is the layer of defense that works.",https://d11ak7fd9ypfb7.cloudfront.net/styles1100px/US428YER.jpg,,0.0,TRUE,InStock,0.88,,US428YERXL,,,,Size,DROP_DOWN,XL,Color,DROP_DOWN,Yellow,,,,,,,,,,,,,Fit,<p>R</p>,Length,<p>65</p>,Width,<p>40</p>,Height,<p>33</p>,Box Quantity,<p>24</p>,Inner Pack Quantity,<p>1</p>,Country Of Origin,<p>BD</p>,Standards,<p></p>,,,,
US428,Variant,,"Offering versatility and great functionality, this garment has you covered. It provides full coverage as a complete jacket in wet conditions. Or when worn with sleeves detached the bodywarmer vest is the layer of defense that works.",https://d11ak7fd9ypfb7.cloudfront.net/styles1100px/US428YER.jpg,,0.0,TRUE,InStock,0.9,,US428YERXXL,,,,Size,DROP_DOWN,XXL,Color,DROP_DOWN,Yellow,,,,,,,,,,,,,Fit,<p>R</p>,Length,<p>65</p>,Width,<p>40</p>,Height,<p>33</p>,Box Quantity,<p>24</p>,Inner Pack Quantity,<p>1</p>,Country Of Origin,<p>BD</p>,Standards,<p></p>,,,,
US428,Variant,,"Offering versatility and great functionality, this garment has you covered. It provides full coverage as a complete jacket in wet conditions. Or when worn with sleeves detached the bodywarmer vest is the layer of defense that works.",https://d11ak7fd9ypfb7.cloudfront.net/styles1100px/US428YER.jpg,,0.0,TRUE,InStock,0.92,,US428YERXXXL,,,,Size,DROP_DOWN,XXXL,Color,DROP_DOWN,Yellow,,,,,,,,,,,,,Fit,<p>R</p>,Length,<p>65</p>,Width,<p>40</p>,Height,<p>33</p>,Box Quantity,<p>24</p>,Inner Pack Quantity,<p>1</p>,Country Of Origin,<p>BD</p>,Standards,<p></p>,,,,
US429,Product,US429 - Two-Tone Softshell Jacket (3L),"This style is designed for ultimate visibility with a contemporary contrast look. Offering waterproof zipper pockets and storm flap closure for enhanced protection. Lightweight, comfortable and durable this jacket is ideal for all types of environments.",https://d11ak7fd9ypfb7.cloudfront.net/styles1100px/US429YBR.jpg,77.9,0.0,TRUE,InStock,0.94,,US429YBR4XL,,,,Size,DROP_DOWN,S;M;L;XL;XXL;XXXL;4XL;5XL;6XL,Color,DROP_DOWN,Yellow/Black,,,,,,,,,,,,,Fit,<p>R</p>,Length,<p>65</p>,Width,<p>45</p>,Height,<p>40</p>,Box Quantity,<p>24</p>,Inner Pack Quantity,<p>1</p>,Country Of Origin,<p>BD</p>,Standards,<ul><li>ANSI/ISEA 107 TYPE R CLASS 3</li><li>EN ISO 20471 Class 3</li></ul>,,,,
US429,Variant,,"This style is designed for ultimate visibility with a contemporary contrast look. Offering waterproof zipper pockets and storm flap closure for enhanced protection. Lightweight, comfortable and durable this jacket is ideal for all types of environments.",https://d11ak7fd9ypfb7.cloudfront.net/styles1100px/US429YBR.jpg,,0.0,TRUE,InStock,0.94,,US429YBR4XL,,,,Size,DROP_DOWN,4XL,Color,DROP_DOWN,Yellow/Black,,,,,,,,,,,,,Fit,<p>R</p>,Length,<p>65</p>,Width,<p>45</p>,Height,<p>40</p>,Box Quantity,<p>24</p>,Inner Pack Quantity,<p>1</p>,Country Of Origin,<p>BD</p>,Standards,<ul><li>ANSI/ISEA 107 TYPE R CLASS 3</li><li>EN ISO 20471 Class 3</li></ul>,,,,
US429,Variant,,"This style is designed for ultimate visibility with a contemporary contrast look. Offering waterproof zipper pockets and storm flap closure for enhanced protection. Lightweight, comfortable and durable this jacket is ideal for all types of environments.",https://d11ak7fd9ypfb7.cloudfront.net/styles1100px/US429YBR.jpg,,0.0,TRUE,InStock,0.96,,US429YBR5XL,,,,Size,DROP_DOWN,5XL,Color,DROP_DOWN,Yellow/Black,,,,,,,,,,,,,Fit,<p>R</p>,Length,<p>65</p>,Width,<p>45</p>,Height,<p>40</p>,Box Quantity,<p>24</p>,Inner Pack Quantity,<p>1</p>,Country Of Origin,<p>BD</p>,Standards,<ul><li>ANSI/ISEA 107 TYPE R CLASS 3</li><li>EN ISO 20471 Class 3</li></ul>,,,,
US429,Variant,,"This style is designed for ultimate visibility with a contemporary contrast look. Offering waterproof zipper pockets and storm flap closure for enhanced protection. Lightweight, comfortable and durable this jacket is ideal for all types of environments.",https://d11ak7fd9ypfb7.cloudfront.net/styles1100px/US429YBR.jpg,,0.0,TRUE,InStock,0.98,,US429YBR6XL,,,,Size,DROP_DOWN,6XL,Color,DROP_DOWN,Yellow/Black,,,,,,,,,,,,,Fit,<p>R</p>,Length,<p>65</p>,Width,<p>45</p>,Height,<p>40</p>,Box Quantity,<p>24</p>,Inner Pack Quantity,<p>1</p>,Country Of Origin,<p>BD</p>,Standards,<ul><li>ANSI/ISEA 107 TYPE R CLASS 3</li><li>EN ISO 20471 Class 3</li></ul>,,,,
US429,Variant,,"This style is designed for ultimate visibility with a contemporary contrast look. Offering waterproof zipper pockets and storm flap closure for enhanced protection. Lightweight, comfortable and durable this jacket is ideal for all types of environments.",https://d11ak7fd9ypfb7.cloudfront.net/styles1100px/US429YBR.jpg,,0.0,TRUE,InStock,0.86,,US429YBRL,,,,Size,DROP_DOWN,L,Color,DROP_DOWN,Yellow/Black,,,,,,,,,,,,,Fit,<p>R</p>,Length,<p>65</p>,Width,<p>45</p>,Height,<p>40</p>,Box Quantity,<p>24</p>,Inner Pack Quantity,<p>1</p>,Country Of Origin,<p>BD</p>,Standards,<ul><li>ANSI/ISEA 107 TYPE R CLASS 3</li><li>EN ISO 20471 Class 3</li></ul>,,,,
US429,Variant,,"This style is designed for ultimate visibility with a contemporary contrast look. Offering waterproof zipper pockets and storm flap closure for enhanced protection. Lightweight, comfortable and durable this jacket is ideal for all types of environments.",https://d11ak7fd9ypfb7.cloudfront.net/styles1100px/US429YBR.jpg,,0.0,TRUE,InStock,0.84,,US429YBRM,,,,Size,DROP_DOWN,M,Color,DROP_DOWN,Yellow/Black,,,,,,,,,,,,,Fit,<p>R</p>,Length,<p>65</p>,Width,<p>45</p>,Height,<p>40</p>,Box Quantity,<p>24</p>,Inner Pack Quantity,<p>1</p>,Country Of Origin,<p>BD</p>,Standards,<ul><li>ANSI/ISEA 107 TYPE R CLASS 3</li><li>EN ISO 20471 Class 3</li></ul>,,,,
US429,Variant,,"This style is designed for ultimate visibility with a contemporary contrast look. Offering waterproof zipper pockets and storm flap closure for enhanced protection. Lightweight, comfortable and durable this jacket is ideal for all types of environments.",https://d11ak7fd9ypfb7.cloudfront.net/styles1100px/US429YBR.jpg,,0.0,TRUE,InStock,0.86,,US429YBRS,,,,Size,DROP_DOWN,S,Color,DROP_DOWN,Yellow/Black,,,,,,,,,,,,,Fit,<p>R</p>,Length,<p>65</p>,Width,<p>45</p>,Height,<p>40</p>,Box Quantity,<p>24</p>,Inner Pack Quantity,<p>1</p>,Country Of Origin,<p>BD</p>,Standards,<ul><li>ANSI/ISEA 107 TYPE R CLASS 3</li><li>EN ISO 20471 Class 3</li></ul>,,,,
US429,Variant,,"This style is designed for ultimate visibility with a contemporary contrast look. Offering waterproof zipper pockets and storm flap closure for enhanced protection. Lightweight, comfortable and durable this jacket is ideal for all types of environments.",https://d11ak7fd9ypfb7.cloudfront.net/styles1100px/US429YBR.jpg,,0.0,TRUE,InStock,0.88,,US429YBRXL,,,,Size,DROP_DOWN,XL,Color,DROP_DOWN,Yellow/Black,,,,,,,,,,,,,Fit,<p>R</p>,Length,<p>65</p>,Width,<p>45</p>,Height,<p>40</p>,Box Quantity,<p>24</p>,Inner Pack Quantity,<p>1</p>,Country Of Origin,<p>BD</p>,Standards,<ul><li>ANSI/ISEA 107 TYPE R CLASS 3</li><li>EN ISO 20471 Class 3</li></ul>,,,,
US429,Variant,,"This style is designed for ultimate visibility with a contemporary contrast look. Offering waterproof zipper pockets and storm flap closure for enhanced protection. Lightweight, comfortable and durable this jacket is ideal for all types of environments.",https://d11ak7fd9ypfb7.cloudfront.net/styles1100px/US429YBR.jpg,,0.0,TRUE,InStock,0.9,,US429YBRXXL,,,,Size,DROP_DOWN,XXL,Color,DROP_DOWN,Yellow/Black,,,,,,,,,,,,,Fit,<p>R</p>,Length,<p>65</p>,Width,<p>45</p>,Height,<p>40</p>,Box Quantity,<p>24</p>,Inner Pack Quantity,<p>1</p>,Country Of Origin,<p>BD</p>,Standards,<ul><li>ANSI/ISEA 107 TYPE R CLASS 3</li><li>EN ISO 20471 Class 3</li></ul>,,,,
US429,Variant,,"This style is designed for ultimate visibility with a contemporary contrast look. Offering waterproof zipper pockets and storm flap closure for enhanced protection. Lightweight, comfortable and durable this jacket is ideal for all types of environments.",https://d11ak7fd9ypfb7.cloudfront.net/styles1100px/US429YBR.jpg,,0.0,TRUE,InStock,0.92,,US429YBRXXXL,,,,Size,DROP_DOWN,XXXL,Color,DROP_DOWN,Yellow/Black,,,,,,,,,,,,,Fit,<p>R</p>,Length,<p>65</p>,Width,<p>45</p>,Height,<p>40</p>,Box Quantity,<p>24</p>,Inner Pack Quantity,<p>1</p>,Country Of Origin,<p>BD</p>,Standards,<ul><li>ANSI/ISEA 107 TYPE R CLASS 3</li><li>EN ISO 20471 Class 3</li></ul>,,,,
US430,Product,US430 - Perth Stormbeater Jacket,"A classically styled waterproof jacket that is great value and will withstand hard use. Packed with all the features you would expect to find in a practical, hardwearing outdoor jacket, it includes two large bellow pockets for tools and other items you need to hand and a corduroy collar with hood to keep the rain and wind out.",https://d11ak7fd9ypfb7.cloudfront.net/styles1100px/US430NAR.jpg,55.5,0.0,TRUE,InStock,1.26,,US430NARL,,,,Size,DROP_DOWN,S;M;L;XL,Color,DROP_DOWN,Navy,,,,,,,,,,,,,Fit,<p>R</p>,Length,<p>65</p>,Width,<p>45</p>,Height,<p>23</p>,Box Quantity,<p>12</p>,Inner Pack Quantity,<p>1</p>,Country Of Origin,<p></p>,Standards,<p></p>,,,,
US430,Variant,,"A classically styled waterproof jacket that is great value and will withstand hard use. Packed with all the features you would expect to find in a practical, hardwearing outdoor jacket, it includes two large bellow pockets for tools and other items you need to hand and a corduroy collar with hood to keep the rain and wind out.",https://d11ak7fd9ypfb7.cloudfront.net/styles1100px/US430NAR.jpg,,0.0,TRUE,InStock,1.26,,US430NARL,,,,Size,DROP_DOWN,L,Color,DROP_DOWN,Navy,,,,,,,,,,,,,Fit,<p>R</p>,Length,<p>65</p>,Width,<p>45</p>,Height,<p>23</p>,Box Quantity,<p>12</p>,Inner Pack Quantity,<p>1</p>,Country Of Origin,<p></p>,Standards,<p></p>,,,,
US430,Variant,,"A classically styled waterproof jacket that is great value and will withstand hard use. Packed with all the features you would expect to find in a practical, hardwearing outdoor jacket, it includes two large bellow pockets for tools and other items you need to hand and a corduroy collar with hood to keep the rain and wind out.",https://d11ak7fd9ypfb7.cloudfront.net/styles1100px/US430NAR.jpg,,0.0,TRUE,InStock,1.22,,US430NARM,,,,Size,DROP_DOWN,M,Color,DROP_DOWN,Navy,,,,,,,,,,,,,Fit,<p>R</p>,Length,<p>65</p>,Width,<p>45</p>,Height,<p>23</p>,Box Quantity,<p>12</p>,Inner Pack Quantity,<p>1</p>,Country Of Origin,<p></p>,Standards,<p></p>,,,,
US430,Variant,,"A classically styled waterproof jacket that is great value and will withstand hard use. Packed with all the features you would expect to find in a practical, hardwearing outdoor jacket, it includes two large bellow pockets for tools and other items you need to hand and a corduroy collar with hood to keep the rain and wind out.",https://d11ak7fd9ypfb7.cloudfront.net/styles1100px/US430NAR.jpg,,0.0,TRUE,InStock,1.18,,US430NARS,,,,Size,DROP_DOWN,S,Color,DROP_DOWN,Navy,,,,,,,,,,,,,Fit,<p>R</p>,Length,<p>65</p>,Width,<p>45</p>,Height,<p>23</p>,Box Quantity,<p>12</p>,Inner Pack Quantity,<p>1</p>,Country Of Origin,<p></p>,Standards,<p></p>,,,,
US430,Variant,,"A classically styled waterproof jacket that is great value and will withstand hard use. Packed with all the features you would expect to find in a practical, hardwearing outdoor jacket, it includes two large bellow pockets for tools and other items you need to hand and a corduroy collar with hood to keep the rain and wind out.",https://d11ak7fd9ypfb7.cloudfront.net/styles1100px/US430NAR.jpg,,0.0,TRUE,InStock,1.3,,US430NARXL,,,,Size,DROP_DOWN,XL,Color,DROP_DOWN,Navy,,,,,,,,,,,,,Fit,<p>R</p>,Length,<p>65</p>,Width,<p>45</p>,Height,<p>23</p>,Box Quantity,<p>12</p>,Inner Pack Quantity,<p>1</p>,Country Of Origin,<p></p>,Standards,<p></p>,,,,
US433,Product,US433 - Iona Lite Jacket,"The Iona™ Lite Jacket offers added visibility in dull conditions. Features include two large pockets, an easily accessible external cell phone pocket to the chest and a drawcord hood and hem for a snug fit.",https://d11ak7fd9ypfb7.cloudfront.net/styles1100px/US433BKR.jpg,66.5,0.0,TRUE,InStock,1.28,,US433BKRL,,,,Size,DROP_DOWN,S;M;L;XL;XXL;XXXL,Color,DROP_DOWN,Navy;Black,,,,,,,,,,,,,Fit,<p>R</p>,Length,<p>65</p>,Width,<p>45</p>,Height,<p>25</p>,Box Quantity,<p>12</p>,Inner Pack Quantity,<p>1</p>,Country Of Origin,<p>MM</p>,Standards,<p></p>,,,,
US433,Variant,,"The Iona™ Lite Jacket offers added visibility in dull conditions. Features include two large pockets, an easily accessible external cell phone pocket to the chest and a drawcord hood and hem for a snug fit.",https://d11ak7fd9ypfb7.cloudfront.net/styles1100px/US433BKR.jpg,,0.0,TRUE,InStock,1.28,,US433BKRL,,,,Size,DROP_DOWN,L,Color,DROP_DOWN,Black,,,,,,,,,,,,,Fit,<p>R</p>,Length,<p>65</p>,Width,<p>45</p>,Height,<p>25</p>,Box Quantity,<p>12</p>,Inner Pack Quantity,<p>1</p>,Country Of Origin,<p>MM</p>,Standards,<p></p>,,,,
US433,Variant,,"The Iona™ Lite Jacket offers added visibility in dull conditions. Features include two large pockets, an easily accessible external cell phone pocket to the chest and a drawcord hood and hem for a snug fit.",https://d11ak7fd9ypfb7.cloudfront.net/styles1100px/US433BKR.jpg,,0.0,TRUE,InStock,1.26,,US433BKRM,,,,Size,DROP_DOWN,M,Color,DROP_DOWN,Black,,,,,,,,,,,,,Fit,<p>R</p>,Length,<p>65</p>,Width,<p>45</p>,Height,<p>25</p>,Box Quantity,<p>12</p>,Inner Pack Quantity,<p>1</p>,Country Of Origin,<p>MM</p>,Standards,<p></p>,,,,
US433,Variant,,"The Iona™ Lite Jacket offers added visibility in dull conditions. Features include two large pockets, an easily accessible external cell phone pocket to the chest and a drawcord hood and hem for a snug fit.",https://d11ak7fd9ypfb7.cloudfront.net/styles1100px/US433BKR.jpg,,0.0,TRUE,InStock,1.24,,US433BKRS,,,,Size,DROP_DOWN,S,Color,DROP_DOWN,Black,,,,,,,,,,,,,Fit,<p>R</p>,Length,<p>65</p>,Width,<p>45</p>,Height,<p>25</p>,Box Quantity,<p>12</p>,Inner Pack Quantity,<p>1</p>,Country Of Origin,<p>MM</p>,Standards,<p></p>,,,,
US433,Variant,,"The Iona™ Lite Jacket offers added visibility in dull conditions. Features include two large pockets, an easily accessible external cell phone pocket to the chest and a drawcord hood and hem for a snug fit.",https://d11ak7fd9ypfb7.cloudfront.net/styles1100px/US433BKR.jpg,,0.0,TRUE,InStock,1.3,,US433BKRXL,,,,Size,DROP_DOWN,XL,Color,DROP_DOWN,Black,,,,,,,,,,,,,Fit,<p>R</p>,Length,<p>65</p>,Width,<p>45</p>,Height,<p>25</p>,Box Quantity,<p>12</p>,Inner Pack Quantity,<p>1</p>,Country Of Origin,<p>MM</p>,Standards,<p></p>,,,,
US433,Variant,,"The Iona™ Lite Jacket offers added visibility in dull conditions. Features include two large pockets, an easily accessible external cell phone pocket to the chest and a drawcord hood and hem for a snug fit.",https://d11ak7fd9ypfb7.cloudfront.net/styles1100px/US433BKR.jpg,,0.0,TRUE,InStock,1.32,,US433BKRXXL,,,,Size,DROP_DOWN,XXL,Color,DROP_DOWN,Black,,,,,,,,,,,,,Fit,<p>R</p>,Length,<p>65</p>,Width,<p>45</p>,Height,<p>25</p>,Box Quantity,<p>12</p>,Inner Pack Quantity,<p>1</p>,Country Of Origin,<p>MM</p>,Standards,<p></p>,,,,
US433,Variant,,"The Iona™ Lite Jacket offers added visibility in dull conditions. Features include two large pockets, an easily accessible external cell phone pocket to the chest and a drawcord hood and hem for a snug fit.",https://d11ak7fd9ypfb7.cloudfront.net/styles1100px/US433BKR.jpg,,0.0,TRUE,InStock,1.34,,US433BKRXXXL,,,,Size,DROP_DOWN,XXXL,Color,DROP_DOWN,Black,,,,,,,,,,,,,Fit,<p>R</p>,Length,<p>65</p>,Width,<p>45</p>,Height,<p>25</p>,Box Quantity,<p>12</p>,Inner Pack Quantity,<p>1</p>,Country Of Origin,<p>MM</p>,Standards,<p></p>,,,,
US433,Variant,,"The Iona™ Lite Jacket offers added visibility in dull conditions. Features include two large pockets, an easily accessible external cell phone pocket to the chest and a drawcord hood and hem for a snug fit.",https://d11ak7fd9ypfb7.cloudfront.net/styles1100px/US433NAR.jpg,,0.0,TRUE,InStock,1.28,,US433NARL,,,,Size,DROP_DOWN,L,Color,DROP_DOWN,Navy,,,,,,,,,,,,,Fit,<p>R</p>,Length,<p>65</p>,Width,<p>45</p>,Height,<p>25</p>,Box Quantity,<p>12</p>,Inner Pack Quantity,<p>1</p>,Country Of Origin,<p>MM</p>,Standards,<p></p>,,,,
US433,Variant,,"The Iona™ Lite Jacket offers added visibility in dull conditions. Features include two large pockets, an easily accessible external cell phone pocket to the chest and a drawcord hood and hem for a snug fit.",https://d11ak7fd9ypfb7.cloudfront.net/styles1100px/US433NAR.jpg,,0.0,TRUE,InStock,1.26,,US433NARM,,,,Size,DROP_DOWN,M,Color,DROP_DOWN,Navy,,,,,,,,,,,,,Fit,<p>R</p>,Length,<p>65</p>,Width,<p>45</p>,Height,<p>25</p>,Box Quantity,<p>12</p>,Inner Pack Quantity,<p>1</p>,Country Of Origin,<p>MM</p>,Standards,<p></p>,,,,
US433,Variant,,"The Iona™ Lite Jacket offers added visibility in dull conditions. Features include two large pockets, an easily accessible external cell phone pocket to the chest and a drawcord hood and hem for a snug fit.",https://d11ak7fd9ypfb7.cloudfront.net/styles1100px/US433NAR.jpg,,0.0,TRUE,InStock,1.24,,US433NARS,,,,Size,DROP_DOWN,S,Color,DROP_DOWN,Navy,,,,,,,,,,,,,Fit,<p>R</p>,Length,<p>65</p>,Width,<p>45</p>,Height,<p>25</p>,Box Quantity,<p>12</p>,Inner Pack Quantity,<p>1</p>,Country Of Origin,<p>MM</p>,Standards,<p></p>,,,,
US433,Variant,,"The Iona™ Lite Jacket offers added visibility in dull conditions. Features include two large pockets, an easily accessible external cell phone pocket to the chest and a drawcord hood and hem for a snug fit.",https://d11ak7fd9ypfb7.cloudfront.net/styles1100px/US433NAR.jpg,,0.0,TRUE,InStock,1.3,,US433NARXL,,,,Size,DROP_DOWN,XL,Color,DROP_DOWN,Navy,,,,,,,,,,,,,Fit,<p>R</p>,Length,<p>65</p>,Width,<p>45</p>,Height,<p>25</p>,Box Quantity,<p>12</p>,Inner Pack Quantity,<p>1</p>,Country Of Origin,<p>MM</p>,Standards,<p></p>,,,,
US433,Variant,,"The Iona™ Lite Jacket offers added visibility in dull conditions. Features include two large pockets, an easily accessible external cell phone pocket to the chest and a drawcord hood and hem for a snug fit.",https://d11ak7fd9ypfb7.cloudfront.net/styles1100px/US433NAR.jpg,,0.0,TRUE,InStock,1.32,,US433NARXXL,,,,Size,DROP_DOWN,XXL,Color,DROP_DOWN,Navy,,,,,,,,,,,,,Fit,<p>R</p>,Length,<p>65</p>,Width,<p>45</p>,Height,<p>25</p>,Box Quantity,<p>12</p>,Inner Pack Quantity,<p>1</p>,Country Of Origin,<p>MM</p>,Standards,<p></p>,,,,
US433,Variant,,"The Iona™ Lite Jacket offers added visibility in dull conditions. Features include two large pockets, an easily accessible external cell phone pocket to the chest and a drawcord hood and hem for a snug fit.",https://d11ak7fd9ypfb7.cloudfront.net/styles1100px/US433NAR.jpg,,0.0,TRUE,InStock,1.34,,US433NARXXXL,,,,Size,DROP_DOWN,XXXL,Color,DROP_DOWN,Navy,,,,,,,,,,,,,Fit,<p>R</p>,Length,<p>65</p>,Width,<p>45</p>,Height,<p>25</p>,Box Quantity,<p>12</p>,Inner Pack Quantity,<p>1</p>,Country Of Origin,<p>MM</p>,Standards,<p></p>,,,,
US434,Product,US434 - Iona Lite Bomber Jacket,"This outstanding waterproof jacket provides visibility whilst keeping you warm and dry. The fleece lined collar and knitted cuffs ensure that heat is trapped inside the garment. The cleverly designed zipper-out ID pocket can also be used as an additional pocket for carrying or storing tools and personal belongings. The stylish design boasts a concealed hood, sealed waterproof seams and print access.",https://d11ak7fd9ypfb7.cloudfront.net/styles1100px/US434BKR.jpg,69.0,0.0,TRUE,InStock,1.17,,US434BKRL,,,,Size,DROP_DOWN,S;M;L;XL;XXL;XXXL,Color,DROP_DOWN,Navy;Black,,,,,,,,,,,,,Fit,<p>R</p>,Length,<p>65</p>,Width,<p>40</p>,Height,<p>30</p>,Box Quantity,<p>12</p>,Inner Pack Quantity,<p>1</p>,Country Of Origin,<p>MM</p>,Standards,<p></p>,,,,
US434,Variant,,"This outstanding waterproof jacket provides visibility whilst keeping you warm and dry. The fleece lined collar and knitted cuffs ensure that heat is trapped inside the garment. The cleverly designed zipper-out ID pocket can also be used as an additional pocket for carrying or storing tools and personal belongings. The stylish design boasts a concealed hood, sealed waterproof seams and print access.",https://d11ak7fd9ypfb7.cloudfront.net/styles1100px/US434BKR.jpg,,0.0,TRUE,InStock,1.17,,US434BKRL,,,,Size,DROP_DOWN,L,Color,DROP_DOWN,Black,,,,,,,,,,,,,Fit,<p>R</p>,Length,<p>65</p>,Width,<p>40</p>,Height,<p>30</p>,Box Quantity,<p>12</p>,Inner Pack Quantity,<p>1</p>,Country Of Origin,<p>MM</p>,Standards,<p></p>,,,,
US434,Variant,,"This outstanding waterproof jacket provides visibility whilst keeping you warm and dry. The fleece lined collar and knitted cuffs ensure that heat is trapped inside the garment. The cleverly designed zipper-out ID pocket can also be used as an additional pocket for carrying or storing tools and personal belongings. The stylish design boasts a concealed hood, sealed waterproof seams and print access.",https://d11ak7fd9ypfb7.cloudfront.net/styles1100px/US434BKR.jpg,,0.0,TRUE,InStock,1.14,,US434BKRM,,,,Size,DROP_DOWN,M,Color,DROP_DOWN,Black,,,,,,,,,,,,,Fit,<p>R</p>,Length,<p>65</p>,Width,<p>40</p>,Height,<p>30</p>,Box Quantity,<p>12</p>,Inner Pack Quantity,<p>1</p>,Country Of Origin,<p>MM</p>,Standards,<p></p>,,,,
US434,Variant,,"This outstanding waterproof jacket provides visibility whilst keeping you warm and dry. The fleece lined collar and knitted cuffs ensure that heat is trapped inside the garment. The cleverly designed zipper-out ID pocket can also be used as an additional pocket for carrying or storing tools and personal belongings. The stylish design boasts a concealed hood, sealed waterproof seams and print access.",https://d11ak7fd9ypfb7.cloudfront.net/styles1100px/US434BKR.jpg,,0.0,TRUE,InStock,1.11,,US434BKRS,,,,Size,DROP_DOWN,S,Color,DROP_DOWN,Black,,,,,,,,,,,,,Fit,<p>R</p>,Length,<p>65</p>,Width,<p>40</p>,Height,<p>30</p>,Box Quantity,<p>12</p>,Inner Pack Quantity,<p>1</p>,Country Of Origin,<p>MM</p>,Standards,<p></p>,,,,
US434,Variant,,"This outstanding waterproof jacket provides visibility whilst keeping you warm and dry. The fleece lined collar and knitted cuffs ensure that heat is trapped inside the garment. The cleverly designed zipper-out ID pocket can also be used as an additional pocket for carrying or storing tools and personal belongings. The stylish design boasts a concealed hood, sealed waterproof seams and print access.",https://d11ak7fd9ypfb7.cloudfront.net/styles1100px/US434BKR.jpg,,0.0,TRUE,InStock,1.22,,US434BKRXL,,,,Size,DROP_DOWN,XL,Color,DROP_DOWN,Black,,,,,,,,,,,,,Fit,<p>R</p>,Length,<p>65</p>,Width,<p>40</p>,Height,<p>30</p>,Box Quantity,<p>12</p>,Inner Pack Quantity,<p>1</p>,Country Of Origin,<p>MM</p>,Standards,<p></p>,,,,
US434,Variant,,"This outstanding waterproof jacket provides visibility whilst keeping you warm and dry. The fleece lined collar and knitted cuffs ensure that heat is trapped inside the garment. The cleverly designed zipper-out ID pocket can also be used as an additional pocket for carrying or storing tools and personal belongings. The stylish design boasts a concealed hood, sealed waterproof seams and print access.",https://d11ak7fd9ypfb7.cloudfront.net/styles1100px/US434BKR.jpg,,0.0,TRUE,InStock,1.25,,US434BKRXXL,,,,Size,DROP_DOWN,XXL,Color,DROP_DOWN,Black,,,,,,,,,,,,,Fit,<p>R</p>,Length,<p>65</p>,Width,<p>40</p>,Height,<p>30</p>,Box Quantity,<p>12</p>,Inner Pack Quantity,<p>1</p>,Country Of Origin,<p>MM</p>,Standards,<p></p>,,,,
US434,Variant,,"This outstanding waterproof jacket provides visibility whilst keeping you warm and dry. The fleece lined collar and knitted cuffs ensure that heat is trapped inside the garment. The cleverly designed zipper-out ID pocket can also be used as an additional pocket for carrying or storing tools and personal belongings. The stylish design boasts a concealed hood, sealed waterproof seams and print access.",https://d11ak7fd9ypfb7.cloudfront.net/styles1100px/US434BKR.jpg,,0.0,TRUE,InStock,1.28,,US434BKRXXXL,,,,Size,DROP_DOWN,XXXL,Color,DROP_DOWN,Black,,,,,,,,,,,,,Fit,<p>R</p>,Length,<p>65</p>,Width,<p>40</p>,Height,<p>30</p>,Box Quantity,<p>12</p>,Inner Pack Quantity,<p>1</p>,Country Of Origin,<p>MM</p>,Standards,<p></p>,,,,
US434,Variant,,"This outstanding waterproof jacket provides visibility whilst keeping you warm and dry. The fleece lined collar and knitted cuffs ensure that heat is trapped inside the garment. The cleverly designed zipper-out ID pocket can also be used as an additional pocket for carrying or storing tools and personal belongings. The stylish design boasts a concealed hood, sealed waterproof seams and print access.",https://d11ak7fd9ypfb7.cloudfront.net/styles1100px/US434NAR.jpg,,0.0,TRUE,InStock,1.17,,US434NARL,,,,Size,DROP_DOWN,L,Color,DROP_DOWN,Navy,,,,,,,,,,,,,Fit,<p>R</p>,Length,<p>65</p>,Width,<p>40</p>,Height,<p>30</p>,Box Quantity,<p>12</p>,Inner Pack Quantity,<p>1</p>,Country Of Origin,<p>MM</p>,Standards,<p></p>,,,,
US434,Variant,,"This outstanding waterproof jacket provides visibility whilst keeping you warm and dry. The fleece lined collar and knitted cuffs ensure that heat is trapped inside the garment. The cleverly designed zipper-out ID pocket can also be used as an additional pocket for carrying or storing tools and personal belongings. The stylish design boasts a concealed hood, sealed waterproof seams and print access.",https://d11ak7fd9ypfb7.cloudfront.net/styles1100px/US434NAR.jpg,,0.0,TRUE,InStock,1.12,,US434NARM,,,,Size,DROP_DOWN,M,Color,DROP_DOWN,Navy,,,,,,,,,,,,,Fit,<p>R</p>,Length,<p>65</p>,Width,<p>40</p>,Height,<p>30</p>,Box Quantity,<p>12</p>,Inner Pack Quantity,<p>1</p>,Country Of Origin,<p>MM</p>,Standards,<p></p>,,,,
US434,Variant,,"This outstanding waterproof jacket provides visibility whilst keeping you warm and dry. The fleece lined collar and knitted cuffs ensure that heat is trapped inside the garment. The cleverly designed zipper-out ID pocket can also be used as an additional pocket for carrying or storing tools and personal belongings. The stylish design boasts a concealed hood, sealed waterproof seams and print access.",https://d11ak7fd9ypfb7.cloudfront.net/styles1100px/US434NAR.jpg,,0.0,TRUE,InStock,1.07,,US434NARS,,,,Size,DROP_DOWN,S,Color,DROP_DOWN,Navy,,,,,,,,,,,,,Fit,<p>R</p>,Length,<p>65</p>,Width,<p>40</p>,Height,<p>30</p>,Box Quantity,<p>12</p>,Inner Pack Quantity,<p>1</p>,Country Of Origin,<p>MM</p>,Standards,<p></p>,,,,
US434,Variant,,"This outstanding waterproof jacket provides visibility whilst keeping you warm and dry. The fleece lined collar and knitted cuffs ensure that heat is trapped inside the garment. The cleverly designed zipper-out ID pocket can also be used as an additional pocket for carrying or storing tools and personal belongings. The stylish design boasts a concealed hood, sealed waterproof seams and print access.",https://d11ak7fd9ypfb7.cloudfront.net/styles1100px/US434NAR.jpg,,0.0,TRUE,InStock,1.22,,US434NARXL,,,,Size,DROP_DOWN,XL,Color,DROP_DOWN,Navy,,,,,,,,,,,,,Fit,<p>R</p>,Length,<p>65</p>,Width,<p>40</p>,Height,<p>30</p>,Box Quantity,<p>12</p>,Inner Pack Quantity,<p>1</p>,Country Of Origin,<p>MM</p>,Standards,<p></p>,,,,
US434,Variant,,"This outstanding waterproof jacket provides visibility whilst keeping you warm and dry. The fleece lined collar and knitted cuffs ensure that heat is trapped inside the garment. The cleverly designed zipper-out ID pocket can also be used as an additional pocket for carrying or storing tools and personal belongings. The stylish design boasts a concealed hood, sealed waterproof seams and print access.",https://d11ak7fd9ypfb7.cloudfront.net/styles1100px/US434NAR.jpg,,0.0,TRUE,InStock,1.25,,US434NARXXL,,,,Size,DROP_DOWN,XXL,Color,DROP_DOWN,Navy,,,,,,,,,,,,,Fit,<p>R</p>,Length,<p>65</p>,Width,<p>40</p>,Height,<p>30</p>,Box Quantity,<p>12</p>,Inner Pack Quantity,<p>1</p>,Country Of Origin,<p>MM</p>,Standards,<p></p>,,,,
US434,Variant,,"This outstanding waterproof jacket provides visibility whilst keeping you warm and dry. The fleece lined collar and knitted cuffs ensure that heat is trapped inside the garment. The cleverly designed zipper-out ID pocket can also be used as an additional pocket for carrying or storing tools and personal belongings. The stylish design boasts a concealed hood, sealed waterproof seams and print access.",https://d11ak7fd9ypfb7.cloudfront.net/styles1100px/US434NAR.jpg,,0.0,TRUE,InStock,1.28,,US434NARXXXL,,,,Size,DROP_DOWN,XXXL,Color,DROP_DOWN,Navy,,,,,,,,,,,,,Fit,<p>R</p>,Length,<p>65</p>,Width,<p>40</p>,Height,<p>30</p>,Box Quantity,<p>12</p>,Inner Pack Quantity,<p>1</p>,Country Of Origin,<p>MM</p>,Standards,<p></p>,,,,
US440,Product,US440 - Classic Rain Jacket,"Designed to be worn in all weather conditions, the Classic Rain Jacket is not only practical and durable, it offers exceptional value for money. Easily packable and stored for when the wet weather arrives. Available in a wide range of colours, wearer satisfaction is guaranteed.",https://d11ak7fd9ypfb7.cloudfront.net/styles1100px/US440BKR.jpg,16.8,0.0,TRUE,InStock,0.799,,US440BKR4XL,,,,Size,DROP_DOWN,S;M;L;XL;XXL;XXXL;4XL;5XL;6XL;7XL,Color,DROP_DOWN,Yellow;Olive Green;Navy;Orange;Black,,,,,,,,,,,,,Fit,<p>R</p>,Length,<p>56</p>,Width,<p>30</p>,Height,<p>35</p>,Box Quantity,<p>24</p>,Inner Pack Quantity,<p>1</p>,Country Of Origin,<p>CN</p>,Standards,<p></p>,,,,
US440,Variant,,"Designed to be worn in all weather conditions, the Classic Rain Jacket is not only practical and durable, it offers exceptional value for money. Easily packable and stored for when the wet weather arrives. Available in a wide range of colours, wearer satisfaction is guaranteed.",https://d11ak7fd9ypfb7.cloudfront.net/styles1100px/US440BKR.jpg,,0.0,TRUE,InStock,0.799,,US440BKR4XL,,,,Size,DROP_DOWN,4XL,Color,DROP_DOWN,Black,,,,,,,,,,,,,Fit,<p>R</p>,Length,<p>56</p>,Width,<p>30</p>,Height,<p>35</p>,Box Quantity,<p>24</p>,Inner Pack Quantity,<p>1</p>,Country Of Origin,<p>CN</p>,Standards,<p></p>,,,,
US440,Variant,,"Designed to be worn in all weather conditions, the Classic Rain Jacket is not only practical and durable, it offers exceptional value for money. Easily packable and stored for when the wet weather arrives. Available in a wide range of colours, wearer satisfaction is guaranteed.",https://d11ak7fd9ypfb7.cloudfront.net/styles1100px/US440BKR.jpg,,0.0,TRUE,InStock,0.816,,US440BKR5XL,,,,Size,DROP_DOWN,5XL,Color,DROP_DOWN,Black,,,,,,,,,,,,,Fit,<p>R</p>,Length,<p>56</p>,Width,<p>30</p>,Height,<p>35</p>,Box Quantity,<p>24</p>,Inner Pack Quantity,<p>1</p>,Country Of Origin,<p>CN</p>,Standards,<p></p>,,,,
US440,Variant,,"Designed to be worn in all weather conditions, the Classic Rain Jacket is not only practical and durable, it offers exceptional value for money. Easily packable and stored for when the wet weather arrives. Available in a wide range of colours, wearer satisfaction is guaranteed.",https://d11ak7fd9ypfb7.cloudfront.net/styles1100px/US440BKR.jpg,,0.0,TRUE,InStock,0.826,,US440BKR6XL,,,,Size,DROP_DOWN,6XL,Color,DROP_DOWN,Black,,,,,,,,,,,,,Fit,<p>R</p>,Length,<p>56</p>,Width,<p>30</p>,Height,<p>35</p>,Box Quantity,<p>24</p>,Inner Pack Quantity,<p>1</p>,Country Of Origin,<p>CN</p>,Standards,<p></p>,,,,
US440,Variant,,"Designed to be worn in all weather conditions, the Classic Rain Jacket is not only practical and durable, it offers exceptional value for money. Easily packable and stored for when the wet weather arrives. Available in a wide range of colours, wearer satisfaction is guaranteed.",https://d11ak7fd9ypfb7.cloudfront.net/styles1100px/US440BKR.jpg,,0.0,TRUE,InStock,0.835,,US440BKR7XL,,,,Size,DROP_DOWN,7XL,Color,DROP_DOWN,Black,,,,,,,,,,,,,Fit,<p>R</p>,Length,<p>56</p>,Width,<p>30</p>,Height,<p>35</p>,Box Quantity,<p>24</p>,Inner Pack Quantity,<p>1</p>,Country Of Origin,<p>CN</p>,Standards,<p></p>,,,,
US440,Variant,,"Designed to be worn in all weather conditions, the Classic Rain Jacket is not only practical and durable, it offers exceptional value for money. Easily packable and stored for when the wet weather arrives. Available in a wide range of colours, wearer satisfaction is guaranteed.",https://d11ak7fd9ypfb7.cloudfront.net/styles1100px/US440BKR.jpg,,0.0,TRUE,InStock,0.684,,US440BKRL,,,,Size,DROP_DOWN,L,Color,DROP_DOWN,Black,,,,,,,,,,,,,Fit,<p>R</p>,Length,<p>56</p>,Width,<p>30</p>,Height,<p>35</p>,Box Quantity,<p>24</p>,Inner Pack Quantity,<p>1</p>,Country Of Origin,<p>CN</p>,Standards,<p></p>,,,,
US440,Variant,,"Designed to be worn in all weather conditions, the Classic Rain Jacket is not only practical and durable, it offers exceptional value for money. Easily packable and stored for when the wet weather arrives. Available in a wide range of colours, wearer satisfaction is guaranteed.",https://d11ak7fd9ypfb7.cloudfront.net/styles1100px/US440BKR.jpg,,0.0,TRUE,InStock,0.68,,US440BKRM,,,,Size,DROP_DOWN,M,Color,DROP_DOWN,Black,,,,,,,,,,,,,Fit,<p>R</p>,Length,<p>56</p>,Width,<p>30</p>,Height,<p>35</p>,Box Quantity,<p>24</p>,Inner Pack Quantity,<p>1</p>,Country Of Origin,<p>CN</p>,Standards,<p></p>,,,,
US440,Variant,,"Designed to be worn in all weather conditions, the Classic Rain Jacket is not only practical and durable, it offers exceptional value for money. Easily packable and stored for when the wet weather arrives. Available in a wide range of colours, wearer satisfaction is guaranteed.",https://d11ak7fd9ypfb7.cloudfront.net/styles1100px/US440BKR.jpg,,0.0,TRUE,InStock,0.617,,US440BKRS,,,,Size,DROP_DOWN,S,Color,DROP_DOWN,Black,,,,,,,,,,,,,Fit,<p>R</p>,Length,<p>56</p>,Width,<p>30</p>,Height,<p>35</p>,Box Quantity,<p>24</p>,Inner Pack Quantity,<p>1</p>,Country Of Origin,<p>CN</p>,Standards,<p></p>,,,,
US440,Variant,,"Designed to be worn in all weather conditions, the Classic Rain Jacket is not only practical and durable, it offers exceptional value for money. Easily packable and stored for when the wet weather arrives. Available in a wide range of colours, wearer satisfaction is guaranteed.",https://d11ak7fd9ypfb7.cloudfront.net/styles1100px/US440BKR.jpg,,0.0,TRUE,InStock,0.7,,US440BKRXL,,,,Size,DROP_DOWN,XL,Color,DROP_DOWN,Black,,,,,,,,,,,,,Fit,<p>R</p>,Length,<p>56</p>,Width,<p>30</p>,Height,<p>35</p>,Box Quantity,<p>24</p>,Inner Pack Quantity,<p>1</p>,Country Of Origin,<p>CN</p>,Standards,<p></p>,,,,
US440,Variant,,"Designed to be worn in all weather conditions, the Classic Rain Jacket is not only practical and durable, it offers exceptional value for money. Easily packable and stored for when the wet weather arrives. Available in a wide range of colours, wearer satisfaction is guaranteed.",https://d11ak7fd9ypfb7.cloudfront.net/styles1100px/US440BKR.jpg,,0.0,TRUE,InStock,0.752,,US440BKRXXL,,,,Size,DROP_DOWN,XXL,Color,DROP_DOWN,Black,,,,,,,,,,,,,Fit,<p>R</p>,Length,<p>56</p>,Width,<p>30</p>,Height,<p>35</p>,Box Quantity,<p>24</p>,Inner Pack Quantity,<p>1</p>,Country Of Origin,<p>CN</p>,Standards,<p></p>,,,,
US440,Variant,,"Designed to be worn in all weather conditions, the Classic Rain Jacket is not only practical and durable, it offers exceptional value for money. Easily packable and stored for when the wet weather arrives. Available in a wide range of colours, wearer satisfaction is guaranteed.",https://d11ak7fd9ypfb7.cloudfront.net/styles1100px/US440BKR.jpg,,0.0,TRUE,InStock,0.78,,US440BKRXXXL,,,,Size,DROP_DOWN,XXXL,Color,DROP_DOWN,Black,,,,,,,,,,,,,Fit,<p>R</p>,Length,<p>56</p>,Width,<p>30</p>,Height,<p>35</p>,Box Quantity,<p>24</p>,Inner Pack Quantity,<p>1</p>,Country Of Origin,<p>CN</p>,Standards,<p></p>,,,,
US440,Variant,,"Designed to be worn in all weather conditions, the Classic Rain Jacket is not only practical and durable, it offers exceptional value for money. Easily packable and stored for when the wet weather arrives. Available in a wide range of colours, wearer satisfaction is guaranteed.",https://d11ak7fd9ypfb7.cloudfront.net/styles1100px/US440NAR.jpg,,0.0,TRUE,InStock,0.799,,US440NAR4XL,,,,Size,DROP_DOWN,4XL,Color,DROP_DOWN,Navy,,,,,,,,,,,,,Fit,<p>R</p>,Length,<p>56</p>,Width,<p>30</p>,Height,<p>35</p>,Box Quantity,<p>24</p>,Inner Pack Quantity,<p>1</p>,Country Of Origin,<p>CN</p>,Standards,<p></p>,,,,
US440,Variant,,"Designed to be worn in all weather conditions, the Classic Rain Jacket is not only practical and durable, it offers exceptional value for money. Easily packable and stored for when the wet weather arrives. Available in a wide range of colours, wearer satisfaction is guaranteed.",https://d11ak7fd9ypfb7.cloudfront.net/styles1100px/US440NAR.jpg,,0.0,TRUE,InStock,0.816,,US440NAR5XL,,,,Size,DROP_DOWN,5XL,Color,DROP_DOWN,Navy,,,,,,,,,,,,,Fit,<p>R</p>,Length,<p>56</p>,Width,<p>30</p>,Height,<p>35</p>,Box Quantity,<p>24</p>,Inner Pack Quantity,<p>1</p>,Country Of Origin,<p>CN</p>,Standards,<p></p>,,,,
US440,Variant,,"Designed to be worn in all weather conditions, the Classic Rain Jacket is not only practical and durable, it offers exceptional value for money. Easily packable and stored for when the wet weather arrives. Available in a wide range of colours, wearer satisfaction is guaranteed.",https://d11ak7fd9ypfb7.cloudfront.net/styles1100px/US440NAR.jpg,,0.0,TRUE,InStock,0.826,,US440NAR6XL,,,,Size,DROP_DOWN,6XL,Color,DROP_DOWN,Navy,,,,,,,,,,,,,Fit,<p>R</p>,Length,<p>56</p>,Width,<p>30</p>,Height,<p>35</p>,Box Quantity,<p>24</p>,Inner Pack Quantity,<p>1</p>,Country Of Origin,<p>CN</p>,Standards,<p></p>,,,,
US440,Variant,,"Designed to be worn in all weather conditions, the Classic Rain Jacket is not only practical and durable, it offers exceptional value for money. Easily packable and stored for when the wet weather arrives. Available in a wide range of colours, wearer satisfaction is guaranteed.",https://d11ak7fd9ypfb7.cloudfront.net/styles1100px/US440NAR.jpg,,0.0,TRUE,InStock,0.835,,US440NAR7XL,,,,Size,DROP_DOWN,7XL,Color,DROP_DOWN,Navy,,,,,,,,,,,,,Fit,<p>R</p>,Length,<p>56</p>,Width,<p>30</p>,Height,<p>35</p>,Box Quantity,<p>24</p>,Inner Pack Quantity,<p>1</p>,Country Of Origin,<p>CN</p>,Standards,<p></p>,,,,
US440,Variant,,"Designed to be worn in all weather conditions, the Classic Rain Jacket is not only practical and durable, it offers exceptional value for money. Easily packable and stored for when the wet weather arrives. Available in a wide range of colours, wearer satisfaction is guaranteed.",https://d11ak7fd9ypfb7.cloudfront.net/styles1100px/US440NAR.jpg,,0.0,TRUE,InStock,0.684,,US440NARL,,,,Size,DROP_DOWN,L,Color,DROP_DOWN,Navy,,,,,,,,,,,,,Fit,<p>R</p>,Length,<p>56</p>,Width,<p>30</p>,Height,<p>35</p>,Box Quantity,<p>24</p>,Inner Pack Quantity,<p>1</p>,Country Of Origin,<p>CN</p>,Standards,<p></p>,,,,
US440,Variant,,"Designed to be worn in all weather conditions, the Classic Rain Jacket is not only practical and durable, it offers exceptional value for money. Easily packable and stored for when the wet weather arrives. Available in a wide range of colours, wearer satisfaction is guaranteed.",https://d11ak7fd9ypfb7.cloudfront.net/styles1100px/US440NAR.jpg,,0.0,TRUE,InStock,0.68,,US440NARM,,,,Size,DROP_DOWN,M,Color,DROP_DOWN,Navy,,,,,,,,,,,,,Fit,<p>R</p>,Length,<p>56</p>,Width,<p>30</p>,Height,<p>35</p>,Box Quantity,<p>24</p>,Inner Pack Quantity,<p>1</p>,Country Of Origin,<p>CN</p>,Standards,<p></p>,,,,
US440,Variant,,"Designed to be worn in all weather conditions, the Classic Rain Jacket is not only practical and durable, it offers exceptional value for money. Easily packable and stored for when the wet weather arrives. Available in a wide range of colours, wearer satisfaction is guaranteed.",https://d11ak7fd9ypfb7.cloudfront.net/styles1100px/US440NAR.jpg,,0.0,TRUE,InStock,0.617,,US440NARS,,,,Size,DROP_DOWN,S,Color,DROP_DOWN,Navy,,,,,,,,,,,,,Fit,<p>R</p>,Length,<p>56</p>,Width,<p>30</p>,Height,<p>35</p>,Box Quantity,<p>24</p>,Inner Pack Quantity,<p>1</p>,Country Of Origin,<p>CN</p>,Standards,<p></p>,,,,
US440,Variant,,"Designed to be worn in all weather conditions, the Classic Rain Jacket is not only practical and durable, it offers exceptional value for money. Easily packable and stored for when the wet weather arrives. Available in a wide range of colours, wearer satisfaction is guaranteed.",https://d11ak7fd9ypfb7.cloudfront.net/styles1100px/US440NAR.jpg,,0.0,TRUE,InStock,0.7,,US440NARXL,,,,Size,DROP_DOWN,XL,Color,DROP_DOWN,Navy,,,,,,,,,,,,,Fit,<p>R</p>,Length,<p>56</p>,Width,<p>30</p>,Height,<p>35</p>,Box Quantity,<p>24</p>,Inner Pack Quantity,<p>1</p>,Country Of Origin,<p>CN</p>,Standards,<p></p>,,,,
US440,Variant,,"Designed to be worn in all weather conditions, the Classic Rain Jacket is not only practical and durable, it offers exceptional value for money. Easily packable and stored for when the wet weather arrives. Available in a wide range of colours, wearer satisfaction is guaranteed.",https://d11ak7fd9ypfb7.cloudfront.net/styles1100px/US440NAR.jpg,,0.0,TRUE,InStock,0.752,,US440NARXXL,,,,Size,DROP_DOWN,XXL,Color,DROP_DOWN,Navy,,,,,,,,,,,,,Fit,<p>R</p>,Length,<p>56</p>,Width,<p>30</p>,Height,<p>35</p>,Box Quantity,<p>24</p>,Inner Pack Quantity,<p>1</p>,Country Of Origin,<p>CN</p>,Standards,<p></p>,,,,
US440,Variant,,"Designed to be worn in all weather conditions, the Classic Rain Jacket is not only practical and durable, it offers exceptional value for money. Easily packable and stored for when the wet weather arrives. Available in a wide range of colours, wearer satisfaction is guaranteed.",https://d11ak7fd9ypfb7.cloudfront.net/styles1100px/US440NAR.jpg,,0.0,TRUE,InStock,0.78,,US440NARXXXL,,,,Size,DROP_DOWN,XXXL,Color,DROP_DOWN,Navy,,,,,,,,,,,,,Fit,<p>R</p>,Length,<p>56</p>,Width,<p>30</p>,Height,<p>35</p>,Box Quantity,<p>24</p>,Inner Pack Quantity,<p>1</p>,Country Of Origin,<p>CN</p>,Standards,<p></p>,,,,
US440,Variant,,"Designed to be worn in all weather conditions, the Classic Rain Jacket is not only practical and durable, it offers exceptional value for money. Easily packable and stored for when the wet weather arrives. Available in a wide range of colours, wearer satisfaction is guaranteed.",https://d11ak7fd9ypfb7.cloudfront.net/styles1100px/US440OGR.jpg,,0.0,TRUE,InStock,0.799,,US440OGR4XL,,,,Size,DROP_DOWN,4XL,Color,DROP_DOWN,Olive Green,,,,,,,,,,,,,Fit,<p>R</p>,Length,<p>56</p>,Width,<p>30</p>,Height,<p>35</p>,Box Quantity,<p>24</p>,Inner Pack Quantity,<p>1</p>,Country Of Origin,<p>CN</p>,Standards,<p></p>,,,,
US440,Variant,,"Designed to be worn in all weather conditions, the Classic Rain Jacket is not only practical and durable, it offers exceptional value for money. Easily packable and stored for when the wet weather arrives. Available in a wide range of colours, wearer satisfaction is guaranteed.",https://d11ak7fd9ypfb7.cloudfront.net/styles1100px/US440OGR.jpg,,0.0,TRUE,InStock,0.816,,US440OGR5XL,,,,Size,DROP_DOWN,5XL,Color,DROP_DOWN,Olive Green,,,,,,,,,,,,,Fit,<p>R</p>,Length,<p>56</p>,Width,<p>30</p>,Height,<p>35</p>,Box Quantity,<p>24</p>,Inner Pack Quantity,<p>1</p>,Country Of Origin,<p>CN</p>,Standards,<p></p>,,,,
US440,Variant,,"Designed to be worn in all weather conditions, the Classic Rain Jacket is not only practical and durable, it offers exceptional value for money. Easily packable and stored for when the wet weather arrives. Available in a wide range of colours, wearer satisfaction is guaranteed.",https://d11ak7fd9ypfb7.cloudfront.net/styles1100px/US440OGR.jpg,,0.0,TRUE,InStock,0.826,,US440OGRL,,,,Size,DROP_DOWN,L,Color,DROP_DOWN,Olive Green,,,,,,,,,,,,,Fit,<p>R</p>,Length,<p>56</p>,Width,<p>30</p>,Height,<p>35</p>,Box Quantity,<p>24</p>,Inner Pack Quantity,<p>1</p>,Country Of Origin,<p>CN</p>,Standards,<p></p>,,,,
US440,Variant,,"Designed to be worn in all weather conditions, the Classic Rain Jacket is not only practical and durable, it offers exceptional value for money. Easily packable and stored for when the wet weather arrives. Available in a wide range of colours, wearer satisfaction is guaranteed.",https://d11ak7fd9ypfb7.cloudfront.net/styles1100px/US440OGR.jpg,,0.0,TRUE,InStock,0.68,,US440OGRM,,,,Size,DROP_DOWN,M,Color,DROP_DOWN,Olive Green,,,,,,,,,,,,,Fit,<p>R</p>,Length,<p>56</p>,Width,<p>30</p>,Height,<p>35</p>,Box Quantity,<p>24</p>,Inner Pack Quantity,<p>1</p>,Country Of Origin,<p>CN</p>,Standards,<p></p>,,,,
US440,Variant,,"Designed to be worn in all weather conditions, the Classic Rain Jacket is not only practical and durable, it offers exceptional value for money. Easily packable and stored for when the wet weather arrives. Available in a wide range of colours, wearer satisfaction is guaranteed.",https://d11ak7fd9ypfb7.cloudfront.net/styles1100px/US440OGR.jpg,,0.0,TRUE,InStock,0.617,,US440OGRS,,,,Size,DROP_DOWN,S,Color,DROP_DOWN,Olive Green,,,,,,,,,,,,,Fit,<p>R</p>,Length,<p>56</p>,Width,<p>30</p>,Height,<p>35</p>,Box Quantity,<p>24</p>,Inner Pack Quantity,<p>1</p>,Country Of Origin,<p>CN</p>,Standards,<p></p>,,,,
US440,Variant,,"Designed to be worn in all weather conditions, the Classic Rain Jacket is not only practical and durable, it offers exceptional value for money. Easily packable and stored for when the wet weather arrives. Available in a wide range of colours, wearer satisfaction is guaranteed.",https://d11ak7fd9ypfb7.cloudfront.net/styles1100px/US440OGR.jpg,,0.0,TRUE,InStock,0.7,,US440OGRXL,,,,Size,DROP_DOWN,XL,Color,DROP_DOWN,Olive Green,,,,,,,,,,,,,Fit,<p>R</p>,Length,<p>56</p>,Width,<p>30</p>,Height,<p>35</p>,Box Quantity,<p>24</p>,Inner Pack Quantity,<p>1</p>,Country Of Origin,<p>CN</p>,Standards,<p></p>,,,,
US440,Variant,,"Designed to be worn in all weather conditions, the Classic Rain Jacket is not only practical and durable, it offers exceptional value for money. Easily packable and stored for when the wet weather arrives. Available in a wide range of colours, wearer satisfaction is guaranteed.",https://d11ak7fd9ypfb7.cloudfront.net/styles1100px/US440OGR.jpg,,0.0,TRUE,InStock,0.752,,US440OGRXXL,,,,Size,DROP_DOWN,XXL,Color,DROP_DOWN,Olive Green,,,,,,,,,,,,,Fit,<p>R</p>,Length,<p>56</p>,Width,<p>30</p>,Height,<p>35</p>,Box Quantity,<p>24</p>,Inner Pack Quantity,<p>1</p>,Country Of Origin,<p>CN</p>,Standards,<p></p>,,,,
US440,Variant,,"Designed to be worn in all weather conditions, the Classic Rain Jacket is not only practical and durable, it offers exceptional value for money. Easily packable and stored for when the wet weather arrives. Available in a wide range of colours, wearer satisfaction is guaranteed.",https://d11ak7fd9ypfb7.cloudfront.net/styles1100px/US440OGR.jpg,,0.0,TRUE,InStock,0.78,,US440OGRXXXL,,,,Size,DROP_DOWN,XXXL,Color,DROP_DOWN,Olive Green,,,,,,,,,,,,,Fit,<p>R</p>,Length,<p>56</p>,Width,<p>30</p>,Height,<p>35</p>,Box Quantity,<p>24</p>,Inner Pack Quantity,<p>1</p>,Country Of Origin,<p>CN</p>,Standards,<p></p>,,,,
US440,Variant,,"Designed to be worn in all weather conditions, the Classic Rain Jacket is not only practical and durable, it offers exceptional value for money. Easily packable and stored for when the wet weather arrives. Available in a wide range of colours, wearer satisfaction is guaranteed.",https://d11ak7fd9ypfb7.cloudfront.net/styles1100px/US440ORR.jpg,,0.0,TRUE,InStock,0.799,,US440ORR4XL,,,,Size,DROP_DOWN,4XL,Color,DROP_DOWN,Orange,,,,,,,,,,,,,Fit,<p>R</p>,Length,<p>56</p>,Width,<p>30</p>,Height,<p>35</p>,Box Quantity,<p>24</p>,Inner Pack Quantity,<p>1</p>,Country Of Origin,<p>CN</p>,Standards,<p></p>,,,,
US440,Variant,,"Designed to be worn in all weather conditions, the Classic Rain Jacket is not only practical and durable, it offers exceptional value for money. Easily packable and stored for when the wet weather arrives. Available in a wide range of colours, wearer satisfaction is guaranteed.",https://d11ak7fd9ypfb7.cloudfront.net/styles1100px/US440ORR.jpg,,0.0,TRUE,InStock,0.816,,US440ORR5XL,,,,Size,DROP_DOWN,5XL,Color,DROP_DOWN,Orange,,,,,,,,,,,,,Fit,<p>R</p>,Length,<p>56</p>,Width,<p>30</p>,Height,<p>35</p>,Box Quantity,<p>24</p>,Inner Pack Quantity,<p>1</p>,Country Of Origin,<p>CN</p>,Standards,<p></p>,,,,
US440,Variant,,"Designed to be worn in all weather conditions, the Classic Rain Jacket is not only practical and durable, it offers exceptional value for money. Easily packable and stored for when the wet weather arrives. Available in a wide range of colours, wearer satisfaction is guaranteed.",https://d11ak7fd9ypfb7.cloudfront.net/styles1100px/US440ORR.jpg,,0.0,TRUE,InStock,0.684,,US440ORRL,,,,Size,DROP_DOWN,L,Color,DROP_DOWN,Orange,,,,,,,,,,,,,Fit,<p>R</p>,Length,<p>56</p>,Width,<p>30</p>,Height,<p>35</p>,Box Quantity,<p>24</p>,Inner Pack Quantity,<p>1</p>,Country Of Origin,<p>CN</p>,Standards,<p></p>,,,,
US440,Variant,,"Designed to be worn in all weather conditions, the Classic Rain Jacket is not only practical and durable, it offers exceptional value for money. Easily packable and stored for when the wet weather arrives. Available in a wide range of colours, wearer satisfaction is guaranteed.",https://d11ak7fd9ypfb7.cloudfront.net/styles1100px/US440ORR.jpg,,0.0,TRUE,InStock,0.68,,US440ORRM,,,,Size,DROP_DOWN,M,Color,DROP_DOWN,Orange,,,,,,,,,,,,,Fit,<p>R</p>,Length,<p>56</p>,Width,<p>30</p>,Height,<p>35</p>,Box Quantity,<p>24</p>,Inner Pack Quantity,<p>1</p>,Country Of Origin,<p>CN</p>,Standards,<p></p>,,,,
US440,Variant,,"Designed to be worn in all weather conditions, the Classic Rain Jacket is not only practical and durable, it offers exceptional value for money. Easily packable and stored for when the wet weather arrives. Available in a wide range of colours, wearer satisfaction is guaranteed.",https://d11ak7fd9ypfb7.cloudfront.net/styles1100px/US440ORR.jpg,,0.0,TRUE,InStock,0.617,,US440ORRS,,,,Size,DROP_DOWN,S,Color,DROP_DOWN,Orange,,,,,,,,,,,,,Fit,<p>R</p>,Length,<p>56</p>,Width,<p>30</p>,Height,<p>35</p>,Box Quantity,<p>24</p>,Inner Pack Quantity,<p>1</p>,Country Of Origin,<p>CN</p>,Standards,<p></p>,,,,
US440,Variant,,"Designed to be worn in all weather conditions, the Classic Rain Jacket is not only practical and durable, it offers exceptional value for money. Easily packable and stored for when the wet weather arrives. Available in a wide range of colours, wearer satisfaction is guaranteed.",https://d11ak7fd9ypfb7.cloudfront.net/styles1100px/US440ORR.jpg,,0.0,TRUE,InStock,0.7,,US440ORRXL,,,,Size,DROP_DOWN,XL,Color,DROP_DOWN,Orange,,,,,,,,,,,,,Fit,<p>R</p>,Length,<p>56</p>,Width,<p>30</p>,Height,<p>35</p>,Box Quantity,<p>24</p>,Inner Pack Quantity,<p>1</p>,Country Of Origin,<p>CN</p>,Standards,<p></p>,,,,
US440,Variant,,"Designed to be worn in all weather conditions, the Classic Rain Jacket is not only practical and durable, it offers exceptional value for money. Easily packable and stored for when the wet weather arrives. Available in a wide range of colours, wearer satisfaction is guaranteed.",https://d11ak7fd9ypfb7.cloudfront.net/styles1100px/US440ORR.jpg,,0.0,TRUE,InStock,0.752,,US440ORRXXL,,,,Size,DROP_DOWN,XXL,Color,DROP_DOWN,Orange,,,,,,,,,,,,,Fit,<p>R</p>,Length,<p>56</p>,Width,<p>30</p>,Height,<p>35</p>,Box Quantity,<p>24</p>,Inner Pack Quantity,<p>1</p>,Country Of Origin,<p>CN</p>,Standards,<p></p>,,,,
US440,Variant,,"Designed to be worn in all weather conditions, the Classic Rain Jacket is not only practical and durable, it offers exceptional value for money. Easily packable and stored for when the wet weather arrives. Available in a wide range of colours, wearer satisfaction is guaranteed.",https://d11ak7fd9ypfb7.cloudfront.net/styles1100px/US440ORR.jpg,,0.0,TRUE,InStock,0.78,,US440ORRXXXL,,,,Size,DROP_DOWN,XXXL,Color,DROP_DOWN,Orange,,,,,,,,,,,,,Fit,<p>R</p>,Length,<p>56</p>,Width,<p>30</p>,Height,<p>35</p>,Box Quantity,<p>24</p>,Inner Pack Quantity,<p>1</p>,Country Of Origin,<p>CN</p>,Standards,<p></p>,,,,
US440,Variant,,"Designed to be worn in all weather conditions, the Classic Rain Jacket is not only practical and durable, it offers exceptional value for money. Easily packable and stored for when the wet weather arrives. Available in a wide range of colours, wearer satisfaction is guaranteed.",https://d11ak7fd9ypfb7.cloudfront.net/styles1100px/US440YER.jpg,,0.0,TRUE,InStock,0.799,,US440YER4XL,,,,Size,DROP_DOWN,4XL,Color,DROP_DOWN,Yellow,,,,,,,,,,,,,Fit,<p>R</p>,Length,<p>56</p>,Width,<p>30</p>,Height,<p>35</p>,Box Quantity,<p>24</p>,Inner Pack Quantity,<p>1</p>,Country Of Origin,<p>CN</p>,Standards,<p></p>,,,,
US440,Variant,,"Designed to be worn in all weather conditions, the Classic Rain Jacket is not only practical and durable, it offers exceptional value for money. Easily packable and stored for when the wet weather arrives. Available in a wide range of colours, wearer satisfaction is guaranteed.",https://d11ak7fd9ypfb7.cloudfront.net/styles1100px/US440YER.jpg,,0.0,TRUE,InStock,0.816,,US440YER5XL,,,,Size,DROP_DOWN,5XL,Color,DROP_DOWN,Yellow,,,,,,,,,,,,,Fit,<p>R</p>,Length,<p>56</p>,Width,<p>30</p>,Height,<p>35</p>,Box Quantity,<p>24</p>,Inner Pack Quantity,<p>1</p>,Country Of Origin,<p>CN</p>,Standards,<p></p>,,,,
US440,Variant,,"Designed to be worn in all weather conditions, the Classic Rain Jacket is not only practical and durable, it offers exceptional value for money. Easily packable and stored for when the wet weather arrives. Available in a wide range of colours, wearer satisfaction is guaranteed.",https://d11ak7fd9ypfb7.cloudfront.net/styles1100px/US440YER.jpg,,0.0,TRUE,InStock,0.826,,US440YER6XL,,,,Size,DROP_DOWN,6XL,Color,DROP_DOWN,Yellow,,,,,,,,,,,,,Fit,<p>R</p>,Length,<p>56</p>,Width,<p>30</p>,Height,<p>35</p>,Box Quantity,<p>24</p>,Inner Pack Quantity,<p>1</p>,Country Of Origin,<p>CN</p>,Standards,<p></p>,,,,
US440,Variant,,"Designed to be worn in all weather conditions, the Classic Rain Jacket is not only practical and durable, it offers exceptional value for money. Easily packable and stored for when the wet weather arrives. Available in a wide range of colours, wearer satisfaction is guaranteed.",https://d11ak7fd9ypfb7.cloudfront.net/styles1100px/US440YER.jpg,,0.0,TRUE,InStock,0.684,,US440YERL,,,,Size,DROP_DOWN,L,Color,DROP_DOWN,Yellow,,,,,,,,,,,,,Fit,<p>R</p>,Length,<p>56</p>,Width,<p>30</p>,Height,<p>35</p>,Box Quantity,<p>24</p>,Inner Pack Quantity,<p>1</p>,Country Of Origin,<p>CN</p>,Standards,<p></p>,,,,
US440,Variant,,"Designed to be worn in all weather conditions, the Classic Rain Jacket is not only practical and durable, it offers exceptional value for money. Easily packable and stored for when the wet weather arrives. Available in a wide range of colours, wearer satisfaction is guaranteed.",https://d11ak7fd9ypfb7.cloudfront.net/styles1100px/US440YER.jpg,,0.0,TRUE,InStock,0.68,,US440YERM,,,,Size,DROP_DOWN,M,Color,DROP_DOWN,Yellow,,,,,,,,,,,,,Fit,<p>R</p>,Length,<p>56</p>,Width,<p>30</p>,Height,<p>35</p>,Box Quantity,<p>24</p>,Inner Pack Quantity,<p>1</p>,Country Of Origin,<p>CN</p>,Standards,<p></p>,,,,
US440,Variant,,"Designed to be worn in all weather conditions, the Classic Rain Jacket is not only practical and durable, it offers exceptional value for money. Easily packable and stored for when the wet weather arrives. Available in a wide range of colours, wearer satisfaction is guaranteed.",https://d11ak7fd9ypfb7.cloudfront.net/styles1100px/US440YER.jpg,,0.0,TRUE,InStock,0.617,,US440YERS,,,,Size,DROP_DOWN,S,Color,DROP_DOWN,Yellow,,,,,,,,,,,,,Fit,<p>R</p>,Length,<p>56</p>,Width,<p>30</p>,Height,<p>35</p>,Box Quantity,<p>24</p>,Inner Pack Quantity,<p>1</p>,Country Of Origin,<p>CN</p>,Standards,<p></p>,,,,
US440,Variant,,"Designed to be worn in all weather conditions, the Classic Rain Jacket is not only practical and durable, it offers exceptional value for money. Easily packable and stored for when the wet weather arrives. Available in a wide range of colours, wearer satisfaction is guaranteed.",https://d11ak7fd9ypfb7.cloudfront.net/styles1100px/US440YER.jpg,,0.0,TRUE,InStock,0.7,,US440YERXL,,,,Size,DROP_DOWN,XL,Color,DROP_DOWN,Yellow,,,,,,,,,,,,,Fit,<p>R</p>,Length,<p>56</p>,Width,<p>30</p>,Height,<p>35</p>,Box Quantity,<p>24</p>,Inner Pack Quantity,<p>1</p>,Country Of Origin,<p>CN</p>,Standards,<p></p>,,,,
US440,Variant,,"Designed to be worn in all weather conditions, the Classic Rain Jacket is not only practical and durable, it offers exceptional value for money. Easily packable and stored for when the wet weather arrives. Available in a wide range of colours, wearer satisfaction is guaranteed.",https://d11ak7fd9ypfb7.cloudfront.net/styles1100px/US440YER.jpg,,0.0,TRUE,InStock,0.752,,US440YERXXL,,,,Size,DROP_DOWN,XXL,Color,DROP_DOWN,Yellow,,,,,,,,,,,,,Fit,<p>R</p>,Length,<p>56</p>,Width,<p>30</p>,Height,<p>35</p>,Box Quantity,<p>24</p>,Inner Pack Quantity,<p>1</p>,Country Of Origin,<p>CN</p>,Standards,<p></p>,,,,
US440,Variant,,"Designed to be worn in all weather conditions, the Classic Rain Jacket is not only practical and durable, it offers exceptional value for money. Easily packable and stored for when the wet weather arrives. Available in a wide range of colours, wearer satisfaction is guaranteed.",https://d11ak7fd9ypfb7.cloudfront.net/styles1100px/US440YER.jpg,,0.0,TRUE,InStock,0.78,,US440YERXXXL,,,,Size,DROP_DOWN,XXXL,Color,DROP_DOWN,Yellow,,,,,,,,,,,,,Fit,<p>R</p>,Length,<p>56</p>,Width,<p>30</p>,Height,<p>35</p>,Box Quantity,<p>24</p>,Inner Pack Quantity,<p>1</p>,Country Of Origin,<p>CN</p>,Standards,<p></p>,,,,
US450,Product,US450 - Sealtex Classic Jacket,"The clever styling, exceptional water resistance and affordable price make this garment a great value waterproof jacket. The tough fabric and welded seams are combined with a generous fit for wearer comfort. It offers storage space for your personal and work belongings and the snap fastened storm flap with zipper keeps out all the elements the weather may throw at you.",https://d11ak7fd9ypfb7.cloudfront.net/styles1100px/US450NAR.jpg,55.9,0.0,TRUE,InStock,0.89,,US450NAR4XL,,,,Size,DROP_DOWN,S;M;L;XL;XXL;XXXL;4XL;5XL,Color,DROP_DOWN,Navy;Yellow,,,,,,,,,,,,,Fit,<p>R</p>,Length,<p>65</p>,Width,<p>30</p>,Height,<p>42</p>,Box Quantity,<p>18</p>,Inner Pack Quantity,<p>1</p>,Country Of Origin,<p>MM</p>,Standards,<p></p>,,,,
US450,Variant,,"The clever styling, exceptional water resistance and affordable price make this garment a great value waterproof jacket. The tough fabric and welded seams are combined with a generous fit for wearer comfort. It offers storage space for your personal and work belongings and the snap fastened storm flap with zipper keeps out all the elements the weather may throw at you.",https://d11ak7fd9ypfb7.cloudfront.net/styles1100px/US450NAR.jpg,,0.0,TRUE,InStock,0.89,,US450NAR4XL,,,,Size,DROP_DOWN,4XL,Color,DROP_DOWN,Navy,,,,,,,,,,,,,Fit,<p>R</p>,Length,<p>65</p>,Width,<p>30</p>,Height,<p>42</p>,Box Quantity,<p>18</p>,Inner Pack Quantity,<p>1</p>,Country Of Origin,<p>MM</p>,Standards,<p></p>,,,,
US450,Variant,,"The clever styling, exceptional water resistance and affordable price make this garment a great value waterproof jacket. The tough fabric and welded seams are combined with a generous fit for wearer comfort. It offers storage space for your personal and work belongings and the snap fastened storm flap with zipper keeps out all the elements the weather may throw at you.",https://d11ak7fd9ypfb7.cloudfront.net/styles1100px/US450NAR.jpg,,0.0,TRUE,InStock,0.85,,US450NAR5XL,,,,Size,DROP_DOWN,5XL,Color,DROP_DOWN,Navy,,,,,,,,,,,,,Fit,<p>R</p>,Length,<p>65</p>,Width,<p>30</p>,Height,<p>42</p>,Box Quantity,<p>18</p>,Inner Pack Quantity,<p>1</p>,Country Of Origin,<p>MM</p>,Standards,<p></p>,,,,
US450,Variant,,"The clever styling, exceptional water resistance and affordable price make this garment a great value waterproof jacket. The tough fabric and welded seams are combined with a generous fit for wearer comfort. It offers storage space for your personal and work belongings and the snap fastened storm flap with zipper keeps out all the elements the weather may throw at you.",https://d11ak7fd9ypfb7.cloudfront.net/styles1100px/US450NAR.jpg,,0.0,TRUE,InStock,0.85,,US450NARL,,,,Size,DROP_DOWN,L,Color,DROP_DOWN,Navy,,,,,,,,,,,,,Fit,<p>R</p>,Length,<p>65</p>,Width,<p>30</p>,Height,<p>42</p>,Box Quantity,<p>18</p>,Inner Pack Quantity,<p>1</p>,Country Of Origin,<p>MM</p>,Standards,<p></p>,,,,
US450,Variant,,"The clever styling, exceptional water resistance and affordable price make this garment a great value waterproof jacket. The tough fabric and welded seams are combined with a generous fit for wearer comfort. It offers storage space for your personal and work belongings and the snap fastened storm flap with zipper keeps out all the elements the weather may throw at you.",https://d11ak7fd9ypfb7.cloudfront.net/styles1100px/US450NAR.jpg,,0.0,TRUE,InStock,0.84,,US450NARM,,,,Size,DROP_DOWN,M,Color,DROP_DOWN,Navy,,,,,,,,,,,,,Fit,<p>R</p>,Length,<p>65</p>,Width,<p>30</p>,Height,<p>42</p>,Box Quantity,<p>18</p>,Inner Pack Quantity,<p>1</p>,Country Of Origin,<p>MM</p>,Standards,<p></p>,,,,
US450,Variant,,"The clever styling, exceptional water resistance and affordable price make this garment a great value waterproof jacket. The tough fabric and welded seams are combined with a generous fit for wearer comfort. It offers storage space for your personal and work belongings and the snap fastened storm flap with zipper keeps out all the elements the weather may throw at you.",https://d11ak7fd9ypfb7.cloudfront.net/styles1100px/US450NAR.jpg,,0.0,TRUE,InStock,0.85,,US450NARS,,,,Size,DROP_DOWN,S,Color,DROP_DOWN,Navy,,,,,,,,,,,,,Fit,<p>R</p>,Length,<p>65</p>,Width,<p>30</p>,Height,<p>42</p>,Box Quantity,<p>18</p>,Inner Pack Quantity,<p>1</p>,Country Of Origin,<p>MM</p>,Standards,<p></p>,,,,
US450,Variant,,"The clever styling, exceptional water resistance and affordable price make this garment a great value waterproof jacket. The tough fabric and welded seams are combined with a generous fit for wearer comfort. It offers storage space for your personal and work belongings and the snap fastened storm flap with zipper keeps out all the elements the weather may throw at you.",https://d11ak7fd9ypfb7.cloudfront.net/styles1100px/US450NAR.jpg,,0.0,TRUE,InStock,0.86,,US450NARXL,,,,Size,DROP_DOWN,XL,Color,DROP_DOWN,Navy,,,,,,,,,,,,,Fit,<p>R</p>,Length,<p>65</p>,Width,<p>30</p>,Height,<p>42</p>,Box Quantity,<p>18</p>,Inner Pack Quantity,<p>1</p>,Country Of Origin,<p>MM</p>,Standards,<p></p>,,,,
US450,Variant,,"The clever styling, exceptional water resistance and affordable price make this garment a great value waterproof jacket. The tough fabric and welded seams are combined with a generous fit for wearer comfort. It offers storage space for your personal and work belongings and the snap fastened storm flap with zipper keeps out all the elements the weather may throw at you.",https://d11ak7fd9ypfb7.cloudfront.net/styles1100px/US450NAR.jpg,,0.0,TRUE,InStock,0.87,,US450NARXXL,,,,Size,DROP_DOWN,XXL,Color,DROP_DOWN,Navy,,,,,,,,,,,,,Fit,<p>R</p>,Length,<p>65</p>,Width,<p>30</p>,Height,<p>42</p>,Box Quantity,<p>18</p>,Inner Pack Quantity,<p>1</p>,Country Of Origin,<p>MM</p>,Standards,<p></p>,,,,
US450,Variant,,"The clever styling, exceptional water resistance and affordable price make this garment a great value waterproof jacket. The tough fabric and welded seams are combined with a generous fit for wearer comfort. It offers storage space for your personal and work belongings and the snap fastened storm flap with zipper keeps out all the elements the weather may throw at you.",https://d11ak7fd9ypfb7.cloudfront.net/styles1100px/US450NAR.jpg,,0.0,TRUE,InStock,0.88,,US450NARXXXL,,,,Size,DROP_DOWN,XXXL,Color,DROP_DOWN,Navy,,,,,,,,,,,,,Fit,<p>R</p>,Length,<p>65</p>,Width,<p>30</p>,Height,<p>42</p>,Box Quantity,<p>18</p>,Inner Pack Quantity,<p>1</p>,Country Of Origin,<p>MM</p>,Standards,<p></p>,,,,
US450,Variant,,"The clever styling, exceptional water resistance and affordable price make this garment a great value waterproof jacket. The tough fabric and welded seams are combined with a generous fit for wearer comfort. It offers storage space for your personal and work belongings and the snap fastened storm flap with zipper keeps out all the elements the weather may throw at you.",https://d11ak7fd9ypfb7.cloudfront.net/styles1100px/US450YER.jpg,,0.0,TRUE,InStock,0.85,,US450YERL,,,,Size,DROP_DOWN,L,Color,DROP_DOWN,Yellow,,,,,,,,,,,,,Fit,<p>R</p>,Length,<p>65</p>,Width,<p>30</p>,Height,<p>42</p>,Box Quantity,<p>18</p>,Inner Pack Quantity,<p>1</p>,Country Of Origin,<p>MM</p>,Standards,<p></p>,,,,
US450,Variant,,"The clever styling, exceptional water resistance and affordable price make this garment a great value waterproof jacket. The tough fabric and welded seams are combined with a generous fit for wearer comfort. It offers storage space for your personal and work belongings and the snap fastened storm flap with zipper keeps out all the elements the weather may throw at you.",https://d11ak7fd9ypfb7.cloudfront.net/styles1100px/US450YER.jpg,,0.0,TRUE,InStock,0.84,,US450YERM,,,,Size,DROP_DOWN,M,Color,DROP_DOWN,Yellow,,,,,,,,,,,,,Fit,<p>R</p>,Length,<p>65</p>,Width,<p>30</p>,Height,<p>42</p>,Box Quantity,<p>18</p>,Inner Pack Quantity,<p>1</p>,Country Of Origin,<p>MM</p>,Standards,<p></p>,,,,
US460,Product,US460 - Hi-Vis Traffic Jacket,"This fully certified waterproof jacket is a popular option across many industries. Hard-wearing, functional and packed full of features including a drawstring hood, snapped storm flap and multiple storage pockets.",https://d11ak7fd9ypfb7.cloudfront.net/styles1100px/US460YER.jpg,54.5,0.0,TRUE,InStock,1.32,,US460YER4XL,,,,Size,DROP_DOWN,S;M;L;XL;XXL;XXXL;4XL;5XL;6XL;7XL,Color,DROP_DOWN,Yellow,,,,,,,,,,,,,Fit,<p>R</p>,Length,<p>65</p>,Width,<p>45</p>,Height,<p>25</p>,Box Quantity,<p>12</p>,Inner Pack Quantity,<p>1</p>,Country Of Origin,<p>MM</p>,Standards,<p></p>,,,,
US460,Variant,,"This fully certified waterproof jacket is a popular option across many industries. Hard-wearing, functional and packed full of features including a drawstring hood, snapped storm flap and multiple storage pockets.",https://d11ak7fd9ypfb7.cloudfront.net/styles1100px/US460YER.jpg,,0.0,TRUE,InStock,1.32,,US460YER4XL,,,,Size,DROP_DOWN,4XL,Color,DROP_DOWN,Yellow,,,,,,,,,,,,,Fit,<p>R</p>,Length,<p>65</p>,Width,<p>45</p>,Height,<p>25</p>,Box Quantity,<p>12</p>,Inner Pack Quantity,<p>1</p>,Country Of Origin,<p>MM</p>,Standards,<p></p>,,,,
US460,Variant,,"This fully certified waterproof jacket is a popular option across many industries. Hard-wearing, functional and packed full of features including a drawstring hood, snapped storm flap and multiple storage pockets.",https://d11ak7fd9ypfb7.cloudfront.net/styles1100px/US460YER.jpg,,0.0,TRUE,InStock,1.4,,US460YER5XL,,,,Size,DROP_DOWN,5XL,Color,DROP_DOWN,Yellow,,,,,,,,,,,,,Fit,<p>R</p>,Length,<p>65</p>,Width,<p>45</p>,Height,<p>25</p>,Box Quantity,<p>12</p>,Inner Pack Quantity,<p>1</p>,Country Of Origin,<p>MM</p>,Standards,<p></p>,,,,
US460,Variant,,"This fully certified waterproof jacket is a popular option across many industries. Hard-wearing, functional and packed full of features including a drawstring hood, snapped storm flap and multiple storage pockets.",https://d11ak7fd9ypfb7.cloudfront.net/styles1100px/US460YER.jpg,,0.0,TRUE,InStock,1.48,,US460YER6XL,,,,Size,DROP_DOWN,6XL,Color,DROP_DOWN,Yellow,,,,,,,,,,,,,Fit,<p>R</p>,Length,<p>65</p>,Width,<p>45</p>,Height,<p>25</p>,Box Quantity,<p>12</p>,Inner Pack Quantity,<p>1</p>,Country Of Origin,<p>MM</p>,Standards,<p></p>,,,,
US460,Variant,,"This fully certified waterproof jacket is a popular option across many industries. Hard-wearing, functional and packed full of features including a drawstring hood, snapped storm flap and multiple storage pockets.",https://d11ak7fd9ypfb7.cloudfront.net/styles1100px/US460YER.jpg,,0.0,TRUE,InStock,1.56,,US460YER7XL,,,,Size,DROP_DOWN,7XL,Color,DROP_DOWN,Yellow,,,,,,,,,,,,,Fit,<p>R</p>,Length,<p>65</p>,Width,<p>45</p>,Height,<p>25</p>,Box Quantity,<p>12</p>,Inner Pack Quantity,<p>1</p>,Country Of Origin,<p>MM</p>,Standards,<p></p>,,,,
US460,Variant,,"This fully certified waterproof jacket is a popular option across many industries. Hard-wearing, functional and packed full of features including a drawstring hood, snapped storm flap and multiple storage pockets.",https://d11ak7fd9ypfb7.cloudfront.net/styles1100px/US460YER.jpg,,0.0,TRUE,InStock,1.08,,US460YERL,,,,Size,DROP_DOWN,L,Color,DROP_DOWN,Yellow,,,,,,,,,,,,,Fit,<p>R</p>,Length,<p>65</p>,Width,<p>45</p>,Height,<p>25</p>,Box Quantity,<p>12</p>,Inner Pack Quantity,<p>1</p>,Country Of Origin,<p>MM</p>,Standards,<p></p>,,,,
US460,Variant,,"This fully certified waterproof jacket is a popular option across many industries. Hard-wearing, functional and packed full of features including a drawstring hood, snapped storm flap and multiple storage pockets.",https://d11ak7fd9ypfb7.cloudfront.net/styles1100px/US460YER.jpg,,0.0,TRUE,InStock,1.02,,US460YERM,,,,Size,DROP_DOWN,M,Color,DROP_DOWN,Yellow,,,,,,,,,,,,,Fit,<p>R</p>,Length,<p>65</p>,Width,<p>45</p>,Height,<p>25</p>,Box Quantity,<p>12</p>,Inner Pack Quantity,<p>1</p>,Country Of Origin,<p>MM</p>,Standards,<p></p>,,,,
US460,Variant,,"This fully certified waterproof jacket is a popular option across many industries. Hard-wearing, functional and packed full of features including a drawstring hood, snapped storm flap and multiple storage pockets.",https://d11ak7fd9ypfb7.cloudfront.net/styles1100px/US460YER.jpg,,0.0,TRUE,InStock,0.96,,US460YERS,,,,Size,DROP_DOWN,S,Color,DROP_DOWN,Yellow,,,,,,,,,,,,,Fit,<p>R</p>,Length,<p>65</p>,Width,<p>45</p>,Height,<p>25</p>,Box Quantity,<p>12</p>,Inner Pack Quantity,<p>1</p>,Country Of Origin,<p></p>,Standards,<p></p>,,,,
US460,Variant,,"This fully certified waterproof jacket is a popular option across many industries. Hard-wearing, functional and packed full of features including a drawstring hood, snapped storm flap and multiple storage pockets.",https://d11ak7fd9ypfb7.cloudfront.net/styles1100px/US460YER.jpg,,0.0,TRUE,InStock,1.14,,US460YERXL,,,,Size,DROP_DOWN,XL,Color,DROP_DOWN,Yellow,,,,,,,,,,,,,Fit,<p>R</p>,Length,<p>65</p>,Width,<p>45</p>,Height,<p>25</p>,Box Quantity,<p>12</p>,Inner Pack Quantity,<p>1</p>,Country Of Origin,<p>MM</p>,Standards,<p></p>,,,,
US460,Variant,,"This fully certified waterproof jacket is a popular option across many industries. Hard-wearing, functional and packed full of features including a drawstring hood, snapped storm flap and multiple storage pockets.",https://d11ak7fd9ypfb7.cloudfront.net/styles1100px/US460YER.jpg,,0.0,TRUE,InStock,1.2,,US460YERXXL,,,,Size,DROP_DOWN,XXL,Color,DROP_DOWN,Yellow,,,,,,,,,,,,,Fit,<p>R</p>,Length,<p>65</p>,Width,<p>45</p>,Height,<p>25</p>,Box Quantity,<p>12</p>,Inner Pack Quantity,<p>1</p>,Country Of Origin,<p>MM</p>,Standards,<p></p>,,,,
US460,Variant,,"This fully certified waterproof jacket is a popular option across many industries. Hard-wearing, functional and packed full of features including a drawstring hood, snapped storm flap and multiple storage pockets.",https://d11ak7fd9ypfb7.cloudfront.net/styles1100px/US460YER.jpg,,0.0,TRUE,InStock,1.26,,US460YERXXXL,,,,Size,DROP_DOWN,XXXL,Color,DROP_DOWN,Yellow,,,,,,,,,,,,,Fit,<p>R</p>,Length,<p>65</p>,Width,<p>45</p>,Height,<p>25</p>,Box Quantity,<p>12</p>,Inner Pack Quantity,<p>1</p>,Country Of Origin,<p>MM</p>,Standards,<p></p>,,,,
US463,Product,US463 - Hi-Vis Bomber Jacket,"Comfort and quality are key with this garment, coupled with all our usual safety and weatherproof functions. The two-way front zipper, snapped flap and knitted storm cuffs provide ultimate protection.",https://d11ak7fd9ypfb7.cloudfront.net/styles1100px/US463YER.jpg,54.0,0.0,TRUE,InStock,1.11,,US463YER4XL,,,,Size,DROP_DOWN,S;M;L;XL;XXL;XXXL;4XL;5XL;6XL;7XL,Color,DROP_DOWN,Yellow,,,,,,,,,,,,,Fit,<p>R</p>,Length,<p>65</p>,Width,<p>40</p>,Height,<p>43</p>,Box Quantity,<p>12</p>,Inner Pack Quantity,<p>1</p>,Country Of Origin,<p>MM</p>,Standards,<p></p>,,,,
US463,Variant,,"Comfort and quality are key with this garment, coupled with all our usual safety and weatherproof functions. The two-way front zipper, snapped flap and knitted storm cuffs provide ultimate protection.",https://d11ak7fd9ypfb7.cloudfront.net/styles1100px/US463YER.jpg,,0.0,TRUE,InStock,1.11,,US463YER4XL,,,,Size,DROP_DOWN,4XL,Color,DROP_DOWN,Yellow,,,,,,,,,,,,,Fit,<p>R</p>,Length,<p>65</p>,Width,<p>40</p>,Height,<p>43</p>,Box Quantity,<p>12</p>,Inner Pack Quantity,<p>1</p>,Country Of Origin,<p>MM</p>,Standards,<p></p>,,,,
US463,Variant,,"Comfort and quality are key with this garment, coupled with all our usual safety and weatherproof functions. The two-way front zipper, snapped flap and knitted storm cuffs provide ultimate protection.",https://d11ak7fd9ypfb7.cloudfront.net/styles1100px/US463YER.jpg,,0.0,TRUE,InStock,1.14,,US463YER5XL,,,,Size,DROP_DOWN,5XL,Color,DROP_DOWN,Yellow,,,,,,,,,,,,,Fit,<p>R</p>,Length,<p>65</p>,Width,<p>40</p>,Height,<p>47</p>,Box Quantity,<p>12</p>,Inner Pack Quantity,<p>1</p>,Country Of Origin,<p>MM</p>,Standards,<p></p>,,,,
US463,Variant,,"Comfort and quality are key with this garment, coupled with all our usual safety and weatherproof functions. The two-way front zipper, snapped flap and knitted storm cuffs provide ultimate protection.",https://d11ak7fd9ypfb7.cloudfront.net/styles1100px/US463YER.jpg,,0.0,TRUE,InStock,1.17,,US463YER6XL,,,,Size,DROP_DOWN,6XL,Color,DROP_DOWN,Yellow,,,,,,,,,,,,,Fit,<p>R</p>,Length,<p>65</p>,Width,<p>40</p>,Height,<p>47</p>,Box Quantity,<p>12</p>,Inner Pack Quantity,<p>1</p>,Country Of Origin,<p>MM</p>,Standards,<p></p>,,,,
US463,Variant,,"Comfort and quality are key with this garment, coupled with all our usual safety and weatherproof functions. The two-way front zipper, snapped flap and knitted storm cuffs provide ultimate protection.",https://d11ak7fd9ypfb7.cloudfront.net/styles1100px/US463YER.jpg,,0.0,TRUE,InStock,1.2,,US463YER7XL,,,,Size,DROP_DOWN,7XL,Color,DROP_DOWN,Yellow,,,,,,,,,,,,,Fit,<p>R</p>,Length,<p>65</p>,Width,<p>40</p>,Height,<p>47</p>,Box Quantity,<p>12</p>,Inner Pack Quantity,<p>1</p>,Country Of Origin,<p>MM</p>,Standards,<p></p>,,,,
US463,Variant,,"Comfort and quality are key with this garment, coupled with all our usual safety and weatherproof functions. The two-way front zipper, snapped flap and knitted storm cuffs provide ultimate protection.",https://d11ak7fd9ypfb7.cloudfront.net/styles1100px/US463YER.jpg,,0.0,TRUE,InStock,0.99,,US463YERL,,,,Size,DROP_DOWN,L,Color,DROP_DOWN,Yellow,,,,,,,,,,,,,Fit,<p>R</p>,Length,<p>65</p>,Width,<p>40</p>,Height,<p>47</p>,Box Quantity,<p>12</p>,Inner Pack Quantity,<p>1</p>,Country Of Origin,<p>MM</p>,Standards,<p></p>,,,,
US463,Variant,,"Comfort and quality are key with this garment, coupled with all our usual safety and weatherproof functions. The two-way front zipper, snapped flap and knitted storm cuffs provide ultimate protection.",https://d11ak7fd9ypfb7.cloudfront.net/styles1100px/US463YER.jpg,,0.0,TRUE,InStock,0.96,,US463YERM,,,,Size,DROP_DOWN,M,Color,DROP_DOWN,Yellow,,,,,,,,,,,,,Fit,<p>R</p>,Length,<p>65</p>,Width,<p>40</p>,Height,<p>47</p>,Box Quantity,<p>12</p>,Inner Pack Quantity,<p>1</p>,Country Of Origin,<p>MM</p>,Standards,<p></p>,,,,
US463,Variant,,"Comfort and quality are key with this garment, coupled with all our usual safety and weatherproof functions. The two-way front zipper, snapped flap and knitted storm cuffs provide ultimate protection.",https://d11ak7fd9ypfb7.cloudfront.net/styles1100px/US463YER.jpg,,0.0,TRUE,InStock,0.93,,US463YERS,,,,Size,DROP_DOWN,S,Color,DROP_DOWN,Yellow,,,,,,,,,,,,,Fit,<p>R</p>,Length,<p>65</p>,Width,<p>40</p>,Height,<p>47</p>,Box Quantity,<p>12</p>,Inner Pack Quantity,<p>1</p>,Country Of Origin,<p>MM</p>,Standards,<p></p>,,,,
US463,Variant,,"Comfort and quality are key with this garment, coupled with all our usual safety and weatherproof functions. The two-way front zipper, snapped flap and knitted storm cuffs provide ultimate protection.",https://d11ak7fd9ypfb7.cloudfront.net/styles1100px/US463YER.jpg,,0.0,TRUE,InStock,1.02,,US463YERXL,,,,Size,DROP_DOWN,XL,Color,DROP_DOWN,Yellow,,,,,,,,,,,,,Fit,<p>R</p>,Length,<p>65</p>,Width,<p>40</p>,Height,<p>47</p>,Box Quantity,<p>12</p>,Inner Pack Quantity,<p>1</p>,Country Of Origin,<p>MM</p>,Standards,<p></p>,,,,
US463,Variant,,"Comfort and quality are key with this garment, coupled with all our usual safety and weatherproof functions. The two-way front zipper, snapped flap and knitted storm cuffs provide ultimate protection.",https://d11ak7fd9ypfb7.cloudfront.net/styles1100px/US463YER.jpg,,0.0,TRUE,InStock,1.05,,US463YERXXL,,,,Size,DROP_DOWN,XXL,Color,DROP_DOWN,Yellow,,,,,,,,,,,,,Fit,<p>R</p>,Length,<p>65</p>,Width,<p>40</p>,Height,<p>47</p>,Box Quantity,<p>12</p>,Inner Pack Quantity,<p>1</p>,Country Of Origin,<p>MM</p>,Standards,<p></p>,,,,
US463,Variant,,"Comfort and quality are key with this garment, coupled with all our usual safety and weatherproof functions. The two-way front zipper, snapped flap and knitted storm cuffs provide ultimate protection.",https://d11ak7fd9ypfb7.cloudfront.net/styles1100px/US463YER.jpg,,0.0,TRUE,InStock,1.08,,US463YERXXXL,,,,Size,DROP_DOWN,XXXL,Color,DROP_DOWN,Yellow,,,,,,,,,,,,,Fit,<p>R</p>,Length,<p>65</p>,Width,<p>40</p>,Height,<p>47</p>,Box Quantity,<p>12</p>,Inner Pack Quantity,<p>1</p>,Country Of Origin,<p>MM</p>,Standards,<p></p>,,,,
US466,Product,US466 - Hi-Vis Contrast Traffic Jacket,"Contrasting colors make this garment a highly popular choice. Designed to keep you warm and dry whilst giving the wearer increased visibility, this stylish jacket is suitable for all weather conditions. The garment is fully waterproof and features a drawstring hood, knitted storm cuffs and a two-way zipper front with snapped storm flap. Tested to ASTM F2732 this is the temperature range in which the wearer will feel thermally comfortable wearing this garment with Portwest Winter Pant. Note this is only a guide and depends on other factors such as additional clothing worn, environmental conditions and the activity of the wearer’",https://d11ak7fd9ypfb7.cloudfront.net/styles1100px/US466YBR.jpg,61.5,0.0,TRUE,InStock,1.39,,US466YBR4XL,,,,Size,DROP_DOWN,S;M;L;XL;XXL;XXXL;4XL;5XL;6XL;7XL,Color,DROP_DOWN,Yellow/Navy;Yellow/Green;Yellow/Black;Yellow/Royal,,,,,,,,,,,,,Fit,<p>R</p>,Length,<p>65</p>,Width,<p>45</p>,Height,<p>40</p>,Box Quantity,<p>12</p>,Inner Pack Quantity,<p>1</p>,Country Of Origin,<p>MM</p>,Standards,<p></p>,,,,
US466,Variant,,"Contrasting colors make this garment a highly popular choice. Designed to keep you warm and dry whilst giving the wearer increased visibility, this stylish jacket is suitable for all weather conditions. The garment is fully waterproof and features a drawstring hood, knitted storm cuffs and a two-way zipper front with snapped storm flap. Tested to ASTM F2732 this is the temperature range in which the wearer will feel thermally comfortable wearing this garment with Portwest Winter Pant. Note this is only a guide and depends on other factors such as additional clothing worn, environmental conditions and the activity of the wearer’",https://d11ak7fd9ypfb7.cloudfront.net/styles1100px/US466YBR.jpg,,0.0,TRUE,InStock,1.39,,US466YBR4XL,,,,Size,DROP_DOWN,4XL,Color,DROP_DOWN,Yellow/Black,,,,,,,,,,,,,Fit,<p>R</p>,Length,<p>65</p>,Width,<p>45</p>,Height,<p>40</p>,Box Quantity,<p>12</p>,Inner Pack Quantity,<p>1</p>,Country Of Origin,<p>MM</p>,Standards,<p></p>,,,,
US466,Variant,,"Contrasting colors make this garment a highly popular choice. Designed to keep you warm and dry whilst giving the wearer increased visibility, this stylish jacket is suitable for all weather conditions. The garment is fully waterproof and features a drawstring hood, knitted storm cuffs and a two-way zipper front with snapped storm flap. Tested to ASTM F2732 this is the temperature range in which the wearer will feel thermally comfortable wearing this garment with Portwest Winter Pant. Note this is only a guide and depends on other factors such as additional clothing worn, environmental conditions and the activity of the wearer’",https://d11ak7fd9ypfb7.cloudfront.net/styles1100px/US466YBR.jpg,,0.0,TRUE,InStock,1.44,,US466YBR5XL,,,,Size,DROP_DOWN,5XL,Color,DROP_DOWN,Yellow/Black,,,,,,,,,,,,,Fit,<p>R</p>,Length,<p>65</p>,Width,<p>45</p>,Height,<p>40</p>,Box Quantity,<p>12</p>,Inner Pack Quantity,<p>1</p>,Country Of Origin,<p>MM</p>,Standards,<p></p>,,,,
US466,Variant,,"Contrasting colors make this garment a highly popular choice. Designed to keep you warm and dry whilst giving the wearer increased visibility, this stylish jacket is suitable for all weather conditions. The garment is fully waterproof and features a drawstring hood, knitted storm cuffs and a two-way zipper front with snapped storm flap. Tested to ASTM F2732 this is the temperature range in which the wearer will feel thermally comfortable wearing this garment with Portwest Winter Pant. Note this is only a guide and depends on other factors such as additional clothing worn, environmental conditions and the activity of the wearer’",https://d11ak7fd9ypfb7.cloudfront.net/styles1100px/US466YBR.jpg,,0.0,TRUE,InStock,1.5,,US466YBR6XL,,,,Size,DROP_DOWN,6XL,Color,DROP_DOWN,Yellow/Black,,,,,,,,,,,,,Fit,<p>R</p>,Length,<p>65</p>,Width,<p>45</p>,Height,<p>40</p>,Box Quantity,<p>12</p>,Inner Pack Quantity,<p>1</p>,Country Of Origin,<p>MM</p>,Standards,<p></p>,,,,
US466,Variant,,"Contrasting colors make this garment a highly popular choice. Designed to keep you warm and dry whilst giving the wearer increased visibility, this stylish jacket is suitable for all weather conditions. The garment is fully waterproof and features a drawstring hood, knitted storm cuffs and a two-way zipper front with snapped storm flap. Tested to ASTM F2732 this is the temperature range in which the wearer will feel thermally comfortable wearing this garment with Portwest Winter Pant. Note this is only a guide and depends on other factors such as additional clothing worn, environmental conditions and the activity of the wearer’",https://d11ak7fd9ypfb7.cloudfront.net/styles1100px/US466YBR.jpg,,0.0,TRUE,InStock,1.56,,US466YBR7XL,,,,Size,DROP_DOWN,7XL,Color,DROP_DOWN,Yellow/Black,,,,,,,,,,,,,Fit,<p>R</p>,Length,<p>65</p>,Width,<p>45</p>,Height,<p>40</p>,Box Quantity,<p>12</p>,Inner Pack Quantity,<p>1</p>,Country Of Origin,<p>MM</p>,Standards,<p></p>,,,,
US466,Variant,,"Contrasting colors make this garment a highly popular choice. Designed to keep you warm and dry whilst giving the wearer increased visibility, this stylish jacket is suitable for all weather conditions. The garment is fully waterproof and features a drawstring hood, knitted storm cuffs and a two-way zipper front with snapped storm flap. Tested to ASTM F2732 this is the temperature range in which the wearer will feel thermally comfortable wearing this garment with Portwest Winter Pant. Note this is only a guide and depends on other factors such as additional clothing worn, environmental conditions and the activity of the wearer’",https://d11ak7fd9ypfb7.cloudfront.net/styles1100px/US466YBR.jpg,,0.0,TRUE,InStock,1.19,,US466YBRL,,,,Size,DROP_DOWN,L,Color,DROP_DOWN,Yellow/Black,,,,,,,,,,,,,Fit,<p>R</p>,Length,<p>65</p>,Width,<p>45</p>,Height,<p>40</p>,Box Quantity,<p>12</p>,Inner Pack Quantity,<p>1</p>,Country Of Origin,<p>MM</p>,Standards,<p></p>,,,,
US466,Variant,,"Contrasting colors make this garment a highly popular choice. Designed to keep you warm and dry whilst giving the wearer increased visibility, this stylish jacket is suitable for all weather conditions. The garment is fully waterproof and features a drawstring hood, knitted storm cuffs and a two-way zipper front with snapped storm flap. Tested to ASTM F2732 this is the temperature range in which the wearer will feel thermally comfortable wearing this garment with Portwest Winter Pant. Note this is only a guide and depends on other factors such as additional clothing worn, environmental conditions and the activity of the wearer’",https://d11ak7fd9ypfb7.cloudfront.net/styles1100px/US466YBR.jpg,,0.0,TRUE,InStock,1.14,,US466YBRM,,,,Size,DROP_DOWN,M,Color,DROP_DOWN,Yellow/Black,,,,,,,,,,,,,Fit,<p>R</p>,Length,<p>65</p>,Width,<p>45</p>,Height,<p>40</p>,Box Quantity,<p>12</p>,Inner Pack Quantity,<p>1</p>,Country Of Origin,<p>MM</p>,Standards,<p></p>,,,,
US466,Variant,,"Contrasting colors make this garment a highly popular choice. Designed to keep you warm and dry whilst giving the wearer increased visibility, this stylish jacket is suitable for all weather conditions. The garment is fully waterproof and features a drawstring hood, knitted storm cuffs and a two-way zipper front with snapped storm flap. Tested to ASTM F2732 this is the temperature range in which the wearer will feel thermally comfortable wearing this garment with Portwest Winter Pant. Note this is only a guide and depends on other factors such as additional clothing worn, environmental conditions and the activity of the wearer’",https://d11ak7fd9ypfb7.cloudfront.net/styles1100px/US466YBR.jpg,,0.0,TRUE,InStock,1.09,,US466YBRS,,,,Size,DROP_DOWN,S,Color,DROP_DOWN,Yellow/Black,,,,,,,,,,,,,Fit,<p>R</p>,Length,<p>65</p>,Width,<p>45</p>,Height,<p>40</p>,Box Quantity,<p>12</p>,Inner Pack Quantity,<p>1</p>,Country Of Origin,<p>MM</p>,Standards,<p></p>,,,,
US466,Variant,,"Contrasting colors make this garment a highly popular choice. Designed to keep you warm and dry whilst giving the wearer increased visibility, this stylish jacket is suitable for all weather conditions. The garment is fully waterproof and features a drawstring hood, knitted storm cuffs and a two-way zipper front with snapped storm flap. Tested to ASTM F2732 this is the temperature range in which the wearer will feel thermally comfortable wearing this garment with Portwest Winter Pant. Note this is only a guide and depends on other factors such as additional clothing worn, environmental conditions and the activity of the wearer’",https://d11ak7fd9ypfb7.cloudfront.net/styles1100px/US466YBR.jpg,,0.0,TRUE,InStock,1.24,,US466YBRXL,,,,Size,DROP_DOWN,XL,Color,DROP_DOWN,Yellow/Black,,,,,,,,,,,,,Fit,<p>R</p>,Length,<p>65</p>,Width,<p>45</p>,Height,<p>40</p>,Box Quantity,<p>12</p>,Inner Pack Quantity,<p>1</p>,Country Of Origin,<p>MM</p>,Standards,<p></p>,,,,
US466,Variant,,"Contrasting colors make this garment a highly popular choice. Designed to keep you warm and dry whilst giving the wearer increased visibility, this stylish jacket is suitable for all weather conditions. The garment is fully waterproof and features a drawstring hood, knitted storm cuffs and a two-way zipper front with snapped storm flap. Tested to ASTM F2732 this is the temperature range in which the wearer will feel thermally comfortable wearing this garment with Portwest Winter Pant. Note this is only a guide and depends on other factors such as additional clothing worn, environmental conditions and the activity of the wearer’",https://d11ak7fd9ypfb7.cloudfront.net/styles1100px/US466YBR.jpg,,0.0,TRUE,InStock,1.29,,US466YBRXXL,,,,Size,DROP_DOWN,XXL,Color,DROP_DOWN,Yellow/Black,,,,,,,,,,,,,Fit,<p>R</p>,Length,<p>65</p>,Width,<p>45</p>,Height,<p>40</p>,Box Quantity,<p>12</p>,Inner Pack Quantity,<p>1</p>,Country Of Origin,<p>MM</p>,Standards,<p></p>,,,,
US466,Variant,,"Contrasting colors make this garment a highly popular choice. Designed to keep you warm and dry whilst giving the wearer increased visibility, this stylish jacket is suitable for all weather conditions. The garment is fully waterproof and features a drawstring hood, knitted storm cuffs and a two-way zipper front with snapped storm flap. Tested to ASTM F2732 this is the temperature range in which the wearer will feel thermally comfortable wearing this garment with Portwest Winter Pant. Note this is only a guide and depends on other factors such as additional clothing worn, environmental conditions and the activity of the wearer’",https://d11ak7fd9ypfb7.cloudfront.net/styles1100px/US466YBR.jpg,,0.0,TRUE,InStock,1.34,,US466YBRXXXL,,,,Size,DROP_DOWN,XXXL,Color,DROP_DOWN,Yellow/Black,,,,,,,,,,,,,Fit,<p>R</p>,Length,<p>65</p>,Width,<p>45</p>,Height,<p>40</p>,Box Quantity,<p>12</p>,Inner Pack Quantity,<p>1</p>,Country Of Origin,<p>MM</p>,Standards,<p></p>,,,,
US466,Variant,,"Contrasting colors make this garment a highly popular choice. Designed to keep you warm and dry whilst giving the wearer increased visibility, this stylish jacket is suitable for all weather conditions. The garment is fully waterproof and features a drawstring hood, knitted storm cuffs and a two-way zipper front with snapped storm flap. Tested to ASTM F2732 this is the temperature range in which the wearer will feel thermally comfortable wearing this garment with Portwest Winter Pant. Note this is only a guide and depends on other factors such as additional clothing worn, environmental conditions and the activity of the wearer’",https://d11ak7fd9ypfb7.cloudfront.net/styles1100px/US466YGR.jpg,,0.0,TRUE,InStock,1.14,,US466YGRM,,,,Size,DROP_DOWN,M,Color,DROP_DOWN,Yellow/Green,,,,,,,,,,,,,Fit,<p>R</p>,Length,<p>65</p>,Width,<p>40</p>,Height,<p>30</p>,Box Quantity,<p>8</p>,Inner Pack Quantity,<p>1</p>,Country Of Origin,<p></p>,Standards,<p></p>,,,,
US466,Variant,,"Contrasting colors make this garment a highly popular choice. Designed to keep you warm and dry whilst giving the wearer increased visibility, this stylish jacket is suitable for all weather conditions. The garment is fully waterproof and features a drawstring hood, knitted storm cuffs and a two-way zipper front with snapped storm flap. Tested to ASTM F2732 this is the temperature range in which the wearer will feel thermally comfortable wearing this garment with Portwest Winter Pant. Note this is only a guide and depends on other factors such as additional clothing worn, environmental conditions and the activity of the wearer’",https://d11ak7fd9ypfb7.cloudfront.net/styles1100px/US466YGR.jpg,,0.0,TRUE,InStock,1.29,,US466YGRXXL,,,,Size,DROP_DOWN,XXL,Color,DROP_DOWN,Yellow/Green,,,,,,,,,,,,,Fit,<p>R</p>,Length,<p>65</p>,Width,<p>40</p>,Height,<p>30</p>,Box Quantity,<p>8</p>,Inner Pack Quantity,<p>1</p>,Country Of Origin,<p></p>,Standards,<p></p>,,,,
US466,Variant,,"Contrasting colors make this garment a highly popular choice. Designed to keep you warm and dry whilst giving the wearer increased visibility, this stylish jacket is suitable for all weather conditions. The garment is fully waterproof and features a drawstring hood, knitted storm cuffs and a two-way zipper front with snapped storm flap. Tested to ASTM F2732 this is the temperature range in which the wearer will feel thermally comfortable wearing this garment with Portwest Winter Pant. Note this is only a guide and depends on other factors such as additional clothing worn, environmental conditions and the activity of the wearer’",https://d11ak7fd9ypfb7.cloudfront.net/styles1100px/US466YNR.jpg,,0.0,TRUE,InStock,1.39,,US466YNR4XL,,,,Size,DROP_DOWN,4XL,Color,DROP_DOWN,Yellow/Navy,,,,,,,,,,,,,Fit,<p>R</p>,Length,<p>65</p>,Width,<p>40</p>,Height,<p>30</p>,Box Quantity,<p>8</p>,Inner Pack Quantity,<p>1</p>,Country Of Origin,<p>MM</p>,Standards,<p></p>,,,,
US466,Variant,,"Contrasting colors make this garment a highly popular choice. Designed to keep you warm and dry whilst giving the wearer increased visibility, this stylish jacket is suitable for all weather conditions. The garment is fully waterproof and features a drawstring hood, knitted storm cuffs and a two-way zipper front with snapped storm flap. Tested to ASTM F2732 this is the temperature range in which the wearer will feel thermally comfortable wearing this garment with Portwest Winter Pant. Note this is only a guide and depends on other factors such as additional clothing worn, environmental conditions and the activity of the wearer’",https://d11ak7fd9ypfb7.cloudfront.net/styles1100px/US466YNR.jpg,,0.0,TRUE,InStock,1.44,,US466YNR5XL,,,,Size,DROP_DOWN,5XL,Color,DROP_DOWN,Yellow/Navy,,,,,,,,,,,,,Fit,<p>R</p>,Length,<p>65</p>,Width,<p>40</p>,Height,<p>30</p>,Box Quantity,<p>8</p>,Inner Pack Quantity,<p>1</p>,Country Of Origin,<p>MM</p>,Standards,<p></p>,,,,
US466,Variant,,"Contrasting colors make this garment a highly popular choice. Designed to keep you warm and dry whilst giving the wearer increased visibility, this stylish jacket is suitable for all weather conditions. The garment is fully waterproof and features a drawstring hood, knitted storm cuffs and a two-way zipper front with snapped storm flap. Tested to ASTM F2732 this is the temperature range in which the wearer will feel thermally comfortable wearing this garment with Portwest Winter Pant. Note this is only a guide and depends on other factors such as additional clothing worn, environmental conditions and the activity of the wearer’",https://d11ak7fd9ypfb7.cloudfront.net/styles1100px/US466YNR.jpg,,0.0,TRUE,InStock,1.19,,US466YNRL,,,,Size,DROP_DOWN,L,Color,DROP_DOWN,Yellow/Navy,,,,,,,,,,,,,Fit,<p>R</p>,Length,<p>65</p>,Width,<p>40</p>,Height,<p>30</p>,Box Quantity,<p>8</p>,Inner Pack Quantity,<p>1</p>,Country Of Origin,<p>MM</p>,Standards,<p></p>,,,,
US466,Variant,,"Contrasting colors make this garment a highly popular choice. Designed to keep you warm and dry whilst giving the wearer increased visibility, this stylish jacket is suitable for all weather conditions. The garment is fully waterproof and features a drawstring hood, knitted storm cuffs and a two-way zipper front with snapped storm flap. Tested to ASTM F2732 this is the temperature range in which the wearer will feel thermally comfortable wearing this garment with Portwest Winter Pant. Note this is only a guide and depends on other factors such as additional clothing worn, environmental conditions and the activity of the wearer’",https://d11ak7fd9ypfb7.cloudfront.net/styles1100px/US466YNR.jpg,,0.0,TRUE,InStock,1.14,,US466YNRM,,,,Size,DROP_DOWN,M,Color,DROP_DOWN,Yellow/Navy,,,,,,,,,,,,,Fit,<p>R</p>,Length,<p>65</p>,Width,<p>40</p>,Height,<p>30</p>,Box Quantity,<p>8</p>,Inner Pack Quantity,<p>1</p>,Country Of Origin,<p>MM</p>,Standards,<p></p>,,,,
US466,Variant,,"Contrasting colors make this garment a highly popular choice. Designed to keep you warm and dry whilst giving the wearer increased visibility, this stylish jacket is suitable for all weather conditions. The garment is fully waterproof and features a drawstring hood, knitted storm cuffs and a two-way zipper front with snapped storm flap. Tested to ASTM F2732 this is the temperature range in which the wearer will feel thermally comfortable wearing this garment with Portwest Winter Pant. Note this is only a guide and depends on other factors such as additional clothing worn, environmental conditions and the activity of the wearer’",https://d11ak7fd9ypfb7.cloudfront.net/styles1100px/US466YNR.jpg,,0.0,TRUE,InStock,1.09,,US466YNRS,,,,Size,DROP_DOWN,S,Color,DROP_DOWN,Yellow/Navy,,,,,,,,,,,,,Fit,<p>R</p>,Length,<p>65</p>,Width,<p>40</p>,Height,<p>30</p>,Box Quantity,<p>8</p>,Inner Pack Quantity,<p>1</p>,Country Of Origin,<p>MM</p>,Standards,<p></p>,,,,
US466,Variant,,"Contrasting colors make this garment a highly popular choice. Designed to keep you warm and dry whilst giving the wearer increased visibility, this stylish jacket is suitable for all weather conditions. The garment is fully waterproof and features a drawstring hood, knitted storm cuffs and a two-way zipper front with snapped storm flap. Tested to ASTM F2732 this is the temperature range in which the wearer will feel thermally comfortable wearing this garment with Portwest Winter Pant. Note this is only a guide and depends on other factors such as additional clothing worn, environmental conditions and the activity of the wearer’",https://d11ak7fd9ypfb7.cloudfront.net/styles1100px/US466YNR.jpg,,0.0,TRUE,InStock,1.24,,US466YNRXL,,,,Size,DROP_DOWN,XL,Color,DROP_DOWN,Yellow/Navy,,,,,,,,,,,,,Fit,<p>R</p>,Length,<p>65</p>,Width,<p>40</p>,Height,<p>30</p>,Box Quantity,<p>12</p>,Inner Pack Quantity,<p>1</p>,Country Of Origin,<p>MM</p>,Standards,<p></p>,,,,
US466,Variant,,"Contrasting colors make this garment a highly popular choice. Designed to keep you warm and dry whilst giving the wearer increased visibility, this stylish jacket is suitable for all weather conditions. The garment is fully waterproof and features a drawstring hood, knitted storm cuffs and a two-way zipper front with snapped storm flap. Tested to ASTM F2732 this is the temperature range in which the wearer will feel thermally comfortable wearing this garment with Portwest Winter Pant. Note this is only a guide and depends on other factors such as additional clothing worn, environmental conditions and the activity of the wearer’",https://d11ak7fd9ypfb7.cloudfront.net/styles1100px/US466YNR.jpg,,0.0,TRUE,InStock,1.29,,US466YNRXXL,,,,Size,DROP_DOWN,XXL,Color,DROP_DOWN,Yellow/Navy,,,,,,,,,,,,,Fit,<p>R</p>,Length,<p>65</p>,Width,<p>40</p>,Height,<p>30</p>,Box Quantity,<p>8</p>,Inner Pack Quantity,<p>1</p>,Country Of Origin,<p>MM</p>,Standards,<p></p>,,,,
US466,Variant,,"Contrasting colors make this garment a highly popular choice. Designed to keep you warm and dry whilst giving the wearer increased visibility, this stylish jacket is suitable for all weather conditions. The garment is fully waterproof and features a drawstring hood, knitted storm cuffs and a two-way zipper front with snapped storm flap. Tested to ASTM F2732 this is the temperature range in which the wearer will feel thermally comfortable wearing this garment with Portwest Winter Pant. Note this is only a guide and depends on other factors such as additional clothing worn, environmental conditions and the activity of the wearer’",https://d11ak7fd9ypfb7.cloudfront.net/styles1100px/US466YNR.jpg,,0.0,TRUE,InStock,1.34,,US466YNRXXXL,,,,Size,DROP_DOWN,XXXL,Color,DROP_DOWN,Yellow/Navy,,,,,,,,,,,,,Fit,<p>R</p>,Length,<p>65</p>,Width,<p>40</p>,Height,<p>30</p>,Box Quantity,<p>8</p>,Inner Pack Quantity,<p>1</p>,Country Of Origin,<p>MM</p>,Standards,<p></p>,,,,
US466,Variant,,"Contrasting colors make this garment a highly popular choice. Designed to keep you warm and dry whilst giving the wearer increased visibility, this stylish jacket is suitable for all weather conditions. The garment is fully waterproof and features a drawstring hood, knitted storm cuffs and a two-way zipper front with snapped storm flap. Tested to ASTM F2732 this is the temperature range in which the wearer will feel thermally comfortable wearing this garment with Portwest Winter Pant. Note this is only a guide and depends on other factors such as additional clothing worn, environmental conditions and the activity of the wearer’",https://d11ak7fd9ypfb7.cloudfront.net/styles1100px/US466YRB.jpg,,0.0,TRUE,InStock,1.19,,US466YRBL,,,,Size,DROP_DOWN,L,Color,DROP_DOWN,Yellow/Royal,,,,,,,,,,,,,Fit,<p>B</p>,Length,<p>65</p>,Width,<p>40</p>,Height,<p>30</p>,Box Quantity,<p>12</p>,Inner Pack Quantity,<p>1</p>,Country Of Origin,<p>MM</p>,Standards,<p></p>,,,,
US466,Variant,,"Contrasting colors make this garment a highly popular choice. Designed to keep you warm and dry whilst giving the wearer increased visibility, this stylish jacket is suitable for all weather conditions. The garment is fully waterproof and features a drawstring hood, knitted storm cuffs and a two-way zipper front with snapped storm flap. Tested to ASTM F2732 this is the temperature range in which the wearer will feel thermally comfortable wearing this garment with Portwest Winter Pant. Note this is only a guide and depends on other factors such as additional clothing worn, environmental conditions and the activity of the wearer’",https://d11ak7fd9ypfb7.cloudfront.net/styles1100px/US466YRB.jpg,,0.0,TRUE,InStock,1.14,,US466YRBM,,,,Size,DROP_DOWN,M,Color,DROP_DOWN,Yellow/Royal,,,,,,,,,,,,,Fit,<p>B</p>,Length,<p>65</p>,Width,<p>40</p>,Height,<p>30</p>,Box Quantity,<p>12</p>,Inner Pack Quantity,<p>1</p>,Country Of Origin,<p>MM</p>,Standards,<p></p>,,,,
US466,Variant,,"Contrasting colors make this garment a highly popular choice. Designed to keep you warm and dry whilst giving the wearer increased visibility, this stylish jacket is suitable for all weather conditions. The garment is fully waterproof and features a drawstring hood, knitted storm cuffs and a two-way zipper front with snapped storm flap. Tested to ASTM F2732 this is the temperature range in which the wearer will feel thermally comfortable wearing this garment with Portwest Winter Pant. Note this is only a guide and depends on other factors such as additional clothing worn, environmental conditions and the activity of the wearer’",https://d11ak7fd9ypfb7.cloudfront.net/styles1100px/US466YRB.jpg,,0.0,TRUE,InStock,1.09,,US466YRBS,,,,Size,DROP_DOWN,S,Color,DROP_DOWN,Yellow/Royal,,,,,,,,,,,,,Fit,<p>B</p>,Length,<p>65</p>,Width,<p>45</p>,Height,<p>40</p>,Box Quantity,<p>12</p>,Inner Pack Quantity,<p>1</p>,Country Of Origin,<p>MM</p>,Standards,<p></p>,,,,
US466,Variant,,"Contrasting colors make this garment a highly popular choice. Designed to keep you warm and dry whilst giving the wearer increased visibility, this stylish jacket is suitable for all weather conditions. The garment is fully waterproof and features a drawstring hood, knitted storm cuffs and a two-way zipper front with snapped storm flap. Tested to ASTM F2732 this is the temperature range in which the wearer will feel thermally comfortable wearing this garment with Portwest Winter Pant. Note this is only a guide and depends on other factors such as additional clothing worn, environmental conditions and the activity of the wearer’",https://d11ak7fd9ypfb7.cloudfront.net/styles1100px/US466YRB.jpg,,0.0,TRUE,InStock,1.24,,US466YRBXL,,,,Size,DROP_DOWN,XL,Color,DROP_DOWN,Yellow/Royal,,,,,,,,,,,,,Fit,<p>B</p>,Length,<p>65</p>,Width,<p>40</p>,Height,<p>30</p>,Box Quantity,<p>12</p>,Inner Pack Quantity,<p>1</p>,Country Of Origin,<p>MM</p>,Standards,<p></p>,,,,
US466,Variant,,"Contrasting colors make this garment a highly popular choice. Designed to keep you warm and dry whilst giving the wearer increased visibility, this stylish jacket is suitable for all weather conditions. The garment is fully waterproof and features a drawstring hood, knitted storm cuffs and a two-way zipper front with snapped storm flap. Tested to ASTM F2732 this is the temperature range in which the wearer will feel thermally comfortable wearing this garment with Portwest Winter Pant. Note this is only a guide and depends on other factors such as additional clothing worn, environmental conditions and the activity of the wearer’",https://d11ak7fd9ypfb7.cloudfront.net/styles1100px/US466YRB.jpg,,0.0,TRUE,InStock,1.29,,US466YRBXXL,,,,Size,DROP_DOWN,XXL,Color,DROP_DOWN,Yellow/Royal,,,,,,,,,,,,,Fit,<p>B</p>,Length,<p>65</p>,Width,<p>40</p>,Height,<p>30</p>,Box Quantity,<p>12</p>,Inner Pack Quantity,<p>1</p>,Country Of Origin,<p>MM</p>,Standards,<p></p>,,,,
US466,Variant,,"Contrasting colors make this garment a highly popular choice. Designed to keep you warm and dry whilst giving the wearer increased visibility, this stylish jacket is suitable for all weather conditions. The garment is fully waterproof and features a drawstring hood, knitted storm cuffs and a two-way zipper front with snapped storm flap. Tested to ASTM F2732 this is the temperature range in which the wearer will feel thermally comfortable wearing this garment with Portwest Winter Pant. Note this is only a guide and depends on other factors such as additional clothing worn, environmental conditions and the activity of the wearer’",https://d11ak7fd9ypfb7.cloudfront.net/styles1100px/US466YRB.jpg,,0.0,TRUE,InStock,1.34,,US466YRBXXXL,,,,Size,DROP_DOWN,XXXL,Color,DROP_DOWN,Yellow/Royal,,,,,,,,,,,,,Fit,<p>B</p>,Length,<p>65</p>,Width,<p>40</p>,Height,<p>30</p>,Box Quantity,<p>12</p>,Inner Pack Quantity,<p>1</p>,Country Of Origin,<p>MM</p>,Standards,<p></p>,,,,
US467,Product,US467 - Hi-Vis Two Tone Traffic Jacket,"This two-tone jacket has many tried and tested features and is offered in a variety of different contrasting colorways. With fully waterproof sealed seams, this jacket is a true market leader.",https://d11ak7fd9ypfb7.cloudfront.net/styles1100px/US467ONR.jpg,61.5,0.0,TRUE,InStock,1.58,,US467ONR4XL,,,,Size,DROP_DOWN,S;M;L;XL;XXL;XXXL;4XL;5XL;6XL;7XL,Color,DROP_DOWN,Orange/Navy,,,,,,,,,,,,,Fit,<p>R</p>,Length,<p>65</p>,Width,<p>45</p>,Height,<p>40</p>,Box Quantity,<p>12</p>,Inner Pack Quantity,<p>1</p>,Country Of Origin,<p>MM</p>,Standards,<p></p>,,,,
US467,Variant,,"This two-tone jacket has many tried and tested features and is offered in a variety of different contrasting colorways. With fully waterproof sealed seams, this jacket is a true market leader.",https://d11ak7fd9ypfb7.cloudfront.net/styles1100px/US467ONR.jpg,,0.0,TRUE,InStock,1.58,,US467ONR4XL,,,,Size,DROP_DOWN,4XL,Color,DROP_DOWN,Orange/Navy,,,,,,,,,,,,,Fit,<p>R</p>,Length,<p>65</p>,Width,<p>45</p>,Height,<p>40</p>,Box Quantity,<p>12</p>,Inner Pack Quantity,<p>1</p>,Country Of Origin,<p>MM</p>,Standards,<p></p>,,,,
US467,Variant,,"This two-tone jacket has many tried and tested features and is offered in a variety of different contrasting colorways. With fully waterproof sealed seams, this jacket is a true market leader.",https://d11ak7fd9ypfb7.cloudfront.net/styles1100px/US467ONR.jpg,,0.0,TRUE,InStock,1.67,,US467ONR5XL,,,,Size,DROP_DOWN,5XL,Color,DROP_DOWN,Orange/Navy,,,,,,,,,,,,,Fit,<p>R</p>,Length,<p>65</p>,Width,<p>45</p>,Height,<p>40</p>,Box Quantity,<p>12</p>,Inner Pack Quantity,<p>1</p>,Country Of Origin,<p>MM</p>,Standards,<p></p>,,,,
US467,Variant,,"This two-tone jacket has many tried and tested features and is offered in a variety of different contrasting colorways. With fully waterproof sealed seams, this jacket is a true market leader.",https://d11ak7fd9ypfb7.cloudfront.net/styles1100px/US467ONR.jpg,,0.0,TRUE,InStock,1.76,,US467ONR6XL,,,,Size,DROP_DOWN,6XL,Color,DROP_DOWN,Orange/Navy,,,,,,,,,,,,,Fit,<p>R</p>,Length,<p>65</p>,Width,<p>45</p>,Height,<p>40</p>,Box Quantity,<p>12</p>,Inner Pack Quantity,<p>1</p>,Country Of Origin,<p>MM</p>,Standards,<p></p>,,,,
US467,Variant,,"This two-tone jacket has many tried and tested features and is offered in a variety of different contrasting colorways. With fully waterproof sealed seams, this jacket is a true market leader.",https://d11ak7fd9ypfb7.cloudfront.net/styles1100px/US467ONR.jpg,,0.0,TRUE,InStock,1.85,,US467ONR7XL,,,,Size,DROP_DOWN,7XL,Color,DROP_DOWN,Orange/Navy,,,,,,,,,,,,,Fit,<p>R</p>,Length,<p>65</p>,Width,<p>45</p>,Height,<p>40</p>,Box Quantity,<p>12</p>,Inner Pack Quantity,<p>1</p>,Country Of Origin,<p>MM</p>,Standards,<p></p>,,,,
US467,Variant,,"This two-tone jacket has many tried and tested features and is offered in a variety of different contrasting colorways. With fully waterproof sealed seams, this jacket is a true market leader.",https://d11ak7fd9ypfb7.cloudfront.net/styles1100px/US467ONR.jpg,,0.0,TRUE,InStock,1.22,,US467ONRL,,,,Size,DROP_DOWN,L,Color,DROP_DOWN,Orange/Navy,,,,,,,,,,,,,Fit,<p>R</p>,Length,<p>65</p>,Width,<p>45</p>,Height,<p>40</p>,Box Quantity,<p>12</p>,Inner Pack Quantity,<p>1</p>,Country Of Origin,<p>MM</p>,Standards,<p></p>,,,,
US467,Variant,,"This two-tone jacket has many tried and tested features and is offered in a variety of different contrasting colorways. With fully waterproof sealed seams, this jacket is a true market leader.",https://d11ak7fd9ypfb7.cloudfront.net/styles1100px/US467ONR.jpg,,0.0,TRUE,InStock,1.13,,US467ONRM,,,,Size,DROP_DOWN,M,Color,DROP_DOWN,Orange/Navy,,,,,,,,,,,,,Fit,<p>R</p>,Length,<p>65</p>,Width,<p>45</p>,Height,<p>40</p>,Box Quantity,<p>12</p>,Inner Pack Quantity,<p>1</p>,Country Of Origin,<p>MM</p>,Standards,<p></p>,,,,
US467,Variant,,"This two-tone jacket has many tried and tested features and is offered in a variety of different contrasting colorways. With fully waterproof sealed seams, this jacket is a true market leader.",https://d11ak7fd9ypfb7.cloudfront.net/styles1100px/US467ONR.jpg,,0.0,TRUE,InStock,1.04,,US467ONRS,,,,Size,DROP_DOWN,S,Color,DROP_DOWN,Orange/Navy,,,,,,,,,,,,,Fit,<p>R</p>,Length,<p>65</p>,Width,<p>45</p>,Height,<p>40</p>,Box Quantity,<p>12</p>,Inner Pack Quantity,<p>1</p>,Country Of Origin,<p>MM</p>,Standards,<p></p>,,,,
US467,Variant,,"This two-tone jacket has many tried and tested features and is offered in a variety of different contrasting colorways. With fully waterproof sealed seams, this jacket is a true market leader.",https://d11ak7fd9ypfb7.cloudfront.net/styles1100px/US467ONR.jpg,,0.0,TRUE,InStock,1.31,,US467ONRXL,,,,Size,DROP_DOWN,XL,Color,DROP_DOWN,Orange/Navy,,,,,,,,,,,,,Fit,<p>R</p>,Length,<p>65</p>,Width,<p>45</p>,Height,<p>40</p>,Box Quantity,<p>12</p>,Inner Pack Quantity,<p>1</p>,Country Of Origin,<p>MM</p>,Standards,<p></p>,,,,
US467,Variant,,"This two-tone jacket has many tried and tested features and is offered in a variety of different contrasting colorways. With fully waterproof sealed seams, this jacket is a true market leader.",https://d11ak7fd9ypfb7.cloudfront.net/styles1100px/US467ONR.jpg,,0.0,TRUE,InStock,1.4,,US467ONRXXL,,,,Size,DROP_DOWN,XXL,Color,DROP_DOWN,Orange/Navy,,,,,,,,,,,,,Fit,<p>R</p>,Length,<p>65</p>,Width,<p>45</p>,Height,<p>40</p>,Box Quantity,<p>12</p>,Inner Pack Quantity,<p>1</p>,Country Of Origin,<p>MM</p>,Standards,<p></p>,,,,
US467,Variant,,"This two-tone jacket has many tried and tested features and is offered in a variety of different contrasting colorways. With fully waterproof sealed seams, this jacket is a true market leader.",https://d11ak7fd9ypfb7.cloudfront.net/styles1100px/US467ONR.jpg,,0.0,TRUE,InStock,1.49,,US467ONRXXXL,,,,Size,DROP_DOWN,XXXL,Color,DROP_DOWN,Orange/Navy,,,,,,,,,,,,,Fit,<p>R</p>,Length,<p>65</p>,Width,<p>45</p>,Height,<p>40</p>,Box Quantity,<p>12</p>,Inner Pack Quantity,<p>1</p>,Country Of Origin,<p>MM</p>,Standards,<p></p>,,,,
US468,Product,US468 - ,,https://d11ak7fd9ypfb7.cloudfront.net/styles1100px/US468ORR.jpg,0.0,0.0,TRUE,InStock,1.89,,US468ORRL,,,,Size,DROP_DOWN,S;M;L,Color,DROP_DOWN,Yellow;Orange,,,,,,,,,,,,,Fit,<p>R</p>,Length,<p>65</p>,Width,<p>45</p>,Height,<p>25</p>,Box Quantity,<p>6</p>,Inner Pack Quantity,<p>1</p>,Country Of Origin,<p></p>,Standards,<p></p>,,,,
US468,Variant,,,https://d11ak7fd9ypfb7.cloudfront.net/styles1100px/US468ORR.jpg,,0.0,TRUE,InStock,1.89,,US468ORRL,,,,Size,DROP_DOWN,L,Color,DROP_DOWN,Orange,,,,,,,,,,,,,Fit,<p>R</p>,Length,<p>65</p>,Width,<p>45</p>,Height,<p>25</p>,Box Quantity,<p>6</p>,Inner Pack Quantity,<p>1</p>,Country Of Origin,<p></p>,Standards,<p></p>,,,,
US468,Variant,,,https://d11ak7fd9ypfb7.cloudfront.net/styles1100px/US468ORR.jpg,,0.0,TRUE,InStock,1.8,,US468ORRM,,,,Size,DROP_DOWN,M,Color,DROP_DOWN,Orange,,,,,,,,,,,,,Fit,<p>R</p>,Length,<p>65</p>,Width,<p>45</p>,Height,<p>25</p>,Box Quantity,<p>6</p>,Inner Pack Quantity,<p>1</p>,Country Of Origin,<p></p>,Standards,<p></p>,,,,
US468,Variant,,,https://d11ak7fd9ypfb7.cloudfront.net/styles1100px/US468YER.jpg,,0.0,TRUE,InStock,1.89,,US468YERL,,,,Size,DROP_DOWN,L,Color,DROP_DOWN,Yellow,,,,,,,,,,,,,Fit,<p>R</p>,Length,<p>65</p>,Width,<p>45</p>,Height,<p>25</p>,Box Quantity,<p>6</p>,Inner Pack Quantity,<p>1</p>,Country Of Origin,<p></p>,Standards,<p></p>,,,,
US468,Variant,,,https://d11ak7fd9ypfb7.cloudfront.net/styles1100px/US468YER.jpg,,0.0,TRUE,InStock,1.8,,US468YERM,,,,Size,DROP_DOWN,M,Color,DROP_DOWN,Yellow,,,,,,,,,,,,,Fit,<p>R</p>,Length,<p>65</p>,Width,<p>45</p>,Height,<p>25</p>,Box Quantity,<p>6</p>,Inner Pack Quantity,<p>1</p>,Country Of Origin,<p></p>,Standards,<p></p>,,,,
US468,Variant,,,https://d11ak7fd9ypfb7.cloudfront.net/styles1100px/US468YER.jpg,,0.0,TRUE,InStock,1.71,,US468YERS,,,,Size,DROP_DOWN,S,Color,DROP_DOWN,Yellow,,,,,,,,,,,,,Fit,<p>R</p>,Length,<p>65</p>,Width,<p>45</p>,Height,<p>25</p>,Box Quantity,<p>6</p>,Inner Pack Quantity,<p>1</p>,Country Of Origin,<p></p>,Standards,<p></p>,,,,
US469,Product,US469 - Hi-Vis Reversible Bodywarmer Vest,This cleverly designed reversible bodywarmer vest traps heat to keep you warm when worn either way. The Hi-Vis side of the garment provides added visibility and safety for the wearer when needed.,https://d11ak7fd9ypfb7.cloudfront.net/styles1100px/US469YER.jpg,43.5,0.0,TRUE,InStock,0.96,,US469YER4XL,,,,Size,DROP_DOWN,S;M;L;XL;XXL;XXXL;4XL;5XL,Color,DROP_DOWN,Yellow,,,,,,,,,,,,,Fit,<p>R</p>,Length,<p>65</p>,Width,<p>40</p>,Height,<p>33</p>,Box Quantity,<p>18</p>,Inner Pack Quantity,<p>1</p>,Country Of Origin,<p>MM</p>,Standards,<p></p>,,,,
US469,Variant,,This cleverly designed reversible bodywarmer vest traps heat to keep you warm when worn either way. The Hi-Vis side of the garment provides added visibility and safety for the wearer when needed.,https://d11ak7fd9ypfb7.cloudfront.net/styles1100px/US469YER.jpg,,0.0,TRUE,InStock,0.96,,US469YER4XL,,,,Size,DROP_DOWN,4XL,Color,DROP_DOWN,Yellow,,,,,,,,,,,,,Fit,<p>R</p>,Length,<p>65</p>,Width,<p>40</p>,Height,<p>33</p>,Box Quantity,<p>18</p>,Inner Pack Quantity,<p>1</p>,Country Of Origin,<p>MM</p>,Standards,<p></p>,,,,
US469,Variant,,This cleverly designed reversible bodywarmer vest traps heat to keep you warm when worn either way. The Hi-Vis side of the garment provides added visibility and safety for the wearer when needed.,https://d11ak7fd9ypfb7.cloudfront.net/styles1100px/US469YER.jpg,,0.0,TRUE,InStock,1,,US469YER5XL,,,,Size,DROP_DOWN,5XL,Color,DROP_DOWN,Yellow,,,,,,,,,,,,,Fit,<p>R</p>,Length,<p>65</p>,Width,<p>40</p>,Height,<p>33</p>,Box Quantity,<p>18</p>,Inner Pack Quantity,<p>1</p>,Country Of Origin,<p>MM</p>,Standards,<p></p>,,,,
US469,Variant,,This cleverly designed reversible bodywarmer vest traps heat to keep you warm when worn either way. The Hi-Vis side of the garment provides added visibility and safety for the wearer when needed.,https://d11ak7fd9ypfb7.cloudfront.net/styles1100px/US469YER.jpg,,0.0,TRUE,InStock,0.8,,US469YERL,,,,Size,DROP_DOWN,L,Color,DROP_DOWN,Yellow,,,,,,,,,,,,,Fit,<p>R</p>,Length,<p>65</p>,Width,<p>40</p>,Height,<p>33</p>,Box Quantity,<p>18</p>,Inner Pack Quantity,<p>1</p>,Country Of Origin,<p>MM</p>,Standards,<p></p>,,,,
US469,Variant,,This cleverly designed reversible bodywarmer vest traps heat to keep you warm when worn either way. The Hi-Vis side of the garment provides added visibility and safety for the wearer when needed.,https://d11ak7fd9ypfb7.cloudfront.net/styles1100px/US469YER.jpg,,0.0,TRUE,InStock,0.76,,US469YERM,,,,Size,DROP_DOWN,M,Color,DROP_DOWN,Yellow,,,,,,,,,,,,,Fit,<p>R</p>,Length,<p>65</p>,Width,<p>40</p>,Height,<p>33</p>,Box Quantity,<p>18</p>,Inner Pack Quantity,<p>1</p>,Country Of Origin,<p>MM</p>,Standards,<p></p>,,,,
US469,Variant,,This cleverly designed reversible bodywarmer vest traps heat to keep you warm when worn either way. The Hi-Vis side of the garment provides added visibility and safety for the wearer when needed.,https://d11ak7fd9ypfb7.cloudfront.net/styles1100px/US469YER.jpg,,0.0,TRUE,InStock,0.72,,US469YERS,,,,Size,DROP_DOWN,S,Color,DROP_DOWN,Yellow,,,,,,,,,,,,,Fit,<p>R</p>,Length,<p>65</p>,Width,<p>40</p>,Height,<p>33</p>,Box Quantity,<p>18</p>,Inner Pack Quantity,<p>1</p>,Country Of Origin,<p>MM</p>,Standards,<p></p>,,,,
US469,Variant,,This cleverly designed reversible bodywarmer vest traps heat to keep you warm when worn either way. The Hi-Vis side of the garment provides added visibility and safety for the wearer when needed.,https://d11ak7fd9ypfb7.cloudfront.net/styles1100px/US469YER.jpg,,0.0,TRUE,InStock,0.84,,US469YERXL,,,,Size,DROP_DOWN,XL,Color,DROP_DOWN,Yellow,,,,,,,,,,,,,Fit,<p>R</p>,Length,<p>65</p>,Width,<p>40</p>,Height,<p>33</p>,Box Quantity,<p>18</p>,Inner Pack Quantity,<p>1</p>,Country Of Origin,<p>MM</p>,Standards,<p></p>,,,,
US469,Variant,,This cleverly designed reversible bodywarmer vest traps heat to keep you warm when worn either way. The Hi-Vis side of the garment provides added visibility and safety for the wearer when needed.,https://d11ak7fd9ypfb7.cloudfront.net/styles1100px/US469YER.jpg,,0.0,TRUE,InStock,0.88,,US469YERXXL,,,,Size,DROP_DOWN,XXL,Color,DROP_DOWN,Yellow,,,,,,,,,,,,,Fit,<p>R</p>,Length,<p>65</p>,Width,<p>40</p>,Height,<p>33</p>,Box Quantity,<p>18</p>,Inner Pack Quantity,<p>1</p>,Country Of Origin,<p>MM</p>,Standards,<p></p>,,,,
US469,Variant,,This cleverly designed reversible bodywarmer vest traps heat to keep you warm when worn either way. The Hi-Vis side of the garment provides added visibility and safety for the wearer when needed.,https://d11ak7fd9ypfb7.cloudfront.net/styles1100px/US469YER.jpg,,0.0,TRUE,InStock,0.92,,US469YERXXXL,,,,Size,DROP_DOWN,XXXL,Color,DROP_DOWN,Yellow,,,,,,,,,,,,,Fit,<p>R</p>,Length,<p>65</p>,Width,<p>40</p>,Height,<p>33</p>,Box Quantity,<p>18</p>,Inner Pack Quantity,<p>1</p>,Country Of Origin,<p>MM</p>,Standards,<p></p>,,,,
US476,Product,US476 - Berlin Executive Vest,"Revolutionary in its design, the executive vest combines the light weight of a vest with the practicality of pockets for those situations when a jacket may be too warm. A clear ID pocket for security passes and cards complements this unique garment.",https://d11ak7fd9ypfb7.cloudfront.net/styles1100px/US476ORR.jpg,13.0,0.0,TRUE,InStock,0.29,,US476ORR4XL,,,,Size,DROP_DOWN,S;M;L;XL;XXL;XXXL;4XL;5XL;6XL;7XL,Color,DROP_DOWN,Yellow;Orange,,,,,,,,,,,,,Fit,<p>R</p>,Length,<p>43</p>,Width,<p>28</p>,Height,<p>48</p>,Box Quantity,<p>60</p>,Inner Pack Quantity,<p>10</p>,Country Of Origin,<p>CN</p>,Standards,<p></p>,,,,
US476,Variant,,"Revolutionary in its design, the executive vest combines the light weight of a vest with the practicality of pockets for those situations when a jacket may be too warm. A clear ID pocket for security passes and cards complements this unique garment.",https://d11ak7fd9ypfb7.cloudfront.net/styles1100px/US476ORR.jpg,,0.0,TRUE,InStock,0.29,,US476ORR4XL,,,,Size,DROP_DOWN,4XL,Color,DROP_DOWN,Orange,,,,,,,,,,,,,Fit,<p>R</p>,Length,<p>43</p>,Width,<p>28</p>,Height,<p>48</p>,Box Quantity,<p>60</p>,Inner Pack Quantity,<p>10</p>,Country Of Origin,<p>CN</p>,Standards,<p></p>,,,,
US476,Variant,,"Revolutionary in its design, the executive vest combines the light weight of a vest with the practicality of pockets for those situations when a jacket may be too warm. A clear ID pocket for security passes and cards complements this unique garment.",https://d11ak7fd9ypfb7.cloudfront.net/styles1100px/US476ORR.jpg,,0.0,TRUE,InStock,0.3,,US476ORR5XL,,,,Size,DROP_DOWN,5XL,Color,DROP_DOWN,Orange,,,,,,,,,,,,,Fit,<p>R</p>,Length,<p>43</p>,Width,<p>28</p>,Height,<p>48</p>,Box Quantity,<p>60</p>,Inner Pack Quantity,<p>10</p>,Country Of Origin,<p>CN</p>,Standards,<p></p>,,,,
US476,Variant,,"Revolutionary in its design, the executive vest combines the light weight of a vest with the practicality of pockets for those situations when a jacket may be too warm. A clear ID pocket for security passes and cards complements this unique garment.",https://d11ak7fd9ypfb7.cloudfront.net/styles1100px/US476ORR.jpg,,0.0,TRUE,InStock,0.25,,US476ORRL,,,,Size,DROP_DOWN,L,Color,DROP_DOWN,Orange,,,,,,,,,,,,,Fit,<p>R</p>,Length,<p>43</p>,Width,<p>28</p>,Height,<p>48</p>,Box Quantity,<p>60</p>,Inner Pack Quantity,<p>10</p>,Country Of Origin,<p>CN</p>,Standards,<p></p>,,,,
US476,Variant,,"Revolutionary in its design, the executive vest combines the light weight of a vest with the practicality of pockets for those situations when a jacket may be too warm. A clear ID pocket for security passes and cards complements this unique garment.",https://d11ak7fd9ypfb7.cloudfront.net/styles1100px/US476ORR.jpg,,0.0,TRUE,InStock,0.24,,US476ORRM,,,,Size,DROP_DOWN,M,Color,DROP_DOWN,Orange,,,,,,,,,,,,,Fit,<p>R</p>,Length,<p>43</p>,Width,<p>28</p>,Height,<p>48</p>,Box Quantity,<p>60</p>,Inner Pack Quantity,<p>10</p>,Country Of Origin,<p>CN</p>,Standards,<p></p>,,,,
US476,Variant,,"Revolutionary in its design, the executive vest combines the light weight of a vest with the practicality of pockets for those situations when a jacket may be too warm. A clear ID pocket for security passes and cards complements this unique garment.",https://d11ak7fd9ypfb7.cloudfront.net/styles1100px/US476ORR.jpg,,0.0,TRUE,InStock,0.22,,US476ORRS,,,,Size,DROP_DOWN,S,Color,DROP_DOWN,Orange,,,,,,,,,,,,,Fit,<p>R</p>,Length,<p>43</p>,Width,<p>28</p>,Height,<p>48</p>,Box Quantity,<p>60</p>,Inner Pack Quantity,<p>10</p>,Country Of Origin,<p>CN</p>,Standards,<p></p>,,,,
US476,Variant,,"Revolutionary in its design, the executive vest combines the light weight of a vest with the practicality of pockets for those situations when a jacket may be too warm. A clear ID pocket for security passes and cards complements this unique garment.",https://d11ak7fd9ypfb7.cloudfront.net/styles1100px/US476ORR.jpg,,0.0,TRUE,InStock,0.26,,US476ORRXL,,,,Size,DROP_DOWN,XL,Color,DROP_DOWN,Orange,,,,,,,,,,,,,Fit,<p>R</p>,Length,<p>43</p>,Width,<p>28</p>,Height,<p>48</p>,Box Quantity,<p>60</p>,Inner Pack Quantity,<p>10</p>,Country Of Origin,<p>CN</p>,Standards,<p></p>,,,,
US476,Variant,,"Revolutionary in its design, the executive vest combines the light weight of a vest with the practicality of pockets for those situations when a jacket may be too warm. A clear ID pocket for security passes and cards complements this unique garment.",https://d11ak7fd9ypfb7.cloudfront.net/styles1100px/US476ORR.jpg,,0.0,TRUE,InStock,0.27,,US476ORRXXL,,,,Size,DROP_DOWN,XXL,Color,DROP_DOWN,Orange,,,,,,,,,,,,,Fit,<p>R</p>,Length,<p>43</p>,Width,<p>28</p>,Height,<p>48</p>,Box Quantity,<p>60</p>,Inner Pack Quantity,<p>10</p>,Country Of Origin,<p>CN</p>,Standards,<p></p>,,,,
US476,Variant,,"Revolutionary in its design, the executive vest combines the light weight of a vest with the practicality of pockets for those situations when a jacket may be too warm. A clear ID pocket for security passes and cards complements this unique garment.",https://d11ak7fd9ypfb7.cloudfront.net/styles1100px/US476ORR.jpg,,0.0,TRUE,InStock,0.28,,US476ORRXXXL,,,,Size,DROP_DOWN,XXXL,Color,DROP_DOWN,Orange,,,,,,,,,,,,,Fit,<p>R</p>,Length,<p>43</p>,Width,<p>28</p>,Height,<p>48</p>,Box Quantity,<p>60</p>,Inner Pack Quantity,<p>10</p>,Country Of Origin,<p>CN</p>,Standards,<p></p>,,,,
US476,Variant,,"Revolutionary in its design, the executive vest combines the light weight of a vest with the practicality of pockets for those situations when a jacket may be too warm. A clear ID pocket for security passes and cards complements this unique garment.",https://d11ak7fd9ypfb7.cloudfront.net/styles1100px/US476YER.jpg,,0.0,TRUE,InStock,0.29,,US476YER4XL,,,,Size,DROP_DOWN,4XL,Color,DROP_DOWN,Yellow,,,,,,,,,,,,,Fit,<p>R</p>,Length,<p>43</p>,Width,<p>28</p>,Height,<p>48</p>,Box Quantity,<p>60</p>,Inner Pack Quantity,<p>10</p>,Country Of Origin,<p>CN</p>,Standards,<p></p>,,,,
US476,Variant,,"Revolutionary in its design, the executive vest combines the light weight of a vest with the practicality of pockets for those situations when a jacket may be too warm. A clear ID pocket for security passes and cards complements this unique garment.",https://d11ak7fd9ypfb7.cloudfront.net/styles1100px/US476YER.jpg,,0.0,TRUE,InStock,0.3,,US476YER5XL,,,,Size,DROP_DOWN,5XL,Color,DROP_DOWN,Yellow,,,,,,,,,,,,,Fit,<p>R</p>,Length,<p>43</p>,Width,<p>28</p>,Height,<p>48</p>,Box Quantity,<p>60</p>,Inner Pack Quantity,<p>10</p>,Country Of Origin,<p>CN</p>,Standards,<p></p>,,,,
US476,Variant,,"Revolutionary in its design, the executive vest combines the light weight of a vest with the practicality of pockets for those situations when a jacket may be too warm. A clear ID pocket for security passes and cards complements this unique garment.",https://d11ak7fd9ypfb7.cloudfront.net/styles1100px/US476YER.jpg,,0.0,TRUE,InStock,0.31,,US476YER6XL,,,,Size,DROP_DOWN,6XL,Color,DROP_DOWN,Yellow,,,,,,,,,,,,,Fit,<p>R</p>,Length,<p>43</p>,Width,<p>28</p>,Height,<p>48</p>,Box Quantity,<p>60</p>,Inner Pack Quantity,<p>10</p>,Country Of Origin,<p>CN</p>,Standards,<p></p>,,,,
US476,Variant,,"Revolutionary in its design, the executive vest combines the light weight of a vest with the practicality of pockets for those situations when a jacket may be too warm. A clear ID pocket for security passes and cards complements this unique garment.",https://d11ak7fd9ypfb7.cloudfront.net/styles1100px/US476YER.jpg,,0.0,TRUE,InStock,0.32,,US476YER7XL,,,,Size,DROP_DOWN,7XL,Color,DROP_DOWN,Yellow,,,,,,,,,,,,,Fit,<p>R</p>,Length,<p>43</p>,Width,<p>28</p>,Height,<p>48</p>,Box Quantity,<p>60</p>,Inner Pack Quantity,<p>10</p>,Country Of Origin,<p>CN</p>,Standards,<p></p>,,,,
US476,Variant,,"Revolutionary in its design, the executive vest combines the light weight of a vest with the practicality of pockets for those situations when a jacket may be too warm. A clear ID pocket for security passes and cards complements this unique garment.",https://d11ak7fd9ypfb7.cloudfront.net/styles1100px/US476YER.jpg,,0.0,TRUE,InStock,0.25,,US476YERL,,,,Size,DROP_DOWN,L,Color,DROP_DOWN,Yellow,,,,,,,,,,,,,Fit,<p>R</p>,Length,<p>43</p>,Width,<p>28</p>,Height,<p>48</p>,Box Quantity,<p>60</p>,Inner Pack Quantity,<p>10</p>,Country Of Origin,<p>CN</p>,Standards,<p></p>,,,,
US476,Variant,,"Revolutionary in its design, the executive vest combines the light weight of a vest with the practicality of pockets for those situations when a jacket may be too warm. A clear ID pocket for security passes and cards complements this unique garment.",https://d11ak7fd9ypfb7.cloudfront.net/styles1100px/US476YER.jpg,,0.0,TRUE,InStock,0.24,,US476YERM,,,,Size,DROP_DOWN,M,Color,DROP_DOWN,Yellow,,,,,,,,,,,,,Fit,<p>R</p>,Length,<p>43</p>,Width,<p>28</p>,Height,<p>48</p>,Box Quantity,<p>60</p>,Inner Pack Quantity,<p>10</p>,Country Of Origin,<p>CN</p>,Standards,<p></p>,,,,
US476,Variant,,"Revolutionary in its design, the executive vest combines the light weight of a vest with the practicality of pockets for those situations when a jacket may be too warm. A clear ID pocket for security passes and cards complements this unique garment.",https://d11ak7fd9ypfb7.cloudfront.net/styles1100px/US476YER.jpg,,0.0,TRUE,InStock,0.22,,US476YERS,,,,Size,DROP_DOWN,S,Color,DROP_DOWN,Yellow,,,,,,,,,,,,,Fit,<p>R</p>,Length,<p>43</p>,Width,<p>28</p>,Height,<p>48</p>,Box Quantity,<p>60</p>,Inner Pack Quantity,<p>10</p>,Country Of Origin,<p>CN</p>,Standards,<p></p>,,,,
US476,Variant,,"Revolutionary in its design, the executive vest combines the light weight of a vest with the practicality of pockets for those situations when a jacket may be too warm. A clear ID pocket for security passes and cards complements this unique garment.",https://d11ak7fd9ypfb7.cloudfront.net/styles1100px/US476YER.jpg,,0.0,TRUE,InStock,0.26,,US476YERXL,,,,Size,DROP_DOWN,XL,Color,DROP_DOWN,Yellow,,,,,,,,,,,,,Fit,<p>R</p>,Length,<p>43</p>,Width,<p>28</p>,Height,<p>48</p>,Box Quantity,<p>60</p>,Inner Pack Quantity,<p>10</p>,Country Of Origin,<p>CN</p>,Standards,<p></p>,,,,
US476,Variant,,"Revolutionary in its design, the executive vest combines the light weight of a vest with the practicality of pockets for those situations when a jacket may be too warm. A clear ID pocket for security passes and cards complements this unique garment.",https://d11ak7fd9ypfb7.cloudfront.net/styles1100px/US476YER.jpg,,0.0,TRUE,InStock,0.27,,US476YERXXL,,,,Size,DROP_DOWN,XXL,Color,DROP_DOWN,Yellow,,,,,,,,,,,,,Fit,<p>R</p>,Length,<p>43</p>,Width,<p>28</p>,Height,<p>48</p>,Box Quantity,<p>60</p>,Inner Pack Quantity,<p>10</p>,Country Of Origin,<p>CN</p>,Standards,<p></p>,,,,
US476,Variant,,"Revolutionary in its design, the executive vest combines the light weight of a vest with the practicality of pockets for those situations when a jacket may be too warm. A clear ID pocket for security passes and cards complements this unique garment.",https://d11ak7fd9ypfb7.cloudfront.net/styles1100px/US476YER.jpg,,0.0,TRUE,InStock,0.28,,US476YERXXXL,,,,Size,DROP_DOWN,XXXL,Color,DROP_DOWN,Yellow,,,,,,,,,,,,,Fit,<p>R</p>,Length,<p>43</p>,Width,<p>28</p>,Height,<p>48</p>,Box Quantity,<p>60</p>,Inner Pack Quantity,<p>10</p>,Country Of Origin,<p>CN</p>,Standards,<p></p>,,,,
US487,Product,US487 - ,,https://d11ak7fd9ypfb7.cloudfront.net/styles1100px/US487YER.jpg,26.32,0.0,TRUE,InStock,0.45,,US487YERM,,,,Size,DROP_DOWN,M,Color,DROP_DOWN,Yellow,,,,,,,,,,,,,Fit,<p>R</p>,Length,<p>43</p>,Width,<p>28</p>,Height,<p>57</p>,Box Quantity,<p>36</p>,Inner Pack Quantity,<p>1</p>,Country Of Origin,<p></p>,Standards,<p></p>,,,,
US490,Product,US490 - Sealtex Ultra Lined Jacket,"Be seen and be comfortable in this excellent quality jacket. The unique lightweight material offers an unrivaled mixture of breathability, waterproof and windproof protection. The S490 is lined for increased warmth in cold conditions. The attached hood and storm flap with snap fasteners are great features particularly in bad weather.",https://d11ak7fd9ypfb7.cloudfront.net/styles1100px/US490YER.jpg,99.5,0.0,TRUE,InStock,1.24,,US490YER4XL,,,,Size,DROP_DOWN,S;M;L;XL;XXL;XXXL;4XL,Color,DROP_DOWN,Yellow,,,,,,,,,,,,,Fit,<p>R</p>,Length,<p>65</p>,Width,<p>45</p>,Height,<p>25</p>,Box Quantity,<p>12</p>,Inner Pack Quantity,<p>1</p>,Country Of Origin,<p>CN</p>,Standards,<p></p>,,,,
US490,Variant,,"Be seen and be comfortable in this excellent quality jacket. The unique lightweight material offers an unrivaled mixture of breathability, waterproof and windproof protection. The S490 is lined for increased warmth in cold conditions. The attached hood and storm flap with snap fasteners are great features particularly in bad weather.",https://d11ak7fd9ypfb7.cloudfront.net/styles1100px/US490YER.jpg,,0.0,TRUE,InStock,1.24,,US490YER4XL,,,,Size,DROP_DOWN,4XL,Color,DROP_DOWN,Yellow,,,,,,,,,,,,,Fit,<p>R</p>,Length,<p>65</p>,Width,<p>45</p>,Height,<p>25</p>,Box Quantity,<p>12</p>,Inner Pack Quantity,<p>1</p>,Country Of Origin,<p>CN</p>,Standards,<p></p>,,,,
US490,Variant,,"Be seen and be comfortable in this excellent quality jacket. The unique lightweight material offers an unrivaled mixture of breathability, waterproof and windproof protection. The S490 is lined for increased warmth in cold conditions. The attached hood and storm flap with snap fasteners are great features particularly in bad weather.",https://d11ak7fd9ypfb7.cloudfront.net/styles1100px/US490YER.jpg,,0.0,TRUE,InStock,1.12,,US490YERL,,,,Size,DROP_DOWN,L,Color,DROP_DOWN,Yellow,,,,,,,,,,,,,Fit,<p>R</p>,Length,<p>65</p>,Width,<p>45</p>,Height,<p>25</p>,Box Quantity,<p>12</p>,Inner Pack Quantity,<p>1</p>,Country Of Origin,<p>CN</p>,Standards,<p></p>,,,,
US490,Variant,,"Be seen and be comfortable in this excellent quality jacket. The unique lightweight material offers an unrivaled mixture of breathability, waterproof and windproof protection. The S490 is lined for increased warmth in cold conditions. The attached hood and storm flap with snap fasteners are great features particularly in bad weather.",https://d11ak7fd9ypfb7.cloudfront.net/styles1100px/US490YER.jpg,,0.0,TRUE,InStock,1.1,,US490YERM,,,,Size,DROP_DOWN,M,Color,DROP_DOWN,Yellow,,,,,,,,,,,,,Fit,<p>R</p>,Length,<p>65</p>,Width,<p>45</p>,Height,<p>25</p>,Box Quantity,<p>12</p>,Inner Pack Quantity,<p>1</p>,Country Of Origin,<p>CN</p>,Standards,<p></p>,,,,
US490,Variant,,"Be seen and be comfortable in this excellent quality jacket. The unique lightweight material offers an unrivaled mixture of breathability, waterproof and windproof protection. The S490 is lined for increased warmth in cold conditions. The attached hood and storm flap with snap fasteners are great features particularly in bad weather.",https://d11ak7fd9ypfb7.cloudfront.net/styles1100px/US490YER.jpg,,0.0,TRUE,InStock,1.05,,US490YERS,,,,Size,DROP_DOWN,S,Color,DROP_DOWN,Yellow,,,,,,,,,,,,,Fit,<p>R</p>,Length,<p>65</p>,Width,<p>45</p>,Height,<p>25</p>,Box Quantity,<p>12</p>,Inner Pack Quantity,<p>1</p>,Country Of Origin,<p>CN</p>,Standards,<p></p>,,,,
US490,Variant,,"Be seen and be comfortable in this excellent quality jacket. The unique lightweight material offers an unrivaled mixture of breathability, waterproof and windproof protection. The S490 is lined for increased warmth in cold conditions. The attached hood and storm flap with snap fasteners are great features particularly in bad weather.",https://d11ak7fd9ypfb7.cloudfront.net/styles1100px/US490YER.jpg,,0.0,TRUE,InStock,1.16,,US490YERXL,,,,Size,DROP_DOWN,XL,Color,DROP_DOWN,Yellow,,,,,,,,,,,,,Fit,<p>R</p>,Length,<p>65</p>,Width,<p>45</p>,Height,<p>25</p>,Box Quantity,<p>12</p>,Inner Pack Quantity,<p>1</p>,Country Of Origin,<p>CN</p>,Standards,<p></p>,,,,
US490,Variant,,"Be seen and be comfortable in this excellent quality jacket. The unique lightweight material offers an unrivaled mixture of breathability, waterproof and windproof protection. The S490 is lined for increased warmth in cold conditions. The attached hood and storm flap with snap fasteners are great features particularly in bad weather.",https://d11ak7fd9ypfb7.cloudfront.net/styles1100px/US490YER.jpg,,0.0,TRUE,InStock,1.18,,US490YERXXL,,,,Size,DROP_DOWN,XXL,Color,DROP_DOWN,Yellow,,,,,,,,,,,,,Fit,<p>R</p>,Length,<p>65</p>,Width,<p>45</p>,Height,<p>25</p>,Box Quantity,<p>12</p>,Inner Pack Quantity,<p>1</p>,Country Of Origin,<p>CN</p>,Standards,<p></p>,,,,
US490,Variant,,"Be seen and be comfortable in this excellent quality jacket. The unique lightweight material offers an unrivaled mixture of breathability, waterproof and windproof protection. The S490 is lined for increased warmth in cold conditions. The attached hood and storm flap with snap fasteners are great features particularly in bad weather.",https://d11ak7fd9ypfb7.cloudfront.net/styles1100px/US490YER.jpg,,0.0,TRUE,InStock,1.2,,US490YERXXXL,,,,Size,DROP_DOWN,XXXL,Color,DROP_DOWN,Yellow,,,,,,,,,,,,,Fit,<p>R</p>,Length,<p>65</p>,Width,<p>45</p>,Height,<p>25</p>,Box Quantity,<p>12</p>,Inner Pack Quantity,<p>1</p>,Country Of Origin,<p>CN</p>,Standards,<p></p>,,,,
US491,Product,US491 - Sealtex Ultra Unlined Jacket,"A garment of exceptional quality, the Sealtex® Ultra Jacket is made from a unique lightweight material which offers an unrivaled mixture of breathability, waterproof and windproof protection.",https://d11ak7fd9ypfb7.cloudfront.net/styles1100px/US491YER.jpg,71.9,0.0,TRUE,InStock,0.84,,US491YER4XL,,,,Size,DROP_DOWN,S;M;L;XL;XXL;XXXL;4XL;5XL,Color,DROP_DOWN,Yellow,,,,,,,,,,,,,Fit,<p>R</p>,Length,<p>65</p>,Width,<p>45</p>,Height,<p>39</p>,Box Quantity,<p>24</p>,Inner Pack Quantity,<p>1</p>,Country Of Origin,<p>CN</p>,Standards,<p></p>,,,,
US491,Variant,,"A garment of exceptional quality, the Sealtex® Ultra Jacket is made from a unique lightweight material which offers an unrivaled mixture of breathability, waterproof and windproof protection.",https://d11ak7fd9ypfb7.cloudfront.net/styles1100px/US491YER.jpg,,0.0,TRUE,InStock,0.84,,US491YER4XL,,,,Size,DROP_DOWN,4XL,Color,DROP_DOWN,Yellow,,,,,,,,,,,,,Fit,<p>R</p>,Length,<p>65</p>,Width,<p>45</p>,Height,<p>39</p>,Box Quantity,<p>24</p>,Inner Pack Quantity,<p>1</p>,Country Of Origin,<p>CN</p>,Standards,<p></p>,,,,
US491,Variant,,"A garment of exceptional quality, the Sealtex® Ultra Jacket is made from a unique lightweight material which offers an unrivaled mixture of breathability, waterproof and windproof protection.",https://d11ak7fd9ypfb7.cloudfront.net/styles1100px/US491YER.jpg,,0.0,TRUE,InStock,0.86,,US491YER5XL,,,,Size,DROP_DOWN,5XL,Color,DROP_DOWN,Yellow,,,,,,,,,,,,,Fit,<p>R</p>,Length,<p>65</p>,Width,<p>45</p>,Height,<p>39</p>,Box Quantity,<p>24</p>,Inner Pack Quantity,<p>1</p>,Country Of Origin,<p>CN</p>,Standards,<p></p>,,,,
US491,Variant,,"A garment of exceptional quality, the Sealtex® Ultra Jacket is made from a unique lightweight material which offers an unrivaled mixture of breathability, waterproof and windproof protection.",https://d11ak7fd9ypfb7.cloudfront.net/styles1100px/US491YER.jpg,,0.0,TRUE,InStock,0.76,,US491YERL,,,,Size,DROP_DOWN,L,Color,DROP_DOWN,Yellow,,,,,,,,,,,,,Fit,<p>R</p>,Length,<p>65</p>,Width,<p>45</p>,Height,<p>39</p>,Box Quantity,<p>24</p>,Inner Pack Quantity,<p>1</p>,Country Of Origin,<p>CN</p>,Standards,<p></p>,,,,
US491,Variant,,"A garment of exceptional quality, the Sealtex® Ultra Jacket is made from a unique lightweight material which offers an unrivaled mixture of breathability, waterproof and windproof protection.",https://d11ak7fd9ypfb7.cloudfront.net/styles1100px/US491YER.jpg,,0.0,TRUE,InStock,0.74,,US491YERM,,,,Size,DROP_DOWN,M,Color,DROP_DOWN,Yellow,,,,,,,,,,,,,Fit,<p>R</p>,Length,<p>65</p>,Width,<p>45</p>,Height,<p>39</p>,Box Quantity,<p>24</p>,Inner Pack Quantity,<p>1</p>,Country Of Origin,<p>CN</p>,Standards,<p></p>,,,,
US491,Variant,,"A garment of exceptional quality, the Sealtex® Ultra Jacket is made from a unique lightweight material which offers an unrivaled mixture of breathability, waterproof and windproof protection.",https://d11ak7fd9ypfb7.cloudfront.net/styles1100px/US491YER.jpg,,0.0,TRUE,InStock,0.72,,US491YERS,,,,Size,DROP_DOWN,S,Color,DROP_DOWN,Yellow,,,,,,,,,,,,,Fit,<p>R</p>,Length,<p>65</p>,Width,<p>45</p>,Height,<p>39</p>,Box Quantity,<p>24</p>,Inner Pack Quantity,<p>1</p>,Country Of Origin,<p>CN</p>,Standards,<p></p>,,,,
US491,Variant,,"A garment of exceptional quality, the Sealtex® Ultra Jacket is made from a unique lightweight material which offers an unrivaled mixture of breathability, waterproof and windproof protection.",https://d11ak7fd9ypfb7.cloudfront.net/styles1100px/US491YER.jpg,,0.0,TRUE,InStock,0.78,,US491YERXL,,,,Size,DROP_DOWN,XL,Color,DROP_DOWN,Yellow,,,,,,,,,,,,,Fit,<p>R</p>,Length,<p>65</p>,Width,<p>45</p>,Height,<p>39</p>,Box Quantity,<p>24</p>,Inner Pack Quantity,<p>1</p>,Country Of Origin,<p>CN</p>,Standards,<p></p>,,,,
US491,Variant,,"A garment of exceptional quality, the Sealtex® Ultra Jacket is made from a unique lightweight material which offers an unrivaled mixture of breathability, waterproof and windproof protection.",https://d11ak7fd9ypfb7.cloudfront.net/styles1100px/US491YER.jpg,,0.0,TRUE,InStock,0.8,,US491YERXXL,,,,Size,DROP_DOWN,XXL,Color,DROP_DOWN,Yellow,,,,,,,,,,,,,Fit,<p>R</p>,Length,<p>65</p>,Width,<p>45</p>,Height,<p>39</p>,Box Quantity,<p>24</p>,Inner Pack Quantity,<p>1</p>,Country Of Origin,<p>CN</p>,Standards,<p></p>,,,,
US491,Variant,,"A garment of exceptional quality, the Sealtex® Ultra Jacket is made from a unique lightweight material which offers an unrivaled mixture of breathability, waterproof and windproof protection.",https://d11ak7fd9ypfb7.cloudfront.net/styles1100px/US491YER.jpg,,0.0,TRUE,InStock,0.82,,US491YERXXXL,,,,Size,DROP_DOWN,XXXL,Color,DROP_DOWN,Yellow,,,,,,,,,,,,,Fit,<p>R</p>,Length,<p>65</p>,Width,<p>45</p>,Height,<p>39</p>,Box Quantity,<p>24</p>,Inner Pack Quantity,<p>1</p>,Country Of Origin,<p>CN</p>,Standards,<p></p>,,,,
US530,Product,US530 - Hi-Vis Reversible Bodywarmer Vest,This cleverly designed reversible bodywarmer vest traps heat to keep you warm when worn either way. The Hi-Vis side of the garment provides added visibility and safety for the wearer when needed.,https://d11ak7fd9ypfb7.cloudfront.net/styles1100px/US530NAR.jpg,0.0,0.0,TRUE,InStock,1.02,,US530NARL,,,,Size,DROP_DOWN,S;M;L,Color,DROP_DOWN,Navy,,,,,,,,,,,,,Fit,<p>R</p>,Length,<p>65</p>,Width,<p>45</p>,Height,<p>28</p>,Box Quantity,<p>10</p>,Inner Pack Quantity,<p>1</p>,Country Of Origin,<p></p>,Standards,<p></p>,,,,
US530,Variant,,This cleverly designed reversible bodywarmer vest traps heat to keep you warm when worn either way. The Hi-Vis side of the garment provides added visibility and safety for the wearer when needed.,https://d11ak7fd9ypfb7.cloudfront.net/styles1100px/US530NAR.jpg,,0.0,TRUE,InStock,1.02,,US530NARL,,,,Size,DROP_DOWN,L,Color,DROP_DOWN,Navy,,,,,,,,,,,,,Fit,<p>R</p>,Length,<p>65</p>,Width,<p>45</p>,Height,<p>28</p>,Box Quantity,<p>10</p>,Inner Pack Quantity,<p>1</p>,Country Of Origin,<p></p>,Standards,<p></p>,,,,
US530,Variant,,This cleverly designed reversible bodywarmer vest traps heat to keep you warm when worn either way. The Hi-Vis side of the garment provides added visibility and safety for the wearer when needed.,https://d11ak7fd9ypfb7.cloudfront.net/styles1100px/US530NAR.jpg,,0.0,TRUE,InStock,0.98,,US530NARM,,,,Size,DROP_DOWN,M,Color,DROP_DOWN,Navy,,,,,,,,,,,,,Fit,<p>R</p>,Length,<p>65</p>,Width,<p>45</p>,Height,<p>28</p>,Box Quantity,<p>10</p>,Inner Pack Quantity,<p>1</p>,Country Of Origin,<p></p>,Standards,<p></p>,,,,
US530,Variant,,This cleverly designed reversible bodywarmer vest traps heat to keep you warm when worn either way. The Hi-Vis side of the garment provides added visibility and safety for the wearer when needed.,https://d11ak7fd9ypfb7.cloudfront.net/styles1100px/US530NAR.jpg,,0.0,TRUE,InStock,0.94,,US530NARS,,,,Size,DROP_DOWN,S,Color,DROP_DOWN,Navy,,,,,,,,,,,,,Fit,<p>R</p>,Length,<p>65</p>,Width,<p>45</p>,Height,<p>28</p>,Box Quantity,<p>10</p>,Inner Pack Quantity,<p>1</p>,Country Of Origin,<p></p>,Standards,<p></p>,,,,
US532,Product,US532 - Orkney 3 in 1 Breathable Jacket,"Stylish, innovative and versatile, this 3-in-1 jacket is a best seller. The waterproof, breathable nylon shell is designed to protect outdoor workers in all industries against driving rain, wind and cold. It can be detached from the zip-out fleece and worn by itself, while the 280g fleece is a great choice on its own when the conditions are cool but dry.",https://d11ak7fd9ypfb7.cloudfront.net/styles1100px/US532GRR.jpg,0.0,0.0,TRUE,InStock,1.88,,US532GRR4XL,,,,Size,DROP_DOWN,S;M;L;XXXL;4XL,Color,DROP_DOWN,Grey,,,,,,,,,,,,,Fit,<p>R</p>,Length,<p>65</p>,Width,<p>40</p>,Height,<p>56</p>,Box Quantity,<p>12</p>,Inner Pack Quantity,<p>1</p>,Country Of Origin,<p>CN</p>,Standards,<p></p>,,,,
US532,Variant,,"Stylish, innovative and versatile, this 3-in-1 jacket is a best seller. The waterproof, breathable nylon shell is designed to protect outdoor workers in all industries against driving rain, wind and cold. It can be detached from the zip-out fleece and worn by itself, while the 280g fleece is a great choice on its own when the conditions are cool but dry.",https://d11ak7fd9ypfb7.cloudfront.net/styles1100px/US532GRR.jpg,,0.0,TRUE,InStock,1.88,,US532GRR4XL,,,,Size,DROP_DOWN,4XL,Color,DROP_DOWN,Grey,,,,,,,,,,,,,Fit,<p>R</p>,Length,<p>65</p>,Width,<p>40</p>,Height,<p>56</p>,Box Quantity,<p>12</p>,Inner Pack Quantity,<p>1</p>,Country Of Origin,<p>CN</p>,Standards,<p></p>,,,,
US532,Variant,,"Stylish, innovative and versatile, this 3-in-1 jacket is a best seller. The waterproof, breathable nylon shell is designed to protect outdoor workers in all industries against driving rain, wind and cold. It can be detached from the zip-out fleece and worn by itself, while the 280g fleece is a great choice on its own when the conditions are cool but dry.",https://d11ak7fd9ypfb7.cloudfront.net/styles1100px/US532GRR.jpg,,0.0,TRUE,InStock,1.68,,US532GRRL,,,,Size,DROP_DOWN,L,Color,DROP_DOWN,Grey,,,,,,,,,,,,,Fit,<p>R</p>,Length,<p>65</p>,Width,<p>40</p>,Height,<p>56</p>,Box Quantity,<p>12</p>,Inner Pack Quantity,<p>1</p>,Country Of Origin,<p>CN</p>,Standards,<p></p>,,,,
US532,Variant,,"Stylish, innovative and versatile, this 3-in-1 jacket is a best seller. The waterproof, breathable nylon shell is designed to protect outdoor workers in all industries against driving rain, wind and cold. It can be detached from the zip-out fleece and worn by itself, while the 280g fleece is a great choice on its own when the conditions are cool but dry.",https://d11ak7fd9ypfb7.cloudfront.net/styles1100px/US532GRR.jpg,,0.0,TRUE,InStock,1.63,,US532GRRM,,,,Size,DROP_DOWN,M,Color,DROP_DOWN,Grey,,,,,,,,,,,,,Fit,<p>R</p>,Length,<p>65</p>,Width,<p>40</p>,Height,<p>56</p>,Box Quantity,<p>12</p>,Inner Pack Quantity,<p>1</p>,Country Of Origin,<p>CN</p>,Standards,<p></p>,,,,
US532,Variant,,"Stylish, innovative and versatile, this 3-in-1 jacket is a best seller. The waterproof, breathable nylon shell is designed to protect outdoor workers in all industries against driving rain, wind and cold. It can be detached from the zip-out fleece and worn by itself, while the 280g fleece is a great choice on its own when the conditions are cool but dry.",https://d11ak7fd9ypfb7.cloudfront.net/styles1100px/US532GRR.jpg,,0.0,TRUE,InStock,1.58,,US532GRRS,,,,Size,DROP_DOWN,S,Color,DROP_DOWN,Grey,,,,,,,,,,,,,Fit,<p>R</p>,Length,<p>65</p>,Width,<p>40</p>,Height,<p>56</p>,Box Quantity,<p>12</p>,Inner Pack Quantity,<p>1</p>,Country Of Origin,<p>CN</p>,Standards,<p></p>,,,,
US532,Variant,,"Stylish, innovative and versatile, this 3-in-1 jacket is a best seller. The waterproof, breathable nylon shell is designed to protect outdoor workers in all industries against driving rain, wind and cold. It can be detached from the zip-out fleece and worn by itself, while the 280g fleece is a great choice on its own when the conditions are cool but dry.",https://d11ak7fd9ypfb7.cloudfront.net/styles1100px/US532GRR.jpg,,0.0,TRUE,InStock,1.83,,US532GRRXXXL,,,,Size,DROP_DOWN,XXXL,Color,DROP_DOWN,Grey,,,,,,,,,,,,,Fit,<p>R</p>,Length,<p>65</p>,Width,<p>40</p>,Height,<p>56</p>,Box Quantity,<p>12</p>,Inner Pack Quantity,<p>1</p>,Country Of Origin,<p>CN</p>,Standards,<p></p>,,,,
US533,Product,US533 - Falkirk Bomber Jacket,"Highly water-resistant, this versatile bomber jacket provides a solid barrier against rain and wind. Lined from waist to neck with 100g, quilt wadding to trap the heat and keep you warm.",https://d11ak7fd9ypfb7.cloudfront.net/styles1100px/US533BKR.jpg,41.7,0.0,TRUE,InStock,0.85,,US533BKRL,,,,Size,DROP_DOWN,S;M;L;XL;XXL,Color,DROP_DOWN,Navy;Black,,,,,,,,,,,,,Fit,<p>R</p>,Length,<p>65</p>,Width,<p>40</p>,Height,<p>30</p>,Box Quantity,<p>14</p>,Inner Pack Quantity,<p>1</p>,Country Of Origin,<p></p>,Standards,<p></p>,,,,
US533,Variant,,"Highly water-resistant, this versatile bomber jacket provides a solid barrier against rain and wind. Lined from waist to neck with 100g, quilt wadding to trap the heat and keep you warm.",https://d11ak7fd9ypfb7.cloudfront.net/styles1100px/US533BKR.jpg,,0.0,TRUE,InStock,0.85,,US533BKRL,,,,Size,DROP_DOWN,L,Color,DROP_DOWN,Black,,,,,,,,,,,,,Fit,<p>R</p>,Length,<p>65</p>,Width,<p>40</p>,Height,<p>30</p>,Box Quantity,<p>14</p>,Inner Pack Quantity,<p>1</p>,Country Of Origin,<p></p>,Standards,<p></p>,,,,
US533,Variant,,"Highly water-resistant, this versatile bomber jacket provides a solid barrier against rain and wind. Lined from waist to neck with 100g, quilt wadding to trap the heat and keep you warm.",https://d11ak7fd9ypfb7.cloudfront.net/styles1100px/US533BKR.jpg,,0.0,TRUE,InStock,0.76,,US533BKRM,,,,Size,DROP_DOWN,M,Color,DROP_DOWN,Black,,,,,,,,,,,,,Fit,<p>R</p>,Length,<p>65</p>,Width,<p>40</p>,Height,<p>30</p>,Box Quantity,<p>14</p>,Inner Pack Quantity,<p>1</p>,Country Of Origin,<p></p>,Standards,<p></p>,,,,
US533,Variant,,"Highly water-resistant, this versatile bomber jacket provides a solid barrier against rain and wind. Lined from waist to neck with 100g, quilt wadding to trap the heat and keep you warm.",https://d11ak7fd9ypfb7.cloudfront.net/styles1100px/US533BKR.jpg,,0.0,TRUE,InStock,0.67,,US533BKRS,,,,Size,DROP_DOWN,S,Color,DROP_DOWN,Black,,,,,,,,,,,,,Fit,<p>R</p>,Length,<p>65</p>,Width,<p>40</p>,Height,<p>30</p>,Box Quantity,<p>14</p>,Inner Pack Quantity,<p>1</p>,Country Of Origin,<p></p>,Standards,<p></p>,,,,
US533,Variant,,"Highly water-resistant, this versatile bomber jacket provides a solid barrier against rain and wind. Lined from waist to neck with 100g, quilt wadding to trap the heat and keep you warm.",https://d11ak7fd9ypfb7.cloudfront.net/styles1100px/US533BKR.jpg,,0.0,TRUE,InStock,1.03,,US533BKRXXL,,,,Size,DROP_DOWN,XXL,Color,DROP_DOWN,Black,,,,,,,,,,,,,Fit,<p>R</p>,Length,<p>65</p>,Width,<p>40</p>,Height,<p>30</p>,Box Quantity,<p>14</p>,Inner Pack Quantity,<p>1</p>,Country Of Origin,<p></p>,Standards,<p></p>,,,,
US533,Variant,,"Highly water-resistant, this versatile bomber jacket provides a solid barrier against rain and wind. Lined from waist to neck with 100g, quilt wadding to trap the heat and keep you warm.",https://d11ak7fd9ypfb7.cloudfront.net/styles1100px/US533NAR.jpg,,0.0,TRUE,InStock,0.85,,US533NARL,,,,Size,DROP_DOWN,L,Color,DROP_DOWN,Navy,,,,,,,,,,,,,Fit,<p>R</p>,Length,<p>65</p>,Width,<p>40</p>,Height,<p>30</p>,Box Quantity,<p>14</p>,Inner Pack Quantity,<p>1</p>,Country Of Origin,<p></p>,Standards,<p></p>,,,,
US533,Variant,,"Highly water-resistant, this versatile bomber jacket provides a solid barrier against rain and wind. Lined from waist to neck with 100g, quilt wadding to trap the heat and keep you warm.",https://d11ak7fd9ypfb7.cloudfront.net/styles1100px/US533NAR.jpg,,0.0,TRUE,InStock,0.76,,US533NARM,,,,Size,DROP_DOWN,M,Color,DROP_DOWN,Navy,,,,,,,,,,,,,Fit,<p>R</p>,Length,<p>65</p>,Width,<p>40</p>,Height,<p>30</p>,Box Quantity,<p>14</p>,Inner Pack Quantity,<p>1</p>,Country Of Origin,<p></p>,Standards,<p></p>,,,,
US533,Variant,,"Highly water-resistant, this versatile bomber jacket provides a solid barrier against rain and wind. Lined from waist to neck with 100g, quilt wadding to trap the heat and keep you warm.",https://d11ak7fd9ypfb7.cloudfront.net/styles1100px/US533NAR.jpg,,0.0,TRUE,InStock,0.67,,US533NARS,,,,Size,DROP_DOWN,S,Color,DROP_DOWN,Navy,,,,,,,,,,,,,Fit,<p>R</p>,Length,<p>65</p>,Width,<p>40</p>,Height,<p>30</p>,Box Quantity,<p>14</p>,Inner Pack Quantity,<p>1</p>,Country Of Origin,<p></p>,Standards,<p></p>,,,,
US533,Variant,,"Highly water-resistant, this versatile bomber jacket provides a solid barrier against rain and wind. Lined from waist to neck with 100g, quilt wadding to trap the heat and keep you warm.",https://d11ak7fd9ypfb7.cloudfront.net/styles1100px/US533NAR.jpg,,0.0,TRUE,InStock,0.94,,US533NARXL,,,,Size,DROP_DOWN,XL,Color,DROP_DOWN,Navy,,,,,,,,,,,,,Fit,<p>R</p>,Length,<p>65</p>,Width,<p>40</p>,Height,<p>30</p>,Box Quantity,<p>14</p>,Inner Pack Quantity,<p>1</p>,Country Of Origin,<p></p>,Standards,<p></p>,,,,
US533,Variant,,"Highly water-resistant, this versatile bomber jacket provides a solid barrier against rain and wind. Lined from waist to neck with 100g, quilt wadding to trap the heat and keep you warm.",https://d11ak7fd9ypfb7.cloudfront.net/styles1100px/US533NAR.jpg,,0.0,TRUE,InStock,1.03,,US533NARXXL,,,,Size,DROP_DOWN,XXL,Color,DROP_DOWN,Navy,,,,,,,,,,,,,Fit,<p>R</p>,Length,<p>65</p>,Width,<p>40</p>,Height,<p>30</p>,Box Quantity,<p>14</p>,Inner Pack Quantity,<p>1</p>,Country Of Origin,<p></p>,Standards,<p></p>,,,,
US538,Product,US538 - ,,https://d11ak7fd9ypfb7.cloudfront.net/styles1100px/US538BKR.jpg,56.5,0.0,TRUE,InStock,0.81,,US538BKRL,,,,Size,DROP_DOWN,S;M;L,Color,DROP_DOWN,Navy;Black,,,,,,,,,,,,,Fit,<p>R</p>,Length,<p>65</p>,Width,<p>40</p>,Height,<p>31</p>,Box Quantity,<p>14</p>,Inner Pack Quantity,<p>1</p>,Country Of Origin,<p></p>,Standards,<p></p>,,,,
US538,Variant,,,https://d11ak7fd9ypfb7.cloudfront.net/styles1100px/US538BKR.jpg,,0.0,TRUE,InStock,0.81,,US538BKRL,,,,Size,DROP_DOWN,L,Color,DROP_DOWN,Black,,,,,,,,,,,,,Fit,<p>R</p>,Length,<p>65</p>,Width,<p>40</p>,Height,<p>31</p>,Box Quantity,<p>14</p>,Inner Pack Quantity,<p>1</p>,Country Of Origin,<p></p>,Standards,<p></p>,,,,
US538,Variant,,,https://d11ak7fd9ypfb7.cloudfront.net/styles1100px/US538BKR.jpg,,0.0,TRUE,InStock,0.76,,US538BKRM,,,,Size,DROP_DOWN,M,Color,DROP_DOWN,Black,,,,,,,,,,,,,Fit,<p>R</p>,Length,<p>65</p>,Width,<p>40</p>,Height,<p>31</p>,Box Quantity,<p>14</p>,Inner Pack Quantity,<p>1</p>,Country Of Origin,<p></p>,Standards,<p></p>,,,,
US538,Variant,,,https://d11ak7fd9ypfb7.cloudfront.net/styles1100px/US538NAR.jpg,,0.0,TRUE,InStock,0.81,,US538NARL,,,,Size,DROP_DOWN,L,Color,DROP_DOWN,Navy,,,,,,,,,,,,,Fit,<p>R</p>,Length,<p>65</p>,Width,<p>40</p>,Height,<p>31</p>,Box Quantity,<p>14</p>,Inner Pack Quantity,<p>1</p>,Country Of Origin,<p></p>,Standards,<p></p>,,,,
US538,Variant,,,https://d11ak7fd9ypfb7.cloudfront.net/styles1100px/US538NAR.jpg,,0.0,TRUE,InStock,0.76,,US538NARM,,,,Size,DROP_DOWN,M,Color,DROP_DOWN,Navy,,,,,,,,,,,,,Fit,<p>R</p>,Length,<p>65</p>,Width,<p>40</p>,Height,<p>31</p>,Box Quantity,<p>14</p>,Inner Pack Quantity,<p>1</p>,Country Of Origin,<p></p>,Standards,<p></p>,,,,
US538,Variant,,,https://d11ak7fd9ypfb7.cloudfront.net/styles1100px/US538NAR.jpg,,0.0,TRUE,InStock,0.71,,US538NARS,,,,Size,DROP_DOWN,S,Color,DROP_DOWN,Navy,,,,,,,,,,,,,Fit,<p>R</p>,Length,<p>65</p>,Width,<p>40</p>,Height,<p>31</p>,Box Quantity,<p>14</p>,Inner Pack Quantity,<p>1</p>,Country Of Origin,<p></p>,Standards,<p></p>,,,,
US562,Product,US562 - RS Parka,"When compared to competitor jackets, the S562 tested better for fit, function and value for money. The tough outer shell has taped waterproof seams providing outstanding waterproof protection. The 170g wadding keeps warmth trapped in without making the jacket bulky. Features include smart reflective piping to chest and sleeves and multiple pockets for all storage needs.",https://d11ak7fd9ypfb7.cloudfront.net/styles1100px/US562BYR.jpg,0.0,0.0,TRUE,InStock,1.61,,US562BYRL,,,,Size,DROP_DOWN,S;M;L;XL;XXL,Color,DROP_DOWN,Black/Grey;Navy/Royal,,,,,,,,,,,,,Fit,<p>R</p>,Length,<p>65</p>,Width,<p>45</p>,Height,<p>25</p>,Box Quantity,<p>12</p>,Inner Pack Quantity,<p>1</p>,Country Of Origin,<p>MM</p>,Standards,<p></p>,,,,
US562,Variant,,"When compared to competitor jackets, the S562 tested better for fit, function and value for money. The tough outer shell has taped waterproof seams providing outstanding waterproof protection. The 170g wadding keeps warmth trapped in without making the jacket bulky. Features include smart reflective piping to chest and sleeves and multiple pockets for all storage needs.",https://d11ak7fd9ypfb7.cloudfront.net/styles1100px/US562BYR.jpg,,0.0,TRUE,InStock,1.61,,US562BYRL,,,,Size,DROP_DOWN,L,Color,DROP_DOWN,Black/Grey,,,,,,,,,,,,,Fit,<p>R</p>,Length,<p>65</p>,Width,<p>45</p>,Height,<p>25</p>,Box Quantity,<p>12</p>,Inner Pack Quantity,<p>1</p>,Country Of Origin,<p>MM</p>,Standards,<p></p>,,,,
US562,Variant,,"When compared to competitor jackets, the S562 tested better for fit, function and value for money. The tough outer shell has taped waterproof seams providing outstanding waterproof protection. The 170g wadding keeps warmth trapped in without making the jacket bulky. Features include smart reflective piping to chest and sleeves and multiple pockets for all storage needs.",https://d11ak7fd9ypfb7.cloudfront.net/styles1100px/US562BYR.jpg,,0.0,TRUE,InStock,1.59,,US562BYRM,,,,Size,DROP_DOWN,M,Color,DROP_DOWN,Black/Grey,,,,,,,,,,,,,Fit,<p>R</p>,Length,<p>65</p>,Width,<p>45</p>,Height,<p>25</p>,Box Quantity,<p>12</p>,Inner Pack Quantity,<p>1</p>,Country Of Origin,<p>MM</p>,Standards,<p></p>,,,,
US562,Variant,,"When compared to competitor jackets, the S562 tested better for fit, function and value for money. The tough outer shell has taped waterproof seams providing outstanding waterproof protection. The 170g wadding keeps warmth trapped in without making the jacket bulky. Features include smart reflective piping to chest and sleeves and multiple pockets for all storage needs.",https://d11ak7fd9ypfb7.cloudfront.net/styles1100px/US562BYR.jpg,,0.0,TRUE,InStock,1.57,,US562BYRS,,,,Size,DROP_DOWN,S,Color,DROP_DOWN,Black/Grey,,,,,,,,,,,,,Fit,<p>R</p>,Length,<p>65</p>,Width,<p>45</p>,Height,<p>25</p>,Box Quantity,<p>12</p>,Inner Pack Quantity,<p>1</p>,Country Of Origin,<p>MM</p>,Standards,<p></p>,,,,
US562,Variant,,"When compared to competitor jackets, the S562 tested better for fit, function and value for money. The tough outer shell has taped waterproof seams providing outstanding waterproof protection. The 170g wadding keeps warmth trapped in without making the jacket bulky. Features include smart reflective piping to chest and sleeves and multiple pockets for all storage needs.",https://d11ak7fd9ypfb7.cloudfront.net/styles1100px/US562BYR.jpg,,0.0,TRUE,InStock,1.63,,US562BYRXL,,,,Size,DROP_DOWN,XL,Color,DROP_DOWN,Black/Grey,,,,,,,,,,,,,Fit,<p>R</p>,Length,<p>65</p>,Width,<p>45</p>,Height,<p>25</p>,Box Quantity,<p>12</p>,Inner Pack Quantity,<p>1</p>,Country Of Origin,<p>MM</p>,Standards,<p></p>,,,,
US562,Variant,,"When compared to competitor jackets, the S562 tested better for fit, function and value for money. The tough outer shell has taped waterproof seams providing outstanding waterproof protection. The 170g wadding keeps warmth trapped in without making the jacket bulky. Features include smart reflective piping to chest and sleeves and multiple pockets for all storage needs.",https://d11ak7fd9ypfb7.cloudfront.net/styles1100px/US562BYR.jpg,,0.0,TRUE,InStock,1.65,,US562BYRXXL,,,,Size,DROP_DOWN,XXL,Color,DROP_DOWN,Black/Grey,,,,,,,,,,,,,Fit,<p>R</p>,Length,<p>65</p>,Width,<p>45</p>,Height,<p>25</p>,Box Quantity,<p>12</p>,Inner Pack Quantity,<p>1</p>,Country Of Origin,<p>MM</p>,Standards,<p></p>,,,,
US562,Variant,,"When compared to competitor jackets, the S562 tested better for fit, function and value for money. The tough outer shell has taped waterproof seams providing outstanding waterproof protection. The 170g wadding keeps warmth trapped in without making the jacket bulky. Features include smart reflective piping to chest and sleeves and multiple pockets for all storage needs.",https://d11ak7fd9ypfb7.cloudfront.net/styles1100px/US562NRR.jpg,,0.0,TRUE,InStock,1.61,,US562NRRL,,,,Size,DROP_DOWN,L,Color,DROP_DOWN,Navy/Royal,,,,,,,,,,,,,Fit,<p>R</p>,Length,<p>65</p>,Width,<p>45</p>,Height,<p>25</p>,Box Quantity,<p>12</p>,Inner Pack Quantity,<p>1</p>,Country Of Origin,<p>MM</p>,Standards,<p></p>,,,,
US562,Variant,,"When compared to competitor jackets, the S562 tested better for fit, function and value for money. The tough outer shell has taped waterproof seams providing outstanding waterproof protection. The 170g wadding keeps warmth trapped in without making the jacket bulky. Features include smart reflective piping to chest and sleeves and multiple pockets for all storage needs.",https://d11ak7fd9ypfb7.cloudfront.net/styles1100px/US562NRR.jpg,,0.0,TRUE,InStock,1.59,,US562NRRM,,,,Size,DROP_DOWN,M,Color,DROP_DOWN,Navy/Royal,,,,,,,,,,,,,Fit,<p>R</p>,Length,<p>65</p>,Width,<p>45</p>,Height,<p>25</p>,Box Quantity,<p>12</p>,Inner Pack Quantity,<p>1</p>,Country Of Origin,<p>MM</p>,Standards,<p></p>,,,,
US562,Variant,,"When compared to competitor jackets, the S562 tested better for fit, function and value for money. The tough outer shell has taped waterproof seams providing outstanding waterproof protection. The 170g wadding keeps warmth trapped in without making the jacket bulky. Features include smart reflective piping to chest and sleeves and multiple pockets for all storage needs.",https://d11ak7fd9ypfb7.cloudfront.net/styles1100px/US562NRR.jpg,,0.0,TRUE,InStock,1.57,,US562NRRS,,,,Size,DROP_DOWN,S,Color,DROP_DOWN,Navy/Royal,,,,,,,,,,,,,Fit,<p>R</p>,Length,<p>65</p>,Width,<p>45</p>,Height,<p>25</p>,Box Quantity,<p>12</p>,Inner Pack Quantity,<p>1</p>,Country Of Origin,<p>MM</p>,Standards,<p></p>,,,,
US562,Variant,,"When compared to competitor jackets, the S562 tested better for fit, function and value for money. The tough outer shell has taped waterproof seams providing outstanding waterproof protection. The 170g wadding keeps warmth trapped in without making the jacket bulky. Features include smart reflective piping to chest and sleeves and multiple pockets for all storage needs.",https://d11ak7fd9ypfb7.cloudfront.net/styles1100px/US562NRR.jpg,,0.0,TRUE,InStock,1.63,,US562NRRXL,,,,Size,DROP_DOWN,XL,Color,DROP_DOWN,Navy/Royal,,,,,,,,,,,,,Fit,<p>R</p>,Length,<p>65</p>,Width,<p>45</p>,Height,<p>25</p>,Box Quantity,<p>12</p>,Inner Pack Quantity,<p>1</p>,Country Of Origin,<p>MM</p>,Standards,<p></p>,,,,
US562,Variant,,"When compared to competitor jackets, the S562 tested better for fit, function and value for money. The tough outer shell has taped waterproof seams providing outstanding waterproof protection. The 170g wadding keeps warmth trapped in without making the jacket bulky. Features include smart reflective piping to chest and sleeves and multiple pockets for all storage needs.",https://d11ak7fd9ypfb7.cloudfront.net/styles1100px/US562NRR.jpg,,0.0,TRUE,InStock,1.65,,US562NRRXXL,,,,Size,DROP_DOWN,XXL,Color,DROP_DOWN,Navy/Royal,,,,,,,,,,,,,Fit,<p>R</p>,Length,<p>65</p>,Width,<p>45</p>,Height,<p>25</p>,Box Quantity,<p>12</p>,Inner Pack Quantity,<p>1</p>,Country Of Origin,<p></p>,Standards,<p></p>,,,,
US570,Product,US570 - ,,https://d11ak7fd9ypfb7.cloudfront.net/styles1100px/US570NAR.jpg,0.0,0.0,TRUE,InStock,1.54,,US570NARM,,,,Size,DROP_DOWN,M,Color,DROP_DOWN,Navy,,,,,,,,,,,,,Fit,<p>R</p>,Length,<p>65</p>,Width,<p>45</p>,Height,<p>25</p>,Box Quantity,<p>6</p>,Inner Pack Quantity,<p>1</p>,Country Of Origin,<p></p>,Standards,<p></p>,,,,
US580,Product,US580 - Alabama Mesh Vest,"This vest uses lightweight, cooling mesh fabric, with a zipper fastening. It includes 2 internal patch pockets.",https://d11ak7fd9ypfb7.cloudfront.net/styles1100px/US580ORR.jpg,8.5,0.0,TRUE,InStock,0.999,,US580ORR4XL,,,,Size,DROP_DOWN,S;M;L;XL;XXL;XXXL;4XL;5XL,Color,DROP_DOWN,Yellow;Orange,,,,,,,,,,,,,Fit,<p>R</p>,Length,<p>43</p>,Width,<p>28</p>,Height,<p>48</p>,Box Quantity,<p>60</p>,Inner Pack Quantity,<p>1</p>,Country Of Origin,<p>CN</p>,Standards,<ul><li>ANSI/ISEA 107 TYPE R CLASS 2</li></ul>,,,,
US580,Variant,,"This vest uses lightweight, cooling mesh fabric, with a zipper fastening. It includes 2 internal patch pockets.",https://d11ak7fd9ypfb7.cloudfront.net/styles1100px/US580ORR.jpg,,0.0,TRUE,InStock,0.999,,US580ORR4XL,,,,Size,DROP_DOWN,4XL,Color,DROP_DOWN,Orange,,,,,,,,,,,,,Fit,<p>R</p>,Length,<p>43</p>,Width,<p>28</p>,Height,<p>48</p>,Box Quantity,<p>60</p>,Inner Pack Quantity,<p>1</p>,Country Of Origin,<p>CN</p>,Standards,<ul><li>ANSI/ISEA 107 TYPE R CLASS 2</li></ul>,,,,
US580,Variant,,"This vest uses lightweight, cooling mesh fabric, with a zipper fastening. It includes 2 internal patch pockets.",https://d11ak7fd9ypfb7.cloudfront.net/styles1100px/US580ORR.jpg,,0.0,TRUE,InStock,0.999,,US580ORR5XL,,,,Size,DROP_DOWN,5XL,Color,DROP_DOWN,Orange,,,,,,,,,,,,,Fit,<p>R</p>,Length,<p>43</p>,Width,<p>28</p>,Height,<p>48</p>,Box Quantity,<p>60</p>,Inner Pack Quantity,<p>1</p>,Country Of Origin,<p>CN</p>,Standards,<ul><li>ANSI/ISEA 107 TYPE R CLASS 2</li></ul>,,,,
US580,Variant,,"This vest uses lightweight, cooling mesh fabric, with a zipper fastening. It includes 2 internal patch pockets.",https://d11ak7fd9ypfb7.cloudfront.net/styles1100px/US580ORR.jpg,,0.0,TRUE,InStock,0.999,,US580ORRL,,,,Size,DROP_DOWN,L,Color,DROP_DOWN,Orange,,,,,,,,,,,,,Fit,<p>R</p>,Length,<p>43</p>,Width,<p>28</p>,Height,<p>48</p>,Box Quantity,<p>60</p>,Inner Pack Quantity,<p>1</p>,Country Of Origin,<p>CN</p>,Standards,<ul><li>ANSI/ISEA 107 TYPE R CLASS 2</li></ul>,,,,
US580,Variant,,"This vest uses lightweight, cooling mesh fabric, with a zipper fastening. It includes 2 internal patch pockets.",https://d11ak7fd9ypfb7.cloudfront.net/styles1100px/US580ORR.jpg,,0.0,TRUE,InStock,0.999,,US580ORRM,,,,Size,DROP_DOWN,M,Color,DROP_DOWN,Orange,,,,,,,,,,,,,Fit,<p>R</p>,Length,<p>43</p>,Width,<p>28</p>,Height,<p>48</p>,Box Quantity,<p>60</p>,Inner Pack Quantity,<p>1</p>,Country Of Origin,<p>CN</p>,Standards,<ul><li>ANSI/ISEA 107 TYPE R CLASS 2</li></ul>,,,,
US580,Variant,,"This vest uses lightweight, cooling mesh fabric, with a zipper fastening. It includes 2 internal patch pockets.",https://d11ak7fd9ypfb7.cloudfront.net/styles1100px/US580ORR.jpg,,0.0,TRUE,InStock,0.999,,US580ORRS,,,,Size,DROP_DOWN,S,Color,DROP_DOWN,Orange,,,,,,,,,,,,,Fit,<p>R</p>,Length,<p>43</p>,Width,<p>28</p>,Height,<p>48</p>,Box Quantity,<p>60</p>,Inner Pack Quantity,<p>1</p>,Country Of Origin,<p>CN</p>,Standards,<ul><li>ANSI/ISEA 107 TYPE R CLASS 2</li></ul>,,,,
US580,Variant,,"This vest uses lightweight, cooling mesh fabric, with a zipper fastening. It includes 2 internal patch pockets.",https://d11ak7fd9ypfb7.cloudfront.net/styles1100px/US580ORR.jpg,,0.0,TRUE,InStock,0.999,,US580ORRXL,,,,Size,DROP_DOWN,XL,Color,DROP_DOWN,Orange,,,,,,,,,,,,,Fit,<p>R</p>,Length,<p>43</p>,Width,<p>28</p>,Height,<p>48</p>,Box Quantity,<p>60</p>,Inner Pack Quantity,<p>1</p>,Country Of Origin,<p>CN</p>,Standards,<ul><li>ANSI/ISEA 107 TYPE R CLASS 2</li></ul>,,,,
US580,Variant,,"This vest uses lightweight, cooling mesh fabric, with a zipper fastening. It includes 2 internal patch pockets.",https://d11ak7fd9ypfb7.cloudfront.net/styles1100px/US580ORR.jpg,,0.0,TRUE,InStock,0.999,,US580ORRXXL,,,,Size,DROP_DOWN,XXL,Color,DROP_DOWN,Orange,,,,,,,,,,,,,Fit,<p>R</p>,Length,<p>43</p>,Width,<p>28</p>,Height,<p>48</p>,Box Quantity,<p>60</p>,Inner Pack Quantity,<p>1</p>,Country Of Origin,<p>CN</p>,Standards,<ul><li>ANSI/ISEA 107 TYPE R CLASS 2</li></ul>,,,,
US580,Variant,,"This vest uses lightweight, cooling mesh fabric, with a zipper fastening. It includes 2 internal patch pockets.",https://d11ak7fd9ypfb7.cloudfront.net/styles1100px/US580ORR.jpg,,0.0,TRUE,InStock,0.999,,US580ORRXXXL,,,,Size,DROP_DOWN,XXXL,Color,DROP_DOWN,Orange,,,,,,,,,,,,,Fit,<p>R</p>,Length,<p>43</p>,Width,<p>28</p>,Height,<p>48</p>,Box Quantity,<p>60</p>,Inner Pack Quantity,<p>1</p>,Country Of Origin,<p>CN</p>,Standards,<ul><li>ANSI/ISEA 107 TYPE R CLASS 2</li></ul>,,,,
US580,Variant,,"This vest uses lightweight, cooling mesh fabric, with a zipper fastening. It includes 2 internal patch pockets.",https://d11ak7fd9ypfb7.cloudfront.net/styles1100px/US580YER.jpg,,0.0,TRUE,InStock,0.999,,US580YER4XL,,,,Size,DROP_DOWN,4XL,Color,DROP_DOWN,Yellow,,,,,,,,,,,,,Fit,<p>R</p>,Length,<p>43</p>,Width,<p>28</p>,Height,<p>48</p>,Box Quantity,<p>60</p>,Inner Pack Quantity,<p>1</p>,Country Of Origin,<p>CN</p>,Standards,<ul><li>ANSI/ISEA 107 TYPE R CLASS 2</li></ul>,,,,
US580,Variant,,"This vest uses lightweight, cooling mesh fabric, with a zipper fastening. It includes 2 internal patch pockets.",https://d11ak7fd9ypfb7.cloudfront.net/styles1100px/US580YER.jpg,,0.0,TRUE,InStock,0.999,,US580YER5XL,,,,Size,DROP_DOWN,5XL,Color,DROP_DOWN,Yellow,,,,,,,,,,,,,Fit,<p>R</p>,Length,<p>43</p>,Width,<p>28</p>,Height,<p>48</p>,Box Quantity,<p>60</p>,Inner Pack Quantity,<p>1</p>,Country Of Origin,<p>CN</p>,Standards,<ul><li>ANSI/ISEA 107 TYPE R CLASS 2</li></ul>,,,,
US580,Variant,,"This vest uses lightweight, cooling mesh fabric, with a zipper fastening. It includes 2 internal patch pockets.",https://d11ak7fd9ypfb7.cloudfront.net/styles1100px/US580YER.jpg,,0.0,TRUE,InStock,0.999,,US580YERL,,,,Size,DROP_DOWN,L,Color,DROP_DOWN,Yellow,,,,,,,,,,,,,Fit,<p>R</p>,Length,<p>43</p>,Width,<p>28</p>,Height,<p>48</p>,Box Quantity,<p>60</p>,Inner Pack Quantity,<p>1</p>,Country Of Origin,<p>CN</p>,Standards,<ul><li>ANSI/ISEA 107 TYPE R CLASS 2</li></ul>,,,,
US580,Variant,,"This vest uses lightweight, cooling mesh fabric, with a zipper fastening. It includes 2 internal patch pockets.",https://d11ak7fd9ypfb7.cloudfront.net/styles1100px/US580YER.jpg,,0.0,TRUE,InStock,0.999,,US580YERM,,,,Size,DROP_DOWN,M,Color,DROP_DOWN,Yellow,,,,,,,,,,,,,Fit,<p>R</p>,Length,<p>43</p>,Width,<p>28</p>,Height,<p>48</p>,Box Quantity,<p>60</p>,Inner Pack Quantity,<p>1</p>,Country Of Origin,<p>CN</p>,Standards,<ul><li>ANSI/ISEA 107 TYPE R CLASS 2</li></ul>,,,,
US580,Variant,,"This vest uses lightweight, cooling mesh fabric, with a zipper fastening. It includes 2 internal patch pockets.",https://d11ak7fd9ypfb7.cloudfront.net/styles1100px/US580YER.jpg,,0.0,TRUE,InStock,0.999,,US580YERS,,,,Size,DROP_DOWN,S,Color,DROP_DOWN,Yellow,,,,,,,,,,,,,Fit,<p>R</p>,Length,<p>43</p>,Width,<p>28</p>,Height,<p>48</p>,Box Quantity,<p>60</p>,Inner Pack Quantity,<p>1</p>,Country Of Origin,<p>CN</p>,Standards,<ul><li>ANSI/ISEA 107 TYPE R CLASS 2</li></ul>,,,,
US580,Variant,,"This vest uses lightweight, cooling mesh fabric, with a zipper fastening. It includes 2 internal patch pockets.",https://d11ak7fd9ypfb7.cloudfront.net/styles1100px/US580YER.jpg,,0.0,TRUE,InStock,0.999,,US580YERXL,,,,Size,DROP_DOWN,XL,Color,DROP_DOWN,Yellow,,,,,,,,,,,,,Fit,<p>R</p>,Length,<p>43</p>,Width,<p>28</p>,Height,<p>48</p>,Box Quantity,<p>60</p>,Inner Pack Quantity,<p>1</p>,Country Of Origin,<p>CN</p>,Standards,<ul><li>ANSI/ISEA 107 TYPE R CLASS 2</li></ul>,,,,
US580,Variant,,"This vest uses lightweight, cooling mesh fabric, with a zipper fastening. It includes 2 internal patch pockets.",https://d11ak7fd9ypfb7.cloudfront.net/styles1100px/US580YER.jpg,,0.0,TRUE,InStock,0.999,,US580YERXXL,,,,Size,DROP_DOWN,XXL,Color,DROP_DOWN,Yellow,,,,,,,,,,,,,Fit,<p>R</p>,Length,<p>43</p>,Width,<p>28</p>,Height,<p>48</p>,Box Quantity,<p>60</p>,Inner Pack Quantity,<p>1</p>,Country Of Origin,<p>CN</p>,Standards,<ul><li>ANSI/ISEA 107 TYPE R CLASS 2</li></ul>,,,,
US580,Variant,,"This vest uses lightweight, cooling mesh fabric, with a zipper fastening. It includes 2 internal patch pockets.",https://d11ak7fd9ypfb7.cloudfront.net/styles1100px/US580YER.jpg,,0.0,TRUE,InStock,0.999,,US580YERXXXL,,,,Size,DROP_DOWN,XXXL,Color,DROP_DOWN,Yellow,,,,,,,,,,,,,Fit,<p>R</p>,Length,<p>43</p>,Width,<p>28</p>,Height,<p>48</p>,Box Quantity,<p>60</p>,Inner Pack Quantity,<p>1</p>,Country Of Origin,<p>CN</p>,Standards,<ul><li>ANSI/ISEA 107 TYPE R CLASS 2</li></ul>,,,,
US768,Product,US768 - Hi-Vis Executive 5-in-1 Jacket,"An innovative style adaptable for multiple uses. Outer jacket contains two useful large patch pockets with hook and loop closures and a concealed hood, whilst the inner jacket has detachable fleece sleeves, 2 roomy side pockets and has full ANSI/ISEA 107 Type R Class 3 certification.",https://d11ak7fd9ypfb7.cloudfront.net/styles1100px/US768ONR.jpg,115.6,0.0,TRUE,InStock,2.17,,US768ONR4XL,,,,Size,DROP_DOWN,S;M;L;XL;XXL;XXXL;4XL;5XL;6XL;7XL,Color,DROP_DOWN,Yellow/Navy;Orange/Navy;Yellow/Black,,,,,,,,,,,,,Fit,<p>R</p>,Length,<p>65</p>,Width,<p>45</p>,Height,<p>47</p>,Box Quantity,<p>12</p>,Inner Pack Quantity,<p>1</p>,Country Of Origin,<p>BD</p>,Standards,<p></p>,,,,
US768,Variant,,"An innovative style adaptable for multiple uses. Outer jacket contains two useful large patch pockets with hook and loop closures and a concealed hood, whilst the inner jacket has detachable fleece sleeves, 2 roomy side pockets and has full ANSI/ISEA 107 Type R Class 3 certification.",https://d11ak7fd9ypfb7.cloudfront.net/styles1100px/US768ONR.jpg,,0.0,TRUE,InStock,2.17,,US768ONR4XL,,,,Size,DROP_DOWN,4XL,Color,DROP_DOWN,Orange/Navy,,,,,,,,,,,,,Fit,<p>R</p>,Length,<p>65</p>,Width,<p>45</p>,Height,<p>47</p>,Box Quantity,<p>12</p>,Inner Pack Quantity,<p>1</p>,Country Of Origin,<p>BD</p>,Standards,<p></p>,,,,
US768,Variant,,"An innovative style adaptable for multiple uses. Outer jacket contains two useful large patch pockets with hook and loop closures and a concealed hood, whilst the inner jacket has detachable fleece sleeves, 2 roomy side pockets and has full ANSI/ISEA 107 Type R Class 3 certification.",https://d11ak7fd9ypfb7.cloudfront.net/styles1100px/US768ONR.jpg,,0.0,TRUE,InStock,2.24,,US768ONR5XL,,,,Size,DROP_DOWN,5XL,Color,DROP_DOWN,Orange/Navy,,,,,,,,,,,,,Fit,<p>R</p>,Length,<p>65</p>,Width,<p>45</p>,Height,<p>47</p>,Box Quantity,<p>12</p>,Inner Pack Quantity,<p>1</p>,Country Of Origin,<p>BD</p>,Standards,<p></p>,,,,
US768,Variant,,"An innovative style adaptable for multiple uses. Outer jacket contains two useful large patch pockets with hook and loop closures and a concealed hood, whilst the inner jacket has detachable fleece sleeves, 2 roomy side pockets and has full ANSI/ISEA 107 Type R Class 3 certification.",https://d11ak7fd9ypfb7.cloudfront.net/styles1100px/US768ONR.jpg,,0.0,TRUE,InStock,2.3,,US768ONR6XL,,,,Size,DROP_DOWN,6XL,Color,DROP_DOWN,Orange/Navy,,,,,,,,,,,,,Fit,<p>R</p>,Length,<p>65</p>,Width,<p>45</p>,Height,<p>47</p>,Box Quantity,<p>12</p>,Inner Pack Quantity,<p>1</p>,Country Of Origin,<p>BD</p>,Standards,<p></p>,,,,
US768,Variant,,"An innovative style adaptable for multiple uses. Outer jacket contains two useful large patch pockets with hook and loop closures and a concealed hood, whilst the inner jacket has detachable fleece sleeves, 2 roomy side pockets and has full ANSI/ISEA 107 Type R Class 3 certification.",https://d11ak7fd9ypfb7.cloudfront.net/styles1100px/US768ONR.jpg,,0.0,TRUE,InStock,1.89,,US768ONRL,,,,Size,DROP_DOWN,L,Color,DROP_DOWN,Orange/Navy,,,,,,,,,,,,,Fit,<p>R</p>,Length,<p>65</p>,Width,<p>45</p>,Height,<p>47</p>,Box Quantity,<p>12</p>,Inner Pack Quantity,<p>1</p>,Country Of Origin,<p>BD</p>,Standards,<p></p>,,,,
US768,Variant,,"An innovative style adaptable for multiple uses. Outer jacket contains two useful large patch pockets with hook and loop closures and a concealed hood, whilst the inner jacket has detachable fleece sleeves, 2 roomy side pockets and has full ANSI/ISEA 107 Type R Class 3 certification.",https://d11ak7fd9ypfb7.cloudfront.net/styles1100px/US768ONR.jpg,,0.0,TRUE,InStock,1.82,,US768ONRM,,,,Size,DROP_DOWN,M,Color,DROP_DOWN,Orange/Navy,,,,,,,,,,,,,Fit,<p>R</p>,Length,<p>65</p>,Width,<p>45</p>,Height,<p>47</p>,Box Quantity,<p>12</p>,Inner Pack Quantity,<p>1</p>,Country Of Origin,<p>BD</p>,Standards,<p></p>,,,,
US768,Variant,,"An innovative style adaptable for multiple uses. Outer jacket contains two useful large patch pockets with hook and loop closures and a concealed hood, whilst the inner jacket has detachable fleece sleeves, 2 roomy side pockets and has full ANSI/ISEA 107 Type R Class 3 certification.",https://d11ak7fd9ypfb7.cloudfront.net/styles1100px/US768ONR.jpg,,0.0,TRUE,InStock,1.75,,US768ONRS,,,,Size,DROP_DOWN,S,Color,DROP_DOWN,Orange/Navy,,,,,,,,,,,,,Fit,<p>R</p>,Length,<p>65</p>,Width,<p>45</p>,Height,<p>47</p>,Box Quantity,<p>12</p>,Inner Pack Quantity,<p>1</p>,Country Of Origin,<p>BD</p>,Standards,<p></p>,,,,
US768,Variant,,"An innovative style adaptable for multiple uses. Outer jacket contains two useful large patch pockets with hook and loop closures and a concealed hood, whilst the inner jacket has detachable fleece sleeves, 2 roomy side pockets and has full ANSI/ISEA 107 Type R Class 3 certification.",https://d11ak7fd9ypfb7.cloudfront.net/styles1100px/US768ONR.jpg,,0.0,TRUE,InStock,1.96,,US768ONRXL,,,,Size,DROP_DOWN,XL,Color,DROP_DOWN,Orange/Navy,,,,,,,,,,,,,Fit,<p>R</p>,Length,<p>65</p>,Width,<p>45</p>,Height,<p>47</p>,Box Quantity,<p>12</p>,Inner Pack Quantity,<p>1</p>,Country Of Origin,<p>BD</p>,Standards,<p></p>,,,,
US768,Variant,,"An innovative style adaptable for multiple uses. Outer jacket contains two useful large patch pockets with hook and loop closures and a concealed hood, whilst the inner jacket has detachable fleece sleeves, 2 roomy side pockets and has full ANSI/ISEA 107 Type R Class 3 certification.",https://d11ak7fd9ypfb7.cloudfront.net/styles1100px/US768ONR.jpg,,0.0,TRUE,InStock,2.03,,US768ONRXXL,,,,Size,DROP_DOWN,XXL,Color,DROP_DOWN,Orange/Navy,,,,,,,,,,,,,Fit,<p>R</p>,Length,<p>65</p>,Width,<p>45</p>,Height,<p>47</p>,Box Quantity,<p>12</p>,Inner Pack Quantity,<p>1</p>,Country Of Origin,<p>BD</p>,Standards,<p></p>,,,,
US768,Variant,,"An innovative style adaptable for multiple uses. Outer jacket contains two useful large patch pockets with hook and loop closures and a concealed hood, whilst the inner jacket has detachable fleece sleeves, 2 roomy side pockets and has full ANSI/ISEA 107 Type R Class 3 certification.",https://d11ak7fd9ypfb7.cloudfront.net/styles1100px/US768ONR.jpg,,0.0,TRUE,InStock,2.1,,US768ONRXXXL,,,,Size,DROP_DOWN,XXXL,Color,DROP_DOWN,Orange/Navy,,,,,,,,,,,,,Fit,<p>R</p>,Length,<p>65</p>,Width,<p>45</p>,Height,<p>47</p>,Box Quantity,<p>12</p>,Inner Pack Quantity,<p>1</p>,Country Of Origin,<p>BD</p>,Standards,<p></p>,,,,
US768,Variant,,"An innovative style adaptable for multiple uses. Outer jacket contains two useful large patch pockets with hook and loop closures and a concealed hood, whilst the inner jacket has detachable fleece sleeves, 2 roomy side pockets and has full ANSI/ISEA 107 Type R Class 3 certification.",https://d11ak7fd9ypfb7.cloudfront.net/styles1100px/US768YBR.jpg,,0.0,TRUE,InStock,2.17,,US768YBR4XL,,,,Size,DROP_DOWN,4XL,Color,DROP_DOWN,Yellow/Black,,,,,,,,,,,,,Fit,<p>R</p>,Length,<p>65</p>,Width,<p>45</p>,Height,<p>47</p>,Box Quantity,<p>12</p>,Inner Pack Quantity,<p>1</p>,Country Of Origin,<p>BD</p>,Standards,<p></p>,,,,
US768,Variant,,"An innovative style adaptable for multiple uses. Outer jacket contains two useful large patch pockets with hook and loop closures and a concealed hood, whilst the inner jacket has detachable fleece sleeves, 2 roomy side pockets and has full ANSI/ISEA 107 Type R Class 3 certification.",https://d11ak7fd9ypfb7.cloudfront.net/styles1100px/US768YBR.jpg,,0.0,TRUE,InStock,2.24,,US768YBR5XL,,,,Size,DROP_DOWN,5XL,Color,DROP_DOWN,Yellow/Black,,,,,,,,,,,,,Fit,<p>R</p>,Length,<p>65</p>,Width,<p>45</p>,Height,<p>47</p>,Box Quantity,<p>12</p>,Inner Pack Quantity,<p>1</p>,Country Of Origin,<p>BD</p>,Standards,<p></p>,,,,
US768,Variant,,"An innovative style adaptable for multiple uses. Outer jacket contains two useful large patch pockets with hook and loop closures and a concealed hood, whilst the inner jacket has detachable fleece sleeves, 2 roomy side pockets and has full ANSI/ISEA 107 Type R Class 3 certification.",https://d11ak7fd9ypfb7.cloudfront.net/styles1100px/US768YBR.jpg,,0.0,TRUE,InStock,2.3,,US768YBR6XL,,,,Size,DROP_DOWN,6XL,Color,DROP_DOWN,Yellow/Black,,,,,,,,,,,,,Fit,<p>R</p>,Length,<p>65</p>,Width,<p>45</p>,Height,<p>47</p>,Box Quantity,<p>12</p>,Inner Pack Quantity,<p>1</p>,Country Of Origin,<p>BD</p>,Standards,<p></p>,,,,
US768,Variant,,"An innovative style adaptable for multiple uses. Outer jacket contains two useful large patch pockets with hook and loop closures and a concealed hood, whilst the inner jacket has detachable fleece sleeves, 2 roomy side pockets and has full ANSI/ISEA 107 Type R Class 3 certification.",https://d11ak7fd9ypfb7.cloudfront.net/styles1100px/US768YBR.jpg,,0.0,TRUE,InStock,2.36,,US768YBR7XL,,,,Size,DROP_DOWN,7XL,Color,DROP_DOWN,Yellow/Black,,,,,,,,,,,,,Fit,<p>R</p>,Length,<p>65</p>,Width,<p>45</p>,Height,<p>47</p>,Box Quantity,<p>12</p>,Inner Pack Quantity,<p>1</p>,Country Of Origin,<p>BD</p>,Standards,<p></p>,,,,
US768,Variant,,"An innovative style adaptable for multiple uses. Outer jacket contains two useful large patch pockets with hook and loop closures and a concealed hood, whilst the inner jacket has detachable fleece sleeves, 2 roomy side pockets and has full ANSI/ISEA 107 Type R Class 3 certification.",https://d11ak7fd9ypfb7.cloudfront.net/styles1100px/US768YBR.jpg,,0.0,TRUE,InStock,1.89,,US768YBRL,,,,Size,DROP_DOWN,L,Color,DROP_DOWN,Yellow/Black,,,,,,,,,,,,,Fit,<p>R</p>,Length,<p>65</p>,Width,<p>45</p>,Height,<p>47</p>,Box Quantity,<p>12</p>,Inner Pack Quantity,<p>1</p>,Country Of Origin,<p>BD</p>,Standards,<p></p>,,,,
US768,Variant,,"An innovative style adaptable for multiple uses. Outer jacket contains two useful large patch pockets with hook and loop closures and a concealed hood, whilst the inner jacket has detachable fleece sleeves, 2 roomy side pockets and has full ANSI/ISEA 107 Type R Class 3 certification.",https://d11ak7fd9ypfb7.cloudfront.net/styles1100px/US768YBR.jpg,,0.0,TRUE,InStock,1.82,,US768YBRM,,,,Size,DROP_DOWN,M,Color,DROP_DOWN,Yellow/Black,,,,,,,,,,,,,Fit,<p>R</p>,Length,<p>65</p>,Width,<p>45</p>,Height,<p>47</p>,Box Quantity,<p>12</p>,Inner Pack Quantity,<p>1</p>,Country Of Origin,<p>BD</p>,Standards,<p></p>,,,,
US768,Variant,,"An innovative style adaptable for multiple uses. Outer jacket contains two useful large patch pockets with hook and loop closures and a concealed hood, whilst the inner jacket has detachable fleece sleeves, 2 roomy side pockets and has full ANSI/ISEA 107 Type R Class 3 certification.",https://d11ak7fd9ypfb7.cloudfront.net/styles1100px/US768YBR.jpg,,0.0,TRUE,InStock,1.75,,US768YBRS,,,,Size,DROP_DOWN,S,Color,DROP_DOWN,Yellow/Black,,,,,,,,,,,,,Fit,<p>R</p>,Length,<p>65</p>,Width,<p>45</p>,Height,<p>47</p>,Box Quantity,<p>12</p>,Inner Pack Quantity,<p>1</p>,Country Of Origin,<p>BD</p>,Standards,<p></p>,,,,
US768,Variant,,"An innovative style adaptable for multiple uses. Outer jacket contains two useful large patch pockets with hook and loop closures and a concealed hood, whilst the inner jacket has detachable fleece sleeves, 2 roomy side pockets and has full ANSI/ISEA 107 Type R Class 3 certification.",https://d11ak7fd9ypfb7.cloudfront.net/styles1100px/US768YBR.jpg,,0.0,TRUE,InStock,1.96,,US768YBRXL,,,,Size,DROP_DOWN,XL,Color,DROP_DOWN,Yellow/Black,,,,,,,,,,,,,Fit,<p>R</p>,Length,<p>65</p>,Width,<p>45</p>,Height,<p>47</p>,Box Quantity,<p>12</p>,Inner Pack Quantity,<p>1</p>,Country Of Origin,<p>BD</p>,Standards,<p></p>,,,,
US768,Variant,,"An innovative style adaptable for multiple uses. Outer jacket contains two useful large patch pockets with hook and loop closures and a concealed hood, whilst the inner jacket has detachable fleece sleeves, 2 roomy side pockets and has full ANSI/ISEA 107 Type R Class 3 certification.",https://d11ak7fd9ypfb7.cloudfront.net/styles1100px/US768YBR.jpg,,0.0,TRUE,InStock,2.03,,US768YBRXXL,,,,Size,DROP_DOWN,XXL,Color,DROP_DOWN,Yellow/Black,,,,,,,,,,,,,Fit,<p>R</p>,Length,<p>65</p>,Width,<p>45</p>,Height,<p>47</p>,Box Quantity,<p>12</p>,Inner Pack Quantity,<p>1</p>,Country Of Origin,<p>BD</p>,Standards,<p></p>,,,,
US768,Variant,,"An innovative style adaptable for multiple uses. Outer jacket contains two useful large patch pockets with hook and loop closures and a concealed hood, whilst the inner jacket has detachable fleece sleeves, 2 roomy side pockets and has full ANSI/ISEA 107 Type R Class 3 certification.",https://d11ak7fd9ypfb7.cloudfront.net/styles1100px/US768YBR.jpg,,0.0,TRUE,InStock,2.1,,US768YBRXXXL,,,,Size,DROP_DOWN,XXXL,Color,DROP_DOWN,Yellow/Black,,,,,,,,,,,,,Fit,<p>R</p>,Length,<p>65</p>,Width,<p>45</p>,Height,<p>47</p>,Box Quantity,<p>12</p>,Inner Pack Quantity,<p>1</p>,Country Of Origin,<p>BD</p>,Standards,<p></p>,,,,
US768,Variant,,"An innovative style adaptable for multiple uses. Outer jacket contains two useful large patch pockets with hook and loop closures and a concealed hood, whilst the inner jacket has detachable fleece sleeves, 2 roomy side pockets and has full ANSI/ISEA 107 Type R Class 3 certification.",https://d11ak7fd9ypfb7.cloudfront.net/styles1100px/US768YNR.jpg,,0.0,TRUE,InStock,2.17,,US768YNR4XL,,,,Size,DROP_DOWN,4XL,Color,DROP_DOWN,Yellow/Navy,,,,,,,,,,,,,Fit,<p>R</p>,Length,<p>65</p>,Width,<p>45</p>,Height,<p>47</p>,Box Quantity,<p>12</p>,Inner Pack Quantity,<p>1</p>,Country Of Origin,<p>BD</p>,Standards,<p></p>,,,,
US768,Variant,,"An innovative style adaptable for multiple uses. Outer jacket contains two useful large patch pockets with hook and loop closures and a concealed hood, whilst the inner jacket has detachable fleece sleeves, 2 roomy side pockets and has full ANSI/ISEA 107 Type R Class 3 certification.",https://d11ak7fd9ypfb7.cloudfront.net/styles1100px/US768YNR.jpg,,0.0,TRUE,InStock,1.89,,US768YNRL,,,,Size,DROP_DOWN,L,Color,DROP_DOWN,Yellow/Navy,,,,,,,,,,,,,Fit,<p>R</p>,Length,<p>65</p>,Width,<p>45</p>,Height,<p>47</p>,Box Quantity,<p>6</p>,Inner Pack Quantity,<p>1</p>,Country Of Origin,<p>BD</p>,Standards,<p></p>,,,,
US768,Variant,,"An innovative style adaptable for multiple uses. Outer jacket contains two useful large patch pockets with hook and loop closures and a concealed hood, whilst the inner jacket has detachable fleece sleeves, 2 roomy side pockets and has full ANSI/ISEA 107 Type R Class 3 certification.",https://d11ak7fd9ypfb7.cloudfront.net/styles1100px/US768YNR.jpg,,0.0,TRUE,InStock,1.82,,US768YNRM,,,,Size,DROP_DOWN,M,Color,DROP_DOWN,Yellow/Navy,,,,,,,,,,,,,Fit,<p>R</p>,Length,<p>65</p>,Width,<p>45</p>,Height,<p>47</p>,Box Quantity,<p>6</p>,Inner Pack Quantity,<p>1</p>,Country Of Origin,<p>BD</p>,Standards,<p></p>,,,,
US768,Variant,,"An innovative style adaptable for multiple uses. Outer jacket contains two useful large patch pockets with hook and loop closures and a concealed hood, whilst the inner jacket has detachable fleece sleeves, 2 roomy side pockets and has full ANSI/ISEA 107 Type R Class 3 certification.",https://d11ak7fd9ypfb7.cloudfront.net/styles1100px/US768YNR.jpg,,0.0,TRUE,InStock,1.75,,US768YNRS,,,,Size,DROP_DOWN,S,Color,DROP_DOWN,Yellow/Navy,,,,,,,,,,,,,Fit,<p>R</p>,Length,<p>65</p>,Width,<p>45</p>,Height,<p>47</p>,Box Quantity,<p>6</p>,Inner Pack Quantity,<p>1</p>,Country Of Origin,<p>BD</p>,Standards,<p></p>,,,,
US768,Variant,,"An innovative style adaptable for multiple uses. Outer jacket contains two useful large patch pockets with hook and loop closures and a concealed hood, whilst the inner jacket has detachable fleece sleeves, 2 roomy side pockets and has full ANSI/ISEA 107 Type R Class 3 certification.",https://d11ak7fd9ypfb7.cloudfront.net/styles1100px/US768YNR.jpg,,0.0,TRUE,InStock,1.96,,US768YNRXL,,,,Size,DROP_DOWN,XL,Color,DROP_DOWN,Yellow/Navy,,,,,,,,,,,,,Fit,<p>R</p>,Length,<p>65</p>,Width,<p>45</p>,Height,<p>47</p>,Box Quantity,<p>6</p>,Inner Pack Quantity,<p>1</p>,Country Of Origin,<p>BD</p>,Standards,<p></p>,,,,
US768,Variant,,"An innovative style adaptable for multiple uses. Outer jacket contains two useful large patch pockets with hook and loop closures and a concealed hood, whilst the inner jacket has detachable fleece sleeves, 2 roomy side pockets and has full ANSI/ISEA 107 Type R Class 3 certification.",https://d11ak7fd9ypfb7.cloudfront.net/styles1100px/US768YNR.jpg,,0.0,TRUE,InStock,2.03,,US768YNRXXL,,,,Size,DROP_DOWN,XXL,Color,DROP_DOWN,Yellow/Navy,,,,,,,,,,,,,Fit,<p>R</p>,Length,<p>65</p>,Width,<p>45</p>,Height,<p>47</p>,Box Quantity,<p>6</p>,Inner Pack Quantity,<p>1</p>,Country Of Origin,<p>BD</p>,Standards,<p></p>,,,,
US768,Variant,,"An innovative style adaptable for multiple uses. Outer jacket contains two useful large patch pockets with hook and loop closures and a concealed hood, whilst the inner jacket has detachable fleece sleeves, 2 roomy side pockets and has full ANSI/ISEA 107 Type R Class 3 certification.",https://d11ak7fd9ypfb7.cloudfront.net/styles1100px/US768YNR.jpg,,0.0,TRUE,InStock,2.1,,US768YNRXXXL,,,,Size,DROP_DOWN,XXXL,Color,DROP_DOWN,Yellow/Navy,,,,,,,,,,,,,Fit,<p>R</p>,Length,<p>65</p>,Width,<p>45</p>,Height,<p>47</p>,Box Quantity,<p>6</p>,Inner Pack Quantity,<p>1</p>,Country Of Origin,<p>BD</p>,Standards,<p></p>,,,,
US773,Product,US773 - ,,https://d11ak7fd9ypfb7.cloudfront.net/styles1100px/US773YER.jpg,139.0,0.0,TRUE,InStock,1.995,,US773YER4XL,,,,Size,DROP_DOWN,M;L;XL;XXL;XXXL;4XL;5XL;6XL,Color,DROP_DOWN,Yellow,,,,,,,,,,,,,Fit,<p>R</p>,Length,<p>65</p>,Width,<p>40</p>,Height,<p>47</p>,Box Quantity,<p>12</p>,Inner Pack Quantity,<p>1</p>,Country Of Origin,<p>MM</p>,Standards,<p></p>,,,,
US773,Variant,,,https://d11ak7fd9ypfb7.cloudfront.net/styles1100px/US773YER.jpg,,0.0,TRUE,InStock,1.995,,US773YER4XL,,,,Size,DROP_DOWN,4XL,Color,DROP_DOWN,Yellow,,,,,,,,,,,,,Fit,<p>R</p>,Length,<p>65</p>,Width,<p>40</p>,Height,<p>47</p>,Box Quantity,<p>12</p>,Inner Pack Quantity,<p>1</p>,Country Of Origin,<p>MM</p>,Standards,<p></p>,,,,
US773,Variant,,,https://d11ak7fd9ypfb7.cloudfront.net/styles1100px/US773YER.jpg,,0.0,TRUE,InStock,2.03,,US773YER5XL,,,,Size,DROP_DOWN,5XL,Color,DROP_DOWN,Yellow,,,,,,,,,,,,,Fit,<p>R</p>,Length,<p>65</p>,Width,<p>40</p>,Height,<p>47</p>,Box Quantity,<p>12</p>,Inner Pack Quantity,<p>1</p>,Country Of Origin,<p>MM</p>,Standards,<p></p>,,,,
US773,Variant,,,https://d11ak7fd9ypfb7.cloudfront.net/styles1100px/US773YER.jpg,,0.0,TRUE,InStock,2.1,,US773YER6XL,,,,Size,DROP_DOWN,6XL,Color,DROP_DOWN,Yellow,,,,,,,,,,,,,Fit,<p>R</p>,Length,<p>65</p>,Width,<p>40</p>,Height,<p>47</p>,Box Quantity,<p>12</p>,Inner Pack Quantity,<p>1</p>,Country Of Origin,<p>MM</p>,Standards,<p></p>,,,,
US773,Variant,,,https://d11ak7fd9ypfb7.cloudfront.net/styles1100px/US773YER.jpg,,0.0,TRUE,InStock,1.873,,US773YERL,,,,Size,DROP_DOWN,L,Color,DROP_DOWN,Yellow,,,,,,,,,,,,,Fit,<p>R</p>,Length,<p>65</p>,Width,<p>40</p>,Height,<p>47</p>,Box Quantity,<p>12</p>,Inner Pack Quantity,<p>1</p>,Country Of Origin,<p>MM</p>,Standards,<p></p>,,,,
US773,Variant,,,https://d11ak7fd9ypfb7.cloudfront.net/styles1100px/US773YER.jpg,,0.0,TRUE,InStock,1.82,,US773YERM,,,,Size,DROP_DOWN,M,Color,DROP_DOWN,Yellow,,,,,,,,,,,,,Fit,<p>R</p>,Length,<p>65</p>,Width,<p>40</p>,Height,<p>47</p>,Box Quantity,<p>12</p>,Inner Pack Quantity,<p>1</p>,Country Of Origin,<p>MM</p>,Standards,<p></p>,,,,
US773,Variant,,,https://d11ak7fd9ypfb7.cloudfront.net/styles1100px/US773YER.jpg,,0.0,TRUE,InStock,1.927,,US773YERXL,,,,Size,DROP_DOWN,XL,Color,DROP_DOWN,Yellow,,,,,,,,,,,,,Fit,<p>R</p>,Length,<p>65</p>,Width,<p>40</p>,Height,<p>47</p>,Box Quantity,<p>12</p>,Inner Pack Quantity,<p>1</p>,Country Of Origin,<p>MM</p>,Standards,<p></p>,,,,
US773,Variant,,,https://d11ak7fd9ypfb7.cloudfront.net/styles1100px/US773YER.jpg,,0.0,TRUE,InStock,1.961,,US773YERXXL,,,,Size,DROP_DOWN,XXL,Color,DROP_DOWN,Yellow,,,,,,,,,,,,,Fit,<p>R</p>,Length,<p>65</p>,Width,<p>40</p>,Height,<p>47</p>,Box Quantity,<p>12</p>,Inner Pack Quantity,<p>1</p>,Country Of Origin,<p>MM</p>,Standards,<p></p>,,,,
US773,Variant,,,https://d11ak7fd9ypfb7.cloudfront.net/styles1100px/US773YER.jpg,,0.0,TRUE,InStock,1.985,,US773YERXXXL,,,,Size,DROP_DOWN,XXXL,Color,DROP_DOWN,Yellow,,,,,,,,,,,,,Fit,<p>R</p>,Length,<p>65</p>,Width,<p>40</p>,Height,<p>47</p>,Box Quantity,<p>12</p>,Inner Pack Quantity,<p>1</p>,Country Of Origin,<p>MM</p>,Standards,<p></p>,,,,
UTK50,Product,UTK50 - Softshell Jacket (3L),"Up-to-the-minute and stylish, this innovative jacket offers a windproof, water-resistant breathable membrane with the added luxury of a laminated micro polar fleece. The softshell material stretches for added freedom of movement.",https://d11ak7fd9ypfb7.cloudfront.net/styles1100px/UTK50BKR.jpg,57.4,0.0,TRUE,InStock,0.9,,UTK50BKR4XL,,,,Size,DROP_DOWN,S;M;L;XL;XXL;XXXL;4XL;5XL,Color,DROP_DOWN,Navy;Black,,,,,,,,,,,,,Fit,<p>R</p>,Length,<p>65</p>,Width,<p>45</p>,Height,<p>40</p>,Box Quantity,<p>24</p>,Inner Pack Quantity,<p>1</p>,Country Of Origin,<p>BD</p>,Standards,<p></p>,,,,
UTK50,Variant,,"Up-to-the-minute and stylish, this innovative jacket offers a windproof, water-resistant breathable membrane with the added luxury of a laminated micro polar fleece. The softshell material stretches for added freedom of movement.",https://d11ak7fd9ypfb7.cloudfront.net/styles1100px/UTK50BKR.jpg,,0.0,TRUE,InStock,0.9,,UTK50BKR4XL,,,,Size,DROP_DOWN,4XL,Color,DROP_DOWN,Black,,,,,,,,,,,,,Fit,<p>R</p>,Length,<p>65</p>,Width,<p>45</p>,Height,<p>40</p>,Box Quantity,<p>24</p>,Inner Pack Quantity,<p>1</p>,Country Of Origin,<p>BD</p>,Standards,<p></p>,,,,
UTK50,Variant,,"Up-to-the-minute and stylish, this innovative jacket offers a windproof, water-resistant breathable membrane with the added luxury of a laminated micro polar fleece. The softshell material stretches for added freedom of movement.",https://d11ak7fd9ypfb7.cloudfront.net/styles1100px/UTK50BKR.jpg,,0.0,TRUE,InStock,0.94,,UTK50BKR5XL,,,,Size,DROP_DOWN,5XL,Color,DROP_DOWN,Black,,,,,,,,,,,,,Fit,<p>R</p>,Length,<p>65</p>,Width,<p>45</p>,Height,<p>40</p>,Box Quantity,<p>24</p>,Inner Pack Quantity,<p>1</p>,Country Of Origin,<p>BD</p>,Standards,<p></p>,,,,
UTK50,Variant,,"Up-to-the-minute and stylish, this innovative jacket offers a windproof, water-resistant breathable membrane with the added luxury of a laminated micro polar fleece. The softshell material stretches for added freedom of movement.",https://d11ak7fd9ypfb7.cloudfront.net/styles1100px/UTK50BKR.jpg,,0.0,TRUE,InStock,0.74,,UTK50BKRL,,,,Size,DROP_DOWN,L,Color,DROP_DOWN,Black,,,,,,,,,,,,,Fit,<p>R</p>,Length,<p>65</p>,Width,<p>45</p>,Height,<p>40</p>,Box Quantity,<p>24</p>,Inner Pack Quantity,<p>1</p>,Country Of Origin,<p>BD</p>,Standards,<p></p>,,,,
UTK50,Variant,,"Up-to-the-minute and stylish, this innovative jacket offers a windproof, water-resistant breathable membrane with the added luxury of a laminated micro polar fleece. The softshell material stretches for added freedom of movement.",https://d11ak7fd9ypfb7.cloudfront.net/styles1100px/UTK50BKR.jpg,,0.0,TRUE,InStock,0.7,,UTK50BKRM,,,,Size,DROP_DOWN,M,Color,DROP_DOWN,Black,,,,,,,,,,,,,Fit,<p>R</p>,Length,<p>65</p>,Width,<p>45</p>,Height,<p>40</p>,Box Quantity,<p>24</p>,Inner Pack Quantity,<p>1</p>,Country Of Origin,<p>BD</p>,Standards,<p></p>,,,,
UTK50,Variant,,"Up-to-the-minute and stylish, this innovative jacket offers a windproof, water-resistant breathable membrane with the added luxury of a laminated micro polar fleece. The softshell material stretches for added freedom of movement.",https://d11ak7fd9ypfb7.cloudfront.net/styles1100px/UTK50BKR.jpg,,0.0,TRUE,InStock,0.66,,UTK50BKRS,,,,Size,DROP_DOWN,S,Color,DROP_DOWN,Black,,,,,,,,,,,,,Fit,<p>R</p>,Length,<p>65</p>,Width,<p>45</p>,Height,<p>40</p>,Box Quantity,<p>24</p>,Inner Pack Quantity,<p>1</p>,Country Of Origin,<p>BD</p>,Standards,<p></p>,,,,
UTK50,Variant,,"Up-to-the-minute and stylish, this innovative jacket offers a windproof, water-resistant breathable membrane with the added luxury of a laminated micro polar fleece. The softshell material stretches for added freedom of movement.",https://d11ak7fd9ypfb7.cloudfront.net/styles1100px/UTK50BKR.jpg,,0.0,TRUE,InStock,0.78,,UTK50BKRXL,,,,Size,DROP_DOWN,XL,Color,DROP_DOWN,Black,,,,,,,,,,,,,Fit,<p>R</p>,Length,<p>65</p>,Width,<p>45</p>,Height,<p>40</p>,Box Quantity,<p>24</p>,Inner Pack Quantity,<p>1</p>,Country Of Origin,<p>BD</p>,Standards,<p></p>,,,,
UTK50,Variant,,"Up-to-the-minute and stylish, this innovative jacket offers a windproof, water-resistant breathable membrane with the added luxury of a laminated micro polar fleece. The softshell material stretches for added freedom of movement.",https://d11ak7fd9ypfb7.cloudfront.net/styles1100px/UTK50BKR.jpg,,0.0,TRUE,InStock,0.82,,UTK50BKRXXL,,,,Size,DROP_DOWN,XXL,Color,DROP_DOWN,Black,,,,,,,,,,,,,Fit,<p>R</p>,Length,<p>65</p>,Width,<p>45</p>,Height,<p>40</p>,Box Quantity,<p>24</p>,Inner Pack Quantity,<p>1</p>,Country Of Origin,<p>BD</p>,Standards,<p></p>,,,,
UTK50,Variant,,"Up-to-the-minute and stylish, this innovative jacket offers a windproof, water-resistant breathable membrane with the added luxury of a laminated micro polar fleece. The softshell material stretches for added freedom of movement.",https://d11ak7fd9ypfb7.cloudfront.net/styles1100px/UTK50BKR.jpg,,0.0,TRUE,InStock,0.86,,UTK50BKRXXXL,,,,Size,DROP_DOWN,XXXL,Color,DROP_DOWN,Black,,,,,,,,,,,,,Fit,<p>R</p>,Length,<p>65</p>,Width,<p>45</p>,Height,<p>40</p>,Box Quantity,<p>24</p>,Inner Pack Quantity,<p>1</p>,Country Of Origin,<p>BD</p>,Standards,<p></p>,,,,
UTK50,Variant,,"Up-to-the-minute and stylish, this innovative jacket offers a windproof, water-resistant breathable membrane with the added luxury of a laminated micro polar fleece. The softshell material stretches for added freedom of movement.",https://d11ak7fd9ypfb7.cloudfront.net/styles1100px/UTK50NAR.jpg,,0.0,TRUE,InStock,0.74,,UTK50NAR4XL,,,,Size,DROP_DOWN,4XL,Color,DROP_DOWN,Navy,,,,,,,,,,,,,Fit,<p>R</p>,Length,<p>65</p>,Width,<p>45</p>,Height,<p>40</p>,Box Quantity,<p>24</p>,Inner Pack Quantity,<p>1</p>,Country Of Origin,<p>BD</p>,Standards,<p></p>,,,,
UTK50,Variant,,"Up-to-the-minute and stylish, this innovative jacket offers a windproof, water-resistant breathable membrane with the added luxury of a laminated micro polar fleece. The softshell material stretches for added freedom of movement.",https://d11ak7fd9ypfb7.cloudfront.net/styles1100px/UTK50NAR.jpg,,0.0,TRUE,InStock,0.74,,UTK50NAR5XL,,,,Size,DROP_DOWN,5XL,Color,DROP_DOWN,Navy,,,,,,,,,,,,,Fit,<p>R</p>,Length,<p>65</p>,Width,<p>45</p>,Height,<p>40</p>,Box Quantity,<p>24</p>,Inner Pack Quantity,<p>1</p>,Country Of Origin,<p>BD</p>,Standards,<p></p>,,,,
UTK50,Variant,,"Up-to-the-minute and stylish, this innovative jacket offers a windproof, water-resistant breathable membrane with the added luxury of a laminated micro polar fleece. The softshell material stretches for added freedom of movement.",https://d11ak7fd9ypfb7.cloudfront.net/styles1100px/UTK50NAR.jpg,,0.0,TRUE,InStock,0.74,,UTK50NARL,,,,Size,DROP_DOWN,L,Color,DROP_DOWN,Navy,,,,,,,,,,,,,Fit,<p>R</p>,Length,<p>65</p>,Width,<p>40</p>,Height,<p>40</p>,Box Quantity,<p>24</p>,Inner Pack Quantity,<p>1</p>,Country Of Origin,<p>BD</p>,Standards,<p></p>,,,,
UTK50,Variant,,"Up-to-the-minute and stylish, this innovative jacket offers a windproof, water-resistant breathable membrane with the added luxury of a laminated micro polar fleece. The softshell material stretches for added freedom of movement.",https://d11ak7fd9ypfb7.cloudfront.net/styles1100px/UTK50NAR.jpg,,0.0,TRUE,InStock,0.7,,UTK50NARM,,,,Size,DROP_DOWN,M,Color,DROP_DOWN,Navy,,,,,,,,,,,,,Fit,<p>R</p>,Length,<p>65</p>,Width,<p>40</p>,Height,<p>40</p>,Box Quantity,<p>24</p>,Inner Pack Quantity,<p>1</p>,Country Of Origin,<p>BD</p>,Standards,<p></p>,,,,
UTK50,Variant,,"Up-to-the-minute and stylish, this innovative jacket offers a windproof, water-resistant breathable membrane with the added luxury of a laminated micro polar fleece. The softshell material stretches for added freedom of movement.",https://d11ak7fd9ypfb7.cloudfront.net/styles1100px/UTK50NAR.jpg,,0.0,TRUE,InStock,0.66,,UTK50NARS,,,,Size,DROP_DOWN,S,Color,DROP_DOWN,Navy,,,,,,,,,,,,,Fit,<p>R</p>,Length,<p>65</p>,Width,<p>45</p>,Height,<p>40</p>,Box Quantity,<p>24</p>,Inner Pack Quantity,<p>1</p>,Country Of Origin,<p>BD</p>,Standards,<p></p>,,,,
UTK50,Variant,,"Up-to-the-minute and stylish, this innovative jacket offers a windproof, water-resistant breathable membrane with the added luxury of a laminated micro polar fleece. The softshell material stretches for added freedom of movement.",https://d11ak7fd9ypfb7.cloudfront.net/styles1100px/UTK50NAR.jpg,,0.0,TRUE,InStock,0.78,,UTK50NARXL,,,,Size,DROP_DOWN,XL,Color,DROP_DOWN,Navy,,,,,,,,,,,,,Fit,<p>R</p>,Length,<p>65</p>,Width,<p>40</p>,Height,<p>40</p>,Box Quantity,<p>24</p>,Inner Pack Quantity,<p>1</p>,Country Of Origin,<p>BD</p>,Standards,<p></p>,,,,
UTK50,Variant,,"Up-to-the-minute and stylish, this innovative jacket offers a windproof, water-resistant breathable membrane with the added luxury of a laminated micro polar fleece. The softshell material stretches for added freedom of movement.",https://d11ak7fd9ypfb7.cloudfront.net/styles1100px/UTK50NAR.jpg,,0.0,TRUE,InStock,0.82,,UTK50NARXXL,,,,Size,DROP_DOWN,XXL,Color,DROP_DOWN,Navy,,,,,,,,,,,,,Fit,<p>R</p>,Length,<p>65</p>,Width,<p>45</p>,Height,<p>40</p>,Box Quantity,<p>24</p>,Inner Pack Quantity,<p>1</p>,Country Of Origin,<p>BD</p>,Standards,<p></p>,,,,
UTK50,Variant,,"Up-to-the-minute and stylish, this innovative jacket offers a windproof, water-resistant breathable membrane with the added luxury of a laminated micro polar fleece. The softshell material stretches for added freedom of movement.",https://d11ak7fd9ypfb7.cloudfront.net/styles1100px/UTK50NAR.jpg,,0.0,TRUE,InStock,0.86,,UTK50NARXXXL,,,,Size,DROP_DOWN,XXXL,Color,DROP_DOWN,Navy,,,,,,,,,,,,,Fit,<p>R</p>,Length,<p>65</p>,Width,<p>45</p>,Height,<p>40</p>,Box Quantity,<p>24</p>,Inner Pack Quantity,<p>1</p>,Country Of Origin,<p>BD</p>,Standards,<p></p>,,,,
VA120,Product,VA120 - Vending PU Palm Glove,Specially packed for vending machines Compression packed to maximise machine capacity Perfect for intricate tasks Smooth PU coating for increased abrasion resistance Palm dipped to increase dexterity and ventilation,https://d11ak7fd9ypfb7.cloudfront.net/styles1100px/VA120G7R.jpg,1.66,0.0,TRUE,InStock,0.032,,VA120G7RL,,,,Size,DROP_DOWN,XS;S;M;L;XL;XXL,Color,DROP_DOWN,Grey;White;Black,,,,,,,,,,,,,Fit,<p>R</p>,Length,<p>65</p>,Width,<p>45</p>,Height,<p>58</p>,Box Quantity,<p>432</p>,Inner Pack Quantity,<p>24</p>,Country Of Origin,<p>CN</p>,Standards,<ul><li>EN 420</li><li>AS/NZS 2161 .2</li><li>AS/NZS 2161 .3</li><li>ANSI/ISEA 105: 2016 CUT Level  A1</li><li>EN 407</li><li>EN388:2016 +A1:2018 -  3131X</li></ul>,,,,
VA120,Variant,,Specially packed for vending machines Compression packed to maximise machine capacity Perfect for intricate tasks Smooth PU coating for increased abrasion resistance Palm dipped to increase dexterity and ventilation,https://d11ak7fd9ypfb7.cloudfront.net/styles1100px/VA120G7R.jpg,,0.0,TRUE,InStock,0.032,,VA120G7RL,,,,Size,DROP_DOWN,L,Color,DROP_DOWN,Grey,,,,,,,,,,,,,Fit,<p>R</p>,Length,<p>65</p>,Width,<p>45</p>,Height,<p>58</p>,Box Quantity,<p>432</p>,Inner Pack Quantity,<p>24</p>,Country Of Origin,<p>CN</p>,Standards,<ul><li>EN 420</li><li>AS/NZS 2161 .2</li><li>AS/NZS 2161 .3</li><li>ANSI/ISEA 105: 2016 CUT Level  A1</li><li>EN 407</li><li>EN388:2016 +A1:2018 -  3131X</li></ul>,,,,
VA120,Variant,,Specially packed for vending machines Compression packed to maximise machine capacity Perfect for intricate tasks Smooth PU coating for increased abrasion resistance Palm dipped to increase dexterity and ventilation,https://d11ak7fd9ypfb7.cloudfront.net/styles1100px/VA120G7R.jpg,,0.0,TRUE,InStock,0.03,,VA120G7RM,,,,Size,DROP_DOWN,M,Color,DROP_DOWN,Grey,,,,,,,,,,,,,Fit,<p>R</p>,Length,<p>65</p>,Width,<p>45</p>,Height,<p>58</p>,Box Quantity,<p>432</p>,Inner Pack Quantity,<p>24</p>,Country Of Origin,<p>CN</p>,Standards,<ul><li>EN 420</li><li>AS/NZS 2161 .2</li><li>AS/NZS 2161 .3</li><li>ANSI/ISEA 105: 2016 CUT Level  A1</li><li>EN 407</li><li>EN388:2016 +A1:2018 -  3131X</li></ul>,,,,
VA120,Variant,,Specially packed for vending machines Compression packed to maximise machine capacity Perfect for intricate tasks Smooth PU coating for increased abrasion resistance Palm dipped to increase dexterity and ventilation,https://d11ak7fd9ypfb7.cloudfront.net/styles1100px/VA120G7R.jpg,,0.0,TRUE,InStock,0.029,,VA120G7RS,,,,Size,DROP_DOWN,S,Color,DROP_DOWN,Grey,,,,,,,,,,,,,Fit,<p>R</p>,Length,<p>65</p>,Width,<p>45</p>,Height,<p>58</p>,Box Quantity,<p>432</p>,Inner Pack Quantity,<p>24</p>,Country Of Origin,<p>CN</p>,Standards,<ul><li>EN 420</li><li>AS/NZS 2161 .2</li><li>AS/NZS 2161 .3</li><li>ANSI/ISEA 105: 2016 CUT Level  A1</li><li>EN 407</li><li>EN388:2016 +A1:2018 -  3131X</li></ul>,,,,
VA120,Variant,,Specially packed for vending machines Compression packed to maximise machine capacity Perfect for intricate tasks Smooth PU coating for increased abrasion resistance Palm dipped to increase dexterity and ventilation,https://d11ak7fd9ypfb7.cloudfront.net/styles1100px/VA120G7R.jpg,,0.0,TRUE,InStock,0.034,,VA120G7RXL,,,,Size,DROP_DOWN,XL,Color,DROP_DOWN,Grey,,,,,,,,,,,,,Fit,<p>R</p>,Length,<p>65</p>,Width,<p>45</p>,Height,<p>58</p>,Box Quantity,<p>432</p>,Inner Pack Quantity,<p>24</p>,Country Of Origin,<p>CN</p>,Standards,<ul><li>EN 420</li><li>AS/NZS 2161 .2</li><li>AS/NZS 2161 .3</li><li>ANSI/ISEA 105: 2016 CUT Level  A1</li><li>EN 407</li><li>EN388:2016 +A1:2018 -  3131X</li></ul>,,,,
VA120,Variant,,Specially packed for vending machines Compression packed to maximise machine capacity Perfect for intricate tasks Smooth PU coating for increased abrasion resistance Palm dipped to increase dexterity and ventilation,https://d11ak7fd9ypfb7.cloudfront.net/styles1100px/VA120G7R.jpg,,0.0,TRUE,InStock,0.027,,VA120G7RXS,,,,Size,DROP_DOWN,XS,Color,DROP_DOWN,Grey,,,,,,,,,,,,,Fit,<p>R</p>,Length,<p>65</p>,Width,<p>45</p>,Height,<p>58</p>,Box Quantity,<p>432</p>,Inner Pack Quantity,<p>24</p>,Country Of Origin,<p>CN</p>,Standards,<ul><li>EN 420</li><li>AS/NZS 2161 .2</li><li>AS/NZS 2161 .3</li><li>ANSI/ISEA 105: 2016 CUT Level  A1</li><li>EN 407</li><li>EN388:2016 +A1:2018 -  3131X</li></ul>,,,,
VA120,Variant,,Specially packed for vending machines Compression packed to maximise machine capacity Perfect for intricate tasks Smooth PU coating for increased abrasion resistance Palm dipped to increase dexterity and ventilation,https://d11ak7fd9ypfb7.cloudfront.net/styles1100px/VA120K8R.jpg,,0.0,TRUE,InStock,0.032,,VA120K8RL,,,,Size,DROP_DOWN,L,Color,DROP_DOWN,Black,,,,,,,,,,,,,Fit,<p>R</p>,Length,<p>65</p>,Width,<p>45</p>,Height,<p>58</p>,Box Quantity,<p>432</p>,Inner Pack Quantity,<p>24</p>,Country Of Origin,<p>CN</p>,Standards,<ul><li>EN 420</li><li>AS/NZS 2161 .2</li><li>AS/NZS 2161 .3</li><li>ANSI/ISEA 105: 2016 CUT Level  A1</li><li>EN 407</li><li>EN388:2016 +A1:2018 -  3131X</li></ul>,,,,
VA120,Variant,,Specially packed for vending machines Compression packed to maximise machine capacity Perfect for intricate tasks Smooth PU coating for increased abrasion resistance Palm dipped to increase dexterity and ventilation,https://d11ak7fd9ypfb7.cloudfront.net/styles1100px/VA120K8R.jpg,,0.0,TRUE,InStock,0.03,,VA120K8RM,,,,Size,DROP_DOWN,M,Color,DROP_DOWN,Black,,,,,,,,,,,,,Fit,<p>R</p>,Length,<p>65</p>,Width,<p>45</p>,Height,<p>58</p>,Box Quantity,<p>432</p>,Inner Pack Quantity,<p>24</p>,Country Of Origin,<p>CN</p>,Standards,<ul><li>EN 420</li><li>AS/NZS 2161 .2</li><li>AS/NZS 2161 .3</li><li>ANSI/ISEA 105: 2016 CUT Level  A1</li><li>EN 407</li><li>EN388:2016 +A1:2018 -  3131X</li></ul>,,,,
VA120,Variant,,Specially packed for vending machines Compression packed to maximise machine capacity Perfect for intricate tasks Smooth PU coating for increased abrasion resistance Palm dipped to increase dexterity and ventilation,https://d11ak7fd9ypfb7.cloudfront.net/styles1100px/VA120K8R.jpg,,0.0,TRUE,InStock,0.029,,VA120K8RS,,,,Size,DROP_DOWN,S,Color,DROP_DOWN,Black,,,,,,,,,,,,,Fit,<p>R</p>,Length,<p>65</p>,Width,<p>45</p>,Height,<p>58</p>,Box Quantity,<p>432</p>,Inner Pack Quantity,<p>24</p>,Country Of Origin,<p>CN</p>,Standards,<ul><li>EN 420</li><li>AS/NZS 2161 .2</li><li>AS/NZS 2161 .3</li><li>ANSI/ISEA 105: 2016 CUT Level  A1</li><li>EN 407</li><li>EN388:2016 +A1:2018 -  3131X</li></ul>,,,,
VA120,Variant,,Specially packed for vending machines Compression packed to maximise machine capacity Perfect for intricate tasks Smooth PU coating for increased abrasion resistance Palm dipped to increase dexterity and ventilation,https://d11ak7fd9ypfb7.cloudfront.net/styles1100px/VA120K8R.jpg,,0.0,TRUE,InStock,0.034,,VA120K8RXL,,,,Size,DROP_DOWN,XL,Color,DROP_DOWN,Black,,,,,,,,,,,,,Fit,<p>R</p>,Length,<p>65</p>,Width,<p>45</p>,Height,<p>58</p>,Box Quantity,<p>432</p>,Inner Pack Quantity,<p>24</p>,Country Of Origin,<p>CN</p>,Standards,<ul><li>EN 420</li><li>AS/NZS 2161 .2</li><li>AS/NZS 2161 .3</li><li>ANSI/ISEA 105: 2016 CUT Level  A1</li><li>EN 407</li><li>EN388:2016 +A1:2018 -  3131X</li></ul>,,,,
VA120,Variant,,Specially packed for vending machines Compression packed to maximise machine capacity Perfect for intricate tasks Smooth PU coating for increased abrasion resistance Palm dipped to increase dexterity and ventilation,https://d11ak7fd9ypfb7.cloudfront.net/styles1100px/VA120K8R.jpg,,0.0,TRUE,InStock,0.027,,VA120K8RXS,,,,Size,DROP_DOWN,XS,Color,DROP_DOWN,Black,,,,,,,,,,,,,Fit,<p>R</p>,Length,<p>65</p>,Width,<p>45</p>,Height,<p>58</p>,Box Quantity,<p>432</p>,Inner Pack Quantity,<p>24</p>,Country Of Origin,<p>CN</p>,Standards,<ul><li>EN 420</li><li>AS/NZS 2161 .2</li><li>AS/NZS 2161 .3</li><li>ANSI/ISEA 105: 2016 CUT Level  A1</li><li>EN 407</li><li>EN388:2016 +A1:2018 -  3131X</li></ul>,,,,
VA120,Variant,,Specially packed for vending machines Compression packed to maximise machine capacity Perfect for intricate tasks Smooth PU coating for increased abrasion resistance Palm dipped to increase dexterity and ventilation,https://d11ak7fd9ypfb7.cloudfront.net/styles1100px/VA120K8R.jpg,,0.0,TRUE,InStock,0.036,,VA120K8RXXL,,,,Size,DROP_DOWN,XXL,Color,DROP_DOWN,Black,,,,,,,,,,,,,Fit,<p>R</p>,Length,<p>65</p>,Width,<p>45</p>,Height,<p>58</p>,Box Quantity,<p>432</p>,Inner Pack Quantity,<p>24</p>,Country Of Origin,<p>CN</p>,Standards,<ul><li>EN 420</li><li>AS/NZS 2161 .2</li><li>AS/NZS 2161 .3</li><li>ANSI/ISEA 105: 2016 CUT Level  A1</li><li>EN 407</li><li>EN388:2016 +A1:2018 -  3131X</li></ul>,,,,
VA120,Variant,,Specially packed for vending machines Compression packed to maximise machine capacity Perfect for intricate tasks Smooth PU coating for increased abrasion resistance Palm dipped to increase dexterity and ventilation,https://d11ak7fd9ypfb7.cloudfront.net/styles1100px/VA120W6R.jpg,,0.0,TRUE,InStock,0.032,,VA120W6RL,,,,Size,DROP_DOWN,L,Color,DROP_DOWN,White,,,,,,,,,,,,,Fit,<p>R</p>,Length,<p>65</p>,Width,<p>45</p>,Height,<p>58</p>,Box Quantity,<p>432</p>,Inner Pack Quantity,<p>24</p>,Country Of Origin,<p>CN</p>,Standards,<ul><li>EN 420</li><li>AS/NZS 2161 .2</li><li>AS/NZS 2161 .3</li><li>ANSI/ISEA 105: 2016 CUT Level  A1</li><li>EN 407</li><li>EN388:2016 +A1:2018 -  3131X</li></ul>,,,,
VA120,Variant,,Specially packed for vending machines Compression packed to maximise machine capacity Perfect for intricate tasks Smooth PU coating for increased abrasion resistance Palm dipped to increase dexterity and ventilation,https://d11ak7fd9ypfb7.cloudfront.net/styles1100px/VA120W6R.jpg,,0.0,TRUE,InStock,0.03,,VA120W6RM,,,,Size,DROP_DOWN,M,Color,DROP_DOWN,White,,,,,,,,,,,,,Fit,<p>R</p>,Length,<p>65</p>,Width,<p>45</p>,Height,<p>58</p>,Box Quantity,<p>432</p>,Inner Pack Quantity,<p>24</p>,Country Of Origin,<p>CN</p>,Standards,<ul><li>EN 420</li><li>AS/NZS 2161 .2</li><li>AS/NZS 2161 .3</li><li>ANSI/ISEA 105: 2016 CUT Level  A1</li><li>EN 407</li><li>EN388:2016 +A1:2018 -  3131X</li></ul>,,,,
VA120,Variant,,Specially packed for vending machines Compression packed to maximise machine capacity Perfect for intricate tasks Smooth PU coating for increased abrasion resistance Palm dipped to increase dexterity and ventilation,https://d11ak7fd9ypfb7.cloudfront.net/styles1100px/VA120W6R.jpg,,0.0,TRUE,InStock,0.029,,VA120W6RS,,,,Size,DROP_DOWN,S,Color,DROP_DOWN,White,,,,,,,,,,,,,Fit,<p>R</p>,Length,<p>65</p>,Width,<p>45</p>,Height,<p>58</p>,Box Quantity,<p>432</p>,Inner Pack Quantity,<p>24</p>,Country Of Origin,<p>CN</p>,Standards,<ul><li>EN 420</li><li>AS/NZS 2161 .2</li><li>AS/NZS 2161 .3</li><li>ANSI/ISEA 105: 2016 CUT Level  A1</li><li>EN 407</li><li>EN388:2016 +A1:2018 -  3131X</li></ul>,,,,
VA120,Variant,,Specially packed for vending machines Compression packed to maximise machine capacity Perfect for intricate tasks Smooth PU coating for increased abrasion resistance Palm dipped to increase dexterity and ventilation,https://d11ak7fd9ypfb7.cloudfront.net/styles1100px/VA120W6R.jpg,,0.0,TRUE,InStock,0.034,,VA120W6RXL,,,,Size,DROP_DOWN,XL,Color,DROP_DOWN,White,,,,,,,,,,,,,Fit,<p>R</p>,Length,<p>65</p>,Width,<p>45</p>,Height,<p>58</p>,Box Quantity,<p>432</p>,Inner Pack Quantity,<p>24</p>,Country Of Origin,<p>CN</p>,Standards,<ul><li>EN 420</li><li>AS/NZS 2161 .2</li><li>AS/NZS 2161 .3</li><li>ANSI/ISEA 105: 2016 CUT Level  A1</li><li>EN 407</li><li>EN388:2016 +A1:2018 -  3131X</li></ul>,,,,
VA120,Variant,,Specially packed for vending machines Compression packed to maximise machine capacity Perfect for intricate tasks Smooth PU coating for increased abrasion resistance Palm dipped to increase dexterity and ventilation,https://d11ak7fd9ypfb7.cloudfront.net/styles1100px/VA120W6R.jpg,,0.0,TRUE,InStock,0.027,,VA120W6RXS,,,,Size,DROP_DOWN,XS,Color,DROP_DOWN,White,,,,,,,,,,,,,Fit,<p>R</p>,Length,<p>65</p>,Width,<p>45</p>,Height,<p>58</p>,Box Quantity,<p>432</p>,Inner Pack Quantity,<p>24</p>,Country Of Origin,<p>CN</p>,Standards,<ul><li>EN 420</li><li>AS/NZS 2161 .2</li><li>AS/NZS 2161 .3</li><li>ANSI/ISEA 105: 2016 CUT Level  A1</li><li>EN 407</li><li>EN388:2016 +A1:2018 -  3131X</li></ul>,,,,
VA120,Variant,,Specially packed for vending machines Compression packed to maximise machine capacity Perfect for intricate tasks Smooth PU coating for increased abrasion resistance Palm dipped to increase dexterity and ventilation,https://d11ak7fd9ypfb7.cloudfront.net/styles1100px/VA120W6R.jpg,,0.0,TRUE,InStock,0.036,,VA120W6RXXL,,,,Size,DROP_DOWN,XXL,Color,DROP_DOWN,White,,,,,,,,,,,,,Fit,<p>R</p>,Length,<p>65</p>,Width,<p>45</p>,Height,<p>58</p>,Box Quantity,<p>432</p>,Inner Pack Quantity,<p>24</p>,Country Of Origin,<p>CN</p>,Standards,<ul><li>EN 420</li><li>AS/NZS 2161 .2</li><li>AS/NZS 2161 .3</li><li>ANSI/ISEA 105: 2016 CUT Level  A1</li><li>EN 407</li><li>EN388:2016 +A1:2018 -  3131X</li></ul>,,,,
VA350,Product,VA350 - Vending DermiFlex Glove,Maximum dexterity. Protects against oil in warm and humid conditions. Nitrile Sandy coating for excellent grip in wet and dry conditions Palm dipped to increase dexterity and ventilation Super light 15g nylon and elastane liner 100% breathable seamless liner Specially packed for vending machines.,https://d11ak7fd9ypfb7.cloudfront.net/styles1100px/VA350G8R.jpg,3.9,0.0,TRUE,InStock,0.037,,VA350G8RL,,,,Size,DROP_DOWN,S;M;L;XL;XXL,Color,DROP_DOWN,Grey/Black,,,,,,,,,,,,,Fit,<p>R</p>,Length,<p>65</p>,Width,<p>45</p>,Height,<p>58</p>,Box Quantity,<p>432</p>,Inner Pack Quantity,<p>24</p>,Country Of Origin,<p>CN</p>,Standards,<ul><li>EN 420</li><li>ANSI/ISEA 105: 2011 Cut Level  1</li><li>AS/NZS 2161 .2</li><li>AS/NZS 2161 .3</li><li>EN388:2016 +A1:2018 -  4.1.3.1.X</li></ul>,,,,
VA350,Variant,,Maximum dexterity. Protects against oil in warm and humid conditions. Nitrile Sandy coating for excellent grip in wet and dry conditions Palm dipped to increase dexterity and ventilation Super light 15g nylon and elastane liner 100% breathable seamless liner Specially packed for vending machines.,https://d11ak7fd9ypfb7.cloudfront.net/styles1100px/VA350G8R.jpg,,0.0,TRUE,InStock,0.037,,VA350G8RL,,,,Size,DROP_DOWN,L,Color,DROP_DOWN,Grey/Black,,,,,,,,,,,,,Fit,<p>R</p>,Length,<p>65</p>,Width,<p>45</p>,Height,<p>58</p>,Box Quantity,<p>432</p>,Inner Pack Quantity,<p>24</p>,Country Of Origin,<p>CN</p>,Standards,<ul><li>EN 420</li><li>ANSI/ISEA 105: 2011 Cut Level  1</li><li>AS/NZS 2161 .2</li><li>AS/NZS 2161 .3</li><li>EN388:2016 +A1:2018 -  4.1.3.1.X</li></ul>,,,,
VA350,Variant,,Maximum dexterity. Protects against oil in warm and humid conditions. Nitrile Sandy coating for excellent grip in wet and dry conditions Palm dipped to increase dexterity and ventilation Super light 15g nylon and elastane liner 100% breathable seamless liner Specially packed for vending machines.,https://d11ak7fd9ypfb7.cloudfront.net/styles1100px/VA350G8R.jpg,,0.0,TRUE,InStock,0.037,,VA350G8RM,,,,Size,DROP_DOWN,M,Color,DROP_DOWN,Grey/Black,,,,,,,,,,,,,Fit,<p>R</p>,Length,<p>65</p>,Width,<p>45</p>,Height,<p>58</p>,Box Quantity,<p>432</p>,Inner Pack Quantity,<p>24</p>,Country Of Origin,<p>CN</p>,Standards,<ul><li>EN 420</li><li>ANSI/ISEA 105: 2011 Cut Level  1</li><li>AS/NZS 2161 .2</li><li>AS/NZS 2161 .3</li><li>EN388:2016 +A1:2018 -  4.1.3.1.X</li></ul>,,,,
VA350,Variant,,Maximum dexterity. Protects against oil in warm and humid conditions. Nitrile Sandy coating for excellent grip in wet and dry conditions Palm dipped to increase dexterity and ventilation Super light 15g nylon and elastane liner 100% breathable seamless liner Specially packed for vending machines.,https://d11ak7fd9ypfb7.cloudfront.net/styles1100px/VA350G8R.jpg,,0.0,TRUE,InStock,0.037,,VA350G8RS,,,,Size,DROP_DOWN,S,Color,DROP_DOWN,Grey/Black,,,,,,,,,,,,,Fit,<p>R</p>,Length,<p>65</p>,Width,<p>45</p>,Height,<p>58</p>,Box Quantity,<p>432</p>,Inner Pack Quantity,<p>24</p>,Country Of Origin,<p>CN</p>,Standards,<ul><li>EN 420</li><li>ANSI/ISEA 105: 2011 Cut Level  1</li><li>AS/NZS 2161 .2</li><li>AS/NZS 2161 .3</li><li>EN388:2016 +A1:2018 -  4.1.3.1.X</li></ul>,,,,
VA350,Variant,,Maximum dexterity. Protects against oil in warm and humid conditions. Nitrile Sandy coating for excellent grip in wet and dry conditions Palm dipped to increase dexterity and ventilation Super light 15g nylon and elastane liner 100% breathable seamless liner Specially packed for vending machines.,https://d11ak7fd9ypfb7.cloudfront.net/styles1100px/VA350G8R.jpg,,0.0,TRUE,InStock,0.037,,VA350G8RXL,,,,Size,DROP_DOWN,XL,Color,DROP_DOWN,Grey/Black,,,,,,,,,,,,,Fit,<p>R</p>,Length,<p>65</p>,Width,<p>45</p>,Height,<p>58</p>,Box Quantity,<p>432</p>,Inner Pack Quantity,<p>24</p>,Country Of Origin,<p>CN</p>,Standards,<ul><li>EN 420</li><li>ANSI/ISEA 105: 2011 Cut Level  1</li><li>AS/NZS 2161 .2</li><li>AS/NZS 2161 .3</li><li>EN388:2016 +A1:2018 -  4.1.3.1.X</li></ul>,,,,
VA350,Variant,,Maximum dexterity. Protects against oil in warm and humid conditions. Nitrile Sandy coating for excellent grip in wet and dry conditions Palm dipped to increase dexterity and ventilation Super light 15g nylon and elastane liner 100% breathable seamless liner Specially packed for vending machines.,https://d11ak7fd9ypfb7.cloudfront.net/styles1100px/VA350G8R.jpg,,0.0,TRUE,InStock,0.037,,VA350G8RXXL,,,,Size,DROP_DOWN,XXL,Color,DROP_DOWN,Grey/Black,,,,,,,,,,,,,Fit,<p>R</p>,Length,<p>65</p>,Width,<p>45</p>,Height,<p>58</p>,Box Quantity,<p>432</p>,Inner Pack Quantity,<p>24</p>,Country Of Origin,<p>CN</p>,Standards,<ul><li>EN 420</li><li>ANSI/ISEA 105: 2011 Cut Level  1</li><li>AS/NZS 2161 .2</li><li>AS/NZS 2161 .3</li><li>EN388:2016 +A1:2018 -  4.1.3.1.X</li></ul>,,,,
VA620,Product,VA620 - Vending LR Cut PU Palm Glove,Specially packed for vending machines EN and ANSI cut level A1 Smooth PU coating for increased abrasion resistance Palm dipped to increase dexterity and ventilation 100% Breathable seamless liner,https://d11ak7fd9ypfb7.cloudfront.net/styles1100px/VA620G7R.jpg,5.1,0.0,TRUE,InStock,0.066,,VA620G7RL,,,,Size,DROP_DOWN,S;M;L;XL;XXL,Color,DROP_DOWN,Grey,,,,,,,,,,,,,Fit,<p>R</p>,Length,<p>54</p>,Width,<p>36</p>,Height,<p>26</p>,Box Quantity,<p>288</p>,Inner Pack Quantity,<p>24</p>,Country Of Origin,<p>CN</p>,Standards,<ul><li>EN 420</li><li>AS/NZS 2161 .2</li><li>AS/NZS 2161 .3</li><li>ANSI/ISEA 105: 2016 CUT Level  A2</li><li>EN388:2016 +A1:2018 -  4.X.4.1.B</li><li>EN 407   X.1.X.X.X</li></ul>,,,,
VA620,Variant,,Specially packed for vending machines EN and ANSI cut level A1 Smooth PU coating for increased abrasion resistance Palm dipped to increase dexterity and ventilation 100% Breathable seamless liner,https://d11ak7fd9ypfb7.cloudfront.net/styles1100px/VA620G7R.jpg,,0.0,TRUE,InStock,0.066,,VA620G7RL,,,,Size,DROP_DOWN,L,Color,DROP_DOWN,Grey,,,,,,,,,,,,,Fit,<p>R</p>,Length,<p>54</p>,Width,<p>36</p>,Height,<p>26</p>,Box Quantity,<p>288</p>,Inner Pack Quantity,<p>24</p>,Country Of Origin,<p>CN</p>,Standards,<ul><li>EN 420</li><li>AS/NZS 2161 .2</li><li>AS/NZS 2161 .3</li><li>ANSI/ISEA 105: 2016 CUT Level  A2</li><li>EN388:2016 +A1:2018 -  4.X.4.1.B</li><li>EN 407   X.1.X.X.X</li></ul>,,,,
VA620,Variant,,Specially packed for vending machines EN and ANSI cut level A1 Smooth PU coating for increased abrasion resistance Palm dipped to increase dexterity and ventilation 100% Breathable seamless liner,https://d11ak7fd9ypfb7.cloudfront.net/styles1100px/VA620G7R.jpg,,0.0,TRUE,InStock,0.066,,VA620G7RM,,,,Size,DROP_DOWN,M,Color,DROP_DOWN,Grey,,,,,,,,,,,,,Fit,<p>R</p>,Length,<p>54</p>,Width,<p>36</p>,Height,<p>26</p>,Box Quantity,<p>288</p>,Inner Pack Quantity,<p>24</p>,Country Of Origin,<p>CN</p>,Standards,<ul><li>EN 420</li><li>AS/NZS 2161 .2</li><li>AS/NZS 2161 .3</li><li>ANSI/ISEA 105: 2016 CUT Level  A2</li><li>EN388:2016 +A1:2018 -  4.X.4.1.B</li><li>EN 407   X.1.X.X.X</li></ul>,,,,
VA620,Variant,,Specially packed for vending machines EN and ANSI cut level A1 Smooth PU coating for increased abrasion resistance Palm dipped to increase dexterity and ventilation 100% Breathable seamless liner,https://d11ak7fd9ypfb7.cloudfront.net/styles1100px/VA620G7R.jpg,,0.0,TRUE,InStock,0.066,,VA620G7RS,,,,Size,DROP_DOWN,S,Color,DROP_DOWN,Grey,,,,,,,,,,,,,Fit,<p>R</p>,Length,<p>54</p>,Width,<p>36</p>,Height,<p>26</p>,Box Quantity,<p>288</p>,Inner Pack Quantity,<p>24</p>,Country Of Origin,<p>CN</p>,Standards,<ul><li>EN 420</li><li>AS/NZS 2161 .2</li><li>AS/NZS 2161 .3</li><li>ANSI/ISEA 105: 2016 CUT Level  A2</li><li>EN388:2016 +A1:2018 -  4.X.4.1.B</li><li>EN 407   X.1.X.X.X</li></ul>,,,,
VA620,Variant,,Specially packed for vending machines EN and ANSI cut level A1 Smooth PU coating for increased abrasion resistance Palm dipped to increase dexterity and ventilation 100% Breathable seamless liner,https://d11ak7fd9ypfb7.cloudfront.net/styles1100px/VA620G7R.jpg,,0.0,TRUE,InStock,0.066,,VA620G7RXL,,,,Size,DROP_DOWN,XL,Color,DROP_DOWN,Grey,,,,,,,,,,,,,Fit,<p>R</p>,Length,<p>54</p>,Width,<p>36</p>,Height,<p>26</p>,Box Quantity,<p>288</p>,Inner Pack Quantity,<p>24</p>,Country Of Origin,<p>CN</p>,Standards,<ul><li>EN 420</li><li>AS/NZS 2161 .2</li><li>AS/NZS 2161 .3</li><li>ANSI/ISEA 105: 2016 CUT Level  A2</li><li>EN388:2016 +A1:2018 -  4.X.4.1.B</li><li>EN 407   X.1.X.X.X</li></ul>,,,,
VA620,Variant,,Specially packed for vending machines EN and ANSI cut level A1 Smooth PU coating for increased abrasion resistance Palm dipped to increase dexterity and ventilation 100% Breathable seamless liner,https://d11ak7fd9ypfb7.cloudfront.net/styles1100px/VA620G7R.jpg,,0.0,TRUE,InStock,0.066,,VA620G7RXXL,,,,Size,DROP_DOWN,XXL,Color,DROP_DOWN,Grey,,,,,,,,,,,,,Fit,<p>R</p>,Length,<p>54</p>,Width,<p>36</p>,Height,<p>26</p>,Box Quantity,<p>288</p>,Inner Pack Quantity,<p>24</p>,Country Of Origin,<p>CN</p>,Standards,<ul><li>EN 420</li><li>AS/NZS 2161 .2</li><li>AS/NZS 2161 .3</li><li>ANSI/ISEA 105: 2016 CUT Level  A2</li><li>EN388:2016 +A1:2018 -  4.X.4.1.B</li><li>EN 407   X.1.X.X.X</li></ul>,,,,
VA622,Product,VA622 - Vending MR Cut PU Palm Glove,Specially packed for vending machines EN cut level 5 and ANSI cut level A3 Superb abrasion and tear resistance Smooth PU coating for increased abrasion resistance Palm dipped to increase dexterity and ventilation 100% Breathable seamless liner,https://d11ak7fd9ypfb7.cloudfront.net/styles1100px/VA622G7R.jpg,6.2,0.0,TRUE,InStock,0.071,,VA622G7RL,,,,Size,DROP_DOWN,XS;S;M;L;XL;XXL;XXXL,Color,DROP_DOWN,Grey,,,,,,,,,,,,,Fit,<p>R</p>,Length,<p>54</p>,Width,<p>36</p>,Height,<p>26</p>,Box Quantity,<p>240</p>,Inner Pack Quantity,<p>24</p>,Country Of Origin,<p>CN</p>,Standards,<ul><li>EN 420</li><li>AS/NZS 2161 .2</li><li>AS/NZS 2161 .3</li><li>ANSI/ISEA 105: 2016 CUT Level  A3</li><li>EN 407   X.1.X.X.X</li><li>EN388:2016 +A1:2018 -  4.X.4.3.C</li></ul>,,,,
VA622,Variant,,Specially packed for vending machines EN cut level 5 and ANSI cut level A3 Superb abrasion and tear resistance Smooth PU coating for increased abrasion resistance Palm dipped to increase dexterity and ventilation 100% Breathable seamless liner,https://d11ak7fd9ypfb7.cloudfront.net/styles1100px/VA622G7R.jpg,,0.0,TRUE,InStock,0.071,,VA622G7RL,,,,Size,DROP_DOWN,L,Color,DROP_DOWN,Grey,,,,,,,,,,,,,Fit,<p>R</p>,Length,<p>54</p>,Width,<p>36</p>,Height,<p>26</p>,Box Quantity,<p>240</p>,Inner Pack Quantity,<p>24</p>,Country Of Origin,<p>CN</p>,Standards,<ul><li>EN 420</li><li>AS/NZS 2161 .2</li><li>AS/NZS 2161 .3</li><li>ANSI/ISEA 105: 2016 CUT Level  A3</li><li>EN 407   X.1.X.X.X</li><li>EN388:2016 +A1:2018 -  4.X.4.3.C</li></ul>,,,,
VA622,Variant,,Specially packed for vending machines EN cut level 5 and ANSI cut level A3 Superb abrasion and tear resistance Smooth PU coating for increased abrasion resistance Palm dipped to increase dexterity and ventilation 100% Breathable seamless liner,https://d11ak7fd9ypfb7.cloudfront.net/styles1100px/VA622G7R.jpg,,0.0,TRUE,InStock,0.069,,VA622G7RM,,,,Size,DROP_DOWN,M,Color,DROP_DOWN,Grey,,,,,,,,,,,,,Fit,<p>R</p>,Length,<p>54</p>,Width,<p>36</p>,Height,<p>26</p>,Box Quantity,<p>240</p>,Inner Pack Quantity,<p>24</p>,Country Of Origin,<p>CN</p>,Standards,<ul><li>EN 420</li><li>AS/NZS 2161 .2</li><li>AS/NZS 2161 .3</li><li>ANSI/ISEA 105: 2016 CUT Level  A3</li><li>EN 407   X.1.X.X.X</li><li>EN388:2016 +A1:2018 -  4.X.4.3.C</li></ul>,,,,
VA622,Variant,,Specially packed for vending machines EN cut level 5 and ANSI cut level A3 Superb abrasion and tear resistance Smooth PU coating for increased abrasion resistance Palm dipped to increase dexterity and ventilation 100% Breathable seamless liner,https://d11ak7fd9ypfb7.cloudfront.net/styles1100px/VA622G7R.jpg,,0.0,TRUE,InStock,0.064,,VA622G7RS,,,,Size,DROP_DOWN,S,Color,DROP_DOWN,Grey,,,,,,,,,,,,,Fit,<p>R</p>,Length,<p>54</p>,Width,<p>36</p>,Height,<p>26</p>,Box Quantity,<p>240</p>,Inner Pack Quantity,<p>24</p>,Country Of Origin,<p>CN</p>,Standards,<ul><li>EN 420</li><li>AS/NZS 2161 .2</li><li>AS/NZS 2161 .3</li><li>ANSI/ISEA 105: 2016 CUT Level  A3</li><li>EN 407   X.1.X.X.X</li><li>EN388:2016 +A1:2018 -  4.X.4.3.C</li></ul>,,,,
VA622,Variant,,Specially packed for vending machines EN cut level 5 and ANSI cut level A3 Superb abrasion and tear resistance Smooth PU coating for increased abrasion resistance Palm dipped to increase dexterity and ventilation 100% Breathable seamless liner,https://d11ak7fd9ypfb7.cloudfront.net/styles1100px/VA622G7R.jpg,,0.0,TRUE,InStock,0.084,,VA622G7RXL,,,,Size,DROP_DOWN,XL,Color,DROP_DOWN,Grey,,,,,,,,,,,,,Fit,<p>R</p>,Length,<p>54</p>,Width,<p>36</p>,Height,<p>26</p>,Box Quantity,<p>240</p>,Inner Pack Quantity,<p>24</p>,Country Of Origin,<p>CN</p>,Standards,<ul><li>EN 420</li><li>AS/NZS 2161 .2</li><li>AS/NZS 2161 .3</li><li>ANSI/ISEA 105: 2016 CUT Level  A3</li><li>EN 407   X.1.X.X.X</li><li>EN388:2016 +A1:2018 -  4.X.4.3.C</li></ul>,,,,
VA622,Variant,,Specially packed for vending machines EN cut level 5 and ANSI cut level A3 Superb abrasion and tear resistance Smooth PU coating for increased abrasion resistance Palm dipped to increase dexterity and ventilation 100% Breathable seamless liner,https://d11ak7fd9ypfb7.cloudfront.net/styles1100px/VA622G7R.jpg,,0.0,TRUE,InStock,0.058,,VA622G7RXS,,,,Size,DROP_DOWN,XS,Color,DROP_DOWN,Grey,,,,,,,,,,,,,Fit,<p>R</p>,Length,<p>54</p>,Width,<p>36</p>,Height,<p>26</p>,Box Quantity,<p>240</p>,Inner Pack Quantity,<p>24</p>,Country Of Origin,<p>CN</p>,Standards,<ul><li>EN 420</li><li>AS/NZS 2161 .2</li><li>AS/NZS 2161 .3</li><li>ANSI/ISEA 105: 2016 CUT Level  A3</li><li>EN 407   X.1.X.X.X</li><li>EN388:2016 +A1:2018 -  4.X.4.3.C</li></ul>,,,,
VA622,Variant,,Specially packed for vending machines EN cut level 5 and ANSI cut level A3 Superb abrasion and tear resistance Smooth PU coating for increased abrasion resistance Palm dipped to increase dexterity and ventilation 100% Breathable seamless liner,https://d11ak7fd9ypfb7.cloudfront.net/styles1100px/VA622G7R.jpg,,0.0,TRUE,InStock,0.082,,VA622G7RXXL,,,,Size,DROP_DOWN,XXL,Color,DROP_DOWN,Grey,,,,,,,,,,,,,Fit,<p>R</p>,Length,<p>54</p>,Width,<p>36</p>,Height,<p>26</p>,Box Quantity,<p>240</p>,Inner Pack Quantity,<p>24</p>,Country Of Origin,<p>CN</p>,Standards,<ul><li>EN 420</li><li>AS/NZS 2161 .2</li><li>AS/NZS 2161 .3</li><li>ANSI/ISEA 105: 2016 CUT Level  A3</li><li>EN 407   X.1.X.X.X</li><li>EN388:2016 +A1:2018 -  4.X.4.3.C</li></ul>,,,,
VA622,Variant,,Specially packed for vending machines EN cut level 5 and ANSI cut level A3 Superb abrasion and tear resistance Smooth PU coating for increased abrasion resistance Palm dipped to increase dexterity and ventilation 100% Breathable seamless liner,https://d11ak7fd9ypfb7.cloudfront.net/styles1100px/VA622G7R.jpg,,0.0,TRUE,InStock,0.089,,VA622G7RXXXL,,,,Size,DROP_DOWN,XXXL,Color,DROP_DOWN,Grey,,,,,,,,,,,,,Fit,<p>R</p>,Length,<p>54</p>,Width,<p>36</p>,Height,<p>26</p>,Box Quantity,<p>240</p>,Inner Pack Quantity,<p>24</p>,Country Of Origin,<p>CN</p>,Standards,<ul><li>EN 420</li><li>AS/NZS 2161 .2</li><li>AS/NZS 2161 .3</li><li>ANSI/ISEA 105: 2016 CUT Level  A3</li><li>EN 407   X.1.X.X.X</li><li>EN388:2016 +A1:2018 -  4.X.4.3.C</li></ul>,,,,
,Product, - ,,https://d11ak7fd9ypfb7.cloudfront.net/styles1100px/.jpg,0.0,0.0,TRUE,InStock,0,,YP1A11Q1,,,,Size,DROP_DOWN,,Color,DROP_DOWN,,,,,,,,,,,,,,Fit,<p></p>,Length,<p>0</p>,Width,<p>0</p>,Height,<p>0</p>,Box Quantity,<p></p>,Inner Pack Quantity,<p>1</p>,Country Of Origin,<p></p>,Standards,<p></p>,,,,
,Variant,,,https://d11ak7fd9ypfb7.cloudfront.net/styles1100px/.jpg,,0.0,TRUE,InStock,0,,YP1A11Q2,,,,Size,DROP_DOWN,,Color,DROP_DOWN,,,,,,,,,,,,,,Fit,<p></p>,Length,<p>0</p>,Width,<p>0</p>,Height,<p>0</p>,Box Quantity,<p></p>,Inner Pack Quantity,<p>1</p>,Country Of Origin,<p></p>,Standards,<p></p>,,,,
,Variant,,,https://d11ak7fd9ypfb7.cloudfront.net/styles1100px/.jpg,,0.0,TRUE,InStock,0,,YP1A11Q3,,,,Size,DROP_DOWN,,Color,DROP_DOWN,,,,,,,,,,,,,,Fit,<p></p>,Length,<p>0</p>,Width,<p>0</p>,Height,<p>0</p>,Box Quantity,<p></p>,Inner Pack Quantity,<p>1</p>,Country Of Origin,<p></p>,Standards,<p></p>,,,,
,Variant,,,https://d11ak7fd9ypfb7.cloudfront.net/styles1100px/.jpg,,0.0,TRUE,InStock,0,,YP1A11Q4,,,,Size,DROP_DOWN,,Color,DROP_DOWN,,,,,,,,,,,,,,Fit,<p></p>,Length,<p>0</p>,Width,<p>0</p>,Height,<p>0</p>,Box Quantity,<p></p>,Inner Pack Quantity,<p>1</p>,Country Of Origin,<p></p>,Standards,<p></p>,,,,
,Variant,,,https://d11ak7fd9ypfb7.cloudfront.net/styles1100px/.jpg,,0.0,TRUE,InStock,0,,YP1A11Q5,,,,Size,DROP_DOWN,,Color,DROP_DOWN,,,,,,,,,,,,,,Fit,<p></p>,Length,<p>0</p>,Width,<p>0</p>,Height,<p>0</p>,Box Quantity,<p></p>,Inner Pack Quantity,<p>1</p>,Country Of Origin,<p></p>,Standards,<p></p>,,,,
,Variant,,,https://d11ak7fd9ypfb7.cloudfront.net/styles1100px/.jpg,,0.0,TRUE,InStock,0,,YP1A12Q1,,,,Size,DROP_DOWN,,Color,DROP_DOWN,,,,,,,,,,,,,,Fit,<p></p>,Length,<p>0</p>,Width,<p>0</p>,Height,<p>0</p>,Box Quantity,<p></p>,Inner Pack Quantity,<p>1</p>,Country Of Origin,<p></p>,Standards,<p></p>,,,,
,Variant,,,https://d11ak7fd9ypfb7.cloudfront.net/styles1100px/.jpg,,0.0,TRUE,InStock,0,,YP1A12Q2,,,,Size,DROP_DOWN,,Color,DROP_DOWN,,,,,,,,,,,,,,Fit,<p></p>,Length,<p>0</p>,Width,<p>0</p>,Height,<p>0</p>,Box Quantity,<p></p>,Inner Pack Quantity,<p>1</p>,Country Of Origin,<p></p>,Standards,<p></p>,,,,
,Variant,,,https://d11ak7fd9ypfb7.cloudfront.net/styles1100px/.jpg,,0.0,TRUE,InStock,0,,YP1A12Q3,,,,Size,DROP_DOWN,,Color,DROP_DOWN,,,,,,,,,,,,,,Fit,<p></p>,Length,<p>0</p>,Width,<p>0</p>,Height,<p>0</p>,Box Quantity,<p></p>,Inner Pack Quantity,<p>1</p>,Country Of Origin,<p></p>,Standards,<p></p>,,,,
,Variant,,,https://d11ak7fd9ypfb7.cloudfront.net/styles1100px/.jpg,,0.0,TRUE,InStock,0,,YP1A12Q4,,,,Size,DROP_DOWN,,Color,DROP_DOWN,,,,,,,,,,,,,,Fit,<p></p>,Length,<p>0</p>,Width,<p>0</p>,Height,<p>0</p>,Box Quantity,<p></p>,Inner Pack Quantity,<p>1</p>,Country Of Origin,<p></p>,Standards,<p></p>,,,,
,Variant,,,https://d11ak7fd9ypfb7.cloudfront.net/styles1100px/.jpg,,0.0,TRUE,InStock,0,,YP1A12Q5,,,,Size,DROP_DOWN,,Color,DROP_DOWN,,,,,,,,,,,,,,Fit,<p></p>,Length,<p>0</p>,Width,<p>0</p>,Height,<p>0</p>,Box Quantity,<p></p>,Inner Pack Quantity,<p>1</p>,Country Of Origin,<p></p>,Standards,<p></p>,,,,
,Variant,,,https://d11ak7fd9ypfb7.cloudfront.net/styles1100px/.jpg,,0.0,TRUE,InStock,0,,YP1A13Q1,,,,Size,DROP_DOWN,,Color,DROP_DOWN,,,,,,,,,,,,,,Fit,<p></p>,Length,<p>0</p>,Width,<p>0</p>,Height,<p>0</p>,Box Quantity,<p></p>,Inner Pack Quantity,<p>1</p>,Country Of Origin,<p></p>,Standards,<p></p>,,,,
,Variant,,,https://d11ak7fd9ypfb7.cloudfront.net/styles1100px/.jpg,,0.0,TRUE,InStock,0,,YP1A13Q2,,,,Size,DROP_DOWN,,Color,DROP_DOWN,,,,,,,,,,,,,,Fit,<p></p>,Length,<p>0</p>,Width,<p>0</p>,Height,<p>0</p>,Box Quantity,<p></p>,Inner Pack Quantity,<p>1</p>,Country Of Origin,<p></p>,Standards,<p></p>,,,,
,Variant,,,https://d11ak7fd9ypfb7.cloudfront.net/styles1100px/.jpg,,0.0,TRUE,InStock,0,,YP1A13Q3,,,,Size,DROP_DOWN,,Color,DROP_DOWN,,,,,,,,,,,,,,Fit,<p></p>,Length,<p>0</p>,Width,<p>0</p>,Height,<p>0</p>,Box Quantity,<p></p>,Inner Pack Quantity,<p>1</p>,Country Of Origin,<p></p>,Standards,<p></p>,,,,
,Variant,,,https://d11ak7fd9ypfb7.cloudfront.net/styles1100px/.jpg,,0.0,TRUE,InStock,0,,YP1A13Q4,,,,Size,DROP_DOWN,,Color,DROP_DOWN,,,,,,,,,,,,,,Fit,<p></p>,Length,<p>0</p>,Width,<p>0</p>,Height,<p>0</p>,Box Quantity,<p></p>,Inner Pack Quantity,<p>1</p>,Country Of Origin,<p></p>,Standards,<p></p>,,,,
,Variant,,,https://d11ak7fd9ypfb7.cloudfront.net/styles1100px/.jpg,,0.0,TRUE,InStock,0,,YP1A13Q5,,,,Size,DROP_DOWN,,Color,DROP_DOWN,,,,,,,,,,,,,,Fit,<p></p>,Length,<p>0</p>,Width,<p>0</p>,Height,<p>0</p>,Box Quantity,<p></p>,Inner Pack Quantity,<p>1</p>,Country Of Origin,<p></p>,Standards,<p></p>,,,,
,Variant,,,https://d11ak7fd9ypfb7.cloudfront.net/styles1100px/.jpg,,0.0,TRUE,InStock,0,,YP1A14Q1,,,,Size,DROP_DOWN,,Color,DROP_DOWN,,,,,,,,,,,,,,Fit,<p></p>,Length,<p>0</p>,Width,<p>0</p>,Height,<p>0</p>,Box Quantity,<p></p>,Inner Pack Quantity,<p>1</p>,Country Of Origin,<p></p>,Standards,<p></p>,,,,
,Variant,,,https://d11ak7fd9ypfb7.cloudfront.net/styles1100px/.jpg,,0.0,TRUE,InStock,0,,YP1A14Q2,,,,Size,DROP_DOWN,,Color,DROP_DOWN,,,,,,,,,,,,,,Fit,<p></p>,Length,<p>0</p>,Width,<p>0</p>,Height,<p>0</p>,Box Quantity,<p></p>,Inner Pack Quantity,<p>1</p>,Country Of Origin,<p></p>,Standards,<p></p>,,,,
,Variant,,,https://d11ak7fd9ypfb7.cloudfront.net/styles1100px/.jpg,,0.0,TRUE,InStock,0,,YP1A14Q3,,,,Size,DROP_DOWN,,Color,DROP_DOWN,,,,,,,,,,,,,,Fit,<p></p>,Length,<p>0</p>,Width,<p>0</p>,Height,<p>0</p>,Box Quantity,<p></p>,Inner Pack Quantity,<p>1</p>,Country Of Origin,<p></p>,Standards,<p></p>,,,,
,Variant,,,https://d11ak7fd9ypfb7.cloudfront.net/styles1100px/.jpg,,0.0,TRUE,InStock,0,,YP1A14Q4,,,,Size,DROP_DOWN,,Color,DROP_DOWN,,,,,,,,,,,,,,Fit,<p></p>,Length,<p>0</p>,Width,<p>0</p>,Height,<p>0</p>,Box Quantity,<p></p>,Inner Pack Quantity,<p>1</p>,Country Of Origin,<p></p>,Standards,<p></p>,,,,
,Variant,,,https://d11ak7fd9ypfb7.cloudfront.net/styles1100px/.jpg,,0.0,TRUE,InStock,0,,YP1A14Q5,,,,Size,DROP_DOWN,,Color,DROP_DOWN,,,,,,,,,,,,,,Fit,<p></p>,Length,<p>0</p>,Width,<p>0</p>,Height,<p>0</p>,Box Quantity,<p></p>,Inner Pack Quantity,<p>1</p>,Country Of Origin,<p></p>,Standards,<p></p>,,,,
,Variant,,,https://d11ak7fd9ypfb7.cloudfront.net/styles1100px/.jpg,,0.0,TRUE,InStock,0,,YP1A15Q1,,,,Size,DROP_DOWN,,Color,DROP_DOWN,,,,,,,,,,,,,,Fit,<p></p>,Length,<p>0</p>,Width,<p>0</p>,Height,<p>0</p>,Box Quantity,<p></p>,Inner Pack Quantity,<p>1</p>,Country Of Origin,<p></p>,Standards,<p></p>,,,,
,Variant,,,https://d11ak7fd9ypfb7.cloudfront.net/styles1100px/.jpg,,0.0,TRUE,InStock,0,,YP1A15Q2,,,,Size,DROP_DOWN,,Color,DROP_DOWN,,,,,,,,,,,,,,Fit,<p></p>,Length,<p>0</p>,Width,<p>0</p>,Height,<p>0</p>,Box Quantity,<p></p>,Inner Pack Quantity,<p>1</p>,Country Of Origin,<p></p>,Standards,<p></p>,,,,
,Variant,,,https://d11ak7fd9ypfb7.cloudfront.net/styles1100px/.jpg,,0.0,TRUE,InStock,0,,YP1A15Q3,,,,Size,DROP_DOWN,,Color,DROP_DOWN,,,,,,,,,,,,,,Fit,<p></p>,Length,<p>0</p>,Width,<p>0</p>,Height,<p>0</p>,Box Quantity,<p></p>,Inner Pack Quantity,<p>1</p>,Country Of Origin,<p></p>,Standards,<p></p>,,,,
,Variant,,,https://d11ak7fd9ypfb7.cloudfront.net/styles1100px/.jpg,,0.0,TRUE,InStock,0,,YP1A15Q4,,,,Size,DROP_DOWN,,Color,DROP_DOWN,,,,,,,,,,,,,,Fit,<p></p>,Length,<p>0</p>,Width,<p>0</p>,Height,<p>0</p>,Box Quantity,<p></p>,Inner Pack Quantity,<p>1</p>,Country Of Origin,<p></p>,Standards,<p></p>,,,,
,Variant,,,https://d11ak7fd9ypfb7.cloudfront.net/styles1100px/.jpg,,0.0,TRUE,InStock,0,,YP1A15Q5,,,,Size,DROP_DOWN,,Color,DROP_DOWN,,,,,,,,,,,,,,Fit,<p></p>,Length,<p>0</p>,Width,<p>0</p>,Height,<p>0</p>,Box Quantity,<p></p>,Inner Pack Quantity,<p>1</p>,Country Of Origin,<p></p>,Standards,<p></p>,,,,
,Variant,,,https://d11ak7fd9ypfb7.cloudfront.net/styles1100px/.jpg,,0.0,TRUE,InStock,0,,YP1A16Q1,,,,Size,DROP_DOWN,,Color,DROP_DOWN,,,,,,,,,,,,,,Fit,<p></p>,Length,<p>0</p>,Width,<p>0</p>,Height,<p>0</p>,Box Quantity,<p></p>,Inner Pack Quantity,<p>1</p>,Country Of Origin,<p></p>,Standards,<p></p>,,,,
,Variant,,,https://d11ak7fd9ypfb7.cloudfront.net/styles1100px/.jpg,,0.0,TRUE,InStock,0,,YP1A16Q2,,,,Size,DROP_DOWN,,Color,DROP_DOWN,,,,,,,,,,,,,,Fit,<p></p>,Length,<p>0</p>,Width,<p>0</p>,Height,<p>0</p>,Box Quantity,<p></p>,Inner Pack Quantity,<p>1</p>,Country Of Origin,<p></p>,Standards,<p></p>,,,,
,Variant,,,https://d11ak7fd9ypfb7.cloudfront.net/styles1100px/.jpg,,0.0,TRUE,InStock,0,,YP1A16Q3,,,,Size,DROP_DOWN,,Color,DROP_DOWN,,,,,,,,,,,,,,Fit,<p></p>,Length,<p>0</p>,Width,<p>0</p>,Height,<p>0</p>,Box Quantity,<p></p>,Inner Pack Quantity,<p>1</p>,Country Of Origin,<p></p>,Standards,<p></p>,,,,
,Variant,,,https://d11ak7fd9ypfb7.cloudfront.net/styles1100px/.jpg,,0.0,TRUE,InStock,0,,YP1A16Q4,,,,Size,DROP_DOWN,,Color,DROP_DOWN,,,,,,,,,,,,,,Fit,<p></p>,Length,<p>0</p>,Width,<p>0</p>,Height,<p>0</p>,Box Quantity,<p></p>,Inner Pack Quantity,<p>1</p>,Country Of Origin,<p></p>,Standards,<p></p>,,,,
,Variant,,,https://d11ak7fd9ypfb7.cloudfront.net/styles1100px/.jpg,,0.0,TRUE,InStock,0,,YP1A16Q5,,,,Size,DROP_DOWN,,Color,DROP_DOWN,,,,,,,,,,,,,,Fit,<p></p>,Length,<p>0</p>,Width,<p>0</p>,Height,<p>0</p>,Box Quantity,<p></p>,Inner Pack Quantity,<p>1</p>,Country Of Origin,<p></p>,Standards,<p></p>,,,,
,Variant,,,https://d11ak7fd9ypfb7.cloudfront.net/styles1100px/.jpg,,0.0,TRUE,InStock,0,,YP1A21Q1,,,,Size,DROP_DOWN,,Color,DROP_DOWN,,,,,,,,,,,,,,Fit,<p></p>,Length,<p>0</p>,Width,<p>0</p>,Height,<p>0</p>,Box Quantity,<p></p>,Inner Pack Quantity,<p>1</p>,Country Of Origin,<p></p>,Standards,<p></p>,,,,
,Variant,,,https://d11ak7fd9ypfb7.cloudfront.net/styles1100px/.jpg,,0.0,TRUE,InStock,0,,YP1A21Q2,,,,Size,DROP_DOWN,,Color,DROP_DOWN,,,,,,,,,,,,,,Fit,<p></p>,Length,<p>0</p>,Width,<p>0</p>,Height,<p>0</p>,Box Quantity,<p></p>,Inner Pack Quantity,<p>1</p>,Country Of Origin,<p></p>,Standards,<p></p>,,,,
,Variant,,,https://d11ak7fd9ypfb7.cloudfront.net/styles1100px/.jpg,,0.0,TRUE,InStock,0,,YP1A21Q3,,,,Size,DROP_DOWN,,Color,DROP_DOWN,,,,,,,,,,,,,,Fit,<p></p>,Length,<p>0</p>,Width,<p>0</p>,Height,<p>0</p>,Box Quantity,<p></p>,Inner Pack Quantity,<p>1</p>,Country Of Origin,<p></p>,Standards,<p></p>,,,,
,Variant,,,https://d11ak7fd9ypfb7.cloudfront.net/styles1100px/.jpg,,0.0,TRUE,InStock,0,,YP1A21Q4,,,,Size,DROP_DOWN,,Color,DROP_DOWN,,,,,,,,,,,,,,Fit,<p></p>,Length,<p>0</p>,Width,<p>0</p>,Height,<p>0</p>,Box Quantity,<p></p>,Inner Pack Quantity,<p>1</p>,Country Of Origin,<p></p>,Standards,<p></p>,,,,
,Variant,,,https://d11ak7fd9ypfb7.cloudfront.net/styles1100px/.jpg,,0.0,TRUE,InStock,0,,YP1A21Q5,,,,Size,DROP_DOWN,,Color,DROP_DOWN,,,,,,,,,,,,,,Fit,<p></p>,Length,<p>0</p>,Width,<p>0</p>,Height,<p>0</p>,Box Quantity,<p></p>,Inner Pack Quantity,<p>1</p>,Country Of Origin,<p></p>,Standards,<p></p>,,,,
,Variant,,,https://d11ak7fd9ypfb7.cloudfront.net/styles1100px/.jpg,,0.0,TRUE,InStock,0,,YP1A22Q1,,,,Size,DROP_DOWN,,Color,DROP_DOWN,,,,,,,,,,,,,,Fit,<p></p>,Length,<p>0</p>,Width,<p>0</p>,Height,<p>0</p>,Box Quantity,<p></p>,Inner Pack Quantity,<p>1</p>,Country Of Origin,<p></p>,Standards,<p></p>,,,,
,Variant,,,https://d11ak7fd9ypfb7.cloudfront.net/styles1100px/.jpg,,0.0,TRUE,InStock,0,,YP1A22Q2,,,,Size,DROP_DOWN,,Color,DROP_DOWN,,,,,,,,,,,,,,Fit,<p></p>,Length,<p>0</p>,Width,<p>0</p>,Height,<p>0</p>,Box Quantity,<p></p>,Inner Pack Quantity,<p>1</p>,Country Of Origin,<p></p>,Standards,<p></p>,,,,
,Variant,,,https://d11ak7fd9ypfb7.cloudfront.net/styles1100px/.jpg,,0.0,TRUE,InStock,0,,YP1A22Q3,,,,Size,DROP_DOWN,,Color,DROP_DOWN,,,,,,,,,,,,,,Fit,<p></p>,Length,<p>0</p>,Width,<p>0</p>,Height,<p>0</p>,Box Quantity,<p></p>,Inner Pack Quantity,<p>1</p>,Country Of Origin,<p></p>,Standards,<p></p>,,,,
,Variant,,,https://d11ak7fd9ypfb7.cloudfront.net/styles1100px/.jpg,,0.0,TRUE,InStock,0,,YP1A22Q4,,,,Size,DROP_DOWN,,Color,DROP_DOWN,,,,,,,,,,,,,,Fit,<p></p>,Length,<p>0</p>,Width,<p>0</p>,Height,<p>0</p>,Box Quantity,<p></p>,Inner Pack Quantity,<p>1</p>,Country Of Origin,<p></p>,Standards,<p></p>,,,,
,Variant,,,https://d11ak7fd9ypfb7.cloudfront.net/styles1100px/.jpg,,0.0,TRUE,InStock,0,,YP1A22Q5,,,,Size,DROP_DOWN,,Color,DROP_DOWN,,,,,,,,,,,,,,Fit,<p></p>,Length,<p>0</p>,Width,<p>0</p>,Height,<p>0</p>,Box Quantity,<p></p>,Inner Pack Quantity,<p>1</p>,Country Of Origin,<p></p>,Standards,<p></p>,,,,
,Variant,,,https://d11ak7fd9ypfb7.cloudfront.net/styles1100px/.jpg,,0.0,TRUE,InStock,0,,YP1B11Q1,,,,Size,DROP_DOWN,,Color,DROP_DOWN,,,,,,,,,,,,,,Fit,<p></p>,Length,<p>0</p>,Width,<p>0</p>,Height,<p>0</p>,Box Quantity,<p></p>,Inner Pack Quantity,<p>1</p>,Country Of Origin,<p></p>,Standards,<p></p>,,,,
,Variant,,,https://d11ak7fd9ypfb7.cloudfront.net/styles1100px/.jpg,,0.0,TRUE,InStock,0,,YP1B11Q2,,,,Size,DROP_DOWN,,Color,DROP_DOWN,,,,,,,,,,,,,,Fit,<p></p>,Length,<p>0</p>,Width,<p>0</p>,Height,<p>0</p>,Box Quantity,<p></p>,Inner Pack Quantity,<p>1</p>,Country Of Origin,<p></p>,Standards,<p></p>,,,,
,Variant,,,https://d11ak7fd9ypfb7.cloudfront.net/styles1100px/.jpg,,0.0,TRUE,InStock,0,,YP1B11Q3,,,,Size,DROP_DOWN,,Color,DROP_DOWN,,,,,,,,,,,,,,Fit,<p></p>,Length,<p>0</p>,Width,<p>0</p>,Height,<p>0</p>,Box Quantity,<p></p>,Inner Pack Quantity,<p>1</p>,Country Of Origin,<p></p>,Standards,<p></p>,,,,
,Variant,,,https://d11ak7fd9ypfb7.cloudfront.net/styles1100px/.jpg,,0.0,TRUE,InStock,0,,YP1B11Q4,,,,Size,DROP_DOWN,,Color,DROP_DOWN,,,,,,,,,,,,,,Fit,<p></p>,Length,<p>0</p>,Width,<p>0</p>,Height,<p>0</p>,Box Quantity,<p></p>,Inner Pack Quantity,<p>1</p>,Country Of Origin,<p></p>,Standards,<p></p>,,,,
,Variant,,,https://d11ak7fd9ypfb7.cloudfront.net/styles1100px/.jpg,,0.0,TRUE,InStock,0,,YP1B11Q5,,,,Size,DROP_DOWN,,Color,DROP_DOWN,,,,,,,,,,,,,,Fit,<p></p>,Length,<p>0</p>,Width,<p>0</p>,Height,<p>0</p>,Box Quantity,<p></p>,Inner Pack Quantity,<p>1</p>,Country Of Origin,<p></p>,Standards,<p></p>,,,,
,Variant,,,https://d11ak7fd9ypfb7.cloudfront.net/styles1100px/.jpg,,0.0,TRUE,InStock,0,,YP1B12Q1,,,,Size,DROP_DOWN,,Color,DROP_DOWN,,,,,,,,,,,,,,Fit,<p></p>,Length,<p>0</p>,Width,<p>0</p>,Height,<p>0</p>,Box Quantity,<p></p>,Inner Pack Quantity,<p>1</p>,Country Of Origin,<p></p>,Standards,<p></p>,,,,
,Variant,,,https://d11ak7fd9ypfb7.cloudfront.net/styles1100px/.jpg,,0.0,TRUE,InStock,0,,YP1B12Q2,,,,Size,DROP_DOWN,,Color,DROP_DOWN,,,,,,,,,,,,,,Fit,<p></p>,Length,<p>0</p>,Width,<p>0</p>,Height,<p>0</p>,Box Quantity,<p></p>,Inner Pack Quantity,<p>1</p>,Country Of Origin,<p></p>,Standards,<p></p>,,,,
,Variant,,,https://d11ak7fd9ypfb7.cloudfront.net/styles1100px/.jpg,,0.0,TRUE,InStock,0,,YP1B12Q3,,,,Size,DROP_DOWN,,Color,DROP_DOWN,,,,,,,,,,,,,,Fit,<p></p>,Length,<p>0</p>,Width,<p>0</p>,Height,<p>0</p>,Box Quantity,<p></p>,Inner Pack Quantity,<p>1</p>,Country Of Origin,<p></p>,Standards,<p></p>,,,,
,Variant,,,https://d11ak7fd9ypfb7.cloudfront.net/styles1100px/.jpg,,0.0,TRUE,InStock,0,,YP1B12Q4,,,,Size,DROP_DOWN,,Color,DROP_DOWN,,,,,,,,,,,,,,Fit,<p></p>,Length,<p>0</p>,Width,<p>0</p>,Height,<p>0</p>,Box Quantity,<p></p>,Inner Pack Quantity,<p>1</p>,Country Of Origin,<p></p>,Standards,<p></p>,,,,
,Variant,,,https://d11ak7fd9ypfb7.cloudfront.net/styles1100px/.jpg,,0.0,TRUE,InStock,0,,YP1B12Q5,,,,Size,DROP_DOWN,,Color,DROP_DOWN,,,,,,,,,,,,,,Fit,<p></p>,Length,<p>0</p>,Width,<p>0</p>,Height,<p>0</p>,Box Quantity,<p></p>,Inner Pack Quantity,<p>1</p>,Country Of Origin,<p></p>,Standards,<p></p>,,,,
,Variant,,,https://d11ak7fd9ypfb7.cloudfront.net/styles1100px/.jpg,,0.0,TRUE,InStock,0,,YP1B13Q1,,,,Size,DROP_DOWN,,Color,DROP_DOWN,,,,,,,,,,,,,,Fit,<p></p>,Length,<p>0</p>,Width,<p>0</p>,Height,<p>0</p>,Box Quantity,<p></p>,Inner Pack Quantity,<p>1</p>,Country Of Origin,<p></p>,Standards,<p></p>,,,,
,Variant,,,https://d11ak7fd9ypfb7.cloudfront.net/styles1100px/.jpg,,0.0,TRUE,InStock,0,,YP1B13Q2,,,,Size,DROP_DOWN,,Color,DROP_DOWN,,,,,,,,,,,,,,Fit,<p></p>,Length,<p>0</p>,Width,<p>0</p>,Height,<p>0</p>,Box Quantity,<p></p>,Inner Pack Quantity,<p>1</p>,Country Of Origin,<p></p>,Standards,<p></p>,,,,
,Variant,,,https://d11ak7fd9ypfb7.cloudfront.net/styles1100px/.jpg,,0.0,TRUE,InStock,0,,YP1B13Q3,,,,Size,DROP_DOWN,,Color,DROP_DOWN,,,,,,,,,,,,,,Fit,<p></p>,Length,<p>0</p>,Width,<p>0</p>,Height,<p>0</p>,Box Quantity,<p></p>,Inner Pack Quantity,<p>1</p>,Country Of Origin,<p></p>,Standards,<p></p>,,,,
,Variant,,,https://d11ak7fd9ypfb7.cloudfront.net/styles1100px/.jpg,,0.0,TRUE,InStock,0,,YP1B13Q4,,,,Size,DROP_DOWN,,Color,DROP_DOWN,,,,,,,,,,,,,,Fit,<p></p>,Length,<p>0</p>,Width,<p>0</p>,Height,<p>0</p>,Box Quantity,<p></p>,Inner Pack Quantity,<p>1</p>,Country Of Origin,<p></p>,Standards,<p></p>,,,,
,Variant,,,https://d11ak7fd9ypfb7.cloudfront.net/styles1100px/.jpg,,0.0,TRUE,InStock,0,,YP1B13Q5,,,,Size,DROP_DOWN,,Color,DROP_DOWN,,,,,,,,,,,,,,Fit,<p></p>,Length,<p>0</p>,Width,<p>0</p>,Height,<p>0</p>,Box Quantity,<p></p>,Inner Pack Quantity,<p>1</p>,Country Of Origin,<p></p>,Standards,<p></p>,,,,
,Variant,,,https://d11ak7fd9ypfb7.cloudfront.net/styles1100px/.jpg,,0.0,TRUE,InStock,0,,YP1B14Q1,,,,Size,DROP_DOWN,,Color,DROP_DOWN,,,,,,,,,,,,,,Fit,<p></p>,Length,<p>0</p>,Width,<p>0</p>,Height,<p>0</p>,Box Quantity,<p></p>,Inner Pack Quantity,<p>1</p>,Country Of Origin,<p></p>,Standards,<p></p>,,,,
,Variant,,,https://d11ak7fd9ypfb7.cloudfront.net/styles1100px/.jpg,,0.0,TRUE,InStock,0,,YP1B14Q2,,,,Size,DROP_DOWN,,Color,DROP_DOWN,,,,,,,,,,,,,,Fit,<p></p>,Length,<p>0</p>,Width,<p>0</p>,Height,<p>0</p>,Box Quantity,<p></p>,Inner Pack Quantity,<p>1</p>,Country Of Origin,<p></p>,Standards,<p></p>,,,,
,Variant,,,https://d11ak7fd9ypfb7.cloudfront.net/styles1100px/.jpg,,0.0,TRUE,InStock,0,,YP1B14Q3,,,,Size,DROP_DOWN,,Color,DROP_DOWN,,,,,,,,,,,,,,Fit,<p></p>,Length,<p>0</p>,Width,<p>0</p>,Height,<p>0</p>,Box Quantity,<p></p>,Inner Pack Quantity,<p>1</p>,Country Of Origin,<p></p>,Standards,<p></p>,,,,
,Variant,,,https://d11ak7fd9ypfb7.cloudfront.net/styles1100px/.jpg,,0.0,TRUE,InStock,0,,YP1B14Q4,,,,Size,DROP_DOWN,,Color,DROP_DOWN,,,,,,,,,,,,,,Fit,<p></p>,Length,<p>0</p>,Width,<p>0</p>,Height,<p>0</p>,Box Quantity,<p></p>,Inner Pack Quantity,<p>1</p>,Country Of Origin,<p></p>,Standards,<p></p>,,,,
,Variant,,,https://d11ak7fd9ypfb7.cloudfront.net/styles1100px/.jpg,,0.0,TRUE,InStock,0,,YP1B14Q5,,,,Size,DROP_DOWN,,Color,DROP_DOWN,,,,,,,,,,,,,,Fit,<p></p>,Length,<p>0</p>,Width,<p>0</p>,Height,<p>0</p>,Box Quantity,<p></p>,Inner Pack Quantity,<p>1</p>,Country Of Origin,<p></p>,Standards,<p></p>,,,,
,Variant,,,https://d11ak7fd9ypfb7.cloudfront.net/styles1100px/.jpg,,0.0,TRUE,InStock,0,,YP1B15Q1,,,,Size,DROP_DOWN,,Color,DROP_DOWN,,,,,,,,,,,,,,Fit,<p></p>,Length,<p>0</p>,Width,<p>0</p>,Height,<p>0</p>,Box Quantity,<p></p>,Inner Pack Quantity,<p>1</p>,Country Of Origin,<p></p>,Standards,<p></p>,,,,
,Variant,,,https://d11ak7fd9ypfb7.cloudfront.net/styles1100px/.jpg,,0.0,TRUE,InStock,0,,YP1B15Q2,,,,Size,DROP_DOWN,,Color,DROP_DOWN,,,,,,,,,,,,,,Fit,<p></p>,Length,<p>0</p>,Width,<p>0</p>,Height,<p>0</p>,Box Quantity,<p></p>,Inner Pack Quantity,<p>1</p>,Country Of Origin,<p></p>,Standards,<p></p>,,,,
,Variant,,,https://d11ak7fd9ypfb7.cloudfront.net/styles1100px/.jpg,,0.0,TRUE,InStock,0,,YP1B15Q3,,,,Size,DROP_DOWN,,Color,DROP_DOWN,,,,,,,,,,,,,,Fit,<p></p>,Length,<p>0</p>,Width,<p>0</p>,Height,<p>0</p>,Box Quantity,<p></p>,Inner Pack Quantity,<p>1</p>,Country Of Origin,<p></p>,Standards,<p></p>,,,,
,Variant,,,https://d11ak7fd9ypfb7.cloudfront.net/styles1100px/.jpg,,0.0,TRUE,InStock,0,,YP1B15Q4,,,,Size,DROP_DOWN,,Color,DROP_DOWN,,,,,,,,,,,,,,Fit,<p></p>,Length,<p>0</p>,Width,<p>0</p>,Height,<p>0</p>,Box Quantity,<p></p>,Inner Pack Quantity,<p>1</p>,Country Of Origin,<p></p>,Standards,<p></p>,,,,
,Variant,,,https://d11ak7fd9ypfb7.cloudfront.net/styles1100px/.jpg,,0.0,TRUE,InStock,0,,YP1B15Q5,,,,Size,DROP_DOWN,,Color,DROP_DOWN,,,,,,,,,,,,,,Fit,<p></p>,Length,<p>0</p>,Width,<p>0</p>,Height,<p>0</p>,Box Quantity,<p></p>,Inner Pack Quantity,<p>1</p>,Country Of Origin,<p></p>,Standards,<p></p>,,,,
,Variant,,,https://d11ak7fd9ypfb7.cloudfront.net/styles1100px/.jpg,,0.0,TRUE,InStock,0,,YP1B16Q1,,,,Size,DROP_DOWN,,Color,DROP_DOWN,,,,,,,,,,,,,,Fit,<p></p>,Length,<p>0</p>,Width,<p>0</p>,Height,<p>0</p>,Box Quantity,<p></p>,Inner Pack Quantity,<p>1</p>,Country Of Origin,<p></p>,Standards,<p></p>,,,,
,Variant,,,https://d11ak7fd9ypfb7.cloudfront.net/styles1100px/.jpg,,0.0,TRUE,InStock,0,,YP1B16Q2,,,,Size,DROP_DOWN,,Color,DROP_DOWN,,,,,,,,,,,,,,Fit,<p></p>,Length,<p>0</p>,Width,<p>0</p>,Height,<p>0</p>,Box Quantity,<p></p>,Inner Pack Quantity,<p>1</p>,Country Of Origin,<p></p>,Standards,<p></p>,,,,
,Variant,,,https://d11ak7fd9ypfb7.cloudfront.net/styles1100px/.jpg,,0.0,TRUE,InStock,0,,YP1B16Q3,,,,Size,DROP_DOWN,,Color,DROP_DOWN,,,,,,,,,,,,,,Fit,<p></p>,Length,<p>0</p>,Width,<p>0</p>,Height,<p>0</p>,Box Quantity,<p></p>,Inner Pack Quantity,<p>1</p>,Country Of Origin,<p></p>,Standards,<p></p>,,,,
,Variant,,,https://d11ak7fd9ypfb7.cloudfront.net/styles1100px/.jpg,,0.0,TRUE,InStock,0,,YP1B16Q4,,,,Size,DROP_DOWN,,Color,DROP_DOWN,,,,,,,,,,,,,,Fit,<p></p>,Length,<p>0</p>,Width,<p>0</p>,Height,<p>0</p>,Box Quantity,<p></p>,Inner Pack Quantity,<p>1</p>,Country Of Origin,<p></p>,Standards,<p></p>,,,,
,Variant,,,https://d11ak7fd9ypfb7.cloudfront.net/styles1100px/.jpg,,0.0,TRUE,InStock,0,,YP1B16Q5,,,,Size,DROP_DOWN,,Color,DROP_DOWN,,,,,,,,,,,,,,Fit,<p></p>,Length,<p>0</p>,Width,<p>0</p>,Height,<p>0</p>,Box Quantity,<p></p>,Inner Pack Quantity,<p>1</p>,Country Of Origin,<p></p>,Standards,<p></p>,,,,
,Variant,,,https://d11ak7fd9ypfb7.cloudfront.net/styles1100px/.jpg,,0.0,TRUE,InStock,0,,YP1B21Q1,,,,Size,DROP_DOWN,,Color,DROP_DOWN,,,,,,,,,,,,,,Fit,<p></p>,Length,<p>0</p>,Width,<p>0</p>,Height,<p>0</p>,Box Quantity,<p></p>,Inner Pack Quantity,<p>1</p>,Country Of Origin,<p></p>,Standards,<p></p>,,,,
,Variant,,,https://d11ak7fd9ypfb7.cloudfront.net/styles1100px/.jpg,,0.0,TRUE,InStock,0,,YP1B21Q2,,,,Size,DROP_DOWN,,Color,DROP_DOWN,,,,,,,,,,,,,,Fit,<p></p>,Length,<p>0</p>,Width,<p>0</p>,Height,<p>0</p>,Box Quantity,<p></p>,Inner Pack Quantity,<p>1</p>,Country Of Origin,<p></p>,Standards,<p></p>,,,,
,Variant,,,https://d11ak7fd9ypfb7.cloudfront.net/styles1100px/.jpg,,0.0,TRUE,InStock,0,,YP1B21Q3,,,,Size,DROP_DOWN,,Color,DROP_DOWN,,,,,,,,,,,,,,Fit,<p></p>,Length,<p>0</p>,Width,<p>0</p>,Height,<p>0</p>,Box Quantity,<p></p>,Inner Pack Quantity,<p>1</p>,Country Of Origin,<p></p>,Standards,<p></p>,,,,
,Variant,,,https://d11ak7fd9ypfb7.cloudfront.net/styles1100px/.jpg,,0.0,TRUE,InStock,0,,YP1B21Q4,,,,Size,DROP_DOWN,,Color,DROP_DOWN,,,,,,,,,,,,,,Fit,<p></p>,Length,<p>0</p>,Width,<p>0</p>,Height,<p>0</p>,Box Quantity,<p></p>,Inner Pack Quantity,<p>1</p>,Country Of Origin,<p></p>,Standards,<p></p>,,,,
,Variant,,,https://d11ak7fd9ypfb7.cloudfront.net/styles1100px/.jpg,,0.0,TRUE,InStock,0,,YP1B21Q5,,,,Size,DROP_DOWN,,Color,DROP_DOWN,,,,,,,,,,,,,,Fit,<p></p>,Length,<p>0</p>,Width,<p>0</p>,Height,<p>0</p>,Box Quantity,<p></p>,Inner Pack Quantity,<p>1</p>,Country Of Origin,<p></p>,Standards,<p></p>,,,,
,Variant,,,https://d11ak7fd9ypfb7.cloudfront.net/styles1100px/.jpg,,0.0,TRUE,InStock,0,,YP1B22Q1,,,,Size,DROP_DOWN,,Color,DROP_DOWN,,,,,,,,,,,,,,Fit,<p></p>,Length,<p>0</p>,Width,<p>0</p>,Height,<p>0</p>,Box Quantity,<p></p>,Inner Pack Quantity,<p>1</p>,Country Of Origin,<p></p>,Standards,<p></p>,,,,
,Variant,,,https://d11ak7fd9ypfb7.cloudfront.net/styles1100px/.jpg,,0.0,TRUE,InStock,0,,YP1B22Q2,,,,Size,DROP_DOWN,,Color,DROP_DOWN,,,,,,,,,,,,,,Fit,<p></p>,Length,<p>0</p>,Width,<p>0</p>,Height,<p>0</p>,Box Quantity,<p></p>,Inner Pack Quantity,<p>1</p>,Country Of Origin,<p></p>,Standards,<p></p>,,,,
,Variant,,,https://d11ak7fd9ypfb7.cloudfront.net/styles1100px/.jpg,,0.0,TRUE,InStock,0,,YP1B22Q3,,,,Size,DROP_DOWN,,Color,DROP_DOWN,,,,,,,,,,,,,,Fit,<p></p>,Length,<p>0</p>,Width,<p>0</p>,Height,<p>0</p>,Box Quantity,<p></p>,Inner Pack Quantity,<p>1</p>,Country Of Origin,<p></p>,Standards,<p></p>,,,,
,Variant,,,https://d11ak7fd9ypfb7.cloudfront.net/styles1100px/.jpg,,0.0,TRUE,InStock,0,,YP1B22Q4,,,,Size,DROP_DOWN,,Color,DROP_DOWN,,,,,,,,,,,,,,Fit,<p></p>,Length,<p>0</p>,Width,<p>0</p>,Height,<p>0</p>,Box Quantity,<p></p>,Inner Pack Quantity,<p>1</p>,Country Of Origin,<p></p>,Standards,<p></p>,,,,
,Variant,,,https://d11ak7fd9ypfb7.cloudfront.net/styles1100px/.jpg,,0.0,TRUE,InStock,0,,YP1B22Q5,,,,Size,DROP_DOWN,,Color,DROP_DOWN,,,,,,,,,,,,,,Fit,<p></p>,Length,<p>0</p>,Width,<p>0</p>,Height,<p>0</p>,Box Quantity,<p></p>,Inner Pack Quantity,<p>1</p>,Country Of Origin,<p></p>,Standards,<p></p>,,,,
,Variant,,,https://d11ak7fd9ypfb7.cloudfront.net/styles1100px/.jpg,,0.0,TRUE,InStock,0,,YP1C11Q1,,,,Size,DROP_DOWN,,Color,DROP_DOWN,,,,,,,,,,,,,,Fit,<p></p>,Length,<p>0</p>,Width,<p>0</p>,Height,<p>0</p>,Box Quantity,<p></p>,Inner Pack Quantity,<p>1</p>,Country Of Origin,<p></p>,Standards,<p></p>,,,,
,Variant,,,https://d11ak7fd9ypfb7.cloudfront.net/styles1100px/.jpg,,0.0,TRUE,InStock,0,,YP1C11Q2,,,,Size,DROP_DOWN,,Color,DROP_DOWN,,,,,,,,,,,,,,Fit,<p></p>,Length,<p>0</p>,Width,<p>0</p>,Height,<p>0</p>,Box Quantity,<p></p>,Inner Pack Quantity,<p>1</p>,Country Of Origin,<p></p>,Standards,<p></p>,,,,
,Variant,,,https://d11ak7fd9ypfb7.cloudfront.net/styles1100px/.jpg,,0.0,TRUE,InStock,0,,YP1C11Q3,,,,Size,DROP_DOWN,,Color,DROP_DOWN,,,,,,,,,,,,,,Fit,<p></p>,Length,<p>0</p>,Width,<p>0</p>,Height,<p>0</p>,Box Quantity,<p></p>,Inner Pack Quantity,<p>1</p>,Country Of Origin,<p></p>,Standards,<p></p>,,,,
,Variant,,,https://d11ak7fd9ypfb7.cloudfront.net/styles1100px/.jpg,,0.0,TRUE,InStock,0,,YP1C11Q4,,,,Size,DROP_DOWN,,Color,DROP_DOWN,,,,,,,,,,,,,,Fit,<p></p>,Length,<p>0</p>,Width,<p>0</p>,Height,<p>0</p>,Box Quantity,<p></p>,Inner Pack Quantity,<p>1</p>,Country Of Origin,<p></p>,Standards,<p></p>,,,,
,Variant,,,https://d11ak7fd9ypfb7.cloudfront.net/styles1100px/.jpg,,0.0,TRUE,InStock,0,,YP1C11Q5,,,,Size,DROP_DOWN,,Color,DROP_DOWN,,,,,,,,,,,,,,Fit,<p></p>,Length,<p>0</p>,Width,<p>0</p>,Height,<p>0</p>,Box Quantity,<p></p>,Inner Pack Quantity,<p>1</p>,Country Of Origin,<p></p>,Standards,<p></p>,,,,
,Variant,,,https://d11ak7fd9ypfb7.cloudfront.net/styles1100px/.jpg,,0.0,TRUE,InStock,0,,YP1C12Q1,,,,Size,DROP_DOWN,,Color,DROP_DOWN,,,,,,,,,,,,,,Fit,<p></p>,Length,<p>0</p>,Width,<p>0</p>,Height,<p>0</p>,Box Quantity,<p></p>,Inner Pack Quantity,<p>1</p>,Country Of Origin,<p></p>,Standards,<p></p>,,,,
,Variant,,,https://d11ak7fd9ypfb7.cloudfront.net/styles1100px/.jpg,,0.0,TRUE,InStock,0,,YP1C12Q2,,,,Size,DROP_DOWN,,Color,DROP_DOWN,,,,,,,,,,,,,,Fit,<p></p>,Length,<p>0</p>,Width,<p>0</p>,Height,<p>0</p>,Box Quantity,<p></p>,Inner Pack Quantity,<p>1</p>,Country Of Origin,<p></p>,Standards,<p></p>,,,,
,Variant,,,https://d11ak7fd9ypfb7.cloudfront.net/styles1100px/.jpg,,0.0,TRUE,InStock,0,,YP1C12Q3,,,,Size,DROP_DOWN,,Color,DROP_DOWN,,,,,,,,,,,,,,Fit,<p></p>,Length,<p>0</p>,Width,<p>0</p>,Height,<p>0</p>,Box Quantity,<p></p>,Inner Pack Quantity,<p>1</p>,Country Of Origin,<p></p>,Standards,<p></p>,,,,
,Variant,,,https://d11ak7fd9ypfb7.cloudfront.net/styles1100px/.jpg,,0.0,TRUE,InStock,0,,YP1C12Q4,,,,Size,DROP_DOWN,,Color,DROP_DOWN,,,,,,,,,,,,,,Fit,<p></p>,Length,<p>0</p>,Width,<p>0</p>,Height,<p>0</p>,Box Quantity,<p></p>,Inner Pack Quantity,<p>1</p>,Country Of Origin,<p></p>,Standards,<p></p>,,,,
,Variant,,,https://d11ak7fd9ypfb7.cloudfront.net/styles1100px/.jpg,,0.0,TRUE,InStock,0,,YP1C12Q5,,,,Size,DROP_DOWN,,Color,DROP_DOWN,,,,,,,,,,,,,,Fit,<p></p>,Length,<p>0</p>,Width,<p>0</p>,Height,<p>0</p>,Box Quantity,<p></p>,Inner Pack Quantity,<p>1</p>,Country Of Origin,<p></p>,Standards,<p></p>,,,,
,Variant,,,https://d11ak7fd9ypfb7.cloudfront.net/styles1100px/.jpg,,0.0,TRUE,InStock,0,,YP1C13Q1,,,,Size,DROP_DOWN,,Color,DROP_DOWN,,,,,,,,,,,,,,Fit,<p></p>,Length,<p>0</p>,Width,<p>0</p>,Height,<p>0</p>,Box Quantity,<p></p>,Inner Pack Quantity,<p>1</p>,Country Of Origin,<p></p>,Standards,<p></p>,,,,
,Variant,,,https://d11ak7fd9ypfb7.cloudfront.net/styles1100px/.jpg,,0.0,TRUE,InStock,0,,YP1C13Q2,,,,Size,DROP_DOWN,,Color,DROP_DOWN,,,,,,,,,,,,,,Fit,<p></p>,Length,<p>0</p>,Width,<p>0</p>,Height,<p>0</p>,Box Quantity,<p></p>,Inner Pack Quantity,<p>1</p>,Country Of Origin,<p></p>,Standards,<p></p>,,,,
,Variant,,,https://d11ak7fd9ypfb7.cloudfront.net/styles1100px/.jpg,,0.0,TRUE,InStock,0,,YP1C13Q3,,,,Size,DROP_DOWN,,Color,DROP_DOWN,,,,,,,,,,,,,,Fit,<p></p>,Length,<p>0</p>,Width,<p>0</p>,Height,<p>0</p>,Box Quantity,<p></p>,Inner Pack Quantity,<p>1</p>,Country Of Origin,<p></p>,Standards,<p></p>,,,,
,Variant,,,https://d11ak7fd9ypfb7.cloudfront.net/styles1100px/.jpg,,0.0,TRUE,InStock,0,,YP1C13Q4,,,,Size,DROP_DOWN,,Color,DROP_DOWN,,,,,,,,,,,,,,Fit,<p></p>,Length,<p>0</p>,Width,<p>0</p>,Height,<p>0</p>,Box Quantity,<p></p>,Inner Pack Quantity,<p>1</p>,Country Of Origin,<p></p>,Standards,<p></p>,,,,
,Variant,,,https://d11ak7fd9ypfb7.cloudfront.net/styles1100px/.jpg,,0.0,TRUE,InStock,0,,YP1C13Q5,,,,Size,DROP_DOWN,,Color,DROP_DOWN,,,,,,,,,,,,,,Fit,<p></p>,Length,<p>0</p>,Width,<p>0</p>,Height,<p>0</p>,Box Quantity,<p></p>,Inner Pack Quantity,<p>1</p>,Country Of Origin,<p></p>,Standards,<p></p>,,,,
,Variant,,,https://d11ak7fd9ypfb7.cloudfront.net/styles1100px/.jpg,,0.0,TRUE,InStock,0,,YP1C14Q1,,,,Size,DROP_DOWN,,Color,DROP_DOWN,,,,,,,,,,,,,,Fit,<p></p>,Length,<p>0</p>,Width,<p>0</p>,Height,<p>0</p>,Box Quantity,<p></p>,Inner Pack Quantity,<p>1</p>,Country Of Origin,<p></p>,Standards,<p></p>,,,,
,Variant,,,https://d11ak7fd9ypfb7.cloudfront.net/styles1100px/.jpg,,0.0,TRUE,InStock,0,,YP1C14Q2,,,,Size,DROP_DOWN,,Color,DROP_DOWN,,,,,,,,,,,,,,Fit,<p></p>,Length,<p>0</p>,Width,<p>0</p>,Height,<p>0</p>,Box Quantity,<p></p>,Inner Pack Quantity,<p>1</p>,Country Of Origin,<p></p>,Standards,<p></p>,,,,
,Variant,,,https://d11ak7fd9ypfb7.cloudfront.net/styles1100px/.jpg,,0.0,TRUE,InStock,0,,YP1C14Q3,,,,Size,DROP_DOWN,,Color,DROP_DOWN,,,,,,,,,,,,,,Fit,<p></p>,Length,<p>0</p>,Width,<p>0</p>,Height,<p>0</p>,Box Quantity,<p></p>,Inner Pack Quantity,<p>1</p>,Country Of Origin,<p></p>,Standards,<p></p>,,,,
,Variant,,,https://d11ak7fd9ypfb7.cloudfront.net/styles1100px/.jpg,,0.0,TRUE,InStock,0,,YP1C14Q4,,,,Size,DROP_DOWN,,Color,DROP_DOWN,,,,,,,,,,,,,,Fit,<p></p>,Length,<p>0</p>,Width,<p>0</p>,Height,<p>0</p>,Box Quantity,<p></p>,Inner Pack Quantity,<p>1</p>,Country Of Origin,<p></p>,Standards,<p></p>,,,,
,Variant,,,https://d11ak7fd9ypfb7.cloudfront.net/styles1100px/.jpg,,0.0,TRUE,InStock,0,,YP1C14Q5,,,,Size,DROP_DOWN,,Color,DROP_DOWN,,,,,,,,,,,,,,Fit,<p></p>,Length,<p>0</p>,Width,<p>0</p>,Height,<p>0</p>,Box Quantity,<p></p>,Inner Pack Quantity,<p>1</p>,Country Of Origin,<p></p>,Standards,<p></p>,,,,
,Variant,,,https://d11ak7fd9ypfb7.cloudfront.net/styles1100px/.jpg,,0.0,TRUE,InStock,0,,YP1C15Q1,,,,Size,DROP_DOWN,,Color,DROP_DOWN,,,,,,,,,,,,,,Fit,<p></p>,Length,<p>0</p>,Width,<p>0</p>,Height,<p>0</p>,Box Quantity,<p></p>,Inner Pack Quantity,<p>1</p>,Country Of Origin,<p></p>,Standards,<p></p>,,,,
,Variant,,,https://d11ak7fd9ypfb7.cloudfront.net/styles1100px/.jpg,,0.0,TRUE,InStock,0,,YP1C15Q2,,,,Size,DROP_DOWN,,Color,DROP_DOWN,,,,,,,,,,,,,,Fit,<p></p>,Length,<p>0</p>,Width,<p>0</p>,Height,<p>0</p>,Box Quantity,<p></p>,Inner Pack Quantity,<p>1</p>,Country Of Origin,<p></p>,Standards,<p></p>,,,,
,Variant,,,https://d11ak7fd9ypfb7.cloudfront.net/styles1100px/.jpg,,0.0,TRUE,InStock,0,,YP1C15Q3,,,,Size,DROP_DOWN,,Color,DROP_DOWN,,,,,,,,,,,,,,Fit,<p></p>,Length,<p>0</p>,Width,<p>0</p>,Height,<p>0</p>,Box Quantity,<p></p>,Inner Pack Quantity,<p>1</p>,Country Of Origin,<p></p>,Standards,<p></p>,,,,
,Variant,,,https://d11ak7fd9ypfb7.cloudfront.net/styles1100px/.jpg,,0.0,TRUE,InStock,0,,YP1C15Q4,,,,Size,DROP_DOWN,,Color,DROP_DOWN,,,,,,,,,,,,,,Fit,<p></p>,Length,<p>0</p>,Width,<p>0</p>,Height,<p>0</p>,Box Quantity,<p></p>,Inner Pack Quantity,<p>1</p>,Country Of Origin,<p></p>,Standards,<p></p>,,,,
,Variant,,,https://d11ak7fd9ypfb7.cloudfront.net/styles1100px/.jpg,,0.0,TRUE,InStock,0,,YP1C15Q5,,,,Size,DROP_DOWN,,Color,DROP_DOWN,,,,,,,,,,,,,,Fit,<p></p>,Length,<p>0</p>,Width,<p>0</p>,Height,<p>0</p>,Box Quantity,<p></p>,Inner Pack Quantity,<p>1</p>,Country Of Origin,<p></p>,Standards,<p></p>,,,,
,Variant,,,https://d11ak7fd9ypfb7.cloudfront.net/styles1100px/.jpg,,0.0,TRUE,InStock,0,,YP1C16Q1,,,,Size,DROP_DOWN,,Color,DROP_DOWN,,,,,,,,,,,,,,Fit,<p></p>,Length,<p>0</p>,Width,<p>0</p>,Height,<p>0</p>,Box Quantity,<p></p>,Inner Pack Quantity,<p>1</p>,Country Of Origin,<p></p>,Standards,<p></p>,,,,
,Variant,,,https://d11ak7fd9ypfb7.cloudfront.net/styles1100px/.jpg,,0.0,TRUE,InStock,0,,YP1C16Q2,,,,Size,DROP_DOWN,,Color,DROP_DOWN,,,,,,,,,,,,,,Fit,<p></p>,Length,<p>0</p>,Width,<p>0</p>,Height,<p>0</p>,Box Quantity,<p></p>,Inner Pack Quantity,<p>1</p>,Country Of Origin,<p></p>,Standards,<p></p>,,,,
,Variant,,,https://d11ak7fd9ypfb7.cloudfront.net/styles1100px/.jpg,,0.0,TRUE,InStock,0,,YP1C16Q3,,,,Size,DROP_DOWN,,Color,DROP_DOWN,,,,,,,,,,,,,,Fit,<p></p>,Length,<p>0</p>,Width,<p>0</p>,Height,<p>0</p>,Box Quantity,<p></p>,Inner Pack Quantity,<p>1</p>,Country Of Origin,<p></p>,Standards,<p></p>,,,,
,Variant,,,https://d11ak7fd9ypfb7.cloudfront.net/styles1100px/.jpg,,0.0,TRUE,InStock,0,,YP1C16Q4,,,,Size,DROP_DOWN,,Color,DROP_DOWN,,,,,,,,,,,,,,Fit,<p></p>,Length,<p>0</p>,Width,<p>0</p>,Height,<p>0</p>,Box Quantity,<p></p>,Inner Pack Quantity,<p>1</p>,Country Of Origin,<p></p>,Standards,<p></p>,,,,
,Variant,,,https://d11ak7fd9ypfb7.cloudfront.net/styles1100px/.jpg,,0.0,TRUE,InStock,0,,YP1C16Q5,,,,Size,DROP_DOWN,,Color,DROP_DOWN,,,,,,,,,,,,,,Fit,<p></p>,Length,<p>0</p>,Width,<p>0</p>,Height,<p>0</p>,Box Quantity,<p></p>,Inner Pack Quantity,<p>1</p>,Country Of Origin,<p></p>,Standards,<p></p>,,,,
,Variant,,,https://d11ak7fd9ypfb7.cloudfront.net/styles1100px/.jpg,,0.0,TRUE,InStock,0,,YP1C21Q1,,,,Size,DROP_DOWN,,Color,DROP_DOWN,,,,,,,,,,,,,,Fit,<p></p>,Length,<p>0</p>,Width,<p>0</p>,Height,<p>0</p>,Box Quantity,<p></p>,Inner Pack Quantity,<p>1</p>,Country Of Origin,<p></p>,Standards,<p></p>,,,,
,Variant,,,https://d11ak7fd9ypfb7.cloudfront.net/styles1100px/.jpg,,0.0,TRUE,InStock,0,,YP1C21Q2,,,,Size,DROP_DOWN,,Color,DROP_DOWN,,,,,,,,,,,,,,Fit,<p></p>,Length,<p>0</p>,Width,<p>0</p>,Height,<p>0</p>,Box Quantity,<p></p>,Inner Pack Quantity,<p>1</p>,Country Of Origin,<p></p>,Standards,<p></p>,,,,
,Variant,,,https://d11ak7fd9ypfb7.cloudfront.net/styles1100px/.jpg,,0.0,TRUE,InStock,0,,YP1C21Q3,,,,Size,DROP_DOWN,,Color,DROP_DOWN,,,,,,,,,,,,,,Fit,<p></p>,Length,<p>0</p>,Width,<p>0</p>,Height,<p>0</p>,Box Quantity,<p></p>,Inner Pack Quantity,<p>1</p>,Country Of Origin,<p></p>,Standards,<p></p>,,,,
,Variant,,,https://d11ak7fd9ypfb7.cloudfront.net/styles1100px/.jpg,,0.0,TRUE,InStock,0,,YP1C21Q4,,,,Size,DROP_DOWN,,Color,DROP_DOWN,,,,,,,,,,,,,,Fit,<p></p>,Length,<p>0</p>,Width,<p>0</p>,Height,<p>0</p>,Box Quantity,<p></p>,Inner Pack Quantity,<p>1</p>,Country Of Origin,<p></p>,Standards,<p></p>,,,,
,Variant,,,https://d11ak7fd9ypfb7.cloudfront.net/styles1100px/.jpg,,0.0,TRUE,InStock,0,,YP1C21Q5,,,,Size,DROP_DOWN,,Color,DROP_DOWN,,,,,,,,,,,,,,Fit,<p></p>,Length,<p>0</p>,Width,<p>0</p>,Height,<p>0</p>,Box Quantity,<p></p>,Inner Pack Quantity,<p>1</p>,Country Of Origin,<p></p>,Standards,<p></p>,,,,
,Variant,,,https://d11ak7fd9ypfb7.cloudfront.net/styles1100px/.jpg,,0.0,TRUE,InStock,0,,YP1C22Q1,,,,Size,DROP_DOWN,,Color,DROP_DOWN,,,,,,,,,,,,,,Fit,<p></p>,Length,<p>0</p>,Width,<p>0</p>,Height,<p>0</p>,Box Quantity,<p></p>,Inner Pack Quantity,<p>1</p>,Country Of Origin,<p></p>,Standards,<p></p>,,,,
,Variant,,,https://d11ak7fd9ypfb7.cloudfront.net/styles1100px/.jpg,,0.0,TRUE,InStock,0,,YP1C22Q2,,,,Size,DROP_DOWN,,Color,DROP_DOWN,,,,,,,,,,,,,,Fit,<p></p>,Length,<p>0</p>,Width,<p>0</p>,Height,<p>0</p>,Box Quantity,<p></p>,Inner Pack Quantity,<p>1</p>,Country Of Origin,<p></p>,Standards,<p></p>,,,,
,Variant,,,https://d11ak7fd9ypfb7.cloudfront.net/styles1100px/.jpg,,0.0,TRUE,InStock,0,,YP1C22Q3,,,,Size,DROP_DOWN,,Color,DROP_DOWN,,,,,,,,,,,,,,Fit,<p></p>,Length,<p>0</p>,Width,<p>0</p>,Height,<p>0</p>,Box Quantity,<p></p>,Inner Pack Quantity,<p>1</p>,Country Of Origin,<p></p>,Standards,<p></p>,,,,
,Variant,,,https://d11ak7fd9ypfb7.cloudfront.net/styles1100px/.jpg,,0.0,TRUE,InStock,0,,YP1C22Q4,,,,Size,DROP_DOWN,,Color,DROP_DOWN,,,,,,,,,,,,,,Fit,<p></p>,Length,<p>0</p>,Width,<p>0</p>,Height,<p>0</p>,Box Quantity,<p></p>,Inner Pack Quantity,<p>1</p>,Country Of Origin,<p></p>,Standards,<p></p>,,,,
,Variant,,,https://d11ak7fd9ypfb7.cloudfront.net/styles1100px/.jpg,,0.0,TRUE,InStock,0,,YP1C22Q5,,,,Size,DROP_DOWN,,Color,DROP_DOWN,,,,,,,,,,,,,,Fit,<p></p>,Length,<p>0</p>,Width,<p>0</p>,Height,<p>0</p>,Box Quantity,<p></p>,Inner Pack Quantity,<p>1</p>,Country Of Origin,<p></p>,Standards,<p></p>,,,,
,Variant,,,https://d11ak7fd9ypfb7.cloudfront.net/styles1100px/.jpg,,0.0,TRUE,InStock,0,,YP1D11Q1,,,,Size,DROP_DOWN,,Color,DROP_DOWN,,,,,,,,,,,,,,Fit,<p></p>,Length,<p>0</p>,Width,<p>0</p>,Height,<p>0</p>,Box Quantity,<p></p>,Inner Pack Quantity,<p>1</p>,Country Of Origin,<p></p>,Standards,<p></p>,,,,
,Variant,,,https://d11ak7fd9ypfb7.cloudfront.net/styles1100px/.jpg,,0.0,TRUE,InStock,0,,YP1D11Q2,,,,Size,DROP_DOWN,,Color,DROP_DOWN,,,,,,,,,,,,,,Fit,<p></p>,Length,<p>0</p>,Width,<p>0</p>,Height,<p>0</p>,Box Quantity,<p></p>,Inner Pack Quantity,<p>1</p>,Country Of Origin,<p></p>,Standards,<p></p>,,,,
,Variant,,,https://d11ak7fd9ypfb7.cloudfront.net/styles1100px/.jpg,,0.0,TRUE,InStock,0,,YP1D11Q3,,,,Size,DROP_DOWN,,Color,DROP_DOWN,,,,,,,,,,,,,,Fit,<p></p>,Length,<p>0</p>,Width,<p>0</p>,Height,<p>0</p>,Box Quantity,<p></p>,Inner Pack Quantity,<p>1</p>,Country Of Origin,<p></p>,Standards,<p></p>,,,,
,Variant,,,https://d11ak7fd9ypfb7.cloudfront.net/styles1100px/.jpg,,0.0,TRUE,InStock,0,,YP1D11Q4,,,,Size,DROP_DOWN,,Color,DROP_DOWN,,,,,,,,,,,,,,Fit,<p></p>,Length,<p>0</p>,Width,<p>0</p>,Height,<p>0</p>,Box Quantity,<p></p>,Inner Pack Quantity,<p>1</p>,Country Of Origin,<p></p>,Standards,<p></p>,,,,
,Variant,,,https://d11ak7fd9ypfb7.cloudfront.net/styles1100px/.jpg,,0.0,TRUE,InStock,0,,YP1D11Q5,,,,Size,DROP_DOWN,,Color,DROP_DOWN,,,,,,,,,,,,,,Fit,<p></p>,Length,<p>0</p>,Width,<p>0</p>,Height,<p>0</p>,Box Quantity,<p></p>,Inner Pack Quantity,<p>1</p>,Country Of Origin,<p></p>,Standards,<p></p>,,,,
,Variant,,,https://d11ak7fd9ypfb7.cloudfront.net/styles1100px/.jpg,,0.0,TRUE,InStock,0,,YP1D12Q1,,,,Size,DROP_DOWN,,Color,DROP_DOWN,,,,,,,,,,,,,,Fit,<p></p>,Length,<p>0</p>,Width,<p>0</p>,Height,<p>0</p>,Box Quantity,<p></p>,Inner Pack Quantity,<p>1</p>,Country Of Origin,<p></p>,Standards,<p></p>,,,,
,Variant,,,https://d11ak7fd9ypfb7.cloudfront.net/styles1100px/.jpg,,0.0,TRUE,InStock,0,,YP1D12Q2,,,,Size,DROP_DOWN,,Color,DROP_DOWN,,,,,,,,,,,,,,Fit,<p></p>,Length,<p>0</p>,Width,<p>0</p>,Height,<p>0</p>,Box Quantity,<p></p>,Inner Pack Quantity,<p>1</p>,Country Of Origin,<p></p>,Standards,<p></p>,,,,
,Variant,,,https://d11ak7fd9ypfb7.cloudfront.net/styles1100px/.jpg,,0.0,TRUE,InStock,0,,YP1D12Q3,,,,Size,DROP_DOWN,,Color,DROP_DOWN,,,,,,,,,,,,,,Fit,<p></p>,Length,<p>0</p>,Width,<p>0</p>,Height,<p>0</p>,Box Quantity,<p></p>,Inner Pack Quantity,<p>1</p>,Country Of Origin,<p></p>,Standards,<p></p>,,,,
,Variant,,,https://d11ak7fd9ypfb7.cloudfront.net/styles1100px/.jpg,,0.0,TRUE,InStock,0,,YP1D12Q4,,,,Size,DROP_DOWN,,Color,DROP_DOWN,,,,,,,,,,,,,,Fit,<p></p>,Length,<p>0</p>,Width,<p>0</p>,Height,<p>0</p>,Box Quantity,<p></p>,Inner Pack Quantity,<p>1</p>,Country Of Origin,<p></p>,Standards,<p></p>,,,,
,Variant,,,https://d11ak7fd9ypfb7.cloudfront.net/styles1100px/.jpg,,0.0,TRUE,InStock,0,,YP1D12Q5,,,,Size,DROP_DOWN,,Color,DROP_DOWN,,,,,,,,,,,,,,Fit,<p></p>,Length,<p>0</p>,Width,<p>0</p>,Height,<p>0</p>,Box Quantity,<p></p>,Inner Pack Quantity,<p>1</p>,Country Of Origin,<p></p>,Standards,<p></p>,,,,
,Variant,,,https://d11ak7fd9ypfb7.cloudfront.net/styles1100px/.jpg,,0.0,TRUE,InStock,0,,YP1D13Q1,,,,Size,DROP_DOWN,,Color,DROP_DOWN,,,,,,,,,,,,,,Fit,<p></p>,Length,<p>0</p>,Width,<p>0</p>,Height,<p>0</p>,Box Quantity,<p></p>,Inner Pack Quantity,<p>1</p>,Country Of Origin,<p></p>,Standards,<p></p>,,,,
,Variant,,,https://d11ak7fd9ypfb7.cloudfront.net/styles1100px/.jpg,,0.0,TRUE,InStock,0,,YP1D13Q2,,,,Size,DROP_DOWN,,Color,DROP_DOWN,,,,,,,,,,,,,,Fit,<p></p>,Length,<p>0</p>,Width,<p>0</p>,Height,<p>0</p>,Box Quantity,<p></p>,Inner Pack Quantity,<p>1</p>,Country Of Origin,<p></p>,Standards,<p></p>,,,,
,Variant,,,https://d11ak7fd9ypfb7.cloudfront.net/styles1100px/.jpg,,0.0,TRUE,InStock,0,,YP1D13Q3,,,,Size,DROP_DOWN,,Color,DROP_DOWN,,,,,,,,,,,,,,Fit,<p></p>,Length,<p>0</p>,Width,<p>0</p>,Height,<p>0</p>,Box Quantity,<p></p>,Inner Pack Quantity,<p>1</p>,Country Of Origin,<p></p>,Standards,<p></p>,,,,
,Variant,,,https://d11ak7fd9ypfb7.cloudfront.net/styles1100px/.jpg,,0.0,TRUE,InStock,0,,YP1D13Q4,,,,Size,DROP_DOWN,,Color,DROP_DOWN,,,,,,,,,,,,,,Fit,<p></p>,Length,<p>0</p>,Width,<p>0</p>,Height,<p>0</p>,Box Quantity,<p></p>,Inner Pack Quantity,<p>1</p>,Country Of Origin,<p></p>,Standards,<p></p>,,,,
,Variant,,,https://d11ak7fd9ypfb7.cloudfront.net/styles1100px/.jpg,,0.0,TRUE,InStock,0,,YP1D13Q5,,,,Size,DROP_DOWN,,Color,DROP_DOWN,,,,,,,,,,,,,,Fit,<p></p>,Length,<p>0</p>,Width,<p>0</p>,Height,<p>0</p>,Box Quantity,<p></p>,Inner Pack Quantity,<p>1</p>,Country Of Origin,<p></p>,Standards,<p></p>,,,,
,Variant,,,https://d11ak7fd9ypfb7.cloudfront.net/styles1100px/.jpg,,0.0,TRUE,InStock,0,,YP1D14Q1,,,,Size,DROP_DOWN,,Color,DROP_DOWN,,,,,,,,,,,,,,Fit,<p></p>,Length,<p>0</p>,Width,<p>0</p>,Height,<p>0</p>,Box Quantity,<p></p>,Inner Pack Quantity,<p>1</p>,Country Of Origin,<p></p>,Standards,<p></p>,,,,
,Variant,,,https://d11ak7fd9ypfb7.cloudfront.net/styles1100px/.jpg,,0.0,TRUE,InStock,0,,YP1D14Q2,,,,Size,DROP_DOWN,,Color,DROP_DOWN,,,,,,,,,,,,,,Fit,<p></p>,Length,<p>0</p>,Width,<p>0</p>,Height,<p>0</p>,Box Quantity,<p></p>,Inner Pack Quantity,<p>1</p>,Country Of Origin,<p></p>,Standards,<p></p>,,,,
,Variant,,,https://d11ak7fd9ypfb7.cloudfront.net/styles1100px/.jpg,,0.0,TRUE,InStock,0,,YP1D14Q3,,,,Size,DROP_DOWN,,Color,DROP_DOWN,,,,,,,,,,,,,,Fit,<p></p>,Length,<p>0</p>,Width,<p>0</p>,Height,<p>0</p>,Box Quantity,<p></p>,Inner Pack Quantity,<p>1</p>,Country Of Origin,<p></p>,Standards,<p></p>,,,,
,Variant,,,https://d11ak7fd9ypfb7.cloudfront.net/styles1100px/.jpg,,0.0,TRUE,InStock,0,,YP1D14Q4,,,,Size,DROP_DOWN,,Color,DROP_DOWN,,,,,,,,,,,,,,Fit,<p></p>,Length,<p>0</p>,Width,<p>0</p>,Height,<p>0</p>,Box Quantity,<p></p>,Inner Pack Quantity,<p>1</p>,Country Of Origin,<p></p>,Standards,<p></p>,,,,
,Variant,,,https://d11ak7fd9ypfb7.cloudfront.net/styles1100px/.jpg,,0.0,TRUE,InStock,0,,YP1D14Q5,,,,Size,DROP_DOWN,,Color,DROP_DOWN,,,,,,,,,,,,,,Fit,<p></p>,Length,<p>0</p>,Width,<p>0</p>,Height,<p>0</p>,Box Quantity,<p></p>,Inner Pack Quantity,<p>1</p>,Country Of Origin,<p></p>,Standards,<p></p>,,,,
,Variant,,,https://d11ak7fd9ypfb7.cloudfront.net/styles1100px/.jpg,,0.0,TRUE,InStock,0,,YP1D15Q1,,,,Size,DROP_DOWN,,Color,DROP_DOWN,,,,,,,,,,,,,,Fit,<p></p>,Length,<p>0</p>,Width,<p>0</p>,Height,<p>0</p>,Box Quantity,<p></p>,Inner Pack Quantity,<p>1</p>,Country Of Origin,<p></p>,Standards,<p></p>,,,,
,Variant,,,https://d11ak7fd9ypfb7.cloudfront.net/styles1100px/.jpg,,0.0,TRUE,InStock,0,,YP1D15Q2,,,,Size,DROP_DOWN,,Color,DROP_DOWN,,,,,,,,,,,,,,Fit,<p></p>,Length,<p>0</p>,Width,<p>0</p>,Height,<p>0</p>,Box Quantity,<p></p>,Inner Pack Quantity,<p>1</p>,Country Of Origin,<p></p>,Standards,<p></p>,,,,
,Variant,,,https://d11ak7fd9ypfb7.cloudfront.net/styles1100px/.jpg,,0.0,TRUE,InStock,0,,YP1D15Q3,,,,Size,DROP_DOWN,,Color,DROP_DOWN,,,,,,,,,,,,,,Fit,<p></p>,Length,<p>0</p>,Width,<p>0</p>,Height,<p>0</p>,Box Quantity,<p></p>,Inner Pack Quantity,<p>1</p>,Country Of Origin,<p></p>,Standards,<p></p>,,,,
,Variant,,,https://d11ak7fd9ypfb7.cloudfront.net/styles1100px/.jpg,,0.0,TRUE,InStock,0,,YP1D15Q4,,,,Size,DROP_DOWN,,Color,DROP_DOWN,,,,,,,,,,,,,,Fit,<p></p>,Length,<p>0</p>,Width,<p>0</p>,Height,<p>0</p>,Box Quantity,<p></p>,Inner Pack Quantity,<p>1</p>,Country Of Origin,<p></p>,Standards,<p></p>,,,,
,Variant,,,https://d11ak7fd9ypfb7.cloudfront.net/styles1100px/.jpg,,0.0,TRUE,InStock,0,,YP1D15Q5,,,,Size,DROP_DOWN,,Color,DROP_DOWN,,,,,,,,,,,,,,Fit,<p></p>,Length,<p>0</p>,Width,<p>0</p>,Height,<p>0</p>,Box Quantity,<p></p>,Inner Pack Quantity,<p>1</p>,Country Of Origin,<p></p>,Standards,<p></p>,,,,
,Variant,,,https://d11ak7fd9ypfb7.cloudfront.net/styles1100px/.jpg,,0.0,TRUE,InStock,0,,YP1D16Q1,,,,Size,DROP_DOWN,,Color,DROP_DOWN,,,,,,,,,,,,,,Fit,<p></p>,Length,<p>0</p>,Width,<p>0</p>,Height,<p>0</p>,Box Quantity,<p></p>,Inner Pack Quantity,<p>1</p>,Country Of Origin,<p></p>,Standards,<p></p>,,,,
,Variant,,,https://d11ak7fd9ypfb7.cloudfront.net/styles1100px/.jpg,,0.0,TRUE,InStock,0,,YP1D16Q2,,,,Size,DROP_DOWN,,Color,DROP_DOWN,,,,,,,,,,,,,,Fit,<p></p>,Length,<p>0</p>,Width,<p>0</p>,Height,<p>0</p>,Box Quantity,<p></p>,Inner Pack Quantity,<p>1</p>,Country Of Origin,<p></p>,Standards,<p></p>,,,,
,Variant,,,https://d11ak7fd9ypfb7.cloudfront.net/styles1100px/.jpg,,0.0,TRUE,InStock,0,,YP1D16Q3,,,,Size,DROP_DOWN,,Color,DROP_DOWN,,,,,,,,,,,,,,Fit,<p></p>,Length,<p>0</p>,Width,<p>0</p>,Height,<p>0</p>,Box Quantity,<p></p>,Inner Pack Quantity,<p>1</p>,Country Of Origin,<p></p>,Standards,<p></p>,,,,
,Variant,,,https://d11ak7fd9ypfb7.cloudfront.net/styles1100px/.jpg,,0.0,TRUE,InStock,0,,YP1D16Q4,,,,Size,DROP_DOWN,,Color,DROP_DOWN,,,,,,,,,,,,,,Fit,<p></p>,Length,<p>0</p>,Width,<p>0</p>,Height,<p>0</p>,Box Quantity,<p></p>,Inner Pack Quantity,<p>1</p>,Country Of Origin,<p></p>,Standards,<p></p>,,,,
,Variant,,,https://d11ak7fd9ypfb7.cloudfront.net/styles1100px/.jpg,,0.0,TRUE,InStock,0,,YP1D16Q5,,,,Size,DROP_DOWN,,Color,DROP_DOWN,,,,,,,,,,,,,,Fit,<p></p>,Length,<p>0</p>,Width,<p>0</p>,Height,<p>0</p>,Box Quantity,<p></p>,Inner Pack Quantity,<p>1</p>,Country Of Origin,<p></p>,Standards,<p></p>,,,,
,Variant,,,https://d11ak7fd9ypfb7.cloudfront.net/styles1100px/.jpg,,0.0,TRUE,InStock,0,,YP1D21Q1,,,,Size,DROP_DOWN,,Color,DROP_DOWN,,,,,,,,,,,,,,Fit,<p></p>,Length,<p>0</p>,Width,<p>0</p>,Height,<p>0</p>,Box Quantity,<p></p>,Inner Pack Quantity,<p>1</p>,Country Of Origin,<p></p>,Standards,<p></p>,,,,
,Variant,,,https://d11ak7fd9ypfb7.cloudfront.net/styles1100px/.jpg,,0.0,TRUE,InStock,0,,YP1D21Q2,,,,Size,DROP_DOWN,,Color,DROP_DOWN,,,,,,,,,,,,,,Fit,<p></p>,Length,<p>0</p>,Width,<p>0</p>,Height,<p>0</p>,Box Quantity,<p></p>,Inner Pack Quantity,<p>1</p>,Country Of Origin,<p></p>,Standards,<p></p>,,,,
,Variant,,,https://d11ak7fd9ypfb7.cloudfront.net/styles1100px/.jpg,,0.0,TRUE,InStock,0,,YP1D21Q3,,,,Size,DROP_DOWN,,Color,DROP_DOWN,,,,,,,,,,,,,,Fit,<p></p>,Length,<p>0</p>,Width,<p>0</p>,Height,<p>0</p>,Box Quantity,<p></p>,Inner Pack Quantity,<p>1</p>,Country Of Origin,<p></p>,Standards,<p></p>,,,,
,Variant,,,https://d11ak7fd9ypfb7.cloudfront.net/styles1100px/.jpg,,0.0,TRUE,InStock,0,,YP1D21Q4,,,,Size,DROP_DOWN,,Color,DROP_DOWN,,,,,,,,,,,,,,Fit,<p></p>,Length,<p>0</p>,Width,<p>0</p>,Height,<p>0</p>,Box Quantity,<p></p>,Inner Pack Quantity,<p>1</p>,Country Of Origin,<p></p>,Standards,<p></p>,,,,
,Variant,,,https://d11ak7fd9ypfb7.cloudfront.net/styles1100px/.jpg,,0.0,TRUE,InStock,0,,YP1D21Q5,,,,Size,DROP_DOWN,,Color,DROP_DOWN,,,,,,,,,,,,,,Fit,<p></p>,Length,<p>0</p>,Width,<p>0</p>,Height,<p>0</p>,Box Quantity,<p></p>,Inner Pack Quantity,<p>1</p>,Country Of Origin,<p></p>,Standards,<p></p>,,,,
,Variant,,,https://d11ak7fd9ypfb7.cloudfront.net/styles1100px/.jpg,,0.0,TRUE,InStock,0,,YP1D22Q1,,,,Size,DROP_DOWN,,Color,DROP_DOWN,,,,,,,,,,,,,,Fit,<p></p>,Length,<p>0</p>,Width,<p>0</p>,Height,<p>0</p>,Box Quantity,<p></p>,Inner Pack Quantity,<p>1</p>,Country Of Origin,<p></p>,Standards,<p></p>,,,,
,Variant,,,https://d11ak7fd9ypfb7.cloudfront.net/styles1100px/.jpg,,0.0,TRUE,InStock,0,,YP1D22Q2,,,,Size,DROP_DOWN,,Color,DROP_DOWN,,,,,,,,,,,,,,Fit,<p></p>,Length,<p>0</p>,Width,<p>0</p>,Height,<p>0</p>,Box Quantity,<p></p>,Inner Pack Quantity,<p>1</p>,Country Of Origin,<p></p>,Standards,<p></p>,,,,
,Variant,,,https://d11ak7fd9ypfb7.cloudfront.net/styles1100px/.jpg,,0.0,TRUE,InStock,0,,YP1D22Q3,,,,Size,DROP_DOWN,,Color,DROP_DOWN,,,,,,,,,,,,,,Fit,<p></p>,Length,<p>0</p>,Width,<p>0</p>,Height,<p>0</p>,Box Quantity,<p></p>,Inner Pack Quantity,<p>1</p>,Country Of Origin,<p></p>,Standards,<p></p>,,,,
,Variant,,,https://d11ak7fd9ypfb7.cloudfront.net/styles1100px/.jpg,,0.0,TRUE,InStock,0,,YP1D22Q4,,,,Size,DROP_DOWN,,Color,DROP_DOWN,,,,,,,,,,,,,,Fit,<p></p>,Length,<p>0</p>,Width,<p>0</p>,Height,<p>0</p>,Box Quantity,<p></p>,Inner Pack Quantity,<p>1</p>,Country Of Origin,<p></p>,Standards,<p></p>,,,,
,Variant,,,https://d11ak7fd9ypfb7.cloudfront.net/styles1100px/.jpg,,0.0,TRUE,InStock,0,,YP1D22Q5,,,,Size,DROP_DOWN,,Color,DROP_DOWN,,,,,,,,,,,,,,Fit,<p></p>,Length,<p>0</p>,Width,<p>0</p>,Height,<p>0</p>,Box Quantity,<p></p>,Inner Pack Quantity,<p>1</p>,Country Of Origin,<p></p>,Standards,<p></p>,,,,
,Variant,,,https://d11ak7fd9ypfb7.cloudfront.net/styles1100px/.jpg,,0.0,TRUE,InStock,0,,YP1E11Q1,,,,Size,DROP_DOWN,,Color,DROP_DOWN,,,,,,,,,,,,,,Fit,<p></p>,Length,<p>0</p>,Width,<p>0</p>,Height,<p>0</p>,Box Quantity,<p></p>,Inner Pack Quantity,<p>1</p>,Country Of Origin,<p></p>,Standards,<p></p>,,,,
,Variant,,,https://d11ak7fd9ypfb7.cloudfront.net/styles1100px/.jpg,,0.0,TRUE,InStock,0,,YP1E11Q2,,,,Size,DROP_DOWN,,Color,DROP_DOWN,,,,,,,,,,,,,,Fit,<p></p>,Length,<p>0</p>,Width,<p>0</p>,Height,<p>0</p>,Box Quantity,<p></p>,Inner Pack Quantity,<p>1</p>,Country Of Origin,<p></p>,Standards,<p></p>,,,,
,Variant,,,https://d11ak7fd9ypfb7.cloudfront.net/styles1100px/.jpg,,0.0,TRUE,InStock,0,,YP1E11Q3,,,,Size,DROP_DOWN,,Color,DROP_DOWN,,,,,,,,,,,,,,Fit,<p></p>,Length,<p>0</p>,Width,<p>0</p>,Height,<p>0</p>,Box Quantity,<p></p>,Inner Pack Quantity,<p>1</p>,Country Of Origin,<p></p>,Standards,<p></p>,,,,
,Variant,,,https://d11ak7fd9ypfb7.cloudfront.net/styles1100px/.jpg,,0.0,TRUE,InStock,0,,YP1E11Q4,,,,Size,DROP_DOWN,,Color,DROP_DOWN,,,,,,,,,,,,,,Fit,<p></p>,Length,<p>0</p>,Width,<p>0</p>,Height,<p>0</p>,Box Quantity,<p></p>,Inner Pack Quantity,<p>1</p>,Country Of Origin,<p></p>,Standards,<p></p>,,,,
,Variant,,,https://d11ak7fd9ypfb7.cloudfront.net/styles1100px/.jpg,,0.0,TRUE,InStock,0,,YP1E11Q5,,,,Size,DROP_DOWN,,Color,DROP_DOWN,,,,,,,,,,,,,,Fit,<p></p>,Length,<p>0</p>,Width,<p>0</p>,Height,<p>0</p>,Box Quantity,<p></p>,Inner Pack Quantity,<p>1</p>,Country Of Origin,<p></p>,Standards,<p></p>,,,,
,Variant,,,https://d11ak7fd9ypfb7.cloudfront.net/styles1100px/.jpg,,0.0,TRUE,InStock,0,,YP1E12Q1,,,,Size,DROP_DOWN,,Color,DROP_DOWN,,,,,,,,,,,,,,Fit,<p></p>,Length,<p>0</p>,Width,<p>0</p>,Height,<p>0</p>,Box Quantity,<p></p>,Inner Pack Quantity,<p>1</p>,Country Of Origin,<p></p>,Standards,<p></p>,,,,
,Variant,,,https://d11ak7fd9ypfb7.cloudfront.net/styles1100px/.jpg,,0.0,TRUE,InStock,0,,YP1E12Q2,,,,Size,DROP_DOWN,,Color,DROP_DOWN,,,,,,,,,,,,,,Fit,<p></p>,Length,<p>0</p>,Width,<p>0</p>,Height,<p>0</p>,Box Quantity,<p></p>,Inner Pack Quantity,<p>1</p>,Country Of Origin,<p></p>,Standards,<p></p>,,,,
,Variant,,,https://d11ak7fd9ypfb7.cloudfront.net/styles1100px/.jpg,,0.0,TRUE,InStock,0,,YP1E12Q3,,,,Size,DROP_DOWN,,Color,DROP_DOWN,,,,,,,,,,,,,,Fit,<p></p>,Length,<p>0</p>,Width,<p>0</p>,Height,<p>0</p>,Box Quantity,<p></p>,Inner Pack Quantity,<p>1</p>,Country Of Origin,<p></p>,Standards,<p></p>,,,,
,Variant,,,https://d11ak7fd9ypfb7.cloudfront.net/styles1100px/.jpg,,0.0,TRUE,InStock,0,,YP1E12Q4,,,,Size,DROP_DOWN,,Color,DROP_DOWN,,,,,,,,,,,,,,Fit,<p></p>,Length,<p>0</p>,Width,<p>0</p>,Height,<p>0</p>,Box Quantity,<p></p>,Inner Pack Quantity,<p>1</p>,Country Of Origin,<p></p>,Standards,<p></p>,,,,
,Variant,,,https://d11ak7fd9ypfb7.cloudfront.net/styles1100px/.jpg,,0.0,TRUE,InStock,0,,YP1E12Q5,,,,Size,DROP_DOWN,,Color,DROP_DOWN,,,,,,,,,,,,,,Fit,<p></p>,Length,<p>0</p>,Width,<p>0</p>,Height,<p>0</p>,Box Quantity,<p></p>,Inner Pack Quantity,<p>1</p>,Country Of Origin,<p></p>,Standards,<p></p>,,,,
,Variant,,,https://d11ak7fd9ypfb7.cloudfront.net/styles1100px/.jpg,,0.0,TRUE,InStock,0,,YP1E13Q1,,,,Size,DROP_DOWN,,Color,DROP_DOWN,,,,,,,,,,,,,,Fit,<p></p>,Length,<p>0</p>,Width,<p>0</p>,Height,<p>0</p>,Box Quantity,<p></p>,Inner Pack Quantity,<p>1</p>,Country Of Origin,<p></p>,Standards,<p></p>,,,,
,Variant,,,https://d11ak7fd9ypfb7.cloudfront.net/styles1100px/.jpg,,0.0,TRUE,InStock,0,,YP1E13Q2,,,,Size,DROP_DOWN,,Color,DROP_DOWN,,,,,,,,,,,,,,Fit,<p></p>,Length,<p>0</p>,Width,<p>0</p>,Height,<p>0</p>,Box Quantity,<p></p>,Inner Pack Quantity,<p>1</p>,Country Of Origin,<p></p>,Standards,<p></p>,,,,
,Variant,,,https://d11ak7fd9ypfb7.cloudfront.net/styles1100px/.jpg,,0.0,TRUE,InStock,0,,YP1E13Q3,,,,Size,DROP_DOWN,,Color,DROP_DOWN,,,,,,,,,,,,,,Fit,<p></p>,Length,<p>0</p>,Width,<p>0</p>,Height,<p>0</p>,Box Quantity,<p></p>,Inner Pack Quantity,<p>1</p>,Country Of Origin,<p></p>,Standards,<p></p>,,,,
,Variant,,,https://d11ak7fd9ypfb7.cloudfront.net/styles1100px/.jpg,,0.0,TRUE,InStock,0,,YP1E13Q4,,,,Size,DROP_DOWN,,Color,DROP_DOWN,,,,,,,,,,,,,,Fit,<p></p>,Length,<p>0</p>,Width,<p>0</p>,Height,<p>0</p>,Box Quantity,<p></p>,Inner Pack Quantity,<p>1</p>,Country Of Origin,<p></p>,Standards,<p></p>,,,,
,Variant,,,https://d11ak7fd9ypfb7.cloudfront.net/styles1100px/.jpg,,0.0,TRUE,InStock,0,,YP1E13Q5,,,,Size,DROP_DOWN,,Color,DROP_DOWN,,,,,,,,,,,,,,Fit,<p></p>,Length,<p>0</p>,Width,<p>0</p>,Height,<p>0</p>,Box Quantity,<p></p>,Inner Pack Quantity,<p>1</p>,Country Of Origin,<p></p>,Standards,<p></p>,,,,
,Variant,,,https://d11ak7fd9ypfb7.cloudfront.net/styles1100px/.jpg,,0.0,TRUE,InStock,0,,YP1E14Q1,,,,Size,DROP_DOWN,,Color,DROP_DOWN,,,,,,,,,,,,,,Fit,<p></p>,Length,<p>0</p>,Width,<p>0</p>,Height,<p>0</p>,Box Quantity,<p></p>,Inner Pack Quantity,<p>1</p>,Country Of Origin,<p></p>,Standards,<p></p>,,,,
,Variant,,,https://d11ak7fd9ypfb7.cloudfront.net/styles1100px/.jpg,,0.0,TRUE,InStock,0,,YP1E14Q2,,,,Size,DROP_DOWN,,Color,DROP_DOWN,,,,,,,,,,,,,,Fit,<p></p>,Length,<p>0</p>,Width,<p>0</p>,Height,<p>0</p>,Box Quantity,<p></p>,Inner Pack Quantity,<p>1</p>,Country Of Origin,<p></p>,Standards,<p></p>,,,,
,Variant,,,https://d11ak7fd9ypfb7.cloudfront.net/styles1100px/.jpg,,0.0,TRUE,InStock,0,,YP1E14Q3,,,,Size,DROP_DOWN,,Color,DROP_DOWN,,,,,,,,,,,,,,Fit,<p></p>,Length,<p>0</p>,Width,<p>0</p>,Height,<p>0</p>,Box Quantity,<p></p>,Inner Pack Quantity,<p>1</p>,Country Of Origin,<p></p>,Standards,<p></p>,,,,
,Variant,,,https://d11ak7fd9ypfb7.cloudfront.net/styles1100px/.jpg,,0.0,TRUE,InStock,0,,YP1E14Q4,,,,Size,DROP_DOWN,,Color,DROP_DOWN,,,,,,,,,,,,,,Fit,<p></p>,Length,<p>0</p>,Width,<p>0</p>,Height,<p>0</p>,Box Quantity,<p></p>,Inner Pack Quantity,<p>1</p>,Country Of Origin,<p></p>,Standards,<p></p>,,,,
,Variant,,,https://d11ak7fd9ypfb7.cloudfront.net/styles1100px/.jpg,,0.0,TRUE,InStock,0,,YP1E14Q5,,,,Size,DROP_DOWN,,Color,DROP_DOWN,,,,,,,,,,,,,,Fit,<p></p>,Length,<p>0</p>,Width,<p>0</p>,Height,<p>0</p>,Box Quantity,<p></p>,Inner Pack Quantity,<p>1</p>,Country Of Origin,<p></p>,Standards,<p></p>,,,,
,Variant,,,https://d11ak7fd9ypfb7.cloudfront.net/styles1100px/.jpg,,0.0,TRUE,InStock,0,,YP1E15Q1,,,,Size,DROP_DOWN,,Color,DROP_DOWN,,,,,,,,,,,,,,Fit,<p></p>,Length,<p>0</p>,Width,<p>0</p>,Height,<p>0</p>,Box Quantity,<p></p>,Inner Pack Quantity,<p>1</p>,Country Of Origin,<p></p>,Standards,<p></p>,,,,
,Variant,,,https://d11ak7fd9ypfb7.cloudfront.net/styles1100px/.jpg,,0.0,TRUE,InStock,0,,YP1E15Q2,,,,Size,DROP_DOWN,,Color,DROP_DOWN,,,,,,,,,,,,,,Fit,<p></p>,Length,<p>0</p>,Width,<p>0</p>,Height,<p>0</p>,Box Quantity,<p></p>,Inner Pack Quantity,<p>1</p>,Country Of Origin,<p></p>,Standards,<p></p>,,,,
,Variant,,,https://d11ak7fd9ypfb7.cloudfront.net/styles1100px/.jpg,,0.0,TRUE,InStock,0,,YP1E15Q3,,,,Size,DROP_DOWN,,Color,DROP_DOWN,,,,,,,,,,,,,,Fit,<p></p>,Length,<p>0</p>,Width,<p>0</p>,Height,<p>0</p>,Box Quantity,<p></p>,Inner Pack Quantity,<p>1</p>,Country Of Origin,<p></p>,Standards,<p></p>,,,,
,Variant,,,https://d11ak7fd9ypfb7.cloudfront.net/styles1100px/.jpg,,0.0,TRUE,InStock,0,,YP1E15Q4,,,,Size,DROP_DOWN,,Color,DROP_DOWN,,,,,,,,,,,,,,Fit,<p></p>,Length,<p>0</p>,Width,<p>0</p>,Height,<p>0</p>,Box Quantity,<p></p>,Inner Pack Quantity,<p>1</p>,Country Of Origin,<p></p>,Standards,<p></p>,,,,
,Variant,,,https://d11ak7fd9ypfb7.cloudfront.net/styles1100px/.jpg,,0.0,TRUE,InStock,0,,YP1E15Q5,,,,Size,DROP_DOWN,,Color,DROP_DOWN,,,,,,,,,,,,,,Fit,<p></p>,Length,<p>0</p>,Width,<p>0</p>,Height,<p>0</p>,Box Quantity,<p></p>,Inner Pack Quantity,<p>1</p>,Country Of Origin,<p></p>,Standards,<p></p>,,,,
,Variant,,,https://d11ak7fd9ypfb7.cloudfront.net/styles1100px/.jpg,,0.0,TRUE,InStock,0,,YP1E16Q1,,,,Size,DROP_DOWN,,Color,DROP_DOWN,,,,,,,,,,,,,,Fit,<p></p>,Length,<p>0</p>,Width,<p>0</p>,Height,<p>0</p>,Box Quantity,<p></p>,Inner Pack Quantity,<p>1</p>,Country Of Origin,<p></p>,Standards,<p></p>,,,,
,Variant,,,https://d11ak7fd9ypfb7.cloudfront.net/styles1100px/.jpg,,0.0,TRUE,InStock,0,,YP1E16Q2,,,,Size,DROP_DOWN,,Color,DROP_DOWN,,,,,,,,,,,,,,Fit,<p></p>,Length,<p>0</p>,Width,<p>0</p>,Height,<p>0</p>,Box Quantity,<p></p>,Inner Pack Quantity,<p>1</p>,Country Of Origin,<p></p>,Standards,<p></p>,,,,
,Variant,,,https://d11ak7fd9ypfb7.cloudfront.net/styles1100px/.jpg,,0.0,TRUE,InStock,0,,YP1E16Q3,,,,Size,DROP_DOWN,,Color,DROP_DOWN,,,,,,,,,,,,,,Fit,<p></p>,Length,<p>0</p>,Width,<p>0</p>,Height,<p>0</p>,Box Quantity,<p></p>,Inner Pack Quantity,<p>1</p>,Country Of Origin,<p></p>,Standards,<p></p>,,,,
,Variant,,,https://d11ak7fd9ypfb7.cloudfront.net/styles1100px/.jpg,,0.0,TRUE,InStock,0,,YP1E16Q4,,,,Size,DROP_DOWN,,Color,DROP_DOWN,,,,,,,,,,,,,,Fit,<p></p>,Length,<p>0</p>,Width,<p>0</p>,Height,<p>0</p>,Box Quantity,<p></p>,Inner Pack Quantity,<p>1</p>,Country Of Origin,<p></p>,Standards,<p></p>,,,,
,Variant,,,https://d11ak7fd9ypfb7.cloudfront.net/styles1100px/.jpg,,0.0,TRUE,InStock,0,,YP1E16Q5,,,,Size,DROP_DOWN,,Color,DROP_DOWN,,,,,,,,,,,,,,Fit,<p></p>,Length,<p>0</p>,Width,<p>0</p>,Height,<p>0</p>,Box Quantity,<p></p>,Inner Pack Quantity,<p>1</p>,Country Of Origin,<p></p>,Standards,<p></p>,,,,
,Variant,,,https://d11ak7fd9ypfb7.cloudfront.net/styles1100px/.jpg,,0.0,TRUE,InStock,0,,YP1E21Q1,,,,Size,DROP_DOWN,,Color,DROP_DOWN,,,,,,,,,,,,,,Fit,<p></p>,Length,<p>0</p>,Width,<p>0</p>,Height,<p>0</p>,Box Quantity,<p></p>,Inner Pack Quantity,<p>1</p>,Country Of Origin,<p></p>,Standards,<p></p>,,,,
,Variant,,,https://d11ak7fd9ypfb7.cloudfront.net/styles1100px/.jpg,,0.0,TRUE,InStock,0,,YP1E21Q2,,,,Size,DROP_DOWN,,Color,DROP_DOWN,,,,,,,,,,,,,,Fit,<p></p>,Length,<p>0</p>,Width,<p>0</p>,Height,<p>0</p>,Box Quantity,<p></p>,Inner Pack Quantity,<p>1</p>,Country Of Origin,<p></p>,Standards,<p></p>,,,,
,Variant,,,https://d11ak7fd9ypfb7.cloudfront.net/styles1100px/.jpg,,0.0,TRUE,InStock,0,,YP1E21Q3,,,,Size,DROP_DOWN,,Color,DROP_DOWN,,,,,,,,,,,,,,Fit,<p></p>,Length,<p>0</p>,Width,<p>0</p>,Height,<p>0</p>,Box Quantity,<p></p>,Inner Pack Quantity,<p>1</p>,Country Of Origin,<p></p>,Standards,<p></p>,,,,
,Variant,,,https://d11ak7fd9ypfb7.cloudfront.net/styles1100px/.jpg,,0.0,TRUE,InStock,0,,YP1E21Q4,,,,Size,DROP_DOWN,,Color,DROP_DOWN,,,,,,,,,,,,,,Fit,<p></p>,Length,<p>0</p>,Width,<p>0</p>,Height,<p>0</p>,Box Quantity,<p></p>,Inner Pack Quantity,<p>1</p>,Country Of Origin,<p></p>,Standards,<p></p>,,,,
,Variant,,,https://d11ak7fd9ypfb7.cloudfront.net/styles1100px/.jpg,,0.0,TRUE,InStock,0,,YP1E21Q5,,,,Size,DROP_DOWN,,Color,DROP_DOWN,,,,,,,,,,,,,,Fit,<p></p>,Length,<p>0</p>,Width,<p>0</p>,Height,<p>0</p>,Box Quantity,<p></p>,Inner Pack Quantity,<p>1</p>,Country Of Origin,<p></p>,Standards,<p></p>,,,,
,Variant,,,https://d11ak7fd9ypfb7.cloudfront.net/styles1100px/.jpg,,0.0,TRUE,InStock,0,,YP1E22Q1,,,,Size,DROP_DOWN,,Color,DROP_DOWN,,,,,,,,,,,,,,Fit,<p></p>,Length,<p>0</p>,Width,<p>0</p>,Height,<p>0</p>,Box Quantity,<p></p>,Inner Pack Quantity,<p>1</p>,Country Of Origin,<p></p>,Standards,<p></p>,,,,
,Variant,,,https://d11ak7fd9ypfb7.cloudfront.net/styles1100px/.jpg,,0.0,TRUE,InStock,0,,YP1E22Q2,,,,Size,DROP_DOWN,,Color,DROP_DOWN,,,,,,,,,,,,,,Fit,<p></p>,Length,<p>0</p>,Width,<p>0</p>,Height,<p>0</p>,Box Quantity,<p></p>,Inner Pack Quantity,<p>1</p>,Country Of Origin,<p></p>,Standards,<p></p>,,,,
,Variant,,,https://d11ak7fd9ypfb7.cloudfront.net/styles1100px/.jpg,,0.0,TRUE,InStock,0,,YP1E22Q3,,,,Size,DROP_DOWN,,Color,DROP_DOWN,,,,,,,,,,,,,,Fit,<p></p>,Length,<p>0</p>,Width,<p>0</p>,Height,<p>0</p>,Box Quantity,<p></p>,Inner Pack Quantity,<p>1</p>,Country Of Origin,<p></p>,Standards,<p></p>,,,,
,Variant,,,https://d11ak7fd9ypfb7.cloudfront.net/styles1100px/.jpg,,0.0,TRUE,InStock,0,,YP1E22Q4,,,,Size,DROP_DOWN,,Color,DROP_DOWN,,,,,,,,,,,,,,Fit,<p></p>,Length,<p>0</p>,Width,<p>0</p>,Height,<p>0</p>,Box Quantity,<p></p>,Inner Pack Quantity,<p>1</p>,Country Of Origin,<p></p>,Standards,<p></p>,,,,
,Variant,,,https://d11ak7fd9ypfb7.cloudfront.net/styles1100px/.jpg,,0.0,TRUE,InStock,0,,YP1E22Q5,,,,Size,DROP_DOWN,,Color,DROP_DOWN,,,,,,,,,,,,,,Fit,<p></p>,Length,<p>0</p>,Width,<p>0</p>,Height,<p>0</p>,Box Quantity,<p></p>,Inner Pack Quantity,<p>1</p>,Country Of Origin,<p></p>,Standards,<p></p>,,,,
,Variant,,,https://d11ak7fd9ypfb7.cloudfront.net/styles1100px/.jpg,,0.0,TRUE,InStock,0,,YP2A11Q1,,,,Size,DROP_DOWN,,Color,DROP_DOWN,,,,,,,,,,,,,,Fit,<p></p>,Length,<p>0</p>,Width,<p>0</p>,Height,<p>0</p>,Box Quantity,<p></p>,Inner Pack Quantity,<p>1</p>,Country Of Origin,<p></p>,Standards,<p></p>,,,,
,Variant,,,https://d11ak7fd9ypfb7.cloudfront.net/styles1100px/.jpg,,0.0,TRUE,InStock,0,,YP2A11Q2,,,,Size,DROP_DOWN,,Color,DROP_DOWN,,,,,,,,,,,,,,Fit,<p></p>,Length,<p>0</p>,Width,<p>0</p>,Height,<p>0</p>,Box Quantity,<p></p>,Inner Pack Quantity,<p>1</p>,Country Of Origin,<p></p>,Standards,<p></p>,,,,
,Variant,,,https://d11ak7fd9ypfb7.cloudfront.net/styles1100px/.jpg,,0.0,TRUE,InStock,0,,YP2A11Q3,,,,Size,DROP_DOWN,,Color,DROP_DOWN,,,,,,,,,,,,,,Fit,<p></p>,Length,<p>0</p>,Width,<p>0</p>,Height,<p>0</p>,Box Quantity,<p></p>,Inner Pack Quantity,<p>1</p>,Country Of Origin,<p></p>,Standards,<p></p>,,,,
,Variant,,,https://d11ak7fd9ypfb7.cloudfront.net/styles1100px/.jpg,,0.0,TRUE,InStock,0,,YP2A11Q4,,,,Size,DROP_DOWN,,Color,DROP_DOWN,,,,,,,,,,,,,,Fit,<p></p>,Length,<p>0</p>,Width,<p>0</p>,Height,<p>0</p>,Box Quantity,<p></p>,Inner Pack Quantity,<p>1</p>,Country Of Origin,<p></p>,Standards,<p></p>,,,,
,Variant,,,https://d11ak7fd9ypfb7.cloudfront.net/styles1100px/.jpg,,0.0,TRUE,InStock,0,,YP2A11Q5,,,,Size,DROP_DOWN,,Color,DROP_DOWN,,,,,,,,,,,,,,Fit,<p></p>,Length,<p>0</p>,Width,<p>0</p>,Height,<p>0</p>,Box Quantity,<p></p>,Inner Pack Quantity,<p>1</p>,Country Of Origin,<p></p>,Standards,<p></p>,,,,
,Variant,,,https://d11ak7fd9ypfb7.cloudfront.net/styles1100px/.jpg,,0.0,TRUE,InStock,0,,YP2A12Q1,,,,Size,DROP_DOWN,,Color,DROP_DOWN,,,,,,,,,,,,,,Fit,<p></p>,Length,<p>0</p>,Width,<p>0</p>,Height,<p>0</p>,Box Quantity,<p></p>,Inner Pack Quantity,<p>1</p>,Country Of Origin,<p></p>,Standards,<p></p>,,,,
,Variant,,,https://d11ak7fd9ypfb7.cloudfront.net/styles1100px/.jpg,,0.0,TRUE,InStock,0,,YP2A12Q2,,,,Size,DROP_DOWN,,Color,DROP_DOWN,,,,,,,,,,,,,,Fit,<p></p>,Length,<p>0</p>,Width,<p>0</p>,Height,<p>0</p>,Box Quantity,<p></p>,Inner Pack Quantity,<p>1</p>,Country Of Origin,<p></p>,Standards,<p></p>,,,,
,Variant,,,https://d11ak7fd9ypfb7.cloudfront.net/styles1100px/.jpg,,0.0,TRUE,InStock,0,,YP2A12Q3,,,,Size,DROP_DOWN,,Color,DROP_DOWN,,,,,,,,,,,,,,Fit,<p></p>,Length,<p>0</p>,Width,<p>0</p>,Height,<p>0</p>,Box Quantity,<p></p>,Inner Pack Quantity,<p>1</p>,Country Of Origin,<p></p>,Standards,<p></p>,,,,
,Variant,,,https://d11ak7fd9ypfb7.cloudfront.net/styles1100px/.jpg,,0.0,TRUE,InStock,0,,YP2A12Q4,,,,Size,DROP_DOWN,,Color,DROP_DOWN,,,,,,,,,,,,,,Fit,<p></p>,Length,<p>0</p>,Width,<p>0</p>,Height,<p>0</p>,Box Quantity,<p></p>,Inner Pack Quantity,<p>1</p>,Country Of Origin,<p></p>,Standards,<p></p>,,,,
,Variant,,,https://d11ak7fd9ypfb7.cloudfront.net/styles1100px/.jpg,,0.0,TRUE,InStock,0,,YP2A12Q5,,,,Size,DROP_DOWN,,Color,DROP_DOWN,,,,,,,,,,,,,,Fit,<p></p>,Length,<p>0</p>,Width,<p>0</p>,Height,<p>0</p>,Box Quantity,<p></p>,Inner Pack Quantity,<p>1</p>,Country Of Origin,<p></p>,Standards,<p></p>,,,,
,Variant,,,https://d11ak7fd9ypfb7.cloudfront.net/styles1100px/.jpg,,0.0,TRUE,InStock,0,,YP2A13Q1,,,,Size,DROP_DOWN,,Color,DROP_DOWN,,,,,,,,,,,,,,Fit,<p></p>,Length,<p>0</p>,Width,<p>0</p>,Height,<p>0</p>,Box Quantity,<p></p>,Inner Pack Quantity,<p>1</p>,Country Of Origin,<p></p>,Standards,<p></p>,,,,
,Variant,,,https://d11ak7fd9ypfb7.cloudfront.net/styles1100px/.jpg,,0.0,TRUE,InStock,0,,YP2A13Q2,,,,Size,DROP_DOWN,,Color,DROP_DOWN,,,,,,,,,,,,,,Fit,<p></p>,Length,<p>0</p>,Width,<p>0</p>,Height,<p>0</p>,Box Quantity,<p></p>,Inner Pack Quantity,<p>1</p>,Country Of Origin,<p></p>,Standards,<p></p>,,,,
,Variant,,,https://d11ak7fd9ypfb7.cloudfront.net/styles1100px/.jpg,,0.0,TRUE,InStock,0,,YP2A13Q3,,,,Size,DROP_DOWN,,Color,DROP_DOWN,,,,,,,,,,,,,,Fit,<p></p>,Length,<p>0</p>,Width,<p>0</p>,Height,<p>0</p>,Box Quantity,<p></p>,Inner Pack Quantity,<p>1</p>,Country Of Origin,<p></p>,Standards,<p></p>,,,,
,Variant,,,https://d11ak7fd9ypfb7.cloudfront.net/styles1100px/.jpg,,0.0,TRUE,InStock,0,,YP2A13Q4,,,,Size,DROP_DOWN,,Color,DROP_DOWN,,,,,,,,,,,,,,Fit,<p></p>,Length,<p>0</p>,Width,<p>0</p>,Height,<p>0</p>,Box Quantity,<p></p>,Inner Pack Quantity,<p>1</p>,Country Of Origin,<p></p>,Standards,<p></p>,,,,
,Variant,,,https://d11ak7fd9ypfb7.cloudfront.net/styles1100px/.jpg,,0.0,TRUE,InStock,0,,YP2A13Q5,,,,Size,DROP_DOWN,,Color,DROP_DOWN,,,,,,,,,,,,,,Fit,<p></p>,Length,<p>0</p>,Width,<p>0</p>,Height,<p>0</p>,Box Quantity,<p></p>,Inner Pack Quantity,<p>1</p>,Country Of Origin,<p></p>,Standards,<p></p>,,,,
,Variant,,,https://d11ak7fd9ypfb7.cloudfront.net/styles1100px/.jpg,,0.0,TRUE,InStock,0,,YP2A14Q1,,,,Size,DROP_DOWN,,Color,DROP_DOWN,,,,,,,,,,,,,,Fit,<p></p>,Length,<p>0</p>,Width,<p>0</p>,Height,<p>0</p>,Box Quantity,<p></p>,Inner Pack Quantity,<p>1</p>,Country Of Origin,<p></p>,Standards,<p></p>,,,,
,Variant,,,https://d11ak7fd9ypfb7.cloudfront.net/styles1100px/.jpg,,0.0,TRUE,InStock,0,,YP2A14Q2,,,,Size,DROP_DOWN,,Color,DROP_DOWN,,,,,,,,,,,,,,Fit,<p></p>,Length,<p>0</p>,Width,<p>0</p>,Height,<p>0</p>,Box Quantity,<p></p>,Inner Pack Quantity,<p>1</p>,Country Of Origin,<p></p>,Standards,<p></p>,,,,
,Variant,,,https://d11ak7fd9ypfb7.cloudfront.net/styles1100px/.jpg,,0.0,TRUE,InStock,0,,YP2A14Q3,,,,Size,DROP_DOWN,,Color,DROP_DOWN,,,,,,,,,,,,,,Fit,<p></p>,Length,<p>0</p>,Width,<p>0</p>,Height,<p>0</p>,Box Quantity,<p></p>,Inner Pack Quantity,<p>1</p>,Country Of Origin,<p></p>,Standards,<p></p>,,,,
,Variant,,,https://d11ak7fd9ypfb7.cloudfront.net/styles1100px/.jpg,,0.0,TRUE,InStock,0,,YP2A14Q4,,,,Size,DROP_DOWN,,Color,DROP_DOWN,,,,,,,,,,,,,,Fit,<p></p>,Length,<p>0</p>,Width,<p>0</p>,Height,<p>0</p>,Box Quantity,<p></p>,Inner Pack Quantity,<p>1</p>,Country Of Origin,<p></p>,Standards,<p></p>,,,,
,Variant,,,https://d11ak7fd9ypfb7.cloudfront.net/styles1100px/.jpg,,0.0,TRUE,InStock,0,,YP2A14Q5,,,,Size,DROP_DOWN,,Color,DROP_DOWN,,,,,,,,,,,,,,Fit,<p></p>,Length,<p>0</p>,Width,<p>0</p>,Height,<p>0</p>,Box Quantity,<p></p>,Inner Pack Quantity,<p>1</p>,Country Of Origin,<p></p>,Standards,<p></p>,,,,
,Variant,,,https://d11ak7fd9ypfb7.cloudfront.net/styles1100px/.jpg,,0.0,TRUE,InStock,0,,YP2A15Q1,,,,Size,DROP_DOWN,,Color,DROP_DOWN,,,,,,,,,,,,,,Fit,<p></p>,Length,<p>0</p>,Width,<p>0</p>,Height,<p>0</p>,Box Quantity,<p></p>,Inner Pack Quantity,<p>1</p>,Country Of Origin,<p></p>,Standards,<p></p>,,,,
,Variant,,,https://d11ak7fd9ypfb7.cloudfront.net/styles1100px/.jpg,,0.0,TRUE,InStock,0,,YP2A15Q2,,,,Size,DROP_DOWN,,Color,DROP_DOWN,,,,,,,,,,,,,,Fit,<p></p>,Length,<p>0</p>,Width,<p>0</p>,Height,<p>0</p>,Box Quantity,<p></p>,Inner Pack Quantity,<p>1</p>,Country Of Origin,<p></p>,Standards,<p></p>,,,,
,Variant,,,https://d11ak7fd9ypfb7.cloudfront.net/styles1100px/.jpg,,0.0,TRUE,InStock,0,,YP2A15Q3,,,,Size,DROP_DOWN,,Color,DROP_DOWN,,,,,,,,,,,,,,Fit,<p></p>,Length,<p>0</p>,Width,<p>0</p>,Height,<p>0</p>,Box Quantity,<p></p>,Inner Pack Quantity,<p>1</p>,Country Of Origin,<p></p>,Standards,<p></p>,,,,
,Variant,,,https://d11ak7fd9ypfb7.cloudfront.net/styles1100px/.jpg,,0.0,TRUE,InStock,0,,YP2A15Q4,,,,Size,DROP_DOWN,,Color,DROP_DOWN,,,,,,,,,,,,,,Fit,<p></p>,Length,<p>0</p>,Width,<p>0</p>,Height,<p>0</p>,Box Quantity,<p></p>,Inner Pack Quantity,<p>1</p>,Country Of Origin,<p></p>,Standards,<p></p>,,,,
,Variant,,,https://d11ak7fd9ypfb7.cloudfront.net/styles1100px/.jpg,,0.0,TRUE,InStock,0,,YP2A15Q5,,,,Size,DROP_DOWN,,Color,DROP_DOWN,,,,,,,,,,,,,,Fit,<p></p>,Length,<p>0</p>,Width,<p>0</p>,Height,<p>0</p>,Box Quantity,<p></p>,Inner Pack Quantity,<p>1</p>,Country Of Origin,<p></p>,Standards,<p></p>,,,,
,Variant,,,https://d11ak7fd9ypfb7.cloudfront.net/styles1100px/.jpg,,0.0,TRUE,InStock,0,,YP2A16Q1,,,,Size,DROP_DOWN,,Color,DROP_DOWN,,,,,,,,,,,,,,Fit,<p></p>,Length,<p>0</p>,Width,<p>0</p>,Height,<p>0</p>,Box Quantity,<p></p>,Inner Pack Quantity,<p>1</p>,Country Of Origin,<p></p>,Standards,<p></p>,,,,
,Variant,,,https://d11ak7fd9ypfb7.cloudfront.net/styles1100px/.jpg,,0.0,TRUE,InStock,0,,YP2A16Q2,,,,Size,DROP_DOWN,,Color,DROP_DOWN,,,,,,,,,,,,,,Fit,<p></p>,Length,<p>0</p>,Width,<p>0</p>,Height,<p>0</p>,Box Quantity,<p></p>,Inner Pack Quantity,<p>1</p>,Country Of Origin,<p></p>,Standards,<p></p>,,,,
,Variant,,,https://d11ak7fd9ypfb7.cloudfront.net/styles1100px/.jpg,,0.0,TRUE,InStock,0,,YP2A16Q3,,,,Size,DROP_DOWN,,Color,DROP_DOWN,,,,,,,,,,,,,,Fit,<p></p>,Length,<p>0</p>,Width,<p>0</p>,Height,<p>0</p>,Box Quantity,<p></p>,Inner Pack Quantity,<p>1</p>,Country Of Origin,<p></p>,Standards,<p></p>,,,,
,Variant,,,https://d11ak7fd9ypfb7.cloudfront.net/styles1100px/.jpg,,0.0,TRUE,InStock,0,,YP2A16Q4,,,,Size,DROP_DOWN,,Color,DROP_DOWN,,,,,,,,,,,,,,Fit,<p></p>,Length,<p>0</p>,Width,<p>0</p>,Height,<p>0</p>,Box Quantity,<p></p>,Inner Pack Quantity,<p>1</p>,Country Of Origin,<p></p>,Standards,<p></p>,,,,
,Variant,,,https://d11ak7fd9ypfb7.cloudfront.net/styles1100px/.jpg,,0.0,TRUE,InStock,0,,YP2A16Q5,,,,Size,DROP_DOWN,,Color,DROP_DOWN,,,,,,,,,,,,,,Fit,<p></p>,Length,<p>0</p>,Width,<p>0</p>,Height,<p>0</p>,Box Quantity,<p></p>,Inner Pack Quantity,<p>1</p>,Country Of Origin,<p></p>,Standards,<p></p>,,,,
,Variant,,,https://d11ak7fd9ypfb7.cloudfront.net/styles1100px/.jpg,,0.0,TRUE,InStock,0,,YP2A21Q1,,,,Size,DROP_DOWN,,Color,DROP_DOWN,,,,,,,,,,,,,,Fit,<p></p>,Length,<p>0</p>,Width,<p>0</p>,Height,<p>0</p>,Box Quantity,<p></p>,Inner Pack Quantity,<p>1</p>,Country Of Origin,<p></p>,Standards,<p></p>,,,,
,Variant,,,https://d11ak7fd9ypfb7.cloudfront.net/styles1100px/.jpg,,0.0,TRUE,InStock,0,,YP2A21Q2,,,,Size,DROP_DOWN,,Color,DROP_DOWN,,,,,,,,,,,,,,Fit,<p></p>,Length,<p>0</p>,Width,<p>0</p>,Height,<p>0</p>,Box Quantity,<p></p>,Inner Pack Quantity,<p>1</p>,Country Of Origin,<p></p>,Standards,<p></p>,,,,
,Variant,,,https://d11ak7fd9ypfb7.cloudfront.net/styles1100px/.jpg,,0.0,TRUE,InStock,0,,YP2A21Q3,,,,Size,DROP_DOWN,,Color,DROP_DOWN,,,,,,,,,,,,,,Fit,<p></p>,Length,<p>0</p>,Width,<p>0</p>,Height,<p>0</p>,Box Quantity,<p></p>,Inner Pack Quantity,<p>1</p>,Country Of Origin,<p></p>,Standards,<p></p>,,,,
,Variant,,,https://d11ak7fd9ypfb7.cloudfront.net/styles1100px/.jpg,,0.0,TRUE,InStock,0,,YP2A21Q4,,,,Size,DROP_DOWN,,Color,DROP_DOWN,,,,,,,,,,,,,,Fit,<p></p>,Length,<p>0</p>,Width,<p>0</p>,Height,<p>0</p>,Box Quantity,<p></p>,Inner Pack Quantity,<p>1</p>,Country Of Origin,<p></p>,Standards,<p></p>,,,,
,Variant,,,https://d11ak7fd9ypfb7.cloudfront.net/styles1100px/.jpg,,0.0,TRUE,InStock,0,,YP2A21Q5,,,,Size,DROP_DOWN,,Color,DROP_DOWN,,,,,,,,,,,,,,Fit,<p></p>,Length,<p>0</p>,Width,<p>0</p>,Height,<p>0</p>,Box Quantity,<p></p>,Inner Pack Quantity,<p>1</p>,Country Of Origin,<p></p>,Standards,<p></p>,,,,
,Variant,,,https://d11ak7fd9ypfb7.cloudfront.net/styles1100px/.jpg,,0.0,TRUE,InStock,0,,YP2A22Q1,,,,Size,DROP_DOWN,,Color,DROP_DOWN,,,,,,,,,,,,,,Fit,<p></p>,Length,<p>0</p>,Width,<p>0</p>,Height,<p>0</p>,Box Quantity,<p></p>,Inner Pack Quantity,<p>1</p>,Country Of Origin,<p></p>,Standards,<p></p>,,,,
,Variant,,,https://d11ak7fd9ypfb7.cloudfront.net/styles1100px/.jpg,,0.0,TRUE,InStock,0,,YP2A22Q2,,,,Size,DROP_DOWN,,Color,DROP_DOWN,,,,,,,,,,,,,,Fit,<p></p>,Length,<p>0</p>,Width,<p>0</p>,Height,<p>0</p>,Box Quantity,<p></p>,Inner Pack Quantity,<p>1</p>,Country Of Origin,<p></p>,Standards,<p></p>,,,,
,Variant,,,https://d11ak7fd9ypfb7.cloudfront.net/styles1100px/.jpg,,0.0,TRUE,InStock,0,,YP2A22Q3,,,,Size,DROP_DOWN,,Color,DROP_DOWN,,,,,,,,,,,,,,Fit,<p></p>,Length,<p>0</p>,Width,<p>0</p>,Height,<p>0</p>,Box Quantity,<p></p>,Inner Pack Quantity,<p>1</p>,Country Of Origin,<p></p>,Standards,<p></p>,,,,
,Variant,,,https://d11ak7fd9ypfb7.cloudfront.net/styles1100px/.jpg,,0.0,TRUE,InStock,0,,YP2A22Q4,,,,Size,DROP_DOWN,,Color,DROP_DOWN,,,,,,,,,,,,,,Fit,<p></p>,Length,<p>0</p>,Width,<p>0</p>,Height,<p>0</p>,Box Quantity,<p></p>,Inner Pack Quantity,<p>1</p>,Country Of Origin,<p></p>,Standards,<p></p>,,,,
,Variant,,,https://d11ak7fd9ypfb7.cloudfront.net/styles1100px/.jpg,,0.0,TRUE,InStock,0,,YP2A22Q5,,,,Size,DROP_DOWN,,Color,DROP_DOWN,,,,,,,,,,,,,,Fit,<p></p>,Length,<p>0</p>,Width,<p>0</p>,Height,<p>0</p>,Box Quantity,<p></p>,Inner Pack Quantity,<p>1</p>,Country Of Origin,<p></p>,Standards,<p></p>,,,,
,Variant,,,https://d11ak7fd9ypfb7.cloudfront.net/styles1100px/.jpg,,0.0,TRUE,InStock,0,,YP2B11Q1,,,,Size,DROP_DOWN,,Color,DROP_DOWN,,,,,,,,,,,,,,Fit,<p></p>,Length,<p>0</p>,Width,<p>0</p>,Height,<p>0</p>,Box Quantity,<p></p>,Inner Pack Quantity,<p>1</p>,Country Of Origin,<p></p>,Standards,<p></p>,,,,
,Variant,,,https://d11ak7fd9ypfb7.cloudfront.net/styles1100px/.jpg,,0.0,TRUE,InStock,0,,YP2B11Q2,,,,Size,DROP_DOWN,,Color,DROP_DOWN,,,,,,,,,,,,,,Fit,<p></p>,Length,<p>0</p>,Width,<p>0</p>,Height,<p>0</p>,Box Quantity,<p></p>,Inner Pack Quantity,<p>1</p>,Country Of Origin,<p></p>,Standards,<p></p>,,,,
,Variant,,,https://d11ak7fd9ypfb7.cloudfront.net/styles1100px/.jpg,,0.0,TRUE,InStock,0,,YP2B11Q3,,,,Size,DROP_DOWN,,Color,DROP_DOWN,,,,,,,,,,,,,,Fit,<p></p>,Length,<p>0</p>,Width,<p>0</p>,Height,<p>0</p>,Box Quantity,<p></p>,Inner Pack Quantity,<p>1</p>,Country Of Origin,<p></p>,Standards,<p></p>,,,,
,Variant,,,https://d11ak7fd9ypfb7.cloudfront.net/styles1100px/.jpg,,0.0,TRUE,InStock,0,,YP2B11Q4,,,,Size,DROP_DOWN,,Color,DROP_DOWN,,,,,,,,,,,,,,Fit,<p></p>,Length,<p>0</p>,Width,<p>0</p>,Height,<p>0</p>,Box Quantity,<p></p>,Inner Pack Quantity,<p>1</p>,Country Of Origin,<p></p>,Standards,<p></p>,,,,
,Variant,,,https://d11ak7fd9ypfb7.cloudfront.net/styles1100px/.jpg,,0.0,TRUE,InStock,0,,YP2B11Q5,,,,Size,DROP_DOWN,,Color,DROP_DOWN,,,,,,,,,,,,,,Fit,<p></p>,Length,<p>0</p>,Width,<p>0</p>,Height,<p>0</p>,Box Quantity,<p></p>,Inner Pack Quantity,<p>1</p>,Country Of Origin,<p></p>,Standards,<p></p>,,,,
,Variant,,,https://d11ak7fd9ypfb7.cloudfront.net/styles1100px/.jpg,,0.0,TRUE,InStock,0,,YP2B12Q1,,,,Size,DROP_DOWN,,Color,DROP_DOWN,,,,,,,,,,,,,,Fit,<p></p>,Length,<p>0</p>,Width,<p>0</p>,Height,<p>0</p>,Box Quantity,<p></p>,Inner Pack Quantity,<p>1</p>,Country Of Origin,<p></p>,Standards,<p></p>,,,,
,Variant,,,https://d11ak7fd9ypfb7.cloudfront.net/styles1100px/.jpg,,0.0,TRUE,InStock,0,,YP2B12Q2,,,,Size,DROP_DOWN,,Color,DROP_DOWN,,,,,,,,,,,,,,Fit,<p></p>,Length,<p>0</p>,Width,<p>0</p>,Height,<p>0</p>,Box Quantity,<p></p>,Inner Pack Quantity,<p>1</p>,Country Of Origin,<p></p>,Standards,<p></p>,,,,
,Variant,,,https://d11ak7fd9ypfb7.cloudfront.net/styles1100px/.jpg,,0.0,TRUE,InStock,0,,YP2B12Q3,,,,Size,DROP_DOWN,,Color,DROP_DOWN,,,,,,,,,,,,,,Fit,<p></p>,Length,<p>0</p>,Width,<p>0</p>,Height,<p>0</p>,Box Quantity,<p></p>,Inner Pack Quantity,<p>1</p>,Country Of Origin,<p></p>,Standards,<p></p>,,,,
,Variant,,,https://d11ak7fd9ypfb7.cloudfront.net/styles1100px/.jpg,,0.0,TRUE,InStock,0,,YP2B12Q4,,,,Size,DROP_DOWN,,Color,DROP_DOWN,,,,,,,,,,,,,,Fit,<p></p>,Length,<p>0</p>,Width,<p>0</p>,Height,<p>0</p>,Box Quantity,<p></p>,Inner Pack Quantity,<p>1</p>,Country Of Origin,<p></p>,Standards,<p></p>,,,,
,Variant,,,https://d11ak7fd9ypfb7.cloudfront.net/styles1100px/.jpg,,0.0,TRUE,InStock,0,,YP2B12Q5,,,,Size,DROP_DOWN,,Color,DROP_DOWN,,,,,,,,,,,,,,Fit,<p></p>,Length,<p>0</p>,Width,<p>0</p>,Height,<p>0</p>,Box Quantity,<p></p>,Inner Pack Quantity,<p>1</p>,Country Of Origin,<p></p>,Standards,<p></p>,,,,
,Variant,,,https://d11ak7fd9ypfb7.cloudfront.net/styles1100px/.jpg,,0.0,TRUE,InStock,0,,YP2B13Q1,,,,Size,DROP_DOWN,,Color,DROP_DOWN,,,,,,,,,,,,,,Fit,<p></p>,Length,<p>0</p>,Width,<p>0</p>,Height,<p>0</p>,Box Quantity,<p></p>,Inner Pack Quantity,<p>1</p>,Country Of Origin,<p></p>,Standards,<p></p>,,,,
,Variant,,,https://d11ak7fd9ypfb7.cloudfront.net/styles1100px/.jpg,,0.0,TRUE,InStock,0,,YP2B13Q2,,,,Size,DROP_DOWN,,Color,DROP_DOWN,,,,,,,,,,,,,,Fit,<p></p>,Length,<p>0</p>,Width,<p>0</p>,Height,<p>0</p>,Box Quantity,<p></p>,Inner Pack Quantity,<p>1</p>,Country Of Origin,<p></p>,Standards,<p></p>,,,,
,Variant,,,https://d11ak7fd9ypfb7.cloudfront.net/styles1100px/.jpg,,0.0,TRUE,InStock,0,,YP2B13Q3,,,,Size,DROP_DOWN,,Color,DROP_DOWN,,,,,,,,,,,,,,Fit,<p></p>,Length,<p>0</p>,Width,<p>0</p>,Height,<p>0</p>,Box Quantity,<p></p>,Inner Pack Quantity,<p>1</p>,Country Of Origin,<p></p>,Standards,<p></p>,,,,
,Variant,,,https://d11ak7fd9ypfb7.cloudfront.net/styles1100px/.jpg,,0.0,TRUE,InStock,0,,YP2B13Q4,,,,Size,DROP_DOWN,,Color,DROP_DOWN,,,,,,,,,,,,,,Fit,<p></p>,Length,<p>0</p>,Width,<p>0</p>,Height,<p>0</p>,Box Quantity,<p></p>,Inner Pack Quantity,<p>1</p>,Country Of Origin,<p></p>,Standards,<p></p>,,,,
,Variant,,,https://d11ak7fd9ypfb7.cloudfront.net/styles1100px/.jpg,,0.0,TRUE,InStock,0,,YP2B13Q5,,,,Size,DROP_DOWN,,Color,DROP_DOWN,,,,,,,,,,,,,,Fit,<p></p>,Length,<p>0</p>,Width,<p>0</p>,Height,<p>0</p>,Box Quantity,<p></p>,Inner Pack Quantity,<p>1</p>,Country Of Origin,<p></p>,Standards,<p></p>,,,,
,Variant,,,https://d11ak7fd9ypfb7.cloudfront.net/styles1100px/.jpg,,0.0,TRUE,InStock,0,,YP2B14Q1,,,,Size,DROP_DOWN,,Color,DROP_DOWN,,,,,,,,,,,,,,Fit,<p></p>,Length,<p>0</p>,Width,<p>0</p>,Height,<p>0</p>,Box Quantity,<p></p>,Inner Pack Quantity,<p>1</p>,Country Of Origin,<p></p>,Standards,<p></p>,,,,
,Variant,,,https://d11ak7fd9ypfb7.cloudfront.net/styles1100px/.jpg,,0.0,TRUE,InStock,0,,YP2B14Q2,,,,Size,DROP_DOWN,,Color,DROP_DOWN,,,,,,,,,,,,,,Fit,<p></p>,Length,<p>0</p>,Width,<p>0</p>,Height,<p>0</p>,Box Quantity,<p></p>,Inner Pack Quantity,<p>1</p>,Country Of Origin,<p></p>,Standards,<p></p>,,,,
,Variant,,,https://d11ak7fd9ypfb7.cloudfront.net/styles1100px/.jpg,,0.0,TRUE,InStock,0,,YP2B14Q3,,,,Size,DROP_DOWN,,Color,DROP_DOWN,,,,,,,,,,,,,,Fit,<p></p>,Length,<p>0</p>,Width,<p>0</p>,Height,<p>0</p>,Box Quantity,<p></p>,Inner Pack Quantity,<p>1</p>,Country Of Origin,<p></p>,Standards,<p></p>,,,,
,Variant,,,https://d11ak7fd9ypfb7.cloudfront.net/styles1100px/.jpg,,0.0,TRUE,InStock,0,,YP2B14Q4,,,,Size,DROP_DOWN,,Color,DROP_DOWN,,,,,,,,,,,,,,Fit,<p></p>,Length,<p>0</p>,Width,<p>0</p>,Height,<p>0</p>,Box Quantity,<p></p>,Inner Pack Quantity,<p>1</p>,Country Of Origin,<p></p>,Standards,<p></p>,,,,
,Variant,,,https://d11ak7fd9ypfb7.cloudfront.net/styles1100px/.jpg,,0.0,TRUE,InStock,0,,YP2B14Q5,,,,Size,DROP_DOWN,,Color,DROP_DOWN,,,,,,,,,,,,,,Fit,<p></p>,Length,<p>0</p>,Width,<p>0</p>,Height,<p>0</p>,Box Quantity,<p></p>,Inner Pack Quantity,<p>1</p>,Country Of Origin,<p></p>,Standards,<p></p>,,,,
,Variant,,,https://d11ak7fd9ypfb7.cloudfront.net/styles1100px/.jpg,,0.0,TRUE,InStock,0,,YP2B15Q1,,,,Size,DROP_DOWN,,Color,DROP_DOWN,,,,,,,,,,,,,,Fit,<p></p>,Length,<p>0</p>,Width,<p>0</p>,Height,<p>0</p>,Box Quantity,<p></p>,Inner Pack Quantity,<p>1</p>,Country Of Origin,<p></p>,Standards,<p></p>,,,,
,Variant,,,https://d11ak7fd9ypfb7.cloudfront.net/styles1100px/.jpg,,0.0,TRUE,InStock,0,,YP2B15Q2,,,,Size,DROP_DOWN,,Color,DROP_DOWN,,,,,,,,,,,,,,Fit,<p></p>,Length,<p>0</p>,Width,<p>0</p>,Height,<p>0</p>,Box Quantity,<p></p>,Inner Pack Quantity,<p>1</p>,Country Of Origin,<p></p>,Standards,<p></p>,,,,
,Variant,,,https://d11ak7fd9ypfb7.cloudfront.net/styles1100px/.jpg,,0.0,TRUE,InStock,0,,YP2B15Q3,,,,Size,DROP_DOWN,,Color,DROP_DOWN,,,,,,,,,,,,,,Fit,<p></p>,Length,<p>0</p>,Width,<p>0</p>,Height,<p>0</p>,Box Quantity,<p></p>,Inner Pack Quantity,<p>1</p>,Country Of Origin,<p></p>,Standards,<p></p>,,,,
,Variant,,,https://d11ak7fd9ypfb7.cloudfront.net/styles1100px/.jpg,,0.0,TRUE,InStock,0,,YP2B15Q4,,,,Size,DROP_DOWN,,Color,DROP_DOWN,,,,,,,,,,,,,,Fit,<p></p>,Length,<p>0</p>,Width,<p>0</p>,Height,<p>0</p>,Box Quantity,<p></p>,Inner Pack Quantity,<p>1</p>,Country Of Origin,<p></p>,Standards,<p></p>,,,,
,Variant,,,https://d11ak7fd9ypfb7.cloudfront.net/styles1100px/.jpg,,0.0,TRUE,InStock,0,,YP2B15Q5,,,,Size,DROP_DOWN,,Color,DROP_DOWN,,,,,,,,,,,,,,Fit,<p></p>,Length,<p>0</p>,Width,<p>0</p>,Height,<p>0</p>,Box Quantity,<p></p>,Inner Pack Quantity,<p>1</p>,Country Of Origin,<p></p>,Standards,<p></p>,,,,
,Variant,,,https://d11ak7fd9ypfb7.cloudfront.net/styles1100px/.jpg,,0.0,TRUE,InStock,0,,YP2B16Q1,,,,Size,DROP_DOWN,,Color,DROP_DOWN,,,,,,,,,,,,,,Fit,<p></p>,Length,<p>0</p>,Width,<p>0</p>,Height,<p>0</p>,Box Quantity,<p></p>,Inner Pack Quantity,<p>1</p>,Country Of Origin,<p></p>,Standards,<p></p>,,,,
,Variant,,,https://d11ak7fd9ypfb7.cloudfront.net/styles1100px/.jpg,,0.0,TRUE,InStock,0,,YP2B16Q2,,,,Size,DROP_DOWN,,Color,DROP_DOWN,,,,,,,,,,,,,,Fit,<p></p>,Length,<p>0</p>,Width,<p>0</p>,Height,<p>0</p>,Box Quantity,<p></p>,Inner Pack Quantity,<p>1</p>,Country Of Origin,<p></p>,Standards,<p></p>,,,,
,Variant,,,https://d11ak7fd9ypfb7.cloudfront.net/styles1100px/.jpg,,0.0,TRUE,InStock,0,,YP2B16Q3,,,,Size,DROP_DOWN,,Color,DROP_DOWN,,,,,,,,,,,,,,Fit,<p></p>,Length,<p>0</p>,Width,<p>0</p>,Height,<p>0</p>,Box Quantity,<p></p>,Inner Pack Quantity,<p>1</p>,Country Of Origin,<p></p>,Standards,<p></p>,,,,
,Variant,,,https://d11ak7fd9ypfb7.cloudfront.net/styles1100px/.jpg,,0.0,TRUE,InStock,0,,YP2B16Q4,,,,Size,DROP_DOWN,,Color,DROP_DOWN,,,,,,,,,,,,,,Fit,<p></p>,Length,<p>0</p>,Width,<p>0</p>,Height,<p>0</p>,Box Quantity,<p></p>,Inner Pack Quantity,<p>1</p>,Country Of Origin,<p></p>,Standards,<p></p>,,,,
,Variant,,,https://d11ak7fd9ypfb7.cloudfront.net/styles1100px/.jpg,,0.0,TRUE,InStock,0,,YP2B16Q5,,,,Size,DROP_DOWN,,Color,DROP_DOWN,,,,,,,,,,,,,,Fit,<p></p>,Length,<p>0</p>,Width,<p>0</p>,Height,<p>0</p>,Box Quantity,<p></p>,Inner Pack Quantity,<p>1</p>,Country Of Origin,<p></p>,Standards,<p></p>,,,,
,Variant,,,https://d11ak7fd9ypfb7.cloudfront.net/styles1100px/.jpg,,0.0,TRUE,InStock,0,,YP2B21Q1,,,,Size,DROP_DOWN,,Color,DROP_DOWN,,,,,,,,,,,,,,Fit,<p></p>,Length,<p>0</p>,Width,<p>0</p>,Height,<p>0</p>,Box Quantity,<p></p>,Inner Pack Quantity,<p>1</p>,Country Of Origin,<p></p>,Standards,<p></p>,,,,
,Variant,,,https://d11ak7fd9ypfb7.cloudfront.net/styles1100px/.jpg,,0.0,TRUE,InStock,0,,YP2B21Q2,,,,Size,DROP_DOWN,,Color,DROP_DOWN,,,,,,,,,,,,,,Fit,<p></p>,Length,<p>0</p>,Width,<p>0</p>,Height,<p>0</p>,Box Quantity,<p></p>,Inner Pack Quantity,<p>1</p>,Country Of Origin,<p></p>,Standards,<p></p>,,,,
,Variant,,,https://d11ak7fd9ypfb7.cloudfront.net/styles1100px/.jpg,,0.0,TRUE,InStock,0,,YP2B21Q3,,,,Size,DROP_DOWN,,Color,DROP_DOWN,,,,,,,,,,,,,,Fit,<p></p>,Length,<p>0</p>,Width,<p>0</p>,Height,<p>0</p>,Box Quantity,<p></p>,Inner Pack Quantity,<p>1</p>,Country Of Origin,<p></p>,Standards,<p></p>,,,,
,Variant,,,https://d11ak7fd9ypfb7.cloudfront.net/styles1100px/.jpg,,0.0,TRUE,InStock,0,,YP2B21Q4,,,,Size,DROP_DOWN,,Color,DROP_DOWN,,,,,,,,,,,,,,Fit,<p></p>,Length,<p>0</p>,Width,<p>0</p>,Height,<p>0</p>,Box Quantity,<p></p>,Inner Pack Quantity,<p>1</p>,Country Of Origin,<p></p>,Standards,<p></p>,,,,
,Variant,,,https://d11ak7fd9ypfb7.cloudfront.net/styles1100px/.jpg,,0.0,TRUE,InStock,0,,YP2B21Q5,,,,Size,DROP_DOWN,,Color,DROP_DOWN,,,,,,,,,,,,,,Fit,<p></p>,Length,<p>0</p>,Width,<p>0</p>,Height,<p>0</p>,Box Quantity,<p></p>,Inner Pack Quantity,<p>1</p>,Country Of Origin,<p></p>,Standards,<p></p>,,,,
,Variant,,,https://d11ak7fd9ypfb7.cloudfront.net/styles1100px/.jpg,,0.0,TRUE,InStock,0,,YP2B22Q1,,,,Size,DROP_DOWN,,Color,DROP_DOWN,,,,,,,,,,,,,,Fit,<p></p>,Length,<p>0</p>,Width,<p>0</p>,Height,<p>0</p>,Box Quantity,<p></p>,Inner Pack Quantity,<p>1</p>,Country Of Origin,<p></p>,Standards,<p></p>,,,,
,Variant,,,https://d11ak7fd9ypfb7.cloudfront.net/styles1100px/.jpg,,0.0,TRUE,InStock,0,,YP2B22Q2,,,,Size,DROP_DOWN,,Color,DROP_DOWN,,,,,,,,,,,,,,Fit,<p></p>,Length,<p>0</p>,Width,<p>0</p>,Height,<p>0</p>,Box Quantity,<p></p>,Inner Pack Quantity,<p>1</p>,Country Of Origin,<p></p>,Standards,<p></p>,,,,
,Variant,,,https://d11ak7fd9ypfb7.cloudfront.net/styles1100px/.jpg,,0.0,TRUE,InStock,0,,YP2B22Q3,,,,Size,DROP_DOWN,,Color,DROP_DOWN,,,,,,,,,,,,,,Fit,<p></p>,Length,<p>0</p>,Width,<p>0</p>,Height,<p>0</p>,Box Quantity,<p></p>,Inner Pack Quantity,<p>1</p>,Country Of Origin,<p></p>,Standards,<p></p>,,,,
,Variant,,,https://d11ak7fd9ypfb7.cloudfront.net/styles1100px/.jpg,,0.0,TRUE,InStock,0,,YP2B22Q4,,,,Size,DROP_DOWN,,Color,DROP_DOWN,,,,,,,,,,,,,,Fit,<p></p>,Length,<p>0</p>,Width,<p>0</p>,Height,<p>0</p>,Box Quantity,<p></p>,Inner Pack Quantity,<p>1</p>,Country Of Origin,<p></p>,Standards,<p></p>,,,,
,Variant,,,https://d11ak7fd9ypfb7.cloudfront.net/styles1100px/.jpg,,0.0,TRUE,InStock,0,,YP2B22Q5,,,,Size,DROP_DOWN,,Color,DROP_DOWN,,,,,,,,,,,,,,Fit,<p></p>,Length,<p>0</p>,Width,<p>0</p>,Height,<p>0</p>,Box Quantity,<p></p>,Inner Pack Quantity,<p>1</p>,Country Of Origin,<p></p>,Standards,<p></p>,,,,
,Variant,,,https://d11ak7fd9ypfb7.cloudfront.net/styles1100px/.jpg,,0.0,TRUE,InStock,0,,YPSETUP,,,,Size,DROP_DOWN,,Color,DROP_DOWN,,,,,,,,,,,,,,Fit,<p></p>,Length,<p>0</p>,Width,<p>0</p>,Height,<p>0</p>,Box Quantity,<p></p>,Inner Pack Quantity,<p>1</p>,Country Of Origin,<p></p>,Standards,<p></p>,,,,
Z456,Product,Z456 - Portwest Wooden Jacket Hanger,"High quality Portwest branded wooden jacket hanger ideal for hanging coveralls, jackets, polos and t-shirts in your store.",https://d11ak7fd9ypfb7.cloudfront.net/styles1100px/Z456ORR.jpg,2.4,0.0,TRUE,InStock,0.105,,Z456ORR,,,,Size,DROP_DOWN,,Color,DROP_DOWN,Orange,,,,,,,,,,,,,Fit,<p>R</p>,Length,<p>53</p>,Width,<p>46</p>,Height,<p>34</p>,Box Quantity,<p>100</p>,Inner Pack Quantity,<p>1</p>,Country Of Origin,<p>CN</p>,Standards,<p></p>,,,,
Z457,Product,Z457 - Portwest Wooden Pants Hanger,High quality Portwest branded wooden trouser hanger with metal clips for hanging trousers and shorts in your store.,https://d11ak7fd9ypfb7.cloudfront.net/styles1100px/Z457ORR.jpg,3.0,0.0,TRUE,InStock,0.13,,Z457ORR,,,,Size,DROP_DOWN,,Color,DROP_DOWN,Orange,,,,,,,,,,,,,Fit,<p>R</p>,Length,<p>37</p>,Width,<p>26</p>,Height,<p>36</p>,Box Quantity,<p>50</p>,Inner Pack Quantity,<p>1</p>,Country Of Origin,<p>CN</p>,Standards,<p></p>,,,,
Z460,Product,Z460 - Portwest Mug,High quality Portwest branded mug for a variety of hot or cold drinks. Ideal for promotional giveaways.,https://d11ak7fd9ypfb7.cloudfront.net/styles1100px/Z460WHR.jpg,0.0,0.0,TRUE,InStock,0.33,,Z460WHR,,,,Size,DROP_DOWN,,Color,DROP_DOWN,White,,,,,,,,,,,,,Fit,<p>R</p>,Length,<p>40</p>,Width,<p>31</p>,Height,<p>27</p>,Box Quantity,<p>36</p>,Inner Pack Quantity,<p>1</p>,Country Of Origin,<p>CN</p>,Standards,<p></p>,,,,
Z461,Product,Z461 - Portwest Bottle Opener Keyring,Lightweight and compact Portwest branded hardhat keyring that can also be used as a bottle opener.,https://d11ak7fd9ypfb7.cloudfront.net/styles1100px/Z461WHR.jpg,0.0,0.0,TRUE,InStock,0.028,,Z461WHR,,,,Size,DROP_DOWN,,Color,DROP_DOWN,White,,,,,,,,,,,,,Fit,<p>R</p>,Length,<p>38</p>,Width,<p>28</p>,Height,<p>56</p>,Box Quantity,<p>500</p>,Inner Pack Quantity,<p>1</p>,Country Of Origin,<p>CN</p>,Standards,<p></p>,,,,
Z466,Product,Z466 - Portwest Multiway Bandana,Portwest branded multiway bandana that can be worn in a combination of ways for all-year-round use. Ideal protection against the cold during high intensity outdoor activities.,https://d11ak7fd9ypfb7.cloudfront.net/styles1100px/Z466NAR.jpg,0.0,0.0,TRUE,InStock,0.028,,Z466NAR,,,,Size,DROP_DOWN,,Color,DROP_DOWN,Navy,,,,,,,,,,,,,Fit,<p>R</p>,Length,<p>50</p>,Width,<p>30</p>,Height,<p>35</p>,Box Quantity,<p>500</p>,Inner Pack Quantity,<p>1</p>,Country Of Origin,<p>CN</p>,Standards,<p></p>,,,,
Z467,Product,Z467 - ,,https://d11ak7fd9ypfb7.cloudfront.net/styles1100px/Z467WHR.jpg,0.0,0.0,TRUE,InStock,0.021,,Z467WHR,,,,Size,DROP_DOWN,,Color,DROP_DOWN,White,,,,,,,,,,,,,Fit,<p>R</p>,Length,<p>25</p>,Width,<p>20</p>,Height,<p>16</p>,Box Quantity,<p>500</p>,Inner Pack Quantity,<p>1</p>,Country Of Origin,<p>CN</p>,Standards,<p></p>,,,,
Z529,Product,Z529 - Glasses Display Stand,This lightweight clear acrylic stand is suitable to hold any five styles of Portwest glasses. The stand background is 'mirrored' providing a user friendly display for trying on any pair of spectacles.,https://d11ak7fd9ypfb7.cloudfront.net/styles1100px/Z529MIR.jpg,78.0,0.0,TRUE,InStock,1.04,,Z529MIR,,,,Size,DROP_DOWN,,Color,DROP_DOWN,Mirror,,,,,,,,,,,,,Fit,<p>R</p>,Length,<p>48</p>,Width,<p>23</p>,Height,<p>22</p>,Box Quantity,<p>1</p>,Inner Pack Quantity,<p>1</p>,Country Of Origin,<p>CN</p>,Standards,<p></p>,,,,
Z530,Product,Z530 - Footwear Column,"Newly designed slimline footwear display. Five interchangable shelves that can be set to different heights, allowing for display of shoes, boots, riggers and wellingtons on the one stand.",https://d11ak7fd9ypfb7.cloudfront.net/styles1100px/Z530CRM.jpg,0.0,0.0,TRUE,InStock,12.38,,Z530CRM,,,,Size,DROP_DOWN,,Color,DROP_DOWN,Chrome,,,,,,,,,,,,,Fit,<p>M</p>,Length,<p>188</p>,Width,<p>45</p>,Height,<p>59</p>,Box Quantity,<p></p>,Inner Pack Quantity,<p>1</p>,Country Of Origin,<p>CN</p>,Standards,<p></p>,,,,
Z533,Product,Z533 - Glove/PPE Display Stand,"Portwest branded glove/PPE display stands are ideal for trade shows, shop floors and general display. Equipped with 12 hooks, the stand can be used to display a range of different products in any combination including; gloves, knee pads and PPE. Created for a premium look this display stand has great in-store presence. Stand material includes; Metal, MDF, PVC board and styrene.",https://d11ak7fd9ypfb7.cloudfront.net/styles1100px/Z533ONR.jpg,380.0,0.0,TRUE,InStock,19.2,,Z533ONR,,,,Size,DROP_DOWN,,Color,DROP_DOWN,Orange/Navy,,,,,,,,,,,,,Fit,<p>R</p>,Length,<p>173</p>,Width,<p>68</p>,Height,<p>10</p>,Box Quantity,<p>1</p>,Inner Pack Quantity,<p>1</p>,Country Of Origin,<p>CN</p>,Standards,<p></p>,,,,
Z534,Product,Z534 - Hard Hat Stand,Total Weight: 14kg,https://d11ak7fd9ypfb7.cloudfront.net/styles1100px/Z534ORR.jpg,180.0,0.0,TRUE,InStock,11.52,,Z534ORR,,,,Size,DROP_DOWN,,Color,DROP_DOWN,Orange,,,,,,,,,,,,,Fit,<p>R</p>,Length,<p>109</p>,Width,<p>32</p>,Height,<p>38</p>,Box Quantity,<p></p>,Inner Pack Quantity,<p>1</p>,Country Of Origin,<p>CN</p>,Standards,<p></p>,,,,
Z535,Product,Z535 - Spectacle Display Box,Handy display box for showcasing 12 spectacles.,https://d11ak7fd9ypfb7.cloudfront.net/styles1100px/Z535NAR.jpg,24.0,0.0,TRUE,InStock,1.2,,Z535NAR,,,,Size,DROP_DOWN,,Color,DROP_DOWN,Navy,,,,,,,,,,,,,Fit,<p>R</p>,Length,<p>60</p>,Width,<p>35</p>,Height,<p>40</p>,Box Quantity,<p>10</p>,Inner Pack Quantity,<p>1</p>,Country Of Origin,<p>CN</p>,Standards,<p></p>,,,,
Z541,Product,Z541 - Portwest Large Bin,Versatile cardboard display unit for in store displays. Free white area to accommodate special offers.,https://d11ak7fd9ypfb7.cloudfront.net/styles1100px/Z541NAR.jpg,102.0,0.0,TRUE,InStock,4.4,,Z541NAR,,,,Size,DROP_DOWN,,Color,DROP_DOWN,Navy,,,,,,,,,,,,,Fit,<p>R</p>,Length,<p>97</p>,Width,<p>92</p>,Height,<p>4</p>,Box Quantity,<p>1</p>,Inner Pack Quantity,<p>1</p>,Country Of Origin,<p>CN</p>,Standards,<p></p>,,,,
Z543,Product,Z543 - Cardboard Footwear Display,A highly versatile cardboard display unit for displaying footwear.,https://d11ak7fd9ypfb7.cloudfront.net/styles1100px/Z543NAR.jpg,102.0,0.0,TRUE,InStock,3.25,,Z543NAR,,,,Size,DROP_DOWN,,Color,DROP_DOWN,Navy,,,,,,,,,,,,,Fit,<p>R</p>,Length,<p>99</p>,Width,<p>84</p>,Height,<p>3.5</p>,Box Quantity,<p></p>,Inner Pack Quantity,<p>1</p>,Country Of Origin,<p>CN</p>,Standards,<p></p>,,,,
Z550,Product,"Z550 - Standing Mannequin 6' 3""",Premium quality black high gloss mannequins Suitable for in store use or at events,https://d11ak7fd9ypfb7.cloudfront.net/styles1100px/Z550BKR.jpg,480.0,0.0,TRUE,InStock,18.29,,Z550BKR,,,,Size,DROP_DOWN,,Color,DROP_DOWN,Black,,,,,,,,,,,,,Fit,<p>R</p>,Length,<p>122</p>,Width,<p>46</p>,Height,<p>42</p>,Box Quantity,<p>1</p>,Inner Pack Quantity,<p>1</p>,Country Of Origin,<p>CN</p>,Standards,<p></p>,,,,
Z580,Product,Z580 - Portwest Paper Bag,,https://d11ak7fd9ypfb7.cloudfront.net/styles1100px/Z580NAR.jpg,1.5,0.0,TRUE,InStock,0.085,,Z580NAR,,,,Size,DROP_DOWN,,Color,DROP_DOWN,Navy,,,,,,,,,,,,,Fit,<p>R</p>,Length,<p>58</p>,Width,<p>50</p>,Height,<p>41</p>,Box Quantity,<p>200</p>,Inner Pack Quantity,<p>1</p>,Country Of Origin,<p>CN </p>,Standards,<p></p>,,,,
Z581,Product,Z581 - Portwest Ballpoint Pen,Portwest branded ballpoint pen that provides smudge free writing. Ideal for promotional giveaways.,https://d11ak7fd9ypfb7.cloudfront.net/styles1100px/Z581BLU.jpg,0.0,0.0,TRUE,InStock,0.015,,Z581BLU,,,,Size,DROP_DOWN,,Color,DROP_DOWN,Blue,,,,,,,,,,,,,Fit,<p>U</p>,Length,<p>31</p>,Width,<p>28</p>,Height,<p>13</p>,Box Quantity,<p>500</p>,Inner Pack Quantity,<p>1</p>,Country Of Origin,<p>CN </p>,Standards,<p></p>,,,,
Z583,Product,Z583 - Large PVC Banner,"This high quality waterproof PVC banner is ideal for both indoor and outdoor use, and can be easily hung from the holes provided.",https://d11ak7fd9ypfb7.cloudfront.net/styles1100px/Z583USP.jpg,150.0,0.0,TRUE,InStock,1.46,,Z583USP,,,,Size,DROP_DOWN,,Color,DROP_DOWN,US Print,,,,,,,,,,,,,Fit,<p>P</p>,Length,<p>17</p>,Width,<p>20</p>,Height,<p>44</p>,Box Quantity,<p></p>,Inner Pack Quantity,<p>1</p>,Country Of Origin,<p></p>,Standards,<p></p>,,,,
Z586,Product,Z586 - Pull Up Banners,"Portwest pull-up banner available in eye-catching designs. Quick and easy to assemble, our roll up banners are attached to a retractable system, allowing for easy set up and storage.",https://d11ak7fd9ypfb7.cloudfront.net/styles1100px/Z586NCR.jpg,0.0,0.0,TRUE,InStock,2.92,,Z586NCRB001,,,,Size,DROP_DOWN,B001;B002;B003;B005;B006;B007;B008;B010;B011,Color,DROP_DOWN,No Colour,,,,,,,,,,,,,Fit,<p>R</p>,Length,<p>11</p>,Width,<p>10</p>,Height,<p>90</p>,Box Quantity,<p>1</p>,Inner Pack Quantity,<p>1</p>,Country Of Origin,<p>IE </p>,Standards,<p></p>,,,,
Z586,Variant,,"Portwest pull-up banner available in eye-catching designs. Quick and easy to assemble, our roll up banners are attached to a retractable system, allowing for easy set up and storage.",https://d11ak7fd9ypfb7.cloudfront.net/styles1100px/Z586NCR.jpg,,0.0,TRUE,InStock,2.92,,Z586NCRB001,,,,Size,DROP_DOWN,B001,Color,DROP_DOWN,No Colour,,,,,,,,,,,,,Fit,<p>R</p>,Length,<p>11</p>,Width,<p>10</p>,Height,<p>90</p>,Box Quantity,<p>1</p>,Inner Pack Quantity,<p>1</p>,Country Of Origin,<p>IE </p>,Standards,<p></p>,,,,
Z586,Variant,,"Portwest pull-up banner available in eye-catching designs. Quick and easy to assemble, our roll up banners are attached to a retractable system, allowing for easy set up and storage.",https://d11ak7fd9ypfb7.cloudfront.net/styles1100px/Z586NCR.jpg,,0.0,TRUE,InStock,2.92,,Z586NCRB002,,,,Size,DROP_DOWN,B002,Color,DROP_DOWN,No Colour,,,,,,,,,,,,,Fit,<p>R</p>,Length,<p>11</p>,Width,<p>10</p>,Height,<p>90</p>,Box Quantity,<p>1</p>,Inner Pack Quantity,<p>1</p>,Country Of Origin,<p>IE </p>,Standards,<p></p>,,,,
Z586,Variant,,"Portwest pull-up banner available in eye-catching designs. Quick and easy to assemble, our roll up banners are attached to a retractable system, allowing for easy set up and storage.",https://d11ak7fd9ypfb7.cloudfront.net/styles1100px/Z586NCR.jpg,,0.0,TRUE,InStock,2.92,,Z586NCRB003,,,,Size,DROP_DOWN,B003,Color,DROP_DOWN,No Colour,,,,,,,,,,,,,Fit,<p>R</p>,Length,<p>11</p>,Width,<p>10</p>,Height,<p>90</p>,Box Quantity,<p>1</p>,Inner Pack Quantity,<p>1</p>,Country Of Origin,<p>IE </p>,Standards,<p></p>,,,,
Z586,Variant,,"Portwest pull-up banner available in eye-catching designs. Quick and easy to assemble, our roll up banners are attached to a retractable system, allowing for easy set up and storage.",https://d11ak7fd9ypfb7.cloudfront.net/styles1100px/Z586NCR.jpg,,0.0,TRUE,InStock,2.92,,Z586NCRB005,,,,Size,DROP_DOWN,B005,Color,DROP_DOWN,No Colour,,,,,,,,,,,,,Fit,<p>R</p>,Length,<p>11</p>,Width,<p>10</p>,Height,<p>90</p>,Box Quantity,<p>1</p>,Inner Pack Quantity,<p>1</p>,Country Of Origin,<p>IE </p>,Standards,<p></p>,,,,
Z586,Variant,,"Portwest pull-up banner available in eye-catching designs. Quick and easy to assemble, our roll up banners are attached to a retractable system, allowing for easy set up and storage.",https://d11ak7fd9ypfb7.cloudfront.net/styles1100px/Z586NCR.jpg,,0.0,TRUE,InStock,2.92,,Z586NCRB006,,,,Size,DROP_DOWN,B006,Color,DROP_DOWN,No Colour,,,,,,,,,,,,,Fit,<p>R</p>,Length,<p>11</p>,Width,<p>10</p>,Height,<p>90</p>,Box Quantity,<p>1</p>,Inner Pack Quantity,<p>1</p>,Country Of Origin,<p>IE </p>,Standards,<p></p>,,,,
Z586,Variant,,"Portwest pull-up banner available in eye-catching designs. Quick and easy to assemble, our roll up banners are attached to a retractable system, allowing for easy set up and storage.",https://d11ak7fd9ypfb7.cloudfront.net/styles1100px/Z586NCR.jpg,,0.0,TRUE,InStock,2.92,,Z586NCRB007,,,,Size,DROP_DOWN,B007,Color,DROP_DOWN,No Colour,,,,,,,,,,,,,Fit,<p>R</p>,Length,<p>11</p>,Width,<p>10</p>,Height,<p>90</p>,Box Quantity,<p>1</p>,Inner Pack Quantity,<p>1</p>,Country Of Origin,<p>IE </p>,Standards,<p></p>,,,,
Z586,Variant,,"Portwest pull-up banner available in eye-catching designs. Quick and easy to assemble, our roll up banners are attached to a retractable system, allowing for easy set up and storage.",https://d11ak7fd9ypfb7.cloudfront.net/styles1100px/Z586NCR.jpg,,0.0,TRUE,InStock,2.92,,Z586NCRB008,,,,Size,DROP_DOWN,B008,Color,DROP_DOWN,No Colour,,,,,,,,,,,,,Fit,<p>R</p>,Length,<p>11</p>,Width,<p>10</p>,Height,<p>90</p>,Box Quantity,<p>1</p>,Inner Pack Quantity,<p>1</p>,Country Of Origin,<p>IE </p>,Standards,<p></p>,,,,
Z586,Variant,,"Portwest pull-up banner available in eye-catching designs. Quick and easy to assemble, our roll up banners are attached to a retractable system, allowing for easy set up and storage.",https://d11ak7fd9ypfb7.cloudfront.net/styles1100px/Z586NCR.jpg,,0.0,TRUE,InStock,2.92,,Z586NCRB010,,,,Size,DROP_DOWN,B010,Color,DROP_DOWN,No Colour,,,,,,,,,,,,,Fit,<p>R</p>,Length,<p>11</p>,Width,<p>10</p>,Height,<p>90</p>,Box Quantity,<p>1</p>,Inner Pack Quantity,<p>1</p>,Country Of Origin,<p>IE </p>,Standards,<p></p>,,,,
Z586,Variant,,"Portwest pull-up banner available in eye-catching designs. Quick and easy to assemble, our roll up banners are attached to a retractable system, allowing for easy set up and storage.",https://d11ak7fd9ypfb7.cloudfront.net/styles1100px/Z586NCR.jpg,,0.0,TRUE,InStock,2.92,,Z586NCRB011,,,,Size,DROP_DOWN,B011,Color,DROP_DOWN,No Colour,,,,,,,,,,,,,Fit,<p>R</p>,Length,<p>11</p>,Width,<p>10</p>,Height,<p>90</p>,Box Quantity,<p>1</p>,Inner Pack Quantity,<p>1</p>,Country Of Origin,<p>IE </p>,Standards,<p></p>,,,,
Z587,Product,Z587 - Portwest Mat,"Portwest branded high quality floor entrance mats offer a striking presence to any indoor shop, showroom or display area. Made of 700gsm nylon pile with 2000gsm rubber backing, these mats are ideal for both indoor and outdoor high traffic areas and can also be used in corridors & hallways.",https://d11ak7fd9ypfb7.cloudfront.net/styles1100px/Z587BLU.jpg,156.0,0.0,TRUE,InStock,5.3,,Z587BLU,,,,Size,DROP_DOWN,,Color,DROP_DOWN,Blue,,,,,,,,,,,,,Fit,<p>U</p>,Length,<p>17</p>,Width,<p>47</p>,Height,<p>103</p>,Box Quantity,<p>3</p>,Inner Pack Quantity,<p>1</p>,Country Of Origin,<p>CN</p>,Standards,<p></p>,,,,
Z589,Product,Z589 - ,,https://d11ak7fd9ypfb7.cloudfront.net/styles1100px/Z589NAR.jpg,0.0,0.0,TRUE,InStock,1.2,,Z589NAR,,,,Size,DROP_DOWN,,Color,DROP_DOWN,Navy,,,,,,,,,,,,,Fit,<p>R</p>,Length,<p>44</p>,Width,<p>44</p>,Height,<p>30</p>,Box Quantity,<p>20</p>,Inner Pack Quantity,<p>1</p>,Country Of Origin,<p>CN</p>,Standards,<p></p>,,,,
Z595,Product,Z595 - Portwest Golf Umbrella,Portwest branded golf umbrella providing optimum protection against adverse weather conditions. Soft EVA handle for extra comfort. Ideal for on or off the course.,https://d11ak7fd9ypfb7.cloudfront.net/styles1100px/Z595NAR.jpg,0.0,0.0,TRUE,InStock,0.5,,Z595NAR,,,,Size,DROP_DOWN,,Color,DROP_DOWN,Navy,,,,,,,,,,,,,Fit,<p>R</p>,Length,<p>106</p>,Width,<p>26</p>,Height,<p>28</p>,Box Quantity,<p>50</p>,Inner Pack Quantity,<p>1</p>,Country Of Origin,<p>CN</p>,Standards,<p></p>,,,,
Z596,Product,Z596 - Rope Handle Carrier Bag,Portwest branded rope handle carrier bag in a premium matte laminate finish. A sustainable alternative to plastic.,https://d11ak7fd9ypfb7.cloudfront.net/styles1100px/Z596NAR.jpg,0.0,0.0,TRUE,InStock,0.11,,Z596NAR,,,,Size,DROP_DOWN,,Color,DROP_DOWN,Navy,,,,,,,,,,,,,Fit,<p>R</p>,Length,<p>41</p>,Width,<p>29</p>,Height,<p>43</p>,Box Quantity,<p>100</p>,Inner Pack Quantity,<p>1</p>,Country Of Origin,<p>GB </p>,Standards,<p></p>,,,,
Z600,Product,"Z600 - Starter Wall Bay W3' 11"" x H7' 10.5""",Total Weight: 48.9kg,https://d11ak7fd9ypfb7.cloudfront.net/styles1100px/Z600ORR.jpg,590.0,0.0,TRUE,InStock,45.06,,Z600ORR,,,,Size,DROP_DOWN,,Color,DROP_DOWN,Orange,,,,,,,,,,,,,Fit,<p>R</p>,Length,<p>0</p>,Width,<p>0</p>,Height,<p>0</p>,Box Quantity,<p></p>,Inner Pack Quantity,<p>1</p>,Country Of Origin,<p>CN</p>,Standards,<p></p>,,,,
Z601,Product,"Z601 - Large Freestanding Floor Stand L4' 11"" x W1' 7.5"" x H4' 8""",Total Weight: 36kg,https://d11ak7fd9ypfb7.cloudfront.net/styles1100px/Z601ORR.jpg,590.0,0.0,TRUE,InStock,35,,Z601ORR,,,,Size,DROP_DOWN,,Color,DROP_DOWN,Orange,,,,,,,,,,,,,Fit,<p>R</p>,Length,<p>154</p>,Width,<p>59</p>,Height,<p>23</p>,Box Quantity,<p></p>,Inner Pack Quantity,<p>1</p>,Country Of Origin,<p>CN</p>,Standards,<p></p>,,,,
Z610,Product,Z610 - Stepped Out Hanging Rail ,Total Weight: 2.4kg,https://d11ak7fd9ypfb7.cloudfront.net/styles1100px/Z610ORR.jpg,27.9,0.0,TRUE,InStock,1.2,,Z610ORR,,,,Size,DROP_DOWN,,Color,DROP_DOWN,Orange,,,,,,,,,,,,,Fit,<p>R</p>,Length,<p>55</p>,Width,<p>34</p>,Height,<p>9</p>,Box Quantity,<p></p>,Inner Pack Quantity,<p>1</p>,Country Of Origin,<p>CN</p>,Standards,<p></p>,,,,
Z611,Product,"Z611 - Shallow RSB 19.5""",Compatible with product code Z601 large free standing floor stand.,https://d11ak7fd9ypfb7.cloudfront.net/styles1100px/Z611ORR.jpg,14.5,0.0,TRUE,InStock,0.6,,Z611ORR,,,,Size,DROP_DOWN,,Color,DROP_DOWN,Orange,,,,,,,,,,,,,Fit,<p>R</p>,Length,<p>54</p>,Width,<p>42</p>,Height,<p>38</p>,Box Quantity,<p></p>,Inner Pack Quantity,<p>1</p>,Country Of Origin,<p>CN</p>,Standards,<p></p>,,,,
Z612,Product,"Z612 - Shallow RSB 3' 11""",Compatible with product code Z600 Free standing wall bay.,https://d11ak7fd9ypfb7.cloudfront.net/styles1100px/Z612ORR.jpg,28.0,0.0,TRUE,InStock,1.35,,Z612ORR,,,,Size,DROP_DOWN,,Color,DROP_DOWN,Orange,,,,,,,,,,,,,Fit,<p>R</p>,Length,<p>127</p>,Width,<p>32</p>,Height,<p>20</p>,Box Quantity,<p></p>,Inner Pack Quantity,<p>1</p>,Country Of Origin,<p>CN</p>,Standards,<p></p>,,,,
Z613,Product,"Z613 - Stepped Out Hanging Rail 3' 11""",Total weight: 4kg,https://d11ak7fd9ypfb7.cloudfront.net/styles1100px/Z613ORR.jpg,66.0,0.0,TRUE,InStock,1.52,,Z613ORR,,,,Size,DROP_DOWN,,Color,DROP_DOWN,Orange,,,,,,,,,,,,,Fit,<p>R</p>,Length,<p>127</p>,Width,<p>75</p>,Height,<p>40</p>,Box Quantity,<p></p>,Inner Pack Quantity,<p>1</p>,Country Of Origin,<p>CN</p>,Standards,<p></p>,,,,
Z620,Product,"Z620 - Forward Hanging Arm 8.5""",Compatible with product code Z600 when used with Z611 and Z601 when used with Z612.,https://d11ak7fd9ypfb7.cloudfront.net/styles1100px/Z620ORR.jpg,7.5,0.0,TRUE,InStock,0.25,,Z620ORR,,,,Size,DROP_DOWN,,Color,DROP_DOWN,Orange,,,,,,,,,,,,,Fit,<p>R</p>,Length,<p>31</p>,Width,<p>38</p>,Height,<p>24</p>,Box Quantity,<p></p>,Inner Pack Quantity,<p>1</p>,Country Of Origin,<p>CN</p>,Standards,<p></p>,,,,
Z621,Product,"Z621 - Forward Hanging Arm 13.5""",Compatible with product codes Z600 when used with Z612 and Z601 when used with Z611.,https://d11ak7fd9ypfb7.cloudfront.net/styles1100px/Z621ORR.jpg,9.0,0.0,TRUE,InStock,0.35,,Z621ORR,,,,Size,DROP_DOWN,,Color,DROP_DOWN,Orange,,,,,,,,,,,,,Fit,<p>R</p>,Length,<p>44</p>,Width,<p>23</p>,Height,<p>24</p>,Box Quantity,<p></p>,Inner Pack Quantity,<p>1</p>,Country Of Origin,<p>CN</p>,Standards,<p></p>,,,,
Z622,Product,Z622 - Stepped Arm,Compatible with product codes Z600 when used with Z612 and Z601 when used with Z611.,https://d11ak7fd9ypfb7.cloudfront.net/styles1100px/Z622ORR.jpg,15.9,0.0,TRUE,InStock,0.24,,Z622ORR,,,,Size,DROP_DOWN,,Color,DROP_DOWN,Orange,,,,,,,,,,,,,Fit,<p>R</p>,Length,<p>80</p>,Width,<p>82</p>,Height,<p>18</p>,Box Quantity,<p></p>,Inner Pack Quantity,<p>1</p>,Country Of Origin,<p>CN</p>,Standards,<p></p>,,,,
Z630,Product,"Z630 - Hook 8""",Compatible with product codes Z600 when used with Z612 and Z601 when used with Z611.,https://d11ak7fd9ypfb7.cloudfront.net/styles1100px/Z630ORR.jpg,5.0,0.0,TRUE,InStock,0.11,,Z630ORR,,,,Size,DROP_DOWN,,Color,DROP_DOWN,Orange,,,,,,,,,,,,,Fit,<p>R</p>,Length,<p>52</p>,Width,<p>29</p>,Height,<p>20</p>,Box Quantity,<p></p>,Inner Pack Quantity,<p>1</p>,Country Of Origin,<p>CN</p>,Standards,<p></p>,,,,
Z635,Product,"Z635 - Shoe Shelf L11"" x W23""",Compatible with product codes Z600 when used with Z612 and Z601 when used with Z611.,https://d11ak7fd9ypfb7.cloudfront.net/styles1100px/Z635ORR.jpg,18.4,0.0,TRUE,InStock,0.53,,Z635ORR,,,,Size,DROP_DOWN,,Color,DROP_DOWN,Orange,,,,,,,,,,,,,Fit,<p>R</p>,Length,<p>60</p>,Width,<p>37</p>,Height,<p>46</p>,Box Quantity,<p></p>,Inner Pack Quantity,<p>1</p>,Country Of Origin,<p>CN</p>,Standards,<p></p>,,,,
Z636,Product,Z636 - Large Shelf,Total Weight: 13kg,https://d11ak7fd9ypfb7.cloudfront.net/styles1100px/Z636ORR.jpg,106.0,0.0,TRUE,InStock,7.8,,Z636ORR,,,,Size,DROP_DOWN,,Color,DROP_DOWN,Orange,,,,,,,,,,,,,Fit,<p>R</p>,Length,<p>128</p>,Width,<p>45</p>,Height,<p>31</p>,Box Quantity,<p></p>,Inner Pack Quantity,<p>1</p>,Country Of Origin,<p>CN</p>,Standards,<p></p>,,,,
Z642,Product,Z642 - A1 Waterproof Poster Pack,Semi-rigid PVC printed A1 posters designed to fit in the Water Base Pavement Sign. 2 duplicate posters per pack.,https://d11ak7fd9ypfb7.cloudfront.net/styles1100px/Z642DX4.jpg,0.0,0.0,TRUE,InStock,1,,Z642DX4,,,,Size,DROP_DOWN,,Color,DROP_DOWN,DX4,,,,,,,,,,,,,Fit,<p>4</p>,Length,<p>107</p>,Width,<p>10</p>,Height,<p>10</p>,Box Quantity,<p>1</p>,Inner Pack Quantity,<p>1</p>,Country Of Origin,<p>GB </p>,Standards,<p></p>,,,,
Z643,Product,"Z643 - Water Base Feather Flag 9' 2""",Water base feather flag ideal for making an impact during indoor and outdoor displays and events Complete with a water base for ultimate stability and extra height Flag is printed onto one side but has a mirror image on the other side as the material is 90% transparent A simple way to help increase brand awareness,https://d11ak7fd9ypfb7.cloudfront.net/styles1100px/Z643NAR.jpg,264.0,0.0,TRUE,InStock,3,,Z643NARS,,,,Size,DROP_DOWN,S,Color,DROP_DOWN,Navy,,,,,,,,,,,,,Fit,<p>R</p>,Length,<p>160</p>,Width,<p>21</p>,Height,<p>16</p>,Box Quantity,<p>1</p>,Inner Pack Quantity,<p>1</p>,Country Of Origin,<p>GB </p>,Standards,<p></p>,,,,
Z944,Product,Z944 - Portwest USA Catalogue,244 Page catalog featuring 450+ products.,https://d11ak7fd9ypfb7.cloudfront.net/styles1100px/Z944USL.jpg,4.0,0.0,TRUE,InStock,0.675,,Z944USL,,,,Size,DROP_DOWN,,Color,DROP_DOWN,US English,,,,,,,,,,,,,Fit,<p>L</p>,Length,<p>27</p>,Width,<p>22</p>,Height,<p>24</p>,Box Quantity,<p>20</p>,Inner Pack Quantity,<p>1</p>,Country Of Origin,<p>IE</p>,Standards,<p></p>,,,,
Z957,Product,Z957 - ,,https://d11ak7fd9ypfb7.cloudfront.net/styles1100px/Z957EUR.jpg,0.0,0.0,TRUE,InStock,1.6,,Z957EUR,,,,Size,DROP_DOWN,,Color,DROP_DOWN,,,,,,,,,,,,,,Fit,<p>R</p>,Length,<p>26</p>,Width,<p>20</p>,Height,<p>30</p>,Box Quantity,<p>10</p>,Inner Pack Quantity,<p>1</p>,Country Of Origin,<p>IE </p>,Standards,<p></p>,,,,
Z957,Variant,,,https://d11ak7fd9ypfb7.cloudfront.net/styles1100px/Z957STG.jpg,,0.0,TRUE,InStock,1.6,,Z957STG,,,,Size,DROP_DOWN,,Color,DROP_DOWN,,,,,,,,,,,,,,Fit,<p>G</p>,Length,<p>26</p>,Width,<p>20</p>,Height,<p>30</p>,Box Quantity,<p>10</p>,Inner Pack Quantity,<p>1</p>,Country Of Origin,<p>IE </p>,Standards,<p></p>,,,,
Z970,Product,Z970 - Portwest Branded Wall Charts,Portwest branded wall charts that can be used as a quick product reference selection guide.,https://d11ak7fd9ypfb7.cloudfront.net/styles1100px/Z970FPA.jpg,0.0,0.0,TRUE,InStock,0.045,,Z970FPAP027,,,,Size,DROP_DOWN,P027;P028;P029;P030;P031;P032,Color,DROP_DOWN,Flat Packed,,,,,,,,,,,,,Fit,<p>A</p>,Length,<p>31</p>,Width,<p>22</p>,Height,<p>31</p>,Box Quantity,<p>500</p>,Inner Pack Quantity,<p>1</p>,Country Of Origin,<p>IE </p>,Standards,<p></p>,,,,
Z970,Variant,,Portwest branded wall charts that can be used as a quick product reference selection guide.,https://d11ak7fd9ypfb7.cloudfront.net/styles1100px/Z970FPA.jpg,,0.0,TRUE,InStock,0.045,,Z970FPAP027,,,,Size,DROP_DOWN,P027,Color,DROP_DOWN,Flat Packed,,,,,,,,,,,,,Fit,<p>A</p>,Length,<p>31</p>,Width,<p>22</p>,Height,<p>31</p>,Box Quantity,<p>500</p>,Inner Pack Quantity,<p>1</p>,Country Of Origin,<p>IE </p>,Standards,<p></p>,,,,
Z970,Variant,,Portwest branded wall charts that can be used as a quick product reference selection guide.,https://d11ak7fd9ypfb7.cloudfront.net/styles1100px/Z970FPA.jpg,,0.0,TRUE,InStock,0.045,,Z970FPAP028,,,,Size,DROP_DOWN,P028,Color,DROP_DOWN,Flat Packed,,,,,,,,,,,,,Fit,<p>A</p>,Length,<p>31</p>,Width,<p>22</p>,Height,<p>31</p>,Box Quantity,<p>500</p>,Inner Pack Quantity,<p>1</p>,Country Of Origin,<p>IE </p>,Standards,<p></p>,,,,
Z970,Variant,,Portwest branded wall charts that can be used as a quick product reference selection guide.,https://d11ak7fd9ypfb7.cloudfront.net/styles1100px/Z970FPA.jpg,,0.0,TRUE,InStock,0.045,,Z970FPAP029,,,,Size,DROP_DOWN,P029,Color,DROP_DOWN,Flat Packed,,,,,,,,,,,,,Fit,<p>A</p>,Length,<p>31</p>,Width,<p>22</p>,Height,<p>31</p>,Box Quantity,<p>500</p>,Inner Pack Quantity,<p>1</p>,Country Of Origin,<p>IE </p>,Standards,<p></p>,,,,
Z970,Variant,,Portwest branded wall charts that can be used as a quick product reference selection guide.,https://d11ak7fd9ypfb7.cloudfront.net/styles1100px/Z970FPA.jpg,,0.0,TRUE,InStock,0.045,,Z970FPAP030,,,,Size,DROP_DOWN,P030,Color,DROP_DOWN,Flat Packed,,,,,,,,,,,,,Fit,<p>A</p>,Length,<p>31</p>,Width,<p>22</p>,Height,<p>31</p>,Box Quantity,<p>500</p>,Inner Pack Quantity,<p>1</p>,Country Of Origin,<p>IE </p>,Standards,<p></p>,,,,
Z970,Variant,,Portwest branded wall charts that can be used as a quick product reference selection guide.,https://d11ak7fd9ypfb7.cloudfront.net/styles1100px/Z970FPA.jpg,,0.0,TRUE,InStock,0.045,,Z970FPAP031,,,,Size,DROP_DOWN,P031,Color,DROP_DOWN,Flat Packed,,,,,,,,,,,,,Fit,<p>A</p>,Length,<p>31</p>,Width,<p>22</p>,Height,<p>31</p>,Box Quantity,<p>500</p>,Inner Pack Quantity,<p>1</p>,Country Of Origin,<p>IE </p>,Standards,<p></p>,,,,
Z970,Variant,,Portwest branded wall charts that can be used as a quick product reference selection guide.,https://d11ak7fd9ypfb7.cloudfront.net/styles1100px/Z970FPA.jpg,,0.0,TRUE,InStock,0.045,,Z970FPAP032,,,,Size,DROP_DOWN,P032,Color,DROP_DOWN,Flat Packed,,,,,,,,,,,,,Fit,<p>A</p>,Length,<p>31</p>,Width,<p>22</p>,Height,<p>31</p>,Box Quantity,<p>500</p>,Inner Pack Quantity,<p>1</p>,Country Of Origin,<p>IE </p>,Standards,<p></p>,,,,
Z973,Product,Z973 - ,,https://d11ak7fd9ypfb7.cloudfront.net/styles1100px/Z973NCR.jpg,0.0,0.0,TRUE,InStock,0.047,,Z973NCR,,,,Size,DROP_DOWN,,Color,DROP_DOWN,No Colour,,,,,,,,,,,,,Fit,<p>R</p>,Length,<p>29</p>,Width,<p>22</p>,Height,<p>31</p>,Box Quantity,<p>400</p>,Inner Pack Quantity,<p>1</p>,Country Of Origin,<p></p>,Standards,<p></p>,,,,
Z974,Product,Z974 - ,,https://d11ak7fd9ypfb7.cloudfront.net/styles1100px/Z974NCR.jpg,0.0,0.0,TRUE,InStock,0.042,,Z974NCR,,,,Size,DROP_DOWN,,Color,DROP_DOWN,No Colour,,,,,,,,,,,,,Fit,<p>R</p>,Length,<p>29</p>,Width,<p>22</p>,Height,<p>31</p>,Box Quantity,<p>425</p>,Inner Pack Quantity,<p>1</p>,Country Of Origin,<p></p>,Standards,<p></p>,,,,
